date,max_temp_f,min_temp_f,precip_in,snow_in,snow_depth_in
1946-05-01,84,63,0.00,M,M
1946-05-02,83,67,T,M,M
1946-05-03,88,63,T,M,M
1946-05-04,83,65,0.00,M,M
1946-05-05,83,62,0.00,M,M
1946-05-06,87,63,0.05,M,M
1946-05-07,88,70,0.23,M,M
1946-05-08,76,61,0.00,M,M
1946-05-09,80,56,0.00,M,M
1946-05-10,84,61,0.00,M,M
1946-05-11,82,65,0.67,M,M
1946-05-12,73,64,2.96,M,M
1946-05-13,78,64,1.16,M,M
1946-05-14,81,67,0.09,M,M
1946-05-15,76,66,1.32,M,M
1946-05-16,79,63,0.01,M,M
1946-05-17,82,67,0.47,M,M
1946-05-18,85,69,0.13,M,M
1946-05-19,86,68,1.10,M,M
1946-05-20,85,69,0.26,M,M
1946-05-21,80,70,T,M,M
1946-05-22,85,69,T,M,M
1946-05-23,85,72,0.00,M,M
1946-05-24,85,74,0.00,M,M
1946-05-25,84,67,0.95,M,M
1946-05-26,85,68,0.60,M,M
1946-05-27,83,66,0.00,M,M
1946-05-28,85,62,0.00,M,M
1946-05-29,86,66,0.00,M,M
1946-05-30,87,68,0.00,M,M
1946-05-31,83,71,3.53,M,M
1946-06-01,84,69,1.96,M,M
1946-06-02,88,70,0.00,M,M
1946-06-03,77,67,0.00,M,M
1946-06-04,78,64,0.00,M,M
1946-06-05,80,65,0.00,M,M
1946-06-06,86,61,0.00,M,M
1946-06-07,85,71,0.62,M,M
1946-06-08,82,69,0.32,M,M
1946-06-09,85,69,0.25,M,M
1946-06-10,89,67,0.00,M,M
1946-06-11,86,69,0.36,M,M
1946-06-12,88,70,0.00,M,M
1946-06-13,89,70,0.00,M,M
1946-06-14,88,73,T,M,M
1946-06-15,86,75,0.15,M,M
1946-06-16,90,74,0.53,M,M
1946-06-17,90,75,T,M,M
1946-06-18,91,71,1.16,M,M
1946-06-19,90,73,T,M,M
1946-06-20,88,74,0.54,M,M
1946-06-21,86,73,0.23,M,M
1946-06-22,85,72,0.55,M,M
1946-06-23,85,72,0.15,M,M
1946-06-24,87,69,0.18,M,M
1946-06-25,88,73,0.17,M,M
1946-06-26,86,70,0.94,M,M
1946-06-27,85,73,2.04,M,M
1946-06-28,86,73,0.86,M,M
1946-06-29,84,75,0.28,M,M
1946-06-30,91,75,0.00,M,M
1946-07-01,91,74,0.10,M,M
1946-07-02,90,72,T,M,M
1946-07-03,89,72,T,M,M
1946-07-04,86,73,0.33,M,M
1946-07-05,85,72,0.07,M,M
1946-07-06,86,73,0.36,M,M
1946-07-07,92,73,0.91,M,M
1946-07-08,90,73,0.08,M,M
1946-07-09,91,74,0.33,M,M
1946-07-10,93,74,0.00,M,M
1946-07-11,92,76,0.00,M,M
1946-07-12,91,77,T,M,M
1946-07-13,92,76,0.40,M,M
1946-07-14,85,74,0.08,M,M
1946-07-15,89,74,T,M,M
1946-07-16,92,73,0.00,M,M
1946-07-17,91,75,0.02,M,M
1946-07-18,91,73,T,M,M
1946-07-19,91,73,0.40,M,M
1946-07-20,91,76,0.00,M,M
1946-07-21,87,75,0.14,M,M
1946-07-22,83,73,0.50,M,M
1946-07-23,88,70,T,M,M
1946-07-24,90,73,0.00,M,M
1946-07-25,93,76,0.00,M,M
1946-07-26,93,77,T,M,M
1946-07-27,94,75,0.00,M,M
1946-07-28,92,76,0.00,M,M
1946-07-29,90,76,T,M,M
1946-07-30,85,73,0.40,M,M
1946-07-31,84,73,0.46,M,M
1946-08-01,92,74,0.66,M,M
1946-08-02,88,74,1.51,M,M
1946-08-03,92,74,T,M,M
1946-08-04,90,76,0.61,M,M
1946-08-05,90,77,0.04,M,M
1946-08-06,91,77,0.06,M,M
1946-08-07,94,75,T,M,M
1946-08-08,95,76,T,M,M
1946-08-09,96,77,0.00,M,M
1946-08-10,93,76,0.00,M,M
1946-08-11,95,74,0.06,M,M
1946-08-12,90,74,0.00,M,M
1946-08-13,92,73,0.11,M,M
1946-08-14,92,76,0.01,M,M
1946-08-15,92,75,T,M,M
1946-08-16,90,75,1.64,M,M
1946-08-17,90,75,0.32,M,M
1946-08-18,93,75,0.00,M,M
1946-08-19,94,73,0.13,M,M
1946-08-20,89,73,0.00,M,M
1946-08-21,88,73,0.00,M,M
1946-08-22,90,72,0.00,M,M
1946-08-23,92,75,T,M,M
1946-08-24,93,74,0.00,M,M
1946-08-25,90,74,0.02,M,M
1946-08-26,88,73,0.41,M,M
1946-08-27,86,73,0.15,M,M
1946-08-28,87,72,1.60,M,M
1946-08-29,90,71,0.00,M,M
1946-08-30,87,74,0.00,M,M
1946-08-31,84,68,0.00,M,M
1946-09-01,85,64,0.00,M,M
1946-09-02,88,65,0.00,M,M
1946-09-03,89,71,0.00,M,M
1946-09-04,90,70,0.00,M,M
1946-09-05,90,71,0.00,M,M
1946-09-06,87,69,0.00,M,M
1946-09-07,87,66,0.00,M,M
1946-09-08,88,68,0.00,M,M
1946-09-09,88,74,T,M,M
1946-09-10,85,74,0.73,M,M
1946-09-11,89,71,0.00,M,M
1946-09-12,87,74,0.00,M,M
1946-09-13,86,68,0.00,M,M
1946-09-14,87,66,0.00,M,M
1946-09-15,82,70,0.02,M,M
1946-09-16,82,72,T,M,M
1946-09-17,77,69,0.47,M,M
1946-09-18,80,70,0.02,M,M
1946-09-19,83,69,0.00,M,M
1946-09-20,85,68,0.00,M,M
1946-09-21,81,71,0.19,M,M
1946-09-22,77,72,2.61,M,M
1946-09-23,76,73,0.12,M,M
1946-09-24,89,72,2.37,M,M
1946-09-25,84,70,0.00,M,M
1946-09-26,84,71,0.00,M,M
1946-09-27,84,70,0.00,M,M
1946-09-28,86,70,1.32,M,M
1946-09-29,82,71,0.50,M,M
1946-09-30,80,66,0.00,M,M
1946-10-01,75,60,0.00,M,M
1946-10-02,78,60,0.00,M,M
1946-10-03,83,66,0.00,M,M
1946-10-04,81,63,0.00,M,M
1946-10-05,81,67,T,M,M
1946-10-06,81,64,0.00,M,M
1946-10-07,81,60,0.00,M,M
1946-10-08,85,61,0.00,M,M
1946-10-09,86,62,0.00,M,M
1946-10-10,85,62,0.00,M,M
1946-10-11,81,62,0.12,M,M
1946-10-12,69,57,T,M,M
1946-10-13,70,54,0.00,M,M
1946-10-14,75,54,0.00,M,M
1946-10-15,76,57,0.00,M,M
1946-10-16,81,52,0.00,M,M
1946-10-17,82,60,0.00,M,M
1946-10-18,88,66,0.00,M,M
1946-10-19,86,70,T,M,M
1946-10-20,83,68,0.00,M,M
1946-10-21,80,59,0.00,M,M
1946-10-22,80,57,0.00,M,M
1946-10-23,79,57,0.00,M,M
1946-10-24,83,65,0.00,M,M
1946-10-25,77,65,0.19,M,M
1946-10-26,78,61,0.00,M,M
1946-10-27,86,64,T,M,M
1946-10-28,85,68,0.00,M,M
1946-10-29,83,64,0.00,M,M
1946-10-30,85,67,0.00,M,M
1946-10-31,84,63,0.00,M,M
1946-11-01,85,66,0.00,M,M
1946-11-02,85,61,0.00,M,M
1946-11-03,85,70,0.00,M,M
1946-11-04,85,65,0.00,M,M
1946-11-05,83,65,0.00,M,M
1946-11-06,81,63,0.02,M,M
1946-11-07,75,53,0.44,M,M
1946-11-08,75,50,0.00,M,M
1946-11-09,84,65,T,M,M
1946-11-10,85,67,1.40,M,M
1946-11-11,70,58,0.43,M,M
1946-11-12,68,53,0.00,M,M
1946-11-13,66,50,0.00,M,M
1946-11-14,67,47,0.00,M,M
1946-11-15,74,48,0.00,M,M
1946-11-16,74,61,0.38,M,M
1946-11-17,66,53,0.01,M,M
1946-11-18,58,51,0.00,M,M
1946-11-19,63,57,0.46,M,M
1946-11-20,60,57,0.15,M,M
1946-11-21,65,58,T,M,M
1946-11-22,66,53,0.00,M,M
1946-11-23,63,43,0.00,M,M
1946-11-24,75,41,0.00,M,M
1946-11-25,79,59,T,M,M
1946-11-26,79,65,0.38,M,M
1946-11-27,65,56,0.01,M,M
1946-11-28,65,56,0.11,M,M
1946-11-29,70,62,T,M,M
1946-11-30,76,62,T,M,M
1946-12-01,76,54,0.00,M,M
1946-12-02,58,42,0.00,M,M
1946-12-03,62,42,0.00,M,M
1946-12-04,62,40,0.00,M,M
1946-12-05,68,36,0.00,M,M
1946-12-06,68,38,0.00,M,M
1946-12-07,71,42,0.00,M,M
1946-12-08,77,50,0.00,M,M
1946-12-09,77,62,0.00,M,M
1946-12-10,76,62,0.00,M,M
1946-12-11,75,65,T,M,M
1946-12-12,72,58,0.17,M,M
1946-12-13,68,49,0.00,M,M
1946-12-14,69,48,0.00,M,M
1946-12-15,71,45,0.00,M,M
1946-12-16,75,59,0.00,M,M
1946-12-17,72,46,0.71,M,M
1946-12-18,54,42,0.06,M,M
1946-12-19,55,40,1.02,M,M
1946-12-20,60,46,0.33,M,M
1946-12-21,59,36,0.00,M,M
1946-12-22,65,34,0.00,M,M
1946-12-23,65,34,0.00,M,M
1946-12-24,73,42,0.00,M,M
1946-12-25,69,50,0.00,M,M
1946-12-26,74,45,0.00,M,M
1946-12-27,74,49,0.00,M,M
1946-12-28,79,63,0.00,M,M
1946-12-29,75,42,0.04,M,M
1946-12-30,45,38,0.88,M,M
1946-12-31,45,40,0.03,M,M
1947-01-01,54,43,0.11,M,M
1947-01-02,68,46,1.27,M,M
1947-01-03,46,36,T,M,M
1947-01-04,36,32,0.24,M,M
1947-01-05,44,32,0.08,M,M
1947-01-06,52,36,0.01,M,M
1947-01-07,74,46,0.07,M,M
1947-01-08,55,49,0.08,M,M
1947-01-09,51,46,0.07,M,M
1947-01-10,47,45,0.23,M,M
1947-01-11,53,46,0.25,M,M
1947-01-12,57,46,T,M,M
1947-01-13,66,51,2.73,M,M
1947-01-14,77,64,0.01,M,M
1947-01-15,82,69,0.04,M,M
1947-01-16,80,64,0.01,M,M
1947-01-17,65,58,0.22,M,M
1947-01-18,59,53,0.07,M,M
1947-01-19,71,55,2.05,M,M
1947-01-20,66,47,T,M,M
1947-01-21,54,42,0.00,M,M
1947-01-22,54,36,0.00,M,M
1947-01-23,64,33,0.00,M,M
1947-01-24,72,46,T,M,M
1947-01-25,76,58,0.14,M,M
1947-01-26,74,51,0.00,M,M
1947-01-27,73,49,0.00,M,M
1947-01-28,76,45,0.00,M,M
1947-01-29,79,62,0.00,M,M
1947-01-30,73,52,0.62,M,M
1947-01-31,55,48,T,M,M
1947-02-01,66,46,0.00,M,M
1947-02-02,52,40,0.00,M,M
1947-02-03,72,41,0.00,M,M
1947-02-04,58,36,0.03,M,M
1947-02-05,48,30,0.00,M,M
1947-02-06,64,33,0.13,M,M
1947-02-07,66,40,0.00,M,M
1947-02-08,44,30,0.00,M,M
1947-02-09,48,34,0.00,M,M
1947-02-10,42,30,0.00,M,M
1947-02-11,50,28,T,M,M
1947-02-12,52,45,0.10,M,M
1947-02-13,68,47,T,M,M
1947-02-14,70,42,0.00,M,M
1947-02-15,75,46,0.00,M,M
1947-02-16,77,43,0.00,M,M
1947-02-17,70,42,0.00,M,M
1947-02-18,74,49,0.00,M,M
1947-02-19,72,48,0.37,M,M
1947-02-20,63,42,0.72,M,M
1947-02-21,55,39,0.00,M,M
1947-02-22,62,35,0.00,M,M
1947-02-23,65,42,T,M,M
1947-02-24,51,36,0.00,M,M
1947-02-25,54,31,T,M,M
1947-02-26,47,40,0.03,M,M
1947-02-27,49,40,0.08,M,M
1947-02-28,55,44,1.38,M,M
1947-03-01,63,43,0.00,M,M
1947-03-02,49,34,0.00,M,M
1947-03-03,52,32,T,M,M
1947-03-04,60,42,0.34,M,M
1947-03-05,76,56,T,M,M
1947-03-06,68,49,0.94,M,M
1947-03-07,57,43,1.53,M,M
1947-03-08,48,39,0.00,M,M
1947-03-09,48,39,0.00,M,M
1947-03-10,62,38,0.00,M,M
1947-03-11,66,44,0.00,M,M
1947-03-12,68,54,T,M,M
1947-03-13,69,50,0.65,M,M
1947-03-14,66,44,0.00,M,M
1947-03-15,66,48,0.00,M,M
1947-03-16,58,41,0.00,M,M
1947-03-17,70,38,0.00,M,M
1947-03-18,58,46,1.49,M,M
1947-03-19,55,49,T,M,M
1947-03-20,69,45,0.00,M,M
1947-03-21,76,45,0.00,M,M
1947-03-22,77,53,0.00,M,M
1947-03-23,75,60,0.20,M,M
1947-03-24,80,60,T,M,M
1947-03-25,70,53,0.00,M,M
1947-03-26,72,46,0.00,M,M
1947-03-27,75,53,0.00,M,M
1947-03-28,65,44,T,M,M
1947-03-29,73,40,0.03,M,M
1947-03-30,66,54,1.06,M,M
1947-03-31,70,53,0.00,M,M
1947-04-01,76,62,1.59,M,M
1947-04-02,76,60,0.00,M,M
1947-04-03,77,59,T,M,M
1947-04-04,83,70,T,M,M
1947-04-05,83,73,T,M,M
1947-04-06,76,69,0.07,M,M
1947-04-07,81,64,0.00,M,M
1947-04-08,82,65,0.00,M,M
1947-04-09,84,66,0.00,M,M
1947-04-10,82,69,0.00,M,M
1947-04-11,76,61,1.93,M,M
1947-04-12,69,60,0.47,M,M
1947-04-13,68,63,1.25,M,M
1947-04-14,76,65,T,M,M
1947-04-15,70,65,0.42,M,M
1947-04-16,77,60,0.00,M,M
1947-04-17,69,51,0.00,M,M
1947-04-18,75,48,0.00,M,M
1947-04-19,79,53,0.00,M,M
1947-04-20,73,60,0.88,M,M
1947-04-21,78,56,0.00,M,M
1947-04-22,78,57,0.00,M,M
1947-04-23,80,61,0.00,M,M
1947-04-24,83,62,0.00,M,M
1947-04-25,84,70,0.77,M,M
1947-04-26,70,63,T,M,M
1947-04-27,80,60,0.00,M,M
1947-04-28,82,63,0.00,M,M
1947-04-29,82,62,T,M,M
1947-04-30,80,72,0.00,M,M
1947-05-01,86,71,0.00,M,M
1947-05-02,85,66,0.00,M,M
1947-05-03,82,60,0.00,M,M
1947-05-04,87,60,0.00,M,M
1947-05-05,88,66,0.00,M,M
1947-05-06,87,65,0.00,M,M
1947-05-07,81,69,T,M,M
1947-05-08,76,64,T,M,M
1947-05-09,77,62,0.00,M,M
1947-05-10,79,62,0.00,M,M
1947-05-11,80,62,0.00,M,M
1947-05-12,84,65,0.01,M,M
1947-05-13,84,70,T,M,M
1947-05-14,87,69,0.00,M,M
1947-05-15,86,67,0.00,M,M
1947-05-16,86,66,0.00,M,M
1947-05-17,87,70,0.06,M,M
1947-05-18,86,70,0.00,M,M
1947-05-19,85,70,T,M,M
1947-05-20,75,67,2.31,M,M
1947-05-21,82,66,T,M,M
1947-05-22,82,61,0.00,M,M
1947-05-23,86,67,0.24,M,M
1947-05-24,86,71,1.17,M,M
1947-05-25,83,71,0.03,M,M
1947-05-26,84,70,0.00,M,M
1947-05-27,85,69,0.01,M,M
1947-05-28,86,72,0.03,M,M
1947-05-29,87,73,0.15,M,M
1947-05-30,79,69,0.04,M,M
1947-05-31,84,68,0.00,M,M
1947-06-01,89,73,0.00,M,M
1947-06-02,90,75,T,M,M
1947-06-03,92,75,0.00,M,M
1947-06-04,90,72,0.00,M,M
1947-06-05,91,73,0.00,M,M
1947-06-06,92,72,0.02,M,M
1947-06-07,90,71,0.00,M,M
1947-06-08,92,73,0.00,M,M
1947-06-09,91,74,0.00,M,M
1947-06-10,91,71,0.00,M,M
1947-06-11,91,72,0.00,M,M
1947-06-12,93,70,T,M,M
1947-06-13,94,74,0.33,M,M
1947-06-14,89,74,0.00,M,M
1947-06-15,86,75,T,M,M
1947-06-16,87,73,T,M,M
1947-06-17,90,70,T,M,M
1947-06-18,90,71,0.07,M,M
1947-06-19,89,72,0.02,M,M
1947-06-20,83,72,0.65,M,M
1947-06-21,88,73,0.63,M,M
1947-06-22,92,75,0.00,M,M
1947-06-23,87,70,1.16,M,M
1947-06-24,87,73,0.48,M,M
1947-06-25,90,73,0.29,M,M
1947-06-26,91,76,T,M,M
1947-06-27,92,75,0.00,M,M
1947-06-28,93,76,0.00,M,M
1947-06-29,93,75,0.00,M,M
1947-06-30,92,75,0.00,M,M
1947-07-01,96,77,0.00,M,M
1947-07-02,91,77,0.00,M,M
1947-07-03,89,73,0.00,M,M
1947-07-04,91,66,0.00,M,M
1947-07-05,92,72,0.00,M,M
1947-07-06,88,72,0.00,M,M
1947-07-07,92,70,0.00,M,M
1947-07-08,92,73,T,M,M
1947-07-09,88,69,0.00,M,M
1947-07-10,88,65,0.00,M,M
1947-07-11,90,67,0.00,M,M
1947-07-12,87,72,0.36,M,M
1947-07-13,94,71,0.00,M,M
1947-07-14,96,74,0.00,M,M
1947-07-15,93,75,0.00,M,M
1947-07-16,92,76,0.00,M,M
1947-07-17,95,71,1.67,M,M
1947-07-18,91,78,0.00,M,M
1947-07-19,85,71,1.43,M,M
1947-07-20,90,72,0.00,M,M
1947-07-21,93,70,0.00,M,M
1947-07-22,86,72,0.00,M,M
1947-07-23,87,67,0.00,M,M
1947-07-24,88,67,0.03,M,M
1947-07-25,90,76,0.00,M,M
1947-07-26,92,73,0.00,M,M
1947-07-27,90,73,T,M,M
1947-07-28,91,72,0.00,M,M
1947-07-29,95,70,0.67,M,M
1947-07-30,92,71,0.00,M,M
1947-07-31,91,72,0.02,M,M
1947-08-01,90,72,0.18,M,M
1947-08-02,92,75,0.00,M,M
1947-08-03,92,72,0.00,M,M
1947-08-04,95,72,0.00,M,M
1947-08-05,98,75,T,M,M
1947-08-06,96,72,1.02,M,M
1947-08-07,94,72,0.00,M,M
1947-08-08,96,73,0.15,M,M
1947-08-09,95,73,T,M,M
1947-08-10,80,71,0.70,M,M
1947-08-11,83,73,0.23,M,M
1947-08-12,91,74,0.37,M,M
1947-08-13,87,74,0.09,M,M
1947-08-14,88,73,T,M,M
1947-08-15,88,74,0.05,M,M
1947-08-16,86,75,0.04,M,M
1947-08-17,88,72,0.28,M,M
1947-08-18,91,74,T,M,M
1947-08-19,85,74,0.37,M,M
1947-08-20,87,74,0.11,M,M
1947-08-21,88,73,0.03,M,M
1947-08-22,88,76,0.06,M,M
1947-08-23,87,73,0.50,M,M
1947-08-24,91,74,0.00,M,M
1947-08-25,91,75,0.05,M,M
1947-08-26,91,75,0.00,M,M
1947-08-27,92,74,0.00,M,M
1947-08-28,95,75,0.00,M,M
1947-08-29,95,76,0.00,M,M
1947-08-30,96,76,0.00,M,M
1947-08-31,98,76,T,M,M
1947-09-01,95,75,0.00,M,M
1947-09-02,94,74,0.00,M,M
1947-09-03,97,75,0.00,M,M
1947-09-04,97,77,T,M,M
1947-09-05,93,78,0.00,M,M
1947-09-06,92,75,T,M,M
1947-09-07,91,73,0.00,M,M
1947-09-08,88,72,0.00,M,M
1947-09-09,91,77,T,M,M
1947-09-10,89,75,0.04,M,M
1947-09-11,93,75,0.00,M,M
1947-09-12,90,75,0.06,M,M
1947-09-13,94,74,0.00,M,M
1947-09-14,90,76,0.03,M,M
1947-09-15,90,75,0.09,M,M
1947-09-16,90,72,0.00,M,M
1947-09-17,91,70,0.00,M,M
1947-09-18,89,75,0.05,M,M
1947-09-19,79,71,1.56,M,M
1947-09-20,89,78,0.00,M,M
1947-09-21,87,73,1.57,M,M
1947-09-22,78,71,0.00,M,M
1947-09-23,76,65,0.00,M,M
1947-09-24,84,70,0.00,M,M
1947-09-25,84,71,0.00,M,M
1947-09-26,85,73,0.00,M,M
1947-09-27,82,71,0.00,M,M
1947-09-28,75,64,0.00,M,M
1947-09-29,78,66,0.00,M,M
1947-09-30,82,66,0.00,M,M
1947-10-01,79,65,0.00,M,M
1947-10-02,82,69,T,M,M
1947-10-03,83,70,T,M,M
1947-10-04,83,68,0.00,M,M
1947-10-05,81,66,0.00,M,M
1947-10-06,84,68,0.00,M,M
1947-10-07,85,69,0.00,M,M
1947-10-08,79,70,0.00,M,M
1947-10-09,85,66,0.00,M,M
1947-10-10,86,70,0.00,M,M
1947-10-11,86,69,0.00,M,M
1947-10-12,83,70,0.00,M,M
1947-10-13,83,70,0.00,M,M
1947-10-14,88,70,0.00,M,M
1947-10-15,88,71,0.00,M,M
1947-10-16,90,62,0.00,M,M
1947-10-17,88,68,0.00,M,M
1947-10-18,86,65,0.00,M,M
1947-10-19,87,68,0.15,M,M
1947-10-20,79,67,0.04,M,M
1947-10-21,78,64,0.95,M,M
1947-10-22,82,69,0.12,M,M
1947-10-23,81,70,0.00,M,M
1947-10-24,80,68,0.00,M,M
1947-10-25,80,67,0.00,M,M
1947-10-26,84,70,0.00,M,M
1947-10-27,86,67,0.00,M,M
1947-10-28,79,64,0.00,M,M
1947-10-29,80,58,0.00,M,M
1947-10-30,82,67,T,M,M
1947-10-31,85,63,0.40,M,M
1947-11-01,70,57,T,M,M
1947-11-02,70,55,T,M,M
1947-11-03,69,52,0.00,M,M
1947-11-04,81,55,T,M,M
1947-11-05,72,58,1.64,M,M
1947-11-06,77,53,T,M,M
1947-11-07,75,52,0.87,M,M
1947-11-08,65,45,0.00,M,M
1947-11-09,70,41,0.00,M,M
1947-11-10,75,67,0.61,M,M
1947-11-11,72,53,2.65,M,M
1947-11-12,53,44,0.00,M,M
1947-11-13,65,48,0.13,M,M
1947-11-14,80,56,1.18,M,M
1947-11-15,76,59,0.13,M,M
1947-11-16,68,56,T,M,M
1947-11-17,67,58,T,M,M
1947-11-18,64,56,2.51,M,M
1947-11-19,60,55,0.01,M,M
1947-11-20,65,55,0.04,M,M
1947-11-21,62,53,1.58,M,M
1947-11-22,64,59,0.61,M,M
1947-11-23,66,59,1.08,M,M
1947-11-24,70,56,1.53,M,M
1947-11-25,57,49,T,M,M
1947-11-26,57,43,0.01,M,M
1947-11-27,62,40,0.00,M,M
1947-11-28,61,40,0.00,M,M
1947-11-29,61,38,0.00,M,M
1947-11-30,66,40,0.00,M,M
1947-12-01,63,44,0.00,M,M
1947-12-02,69,43,0.00,M,M
1947-12-03,75,55,0.00,M,M
1947-12-04,75,58,0.22,M,M
1947-12-05,76,61,0.00,M,M
1947-12-06,74,60,0.00,M,M
1947-12-07,76,60,0.16,M,M
1947-12-08,71,60,0.45,M,M
1947-12-09,63,58,2.49,M,M
1947-12-10,66,50,2.07,M,M
1947-12-11,50,45,1.33,M,M
1947-12-12,46,41,0.48,M,M
1947-12-13,48,40,0.93,M,M
1947-12-14,51,43,0.40,M,M
1947-12-15,68,45,0.83,M,M
1947-12-16,55,43,0.00,M,M
1947-12-17,50,40,0.00,M,M
1947-12-18,59,43,0.00,M,M
1947-12-19,61,44,0.00,M,M
1947-12-20,65,47,0.00,M,M
1947-12-21,66,42,0.00,M,M
1947-12-22,68,36,0.00,M,M
1947-12-23,73,52,0.00,M,M
1947-12-24,52,42,T,M,M
1947-12-25,52,36,0.00,M,M
1947-12-26,60,34,0.00,M,M
1947-12-27,67,36,0.00,M,M
1947-12-28,65,38,0.00,M,M
1947-12-29,59,51,0.22,M,M
1947-12-30,72,48,T,M,M
1947-12-31,76,61,0.01,M,M
1948-01-01,72,43,0.08,0.0,0
1948-01-02,53,36,0.00,0.0,0
1948-01-03,59,34,0.00,0.0,0
1948-01-04,70,38,0.00,0.0,0
1948-01-05,62,36,0.00,0.0,0
1948-01-06,68,37,0.00,0.0,0
1948-01-07,62,46,0.00,0.0,0
1948-01-08,71,49,0.01,0.0,0
1948-01-09,76,48,T,0.0,0
1948-01-10,61,51,0.02,0.0,0
1948-01-11,64,46,0.00,0.0,0
1948-01-12,71,58,0.76,0.0,0
1948-01-13,60,38,0.42,0.0,0
1948-01-14,47,30,0.00,0.0,0
1948-01-15,53,29,0.00,0.0,0
1948-01-16,62,33,0.05,0.0,0
1948-01-17,53,27,0.93,0.0,0
1948-01-18,41,22,0.00,0.0,0
1948-01-19,44,35,0.40,0.0,0
1948-01-20,52,42,0.48,0.0,0
1948-01-21,49,38,0.02,0.0,0
1948-01-22,62,32,0.00,0.0,0
1948-01-23,54,24,1.17,T,T
1948-01-24,35,21,0.00,0.0,0
1948-01-25,45,31,0.00,0.0,0
1948-01-26,57,36,0.00,0.0,0
1948-01-27,59,35,0.51,0.0,0
1948-01-28,36,31,0.03,0.0,0
1948-01-29,38,33,0.32,0.0,0
1948-01-30,40,34,0.52,T,0
1948-01-31,47,31,T,0.0,0
1948-02-01,48,33,0.00,0.0,0
1948-02-02,44,40,0.01,0.0,0
1948-02-03,61,39,0.00,0.0,0
1948-02-04,75,50,T,0.0,0
1948-02-05,77,58,0.00,0.0,0
1948-02-06,69,59,T,0.0,0
1948-02-07,79,62,0.00,0.0,0
1948-02-08,65,45,0.15,0.0,0
1948-02-09,45,35,0.11,0.0,0
1948-02-10,51,35,0.00,0.0,0
1948-02-11,62,51,0.44,0.0,0
1948-02-12,80,62,0.02,0.0,0
1948-02-13,74,40,0.01,0.0,0
1948-02-14,54,37,0.00,0.0,0
1948-02-15,58,44,0.00,0.0,0
1948-02-16,70,52,0.00,0.0,0
1948-02-17,73,53,0.00,0.0,0
1948-02-18,75,46,0.00,0.0,0
1948-02-19,77,53,T,0.0,0
1948-02-20,74,58,0.31,0.0,0
1948-02-21,66,43,0.45,0.0,0
1948-02-22,44,41,0.03,0.0,0
1948-02-23,55,43,T,0.0,0
1948-02-24,63,54,0.03,0.0,0
1948-02-25,73,58,T,0.0,0
1948-02-26,80,60,0.01,0.0,0
1948-02-27,80,65,0.02,0.0,0
1948-02-28,84,63,0.01,0.0,0
1948-02-29,80,56,0.36,0.0,0
1948-03-01,78,67,0.13,0.0,0
1948-03-02,75,61,1.70,0.0,0
1948-03-03,67,61,2.53,0.0,0
1948-03-04,61,55,0.86,0.0,0
1948-03-05,64,53,7.87,0.0,0
1948-03-06,65,55,0.68,0.0,0
1948-03-07,66,54,0.00,0.0,0
1948-03-08,69,55,1.10,0.0,0
1948-03-09,60,58,1.55,0.0,0
1948-03-10,63,59,0.00,0.0,0
1948-03-11,62,45,0.00,0.0,0
1948-03-12,54,38,0.00,0.0,0
1948-03-13,59,39,0.00,0.0,0
1948-03-14,71,43,0.00,0.0,0
1948-03-15,78,59,0.00,0.0,0
1948-03-16,79,64,T,0.0,0
1948-03-17,78,64,1.33,0.0,0
1948-03-18,80,69,0.03,0.0,0
1948-03-19,82,71,0.00,0.0,0
1948-03-20,82,72,0.00,0.0,0
1948-03-21,82,70,0.00,0.0,0
1948-03-22,79,69,0.01,0.0,0
1948-03-23,80,57,0.00,0.0,0
1948-03-24,80,53,0.00,0.0,0
1948-03-25,76,56,T,0.0,0
1948-03-26,82,70,T,0.0,0
1948-03-27,75,58,0.90,0.0,0
1948-03-28,58,45,0.00,0.0,0
1948-03-29,65,41,0.00,0.0,0
1948-03-30,75,52,0.05,0.0,0
1948-03-31,77,67,0.35,0.0,0
1948-04-01,77,58,0.17,0.0,0
1948-04-02,70,54,0.00,0.0,0
1948-04-03,72,52,0.00,0.0,0
1948-04-04,74,52,T,0.0,0
1948-04-05,82,70,T,0.0,0
1948-04-06,84,70,0.00,0.0,0
1948-04-07,85,72,0.00,0.0,0
1948-04-08,88,69,0.00,0.0,0
1948-04-09,84,69,0.00,0.0,0
1948-04-10,86,66,0.00,0.0,0
1948-04-11,85,72,0.00,0.0,0
1948-04-12,86,74,T,0.0,0
1948-04-13,81,65,0.99,0.0,0
1948-04-14,73,58,0.02,0.0,0
1948-04-15,74,54,0.00,0.0,0
1948-04-16,80,52,0.00,0.0,0
1948-04-17,86,57,0.00,0.0,0
1948-04-18,87,62,0.00,0.0,0
1948-04-19,83,63,0.00,0.0,0
1948-04-20,80,58,0.00,0.0,0
1948-04-21,82,58,0.00,0.0,0
1948-04-22,85,56,0.00,0.0,0
1948-04-23,84,59,0.00,0.0,0
1948-04-24,83,69,T,0.0,0
1948-04-25,83,70,T,0.0,0
1948-04-26,80,63,0.31,0.0,0
1948-04-27,87,60,0.00,0.0,0
1948-04-28,91,64,0.00,0.0,0
1948-04-29,83,62,0.00,0.0,0
1948-04-30,82,56,0.00,0.0,0
1948-05-01,86,66,0.00,0.0,0
1948-05-02,89,72,0.00,0.0,0
1948-05-03,88,74,0.00,0.0,0
1948-05-04,88,74,0.00,0.0,0
1948-05-05,86,73,T,0.0,0
1948-05-06,75,62,0.89,0.0,0
1948-05-07,77,55,0.00,0.0,0
1948-05-08,80,54,0.00,0.0,0
1948-05-09,85,68,0.00,0.0,0
1948-05-10,87,70,0.00,0.0,0
1948-05-11,87,68,0.00,0.0,0
1948-05-12,88,66,0.00,0.0,0
1948-05-13,86,70,0.00,0.0,0
1948-05-14,83,63,0.00,0.0,0
1948-05-15,85,60,0.00,0.0,0
1948-05-16,90,66,0.00,0.0,0
1948-05-17,92,70,T,0.0,0
1948-05-18,87,70,0.00,0.0,0
1948-05-19,84,65,0.00,0.0,0
1948-05-20,89,62,0.00,0.0,0
1948-05-21,91,66,0.00,0.0,0
1948-05-22,90,65,0.00,0.0,0
1948-05-23,90,67,0.00,0.0,0
1948-05-24,90,66,0.00,0.0,0
1948-05-25,90,66,0.00,0.0,0
1948-05-26,88,68,0.00,0.0,0
1948-05-27,81,70,0.46,0.0,0
1948-05-28,83,70,0.39,0.0,0
1948-05-29,88,66,0.00,0.0,0
1948-05-30,91,67,0.00,0.0,0
1948-05-31,92,67,0.00,0.0,0
1948-06-01,88,73,0.00,0.0,0
1948-06-02,88,72,T,0.0,0
1948-06-03,89,69,0.00,0.0,0
1948-06-04,92,65,0.00,0.0,0
1948-06-05,90,64,0.00,0.0,0
1948-06-06,90,71,0.00,0.0,0
1948-06-07,92,71,0.00,0.0,0
1948-06-08,94,73,0.00,0.0,0
1948-06-09,92,69,0.64,0.0,0
1948-06-10,88,68,0.00,0.0,0
1948-06-11,91,70,0.00,0.0,0
1948-06-12,91,71,0.00,0.0,0
1948-06-13,91,72,0.00,0.0,0
1948-06-14,92,73,T,0.0,0
1948-06-15,93,73,0.00,0.0,0
1948-06-16,94,75,T,0.0,0
1948-06-17,94,73,0.00,0.0,0
1948-06-18,94,75,0.14,0.0,0
1948-06-19,94,74,0.00,0.0,0
1948-06-20,94,74,0.00,0.0,0
1948-06-21,91,76,0.15,0.0,0
1948-06-22,94,76,T,0.0,0
1948-06-23,95,78,0.00,0.0,0
1948-06-24,94,75,0.00,0.0,0
1948-06-25,96,75,0.00,0.0,0
1948-06-26,94,74,0.00,0.0,0
1948-06-27,95,76,0.00,0.0,0
1948-06-28,95,76,T,0.0,0
1948-06-29,93,74,0.27,0.0,0
1948-06-30,88,72,0.08,0.0,0
1948-07-01,91,71,0.00,0.0,0
1948-07-02,94,72,0.00,0.0,0
1948-07-03,91,75,0.05,0.0,0
1948-07-04,94,73,T,0.0,0
1948-07-05,95,72,0.00,0.0,0
1948-07-06,94,73,0.00,0.0,0
1948-07-07,94,75,0.02,0.0,0
1948-07-08,95,74,0.40,0.0,0
1948-07-09,94,73,T,0.0,0
1948-07-10,93,72,0.07,0.0,0
1948-07-11,90,71,0.21,0.0,0
1948-07-12,91,73,0.35,0.0,0
1948-07-13,92,73,0.00,0.0,0
1948-07-14,92,73,0.00,0.0,0
1948-07-15,92,76,0.11,0.0,0
1948-07-16,90,74,0.18,0.0,0
1948-07-17,91,74,0.22,0.0,0
1948-07-18,90,73,T,0.0,0
1948-07-19,89,74,T,0.0,0
1948-07-20,95,75,0.00,0.0,0
1948-07-21,94,76,0.20,0.0,0
1948-07-22,95,75,0.00,0.0,0
1948-07-23,94,75,0.00,0.0,0
1948-07-24,96,76,0.00,0.0,0
1948-07-25,95,72,1.59,0.0,0
1948-07-26,89,73,0.83,0.0,0
1948-07-27,92,74,0.22,0.0,0
1948-07-28,85,76,T,0.0,0
1948-07-29,88,76,0.02,0.0,0
1948-07-30,93,73,0.01,0.0,0
1948-07-31,97,71,T,0.0,0
1948-08-01,91,73,0.00,0.0,0
1948-08-02,89,77,T,0.0,0
1948-08-03,89,75,0.23,0.0,0
1948-08-04,91,75,0.55,0.0,0
1948-08-05,88,75,0.23,0.0,0
1948-08-06,87,74,0.00,0.0,0
1948-08-07,89,72,0.03,0.0,0
1948-08-08,83,75,1.42,0.0,0
1948-08-09,87,77,0.06,0.0,0
1948-08-10,92,74,0.27,0.0,0
1948-08-11,94,74,0.01,0.0,0
1948-08-12,93,75,0.00,0.0,0
1948-08-13,94,77,0.00,0.0,0
1948-08-14,94,78,0.00,0.0,0
1948-08-15,94,78,0.00,0.0,0
1948-08-16,85,73,0.20,0.0,0
1948-08-17,88,72,T,0.0,0
1948-08-18,91,70,0.00,0.0,0
1948-08-19,93,69,0.00,0.0,0
1948-08-20,94,75,0.00,0.0,0
1948-08-21,95,70,0.03,0.0,0
1948-08-22,91,68,0.00,0.0,0
1948-08-23,84,72,0.06,0.0,0
1948-08-24,89,74,0.04,0.0,0
1948-08-25,83,73,0.94,0.0,0
1948-08-26,86,73,0.66,0.0,0
1948-08-27,90,76,0.05,0.0,0
1948-08-28,82,73,1.01,0.0,0
1948-08-29,90,75,0.00,0.0,0
1948-08-30,92,72,0.00,0.0,0
1948-08-31,94,72,T,0.0,0
1948-09-01,90,71,1.03,0.0,0
1948-09-02,85,72,0.06,0.0,0
1948-09-03,76,69,2.70,0.0,0
1948-09-04,74,67,1.92,0.0,0
1948-09-05,88,65,0.00,0.0,0
1948-09-06,90,69,0.00,0.0,0
1948-09-07,88,70,0.00,0.0,0
1948-09-08,91,74,0.00,0.0,0
1948-09-09,91,72,0.77,0.0,0
1948-09-10,77,73,0.13,0.0,0
1948-09-11,81,72,0.04,0.0,0
1948-09-12,78,70,1.47,0.0,0
1948-09-13,76,72,4.74,0.0,0
1948-09-14,79,70,0.28,0.0,0
1948-09-15,80,69,T,0.0,0
1948-09-16,81,72,0.33,0.0,0
1948-09-17,81,73,0.06,0.0,0
1948-09-18,85,69,0.00,0.0,0
1948-09-19,87,68,0.00,0.0,0
1948-09-20,88,67,0.00,0.0,0
1948-09-21,88,67,0.00,0.0,0
1948-09-22,89,66,0.00,0.0,0
1948-09-23,90,70,0.00,0.0,0
1948-09-24,86,69,0.00,0.0,0
1948-09-25,84,64,0.00,0.0,0
1948-09-26,81,67,0.00,0.0,0
1948-09-27,78,62,0.00,0.0,0
1948-09-28,73,59,0.00,0.0,0
1948-09-29,80,64,0.00,0.0,0
1948-09-30,83,58,0.00,0.0,0
1948-10-01,86,59,0.00,0.0,0
1948-10-02,85,63,0.00,0.0,0
1948-10-03,84,62,0.00,0.0,0
1948-10-04,81,62,0.00,0.0,0
1948-10-05,79,59,0.00,0.0,0
1948-10-06,82,59,0.00,0.0,0
1948-10-07,80,61,T,0.0,0
1948-10-08,82,57,T,0.0,0
1948-10-09,83,53,0.00,0.0,0
1948-10-10,82,58,0.57,0.0,0
1948-10-11,76,68,0.20,0.0,0
1948-10-12,82,68,0.00,0.0,0
1948-10-13,81,64,0.00,0.0,0
1948-10-14,82,62,0.00,0.0,0
1948-10-15,83,62,0.00,0.0,0
1948-10-16,86,63,0.00,0.0,0
1948-10-17,85,51,0.30,0.0,0
1948-10-18,64,45,0.00,0.0,0
1948-10-19,68,47,0.00,0.0,0
1948-10-20,74,43,0.00,0.0,0
1948-10-21,77,48,0.00,0.0,0
1948-10-22,79,59,0.00,0.0,0
1948-10-23,78,59,0.00,0.0,0
1948-10-24,75,57,0.00,0.0,0
1948-10-25,74,53,0.00,0.0,0
1948-10-26,76,51,0.00,0.0,0
1948-10-27,77,55,0.00,0.0,0
1948-10-28,80,55,0.00,0.0,0
1948-10-29,80,56,0.00,0.0,0
1948-10-30,82,66,0.00,0.0,0
1948-10-31,84,69,0.00,0.0,0
1948-11-01,74,65,0.96,0.0,0
1948-11-02,82,62,T,0.0,0
1948-11-03,77,58,0.00,0.0,0
1948-11-04,83,64,T,0.0,0
1948-11-05,84,60,1.70,0.0,0
1948-11-06,68,53,0.00,0.0,0
1948-11-07,70,49,0.00,0.0,0
1948-11-08,75,47,0.00,0.0,0
1948-11-09,80,52,0.55,0.0,0
1948-11-10,62,43,T,0.0,0
1948-11-11,63,40,0.00,0.0,0
1948-11-12,73,42,0.00,0.0,0
1948-11-13,74,54,0.00,0.0,0
1948-11-14,69,60,0.00,0.0,0
1948-11-15,77,62,0.00,0.0,0
1948-11-16,80,64,2.00,0.0,0
1948-11-17,74,61,0.03,0.0,0
1948-11-18,79,63,0.12,0.0,0
1948-11-19,63,49,0.66,0.0,0
1948-11-20,67,42,0.00,0.0,0
1948-11-21,74,58,2.25,0.0,0
1948-11-22,68,56,0.21,0.0,0
1948-11-23,60,49,1.65,0.0,0
1948-11-24,66,44,0.00,0.0,0
1948-11-25,72,46,T,0.0,0
1948-11-26,78,67,2.75,0.0,0
1948-11-27,76,63,0.23,0.0,0
1948-11-28,75,50,0.61,0.0,0
1948-11-29,56,45,0.00,0.0,0
1948-11-30,57,41,0.00,0.0,0
1948-12-01,62,38,0.00,0.0,0
1948-12-02,70,52,T,0.0,0
1948-12-03,69,48,0.00,0.0,0
1948-12-04,72,43,0.00,0.0,0
1948-12-05,77,53,0.05,0.0,0
1948-12-06,63,46,0.00,0.0,0
1948-12-07,79,48,1.11,0.0,0
1948-12-08,67,52,T,0.0,0
1948-12-09,68,50,0.00,0.0,0
1948-12-10,57,39,0.00,0.0,0
1948-12-11,68,37,0.00,0.0,0
1948-12-12,78,52,0.00,0.0,0
1948-12-13,77,64,T,0.0,0
1948-12-14,79,66,0.01,0.0,0
1948-12-15,81,69,T,0.0,0
1948-12-16,81,65,1.48,0.0,0
1948-12-17,72,63,0.68,0.0,0
1948-12-18,76,67,0.45,0.0,0
1948-12-19,69,52,0.05,0.0,0
1948-12-20,65,43,0.00,0.0,0
1948-12-21,79,49,0.00,0.0,0
1948-12-22,80,64,T,0.0,0
1948-12-23,64,59,T,0.0,0
1948-12-24,76,59,T,0.0,0
1948-12-25,71,40,0.32,0.0,0
1948-12-26,48,36,0.00,0.0,0
1948-12-27,56,45,0.00,0.0,0
1948-12-28,67,51,0.37,0.0,0
1948-12-29,69,41,0.79,0.0,0
1948-12-30,51,37,0.00,0.0,0
1948-12-31,54,35,0.00,0.0,0
1949-01-01,57,30,0.00,0.0,0
1949-01-02,72,44,0.00,0.0,0
1949-01-03,73,65,T,0.0,0
1949-01-04,77,70,0.03,0.0,0
1949-01-05,72,49,T,0.0,0
1949-01-06,57,45,0.00,0.0,0
1949-01-07,62,37,0.00,0.0,0
1949-01-08,71,41,0.00,0.0,0
1949-01-09,77,52,0.00,0.0,0
1949-01-10,77,52,0.00,0.0,0
1949-01-11,77,49,0.00,0.0,0
1949-01-12,75,52,0.00,0.0,0
1949-01-13,69,52,0.00,0.0,0
1949-01-14,75,50,0.00,0.0,0
1949-01-15,76,56,0.00,0.0,0
1949-01-16,77,63,0.01,0.0,0
1949-01-17,69,59,0.63,0.0,0
1949-01-18,78,52,0.34,0.0,0
1949-01-19,53,43,0.00,0.0,0
1949-01-20,58,42,0.00,0.0,0
1949-01-21,74,58,0.04,0.0,0
1949-01-22,81,65,0.00,0.0,0
1949-01-23,79,63,0.00,0.0,0
1949-01-24,74,65,T,0.0,0
1949-01-25,74,62,0.08,0.0,0
1949-01-26,76,63,0.00,0.0,0
1949-01-27,77,57,0.12,0.0,0
1949-01-28,64,48,0.08,0.0,0
1949-01-29,48,34,0.21,T,0
1949-01-30,38,33,1.24,T,0
1949-01-31,35,29,0.00,0.0,0
1949-02-01,42,32,T,0.0,0
1949-02-02,58,40,T,0.0,0
1949-02-03,68,49,0.05,0.0,0
1949-02-04,66,53,0.17,0.0,0
1949-02-05,54,50,0.80,0.0,0
1949-02-06,64,52,T,0.0,0
1949-02-07,60,52,T,0.0,0
1949-02-08,76,53,T,0.0,0
1949-02-09,80,68,0.01,0.0,0
1949-02-10,70,49,T,0.0,0
1949-02-11,66,45,0.00,0.0,0
1949-02-12,77,53,0.00,0.0,0
1949-02-13,79,64,0.01,0.0,0
1949-02-14,79,67,0.03,0.0,0
1949-02-15,78,65,0.02,0.0,0
1949-02-16,70,59,0.29,0.0,0
1949-02-17,63,52,T,0.0,0
1949-02-18,63,57,0.45,0.0,0
1949-02-19,72,60,0.28,0.0,0
1949-02-20,71,59,0.00,0.0,0
1949-02-21,76,60,0.00,0.0,0
1949-02-22,77,64,0.00,0.0,0
1949-02-23,76,57,0.00,0.0,0
1949-02-24,77,58,0.01,0.0,0
1949-02-25,71,61,0.00,0.0,0
1949-02-26,67,56,0.71,0.0,0
1949-02-27,67,55,0.02,0.0,0
1949-02-28,58,46,0.00,0.0,0
1949-03-01,50,43,T,T,0
1949-03-02,51,46,0.07,0.0,0
1949-03-03,63,43,0.00,0.0,0
1949-03-04,70,39,0.00,0.0,0
1949-03-05,77,43,0.00,0.0,0
1949-03-06,78,58,0.29,0.0,0
1949-03-07,61,50,0.00,0.0,0
1949-03-08,74,43,0.00,0.0,0
1949-03-09,76,54,0.25,0.0,0
1949-03-10,62,45,0.00,0.0,0
1949-03-11,66,44,0.00,0.0,0
1949-03-12,70,41,0.00,0.0,0
1949-03-13,81,62,0.85,0.0,0
1949-03-14,65,55,1.31,0.0,0
1949-03-15,66,52,0.00,0.0,0
1949-03-16,70,45,0.00,0.0,0
1949-03-17,78,59,0.00,0.0,0
1949-03-18,68,44,0.71,0.0,0
1949-03-19,59,42,0.00,0.0,0
1949-03-20,70,39,0.00,0.0,0
1949-03-21,75,62,0.98,0.0,0
1949-03-22,77,59,0.00,0.0,0
1949-03-23,74,54,0.00,0.0,0
1949-03-24,80,56,0.00,0.0,0
1949-03-25,80,70,T,0.0,0
1949-03-26,81,72,0.00,0.0,0
1949-03-27,75,57,1.16,0.0,0
1949-03-28,72,58,0.44,0.0,0
1949-03-29,73,64,2.05,0.0,0
1949-03-30,82,67,0.01,0.0,0
1949-03-31,77,60,0.01,0.0,0
1949-04-01,69,58,0.44,0.0,0
1949-04-02,66,58,0.27,0.0,0
1949-04-03,67,58,0.01,0.0,0
1949-04-04,66,54,0.50,0.0,0
1949-04-05,66,53,T,0.0,0
1949-04-06,73,49,0.00,0.0,0
1949-04-07,79,56,0.00,0.0,0
1949-04-08,79,58,0.00,0.0,0
1949-04-09,78,57,0.00,0.0,0
1949-04-10,81,65,1.45,0.0,0
1949-04-11,77,63,0.27,0.0,0
1949-04-12,66,52,T,0.0,0
1949-04-13,77,51,0.00,0.0,0
1949-04-14,81,62,0.00,0.0,0
1949-04-15,73,58,0.00,0.0,0
1949-04-16,68,48,0.00,0.0,0
1949-04-17,73,43,T,0.0,0
1949-04-18,79,56,0.00,0.0,0
1949-04-19,74,56,0.00,0.0,0
1949-04-20,68,57,0.79,0.0,0
1949-04-21,79,63,0.23,0.0,0
1949-04-22,72,61,0.78,0.0,0
1949-04-23,78,62,0.00,0.0,0
1949-04-24,85,62,0.00,0.0,0
1949-04-25,84,68,0.00,0.0,0
1949-04-26,86,70,T,0.0,0
1949-04-27,78,66,1.24,0.0,0
1949-04-28,82,65,2.80,0.0,0
1949-04-29,85,69,T,0.0,0
1949-04-30,83,68,0.00,0.0,0
1949-05-01,86,73,0.00,0.0,0
1949-05-02,82,64,0.56,0.0,0
1949-05-03,88,67,0.00,0.0,0
1949-05-04,88,67,0.00,0.0,0
1949-05-05,88,64,0.00,0.0,0
1949-05-06,89,63,0.00,0.0,0
1949-05-07,90,66,0.00,0.0,0
1949-05-08,87,65,0.00,0.0,0
1949-05-09,87,66,0.00,0.0,0
1949-05-10,85,69,0.00,0.0,0
1949-05-11,80,64,0.00,0.0,0
1949-05-12,83,65,0.00,0.0,0
1949-05-13,83,63,0.00,0.0,0
1949-05-14,84,56,0.00,0.0,0
1949-05-15,85,58,0.00,0.0,0
1949-05-16,86,61,T,0.0,0
1949-05-17,87,69,0.00,0.0,0
1949-05-18,87,69,T,0.0,0
1949-05-19,87,61,0.00,0.0,0
1949-05-20,88,64,0.00,0.0,0
1949-05-21,87,67,T,0.0,0
1949-05-22,90,72,T,0.0,0
1949-05-23,90,69,T,0.0,0
1949-05-24,91,68,0.02,0.0,0
1949-05-25,85,68,0.00,0.0,0
1949-05-26,87,65,0.00,0.0,0
1949-05-27,90,67,0.00,0.0,0
1949-05-28,90,68,0.00,0.0,0
1949-05-29,87,68,0.13,0.0,0
1949-05-30,91,67,0.28,0.0,0
1949-05-31,91,66,0.00,0.0,0
1949-06-01,93,69,0.01,0.0,0
1949-06-02,88,71,0.00,0.0,0
1949-06-03,89,66,0.00,0.0,0
1949-06-04,91,67,0.00,0.0,0
1949-06-05,93,67,0.00,0.0,0
1949-06-06,93,72,0.00,0.0,0
1949-06-07,90,68,0.00,0.0,0
1949-06-08,90,67,0.00,0.0,0
1949-06-09,91,71,0.19,0.0,0
1949-06-10,83,73,T,0.0,0
1949-06-11,85,73,2.21,0.0,0
1949-06-12,92,73,0.00,0.0,0
1949-06-13,90,75,0.00,0.0,0
1949-06-14,91,75,T,0.0,0
1949-06-15,84,70,0.52,0.0,0
1949-06-16,90,71,0.00,0.0,0
1949-06-17,90,72,T,0.0,0
1949-06-18,91,73,0.00,0.0,0
1949-06-19,89,72,0.17,0.0,0
1949-06-20,91,71,T,0.0,0
1949-06-21,90,75,0.02,0.0,0
1949-06-22,93,74,T,0.0,0
1949-06-23,90,76,0.30,0.0,0
1949-06-24,88,75,0.94,0.0,0
1949-06-25,92,77,0.01,0.0,0
1949-06-26,92,79,0.00,0.0,0
1949-06-27,92,75,0.00,0.0,0
1949-06-28,90,73,0.00,0.0,0
1949-06-29,94,74,0.00,0.0,0
1949-06-30,96,75,T,0.0,0
1949-07-01,93,75,0.00,0.0,0
1949-07-02,89,77,0.58,0.0,0
1949-07-03,87,74,0.95,0.0,0
1949-07-04,92,75,0.00,0.0,0
1949-07-05,94,73,0.03,0.0,0
1949-07-06,94,76,0.76,0.0,0
1949-07-07,93,74,0.00,0.0,0
1949-07-08,92,77,T,0.0,0
1949-07-09,90,76,0.00,0.0,0
1949-07-10,95,75,0.11,0.0,0
1949-07-11,90,75,T,0.0,0
1949-07-12,88,76,0.01,0.0,0
1949-07-13,86,76,0.08,0.0,0
1949-07-14,91,74,1.34,0.0,0
1949-07-15,85,75,0.02,0.0,0
1949-07-16,81,74,0.17,0.0,0
1949-07-17,81,73,0.16,0.0,0
1949-07-18,92,70,0.58,0.0,0
1949-07-19,91,74,0.07,0.0,0
1949-07-20,91,73,0.01,0.0,0
1949-07-21,89,72,T,0.0,0
1949-07-22,85,74,0.05,0.0,0
1949-07-23,85,73,0.65,0.0,0
1949-07-24,92,76,T,0.0,0
1949-07-25,89,77,0.05,0.0,0
1949-07-26,92,73,T,0.0,0
1949-07-27,88,74,0.03,0.0,0
1949-07-28,93,75,0.00,0.0,0
1949-07-29,94,76,0.00,0.0,0
1949-07-30,94,74,0.36,0.0,0
1949-07-31,88,74,0.00,0.0,0
1949-08-01,89,73,1.19,0.0,0
1949-08-02,89,73,T,0.0,0
1949-08-03,88,72,0.00,0.0,0
1949-08-04,90,72,0.53,0.0,0
1949-08-05,91,75,0.01,0.0,0
1949-08-06,88,75,0.45,0.0,0
1949-08-07,88,73,T,0.0,0
1949-08-08,93,74,0.00,0.0,0
1949-08-09,91,73,0.00,0.0,0
1949-08-10,93,75,0.00,0.0,0
1949-08-11,93,74,0.00,0.0,0
1949-08-12,94,74,0.19,0.0,0
1949-08-13,93,74,0.11,0.0,0
1949-08-14,94,75,0.00,0.0,0
1949-08-15,94,76,0.34,0.0,0
1949-08-16,89,74,T,0.0,0
1949-08-17,90,76,T,0.0,0
1949-08-18,92,75,0.00,0.0,0
1949-08-19,93,76,0.00,0.0,0
1949-08-20,95,74,0.53,0.0,0
1949-08-21,89,74,T,0.0,0
1949-08-22,87,73,0.00,0.0,0
1949-08-23,88,71,0.00,0.0,0
1949-08-24,91,68,0.00,0.0,0
1949-08-25,85,71,0.28,0.0,0
1949-08-26,88,71,T,0.0,0
1949-08-27,94,72,0.00,0.0,0
1949-08-28,94,72,0.00,0.0,0
1949-08-29,93,75,T,0.0,0
1949-08-30,93,73,0.00,0.0,0
1949-08-31,93,74,0.00,0.0,0
1949-09-01,90,72,0.12,0.0,0
1949-09-02,91,74,0.00,0.0,0
1949-09-03,85,73,0.73,0.0,0
1949-09-04,81,73,2.17,0.0,0
1949-09-05,89,73,T,0.0,0
1949-09-06,89,75,T,0.0,0
1949-09-07,93,74,0.00,0.0,0
1949-09-08,94,74,0.00,0.0,0
1949-09-09,83,75,0.01,0.0,0
1949-09-10,87,71,0.00,0.0,0
1949-09-11,89,72,0.00,0.0,0
1949-09-12,88,75,1.22,0.0,0
1949-09-13,90,74,T,0.0,0
1949-09-14,89,74,T,0.0,0
1949-09-15,89,72,0.00,0.0,0
1949-09-16,92,74,0.00,0.0,0
1949-09-17,93,73,0.01,0.0,0
1949-09-18,89,74,0.02,0.0,0
1949-09-19,91,73,T,0.0,0
1949-09-20,83,70,0.53,0.0,0
1949-09-21,82,71,0.23,0.0,0
1949-09-22,79,70,0.15,0.0,0
1949-09-23,86,67,0.00,0.0,0
1949-09-24,81,66,0.00,0.0,0
1949-09-25,83,67,0.00,0.0,0
1949-09-26,86,72,0.00,0.0,0
1949-09-27,80,68,T,0.0,0
1949-09-28,83,65,0.00,0.0,0
1949-09-29,77,65,0.00,0.0,0
1949-09-30,73,60,0.00,0.0,0
1949-10-01,82,66,0.04,0.0,0
1949-10-02,76,72,1.49,0.0,0
1949-10-03,82,73,T,0.0,0
1949-10-04,79,75,0.66,0.0,0
1949-10-05,84,68,0.90,0.0,0
1949-10-06,88,65,0.00,0.0,0
1949-10-07,88,73,T,0.0,0
1949-10-08,84,74,0.95,0.0,0
1949-10-09,86,71,0.02,0.0,0
1949-10-10,89,71,T,0.0,0
1949-10-11,89,70,0.00,0.0,0
1949-10-12,87,68,0.00,0.0,0
1949-10-13,84,71,T,0.0,0
1949-10-14,85,70,0.00,0.0,0
1949-10-15,83,69,0.11,0.0,0
1949-10-16,81,66,0.00,0.0,0
1949-10-17,83,64,0.00,0.0,0
1949-10-18,86,66,T,0.0,0
1949-10-19,87,69,0.00,0.0,0
1949-10-20,84,72,0.00,0.0,0
1949-10-21,87,69,0.00,0.0,0
1949-10-22,85,65,0.00,0.0,0
1949-10-23,87,67,0.00,0.0,0
1949-10-24,87,63,0.00,0.0,0
1949-10-25,81,64,T,0.0,0
1949-10-26,65,55,T,0.0,0
1949-10-27,75,53,0.00,0.0,0
1949-10-28,78,64,0.00,0.0,0
1949-10-29,74,68,T,0.0,0
1949-10-30,82,64,0.06,0.0,0
1949-10-31,65,49,0.04,0.0,0
1949-11-01,62,42,0.00,0.0,0
1949-11-02,71,38,0.00,0.0,0
1949-11-03,64,49,0.00,0.0,0
1949-11-04,64,42,0.00,0.0,0
1949-11-05,73,43,0.00,0.0,0
1949-11-06,64,43,0.00,0.0,0
1949-11-07,70,42,0.00,0.0,0
1949-11-08,73,48,0.00,0.0,0
1949-11-09,78,49,0.00,0.0,0
1949-11-10,79,51,0.00,0.0,0
1949-11-11,82,51,0.00,0.0,0
1949-11-12,81,59,0.21,0.0,0
1949-11-13,66,56,T,0.0,0
1949-11-14,72,50,0.00,0.0,0
1949-11-15,73,45,0.00,0.0,0
1949-11-16,74,43,0.00,0.0,0
1949-11-17,63,41,0.00,0.0,0
1949-11-18,65,38,0.00,0.0,0
1949-11-19,72,37,0.00,0.0,0
1949-11-20,79,55,0.00,0.0,0
1949-11-21,68,47,0.00,0.0,0
1949-11-22,53,38,0.00,0.0,0
1949-11-23,67,37,0.00,0.0,0
1949-11-24,78,51,T,0.0,0
1949-11-25,68,42,0.00,0.0,0
1949-11-26,74,39,0.00,0.0,0
1949-11-27,79,52,0.00,0.0,0
1949-11-28,79,61,0.00,0.0,0
1949-11-29,83,62,0.00,0.0,0
1949-11-30,69,48,0.00,0.0,0
1949-12-01,69,46,0.00,0.0,0
1949-12-02,65,43,0.00,0.0,0
1949-12-03,72,52,T,0.0,0
1949-12-04,72,54,T,0.0,0
1949-12-05,62,42,0.00,0.0,0
1949-12-06,71,43,T,0.0,0
1949-12-07,76,61,0.28,0.0,0
1949-12-08,66,56,0.00,0.0,0
1949-12-09,65,53,0.06,0.0,0
1949-12-10,76,62,0.03,0.0,0
1949-12-11,82,70,T,0.0,0
1949-12-12,82,70,0.04,0.0,0
1949-12-13,72,53,1.23,0.0,0
1949-12-14,53,44,1.92,0.0,0
1949-12-15,49,43,0.14,0.0,0
1949-12-16,56,36,0.00,0.0,0
1949-12-17,68,47,1.05,0.0,0
1949-12-18,65,48,0.04,0.0,0
1949-12-19,65,43,0.00,0.0,0
1949-12-20,76,55,0.00,0.0,0
1949-12-21,76,64,0.08,0.0,0
1949-12-22,67,41,0.49,0.0,0
1949-12-23,50,36,0.00,0.0,0
1949-12-24,54,36,0.00,0.0,0
1949-12-25,61,43,0.00,0.0,0
1949-12-26,69,55,T,0.0,0
1949-12-27,74,57,T,0.0,0
1949-12-28,68,53,0.00,0.0,0
1949-12-29,68,49,0.00,0.0,0
1949-12-30,66,54,0.00,0.0,0
1949-12-31,71,55,0.00,0.0,0
1950-01-01,74,56,0.00,0.0,0
1950-01-02,75,55,0.00,0.0,0
1950-01-03,76,65,0.07,0.0,0
1950-01-04,76,68,0.69,0.0,0
1950-01-05,76,70,0.02,0.0,0
1950-01-06,74,46,0.65,0.0,0
1950-01-07,57,41,0.00,0.0,0
1950-01-08,65,44,0.00,0.0,0
1950-01-09,75,62,0.03,0.0,0
1950-01-10,76,61,0.32,0.0,0
1950-01-11,73,60,T,0.0,0
1950-01-12,77,67,0.03,0.0,0
1950-01-13,79,66,0.00,0.0,0
1950-01-14,70,60,T,0.0,0
1950-01-15,79,66,0.02,0.0,0
1950-01-16,75,61,1.18,0.0,0
1950-01-17,75,60,T,0.0,0
1950-01-18,78,64,T,0.0,0
1950-01-19,78,59,0.00,0.0,0
1950-01-20,63,54,0.00,0.0,0
1950-01-21,67,49,0.00,0.0,0
1950-01-22,76,50,0.00,0.0,0
1950-01-23,77,63,0.00,0.0,0
1950-01-24,80,64,0.00,0.0,0
1950-01-25,76,70,0.02,0.0,0
1950-01-26,79,65,0.23,0.0,0
1950-01-27,69,58,0.58,0.0,0
1950-01-28,75,58,T,0.0,0
1950-01-29,79,66,T,0.0,0
1950-01-30,79,62,0.09,0.0,0
1950-01-31,78,64,T,0.0,0
1950-02-01,80,68,0.00,0.0,0
1950-02-02,81,60,0.02,0.0,0
1950-02-03,60,53,T,0.0,0
1950-02-04,65,52,0.00,0.0,0
1950-02-05,71,51,0.00,0.0,0
1950-02-06,76,55,T,0.0,0
1950-02-07,78,57,0.00,0.0,0
1950-02-08,79,60,0.06,0.0,0
1950-02-09,78,59,0.83,0.0,0
1950-02-10,70,58,T,0.0,0
1950-02-11,77,59,T,0.0,0
1950-02-12,77,66,0.00,0.0,0
1950-02-13,74,58,2.80,0.0,0
1950-02-14,59,43,T,0.0,0
1950-02-15,59,38,0.00,0.0,0
1950-02-16,61,42,0.00,0.0,0
1950-02-17,63,37,0.00,0.0,0
1950-02-18,67,39,0.00,0.0,0
1950-02-19,68,43,0.00,0.0,0
1950-02-20,64,44,0.00,0.0,0
1950-02-21,75,44,T,0.0,0
1950-02-22,65,48,0.37,0.0,0
1950-02-23,58,43,0.00,0.0,0
1950-02-24,74,39,0.00,0.0,0
1950-02-25,78,51,0.00,0.0,0
1950-02-26,72,54,T,0.0,0
1950-02-27,69,48,0.00,0.0,0
1950-02-28,78,57,T,0.0,0
1950-03-01,69,48,0.48,0.0,0
1950-03-02,56,44,0.15,0.0,0
1950-03-03,51,41,1.22,0.0,0
1950-03-04,55,49,0.70,0.0,0
1950-03-05,55,48,0.11,0.0,0
1950-03-06,60,44,0.06,0.0,0
1950-03-07,76,45,0.00,0.0,0
1950-03-08,66,44,0.81,0.0,0
1950-03-09,60,41,0.00,0.0,0
1950-03-10,68,43,0.00,0.0,0
1950-03-11,77,56,0.00,0.0,0
1950-03-12,78,68,T,0.0,0
1950-03-13,71,41,0.03,0.0,0
1950-03-14,58,39,0.00,0.0,0
1950-03-15,72,43,0.17,0.0,0
1950-03-16,75,52,0.00,0.0,0
1950-03-17,64,47,0.00,0.0,0
1950-03-18,75,47,0.00,0.0,0
1950-03-19,73,56,1.01,0.0,0
1950-03-20,68,48,0.00,0.0,0
1950-03-21,66,57,0.51,0.0,0
1950-03-22,71,47,0.00,0.0,0
1950-03-23,72,43,0.00,0.0,0
1950-03-24,81,53,0.00,0.0,0
1950-03-25,81,64,0.00,0.0,0
1950-03-26,83,70,0.00,0.0,0
1950-03-27,77,57,0.23,0.0,0
1950-03-28,79,56,0.00,0.0,0
1950-03-29,75,48,0.00,0.0,0
1950-03-30,64,44,0.00,0.0,0
1950-03-31,67,44,0.15,0.0,0
1950-04-01,67,56,0.59,0.0,0
1950-04-02,77,53,0.00,0.0,0
1950-04-03,74,62,2.39,0.0,0
1950-04-04,81,54,1.71,T,0
1950-04-05,67,50,0.00,0.0,0
1950-04-06,60,45,0.00,0.0,0
1950-04-07,66,43,0.00,0.0,0
1950-04-08,72,45,0.00,0.0,0
1950-04-09,74,53,0.00,0.0,0
1950-04-10,77,60,T,0.0,0
1950-04-11,77,55,0.66,0.0,0
1950-04-12,71,53,0.00,0.0,0
1950-04-13,68,55,0.02,0.0,0
1950-04-14,64,50,T,0.0,0
1950-04-15,65,47,0.00,0.0,0
1950-04-16,72,43,0.00,0.0,0
1950-04-17,72,56,T,0.0,0
1950-04-18,73,56,T,0.0,0
1950-04-19,80,51,0.00,0.0,0
1950-04-20,73,52,0.01,0.0,0
1950-04-21,77,46,0.00,0.0,0
1950-04-22,79,54,0.00,0.0,0
1950-04-23,80,56,0.00,0.0,0
1950-04-24,76,67,0.43,0.0,0
1950-04-25,85,69,0.09,0.0,0
1950-04-26,82,67,0.00,0.0,0
1950-04-27,82,68,T,0.0,0
1950-04-28,77,65,0.32,0.0,0
1950-04-29,81,63,0.76,0.0,0
1950-04-30,81,64,0.32,0.0,0
1950-05-01,83,71,0.00,0.0,0
1950-05-02,82,71,0.00,0.0,0
1950-05-03,85,71,0.00,0.0,0
1950-05-04,85,73,0.00,0.0,0
1950-05-05,87,73,0.00,0.0,0
1950-05-06,86,72,0.00,0.0,0
1950-05-07,87,68,0.00,0.0,0
1950-05-08,86,66,0.00,0.0,0
1950-05-09,86,66,0.00,0.0,0
1950-05-10,87,69,0.00,0.0,0
1950-05-11,86,68,0.01,0.0,0
1950-05-12,77,67,0.06,0.0,0
1950-05-13,82,64,0.78,0.0,0
1950-05-14,84,66,0.38,0.0,0
1950-05-15,83,65,0.17,0.0,0
1950-05-16,86,63,0.00,0.0,0
1950-05-17,88,66,0.00,0.0,0
1950-05-18,90,68,0.00,0.0,0
1950-05-19,87,66,0.00,0.0,0
1950-05-20,85,66,0.00,0.0,0
1950-05-21,84,68,0.17,0.0,0
1950-05-22,86,63,0.00,0.0,0
1950-05-23,83,66,0.75,0.0,0
1950-05-24,84,63,T,0.0,0
1950-05-25,89,63,0.00,0.0,0
1950-05-26,88,64,0.00,0.0,0
1950-05-27,88,65,T,0.0,0
1950-05-28,87,66,T,0.0,0
1950-05-29,90,67,0.00,0.0,0
1950-05-30,80,66,0.32,0.0,0
1950-05-31,89,69,0.12,0.0,0
1950-06-01,89,71,T,0.0,0
1950-06-02,85,73,0.49,0.0,0
1950-06-03,82,75,0.03,0.0,0
1950-06-04,85,71,0.03,0.0,0
1950-06-05,82,68,0.00,0.0,0
1950-06-06,75,68,3.81,0.0,0
1950-06-07,86,68,0.40,0.0,0
1950-06-08,86,72,0.00,0.0,0
1950-06-09,89,74,T,0.0,0
1950-06-10,90,71,0.00,0.0,0
1950-06-11,92,74,0.00,0.0,0
1950-06-12,92,74,0.00,0.0,0
1950-06-13,92,73,0.00,0.0,0
1950-06-14,90,68,0.25,0.0,0
1950-06-15,90,71,0.00,0.0,0
1950-06-16,93,73,0.00,0.0,0
1950-06-17,94,74,0.00,0.0,0
1950-06-18,93,74,T,0.0,0
1950-06-19,88,73,0.92,0.0,0
1950-06-20,88,76,0.04,0.0,0
1950-06-21,92,76,T,0.0,0
1950-06-22,92,76,0.00,0.0,0
1950-06-23,93,75,0.00,0.0,0
1950-06-24,93,72,0.00,0.0,0
1950-06-25,94,75,0.00,0.0,0
1950-06-26,93,75,0.00,0.0,0
1950-06-27,96,75,0.00,0.0,0
1950-06-28,94,75,T,0.0,0
1950-06-29,93,74,0.00,0.0,0
1950-06-30,91,75,0.00,0.0,0
1950-07-01,91,73,T,0.0,0
1950-07-02,88,72,T,0.0,0
1950-07-03,84,71,T,0.0,0
1950-07-04,89,70,0.00,0.0,0
1950-07-05,87,74,0.69,0.0,0
1950-07-06,91,74,0.37,0.0,0
1950-07-07,89,71,1.74,0.0,0
1950-07-08,89,72,0.00,0.0,0
1950-07-09,90,72,0.00,0.0,0
1950-07-10,86,71,0.00,0.0,0
1950-07-11,83,74,0.02,0.0,0
1950-07-12,78,69,0.39,0.0,0
1950-07-13,87,69,0.54,0.0,0
1950-07-14,88,72,T,0.0,0
1950-07-15,88,74,0.02,0.0,0
1950-07-16,89,74,0.05,0.0,0
1950-07-17,90,74,T,0.0,0
1950-07-18,90,72,0.32,0.0,0
1950-07-19,93,73,0.00,0.0,0
1950-07-20,94,75,T,0.0,0
1950-07-21,92,75,0.00,0.0,0
1950-07-22,91,72,T,0.0,0
1950-07-23,90,71,0.02,0.0,0
1950-07-24,87,72,0.61,0.0,0
1950-07-25,84,72,0.01,0.0,0
1950-07-26,88,76,0.01,0.0,0
1950-07-27,89,74,0.80,0.0,0
1950-07-28,88,72,1.01,0.0,0
1950-07-29,87,74,0.60,0.0,0
1950-07-30,91,76,0.00,0.0,0
1950-07-31,93,76,0.00,0.0,0
1950-08-01,94,73,0.00,0.0,0
1950-08-02,93,69,0.00,0.0,0
1950-08-03,91,69,0.01,0.0,0
1950-08-04,91,75,0.04,0.0,0
1950-08-05,89,72,0.05,0.0,0
1950-08-06,89,71,T,0.0,0
1950-08-07,92,72,0.00,0.0,0
1950-08-08,91,72,0.00,0.0,0
1950-08-09,89,71,0.34,0.0,0
1950-08-10,89,70,0.00,0.0,0
1950-08-11,89,72,0.30,0.0,0
1950-08-12,90,71,0.03,0.0,0
1950-08-13,94,72,0.00,0.0,0
1950-08-14,96,75,0.00,0.0,0
1950-08-15,95,75,0.00,0.0,0
1950-08-16,95,75,1.00,0.0,0
1950-08-17,92,74,0.00,0.0,0
1950-08-18,93,73,T,0.0,0
1950-08-19,91,72,0.37,0.0,0
1950-08-20,86,71,0.01,0.0,0
1950-08-21,88,71,0.00,0.0,0
1950-08-22,90,73,0.00,0.0,0
1950-08-23,88,72,0.56,0.0,0
1950-08-24,91,71,0.00,0.0,0
1950-08-25,92,74,0.00,0.0,0
1950-08-26,91,73,0.52,0.0,0
1950-08-27,90,74,0.01,0.0,0
1950-08-28,89,75,0.18,0.0,0
1950-08-29,85,75,0.61,0.0,0
1950-08-30,81,74,0.31,0.0,0
1950-08-31,88,72,T,0.0,0
1950-09-01,89,71,0.00,0.0,0
1950-09-02,83,72,0.02,0.0,0
1950-09-03,89,75,0.16,0.0,0
1950-09-04,92,73,0.00,0.0,0
1950-09-05,91,75,0.00,0.0,0
1950-09-06,87,72,0.00,0.0,0
1950-09-07,83,66,0.00,0.0,0
1950-09-08,83,62,0.00,0.0,0
1950-09-09,87,67,0.00,0.0,0
1950-09-10,90,68,0.00,0.0,0
1950-09-11,91,70,0.00,0.0,0
1950-09-12,92,72,0.00,0.0,0
1950-09-13,91,72,0.00,0.0,0
1950-09-14,92,70,0.00,0.0,0
1950-09-15,92,71,0.00,0.0,0
1950-09-16,93,72,0.00,0.0,0
1950-09-17,89,72,0.30,0.0,0
1950-09-18,88,71,0.22,0.0,0
1950-09-19,87,71,T,0.0,0
1950-09-20,90,70,T,0.0,0
1950-09-21,89,70,0.00,0.0,0
1950-09-22,91,72,0.05,0.0,0
1950-09-23,86,73,0.00,0.0,0
1950-09-24,84,70,0.00,0.0,0
1950-09-25,86,69,0.00,0.0,0
1950-09-26,80,73,0.08,0.0,0
1950-09-27,84,73,0.14,0.0,0
1950-09-28,83,72,0.01,0.0,0
1950-09-29,78,70,0.00,0.0,0
1950-09-30,84,74,T,0.0,0
1950-10-01,81,72,T,0.0,0
1950-10-02,83,73,0.00,0.0,0
1950-10-03,85,67,0.00,0.0,0
1950-10-04,84,65,0.00,0.0,0
1950-10-05,79,62,0.00,0.0,0
1950-10-06,82,55,0.00,0.0,0
1950-10-07,85,64,0.00,0.0,0
1950-10-08,85,62,0.00,0.0,0
1950-10-09,75,55,0.00,0.0,0
1950-10-10,79,52,0.00,0.0,0
1950-10-11,82,55,0.00,0.0,0
1950-10-12,87,57,0.00,0.0,0
1950-10-13,80,57,0.00,0.0,0
1950-10-14,83,56,0.00,0.0,0
1950-10-15,84,56,0.00,0.0,0
1950-10-16,86,58,0.00,0.0,0
1950-10-17,72,66,1.10,0.0,0
1950-10-18,71,67,0.07,0.0,0
1950-10-19,78,68,0.01,0.0,0
1950-10-20,79,66,0.00,0.0,0
1950-10-21,75,66,T,0.0,0
1950-10-22,84,63,0.00,0.0,0
1950-10-23,79,62,0.00,0.0,0
1950-10-24,82,60,0.00,0.0,0
1950-10-25,82,56,0.00,0.0,0
1950-10-26,83,55,0.00,0.0,0
1950-10-27,83,53,0.00,0.0,0
1950-10-28,85,58,0.00,0.0,0
1950-10-29,83,61,0.00,0.0,0
1950-10-30,83,63,0.00,0.0,0
1950-10-31,84,60,0.00,0.0,0
1950-11-01,83,59,0.00,0.0,0
1950-11-02,83,56,0.00,0.0,0
1950-11-03,71,50,0.22,0.0,0
1950-11-04,54,42,T,T,0
1950-11-05,60,36,0.00,0.0,0
1950-11-06,73,39,0.00,0.0,0
1950-11-07,77,52,0.00,0.0,0
1950-11-08,77,61,T,0.0,0
1950-11-09,79,53,0.07,0.0,0
1950-11-10,53,43,0.09,0.0,0
1950-11-11,52,43,0.01,0.0,0
1950-11-12,59,38,0.00,0.0,0
1950-11-13,66,37,0.00,0.0,0
1950-11-14,74,41,0.00,0.0,0
1950-11-15,82,55,0.00,0.0,0
1950-11-16,79,57,T,0.0,0
1950-11-17,68,52,0.00,0.0,0
1950-11-18,76,48,0.00,0.0,0
1950-11-19,81,57,T,0.0,0
1950-11-20,82,52,0.52,0.0,0
1950-11-21,59,42,0.00,0.0,0
1950-11-22,70,39,0.00,0.0,0
1950-11-23,73,48,0.00,0.0,0
1950-11-24,58,36,0.00,0.0,0
1950-11-25,49,32,0.00,0.0,0
1950-11-26,59,33,0.00,0.0,0
1950-11-27,63,35,0.00,0.0,0
1950-11-28,66,35,0.00,0.0,0
1950-11-29,62,40,0.00,0.0,0
1950-11-30,77,49,0.00,0.0,0
1950-12-01,78,58,0.00,0.0,0
1950-12-02,75,63,0.00,0.0,0
1950-12-03,66,46,1.07,0.0,0
1950-12-04,59,40,0.00,0.0,0
1950-12-05,69,52,1.94,0.0,0
1950-12-06,59,32,0.41,0.0,0
1950-12-07,43,26,0.00,0.0,0
1950-12-08,67,41,0.00,0.0,0
1950-12-09,62,43,0.16,0.0,0
1950-12-10,56,40,0.00,0.0,0
1950-12-11,59,31,0.00,0.0,0
1950-12-12,66,45,0.00,0.0,0
1950-12-13,63,44,0.03,0.0,0
1950-12-14,76,52,0.05,0.0,0
1950-12-15,69,55,0.00,0.0,0
1950-12-16,55,50,0.69,0.0,0
1950-12-17,62,43,T,0.0,0
1950-12-18,49,37,0.00,0.0,0
1950-12-19,59,33,0.00,0.0,0
1950-12-20,58,43,0.04,0.0,0
1950-12-21,54,46,0.97,0.0,0
1950-12-22,62,48,0.00,0.0,0
1950-12-23,67,43,0.00,0.0,0
1950-12-24,69,43,0.00,0.0,0
1950-12-25,70,41,0.00,0.0,0
1950-12-26,75,51,T,0.0,0
1950-12-27,59,42,0.07,0.0,0
1950-12-28,47,41,0.69,0.0,0
1950-12-29,49,43,T,0.0,0
1950-12-30,49,41,0.00,0.0,0
1950-12-31,55,31,0.00,0.0,0
1951-01-01,63,49,T,0.0,0
1951-01-02,72,62,T,0.0,0
1951-01-03,68,42,0.90,0.0,0
1951-01-04,66,39,0.00,0.0,0
1951-01-05,69,37,0.00,0.0,0
1951-01-06,74,49,0.28,0.0,0
1951-01-07,63,38,0.41,0.0,0
1951-01-08,53,30,0.00,0.0,0
1951-01-09,57,29,0.00,0.0,0
1951-01-10,68,50,0.18,0.0,0
1951-01-11,62,43,0.00,0.0,0
1951-01-12,73,49,0.00,0.0,0
1951-01-13,75,60,0.00,0.0,0
1951-01-14,71,47,0.59,0.0,0
1951-01-15,62,43,0.00,0.0,0
1951-01-16,63,39,0.00,0.0,0
1951-01-17,72,41,0.00,0.0,0
1951-01-18,73,58,0.10,0.0,0
1951-01-19,76,58,0.00,0.0,0
1951-01-20,78,59,0.00,0.0,0
1951-01-21,65,43,T,0.0,0
1951-01-22,55,39,0.00,0.0,0
1951-01-23,71,39,1.22,0.0,0
1951-01-24,61,48,0.01,0.0,0
1951-01-25,56,37,0.00,0.0,0
1951-01-26,60,33,0.00,0.0,0
1951-01-27,73,43,0.00,0.0,0
1951-01-28,72,59,T,0.0,0
1951-01-29,73,43,0.77,0.0,0
1951-01-30,49,40,0.09,0.0,0
1951-01-31,69,37,0.94,0.0,0
1951-02-01,38,22,0.31,T,0
1951-02-02,33,19,0.00,0.0,0
1951-02-03,43,19,0.00,0.0,0
1951-02-04,58,23,0.00,0.0,0
1951-02-05,64,39,0.00,0.0,0
1951-02-06,68,50,0.81,0.0,0
1951-02-07,58,40,0.00,0.0,0
1951-02-08,54,33,0.00,0.0,0
1951-02-09,69,43,0.02,0.0,0
1951-02-10,58,49,0.04,0.0,0
1951-02-11,70,48,0.00,0.0,0
1951-02-12,72,50,0.00,0.0,0
1951-02-13,77,52,0.00,0.0,0
1951-02-14,75,59,0.03,0.0,0
1951-02-15,72,55,0.62,0.0,0
1951-02-16,61,49,0.00,0.0,0
1951-02-17,76,49,0.00,0.0,0
1951-02-18,78,56,T,0.0,0
1951-02-19,78,60,T,0.0,0
1951-02-20,76,60,0.15,0.0,0
1951-02-21,71,54,0.00,0.0,0
1951-02-22,69,46,0.00,0.0,0
1951-02-23,72,44,0.00,0.0,0
1951-02-24,74,45,0.00,0.0,0
1951-02-25,73,50,0.00,0.0,0
1951-02-26,79,59,0.00,0.0,0
1951-02-27,79,56,0.00,0.0,0
1951-02-28,80,63,0.00,0.0,0
1951-03-01,80,60,0.00,0.0,0
1951-03-02,81,62,0.00,0.0,0
1951-03-03,81,67,T,0.0,0
1951-03-04,79,66,0.20,0.0,0
1951-03-05,76,66,0.05,0.0,0
1951-03-06,80,68,0.00,0.0,0
1951-03-07,82,63,0.00,0.0,0
1951-03-08,82,60,0.00,0.0,0
1951-03-09,79,62,0.00,0.0,0
1951-03-10,80,56,0.00,0.0,0
1951-03-11,83,66,T,0.0,0
1951-03-12,68,37,0.31,0.0,0
1951-03-13,48,33,0.00,0.0,0
1951-03-14,59,35,0.00,0.0,0
1951-03-15,67,41,0.00,0.0,0
1951-03-16,74,43,0.00,0.0,0
1951-03-17,70,60,1.13,T,0
1951-03-18,76,58,1.42,0.0,0
1951-03-19,58,46,0.49,0.0,0
1951-03-20,54,45,T,T,0
1951-03-21,68,38,0.00,0.0,0
1951-03-22,74,43,0.00,0.0,0
1951-03-23,77,58,0.00,0.0,0
1951-03-24,68,55,0.16,0.0,0
1951-03-25,67,49,0.00,0.0,0
1951-03-26,67,45,T,0.0,0
1951-03-27,76,63,T,0.0,0
1951-03-28,75,62,3.97,0.0,0
1951-03-29,70,49,0.01,0.0,0
1951-03-30,66,44,0.00,0.0,0
1951-03-31,68,44,0.00,0.0,0
1951-04-01,75,51,T,0.0,0
1951-04-02,70,51,T,0.0,0
1951-04-03,64,47,0.00,0.0,0
1951-04-04,71,43,0.00,0.0,0
1951-04-05,74,47,0.58,0.0,0
1951-04-06,70,59,1.10,0.0,0
1951-04-07,78,62,1.26,0.0,0
1951-04-08,74,52,0.00,0.0,0
1951-04-09,74,52,0.00,0.0,0
1951-04-10,75,55,T,0.0,0
1951-04-11,76,50,0.40,0.0,0
1951-04-12,63,44,0.00,0.0,0
1951-04-13,70,45,0.00,0.0,0
1951-04-14,77,45,0.00,0.0,0
1951-04-15,80,58,T,0.0,0
1951-04-16,70,54,2.58,T,0
1951-04-17,67,53,0.00,0.0,0
1951-04-18,70,50,0.37,0.0,0
1951-04-19,83,67,0.06,0.0,0
1951-04-20,81,62,T,0.0,0
1951-04-21,80,71,1.29,0.0,0
1951-04-22,86,66,0.10,0.0,0
1951-04-23,74,61,0.00,0.0,0
1951-04-24,84,58,0.00,0.0,0
1951-04-25,84,67,0.00,0.0,0
1951-04-26,84,67,T,0.0,0
1951-04-27,86,64,0.00,0.0,0
1951-04-28,86,65,0.00,0.0,0
1951-04-29,81,64,0.00,0.0,0
1951-04-30,84,66,0.05,0.0,0
1951-05-01,85,70,0.00,0.0,0
1951-05-02,86,64,0.00,0.0,0
1951-05-03,86,65,0.00,0.0,0
1951-05-04,87,64,0.00,0.0,0
1951-05-05,85,60,0.00,0.0,0
1951-05-06,87,61,0.00,0.0,0
1951-05-07,73,65,0.00,0.0,0
1951-05-08,70,62,0.07,0.0,0
1951-05-09,81,61,0.02,0.0,0
1951-05-10,80,67,0.36,0.0,0
1951-05-11,79,66,1.21,0.0,0
1951-05-12,77,59,0.00,0.0,0
1951-05-13,81,56,0.00,0.0,0
1951-05-14,81,59,0.00,0.0,0
1951-05-15,82,60,0.00,0.0,0
1951-05-16,85,59,0.00,0.0,0
1951-05-17,90,62,0.00,0.0,0
1951-05-18,90,67,0.00,0.0,0
1951-05-19,90,68,0.00,0.0,0
1951-05-20,88,62,0.00,0.0,0
1951-05-21,86,61,0.00,0.0,0
1951-05-22,88,68,0.00,0.0,0
1951-05-23,88,71,0.00,0.0,0
1951-05-24,77,63,0.00,0.0,0
1951-05-25,81,62,T,0.0,0
1951-05-26,89,68,0.00,0.0,0
1951-05-27,88,69,0.00,0.0,0
1951-05-28,91,66,0.00,0.0,0
1951-05-29,92,70,0.00,0.0,0
1951-05-30,94,70,0.00,0.0,0
1951-05-31,96,72,0.00,0.0,0
1951-06-01,92,72,0.75,0.0,0
1951-06-02,90,69,0.00,0.0,0
1951-06-03,89,67,0.00,0.0,0
1951-06-04,80,67,0.93,0.0,0
1951-06-05,85,71,0.00,0.0,0
1951-06-06,91,70,T,0.0,0
1951-06-07,92,71,0.00,0.0,0
1951-06-08,92,73,0.00,0.0,0
1951-06-09,92,76,0.00,0.0,0
1951-06-10,92,70,T,0.0,0
1951-06-11,92,67,0.00,0.0,0
1951-06-12,92,71,T,0.0,0
1951-06-13,89,73,0.08,0.0,0
1951-06-14,88,73,0.02,0.0,0
1951-06-15,91,71,T,0.0,0
1951-06-16,92,74,T,0.0,0
1951-06-17,88,72,0.05,0.0,0
1951-06-18,93,75,0.00,0.0,0
1951-06-19,87,74,T,0.0,0
1951-06-20,93,75,0.00,0.0,0
1951-06-21,94,74,0.00,0.0,0
1951-06-22,95,72,0.00,0.0,0
1951-06-23,91,73,0.00,0.0,0
1951-06-24,93,77,0.01,0.0,0
1951-06-25,93,71,0.00,0.0,0
1951-06-26,93,74,0.00,0.0,0
1951-06-27,91,74,0.29,0.0,0
1951-06-28,87,74,0.39,0.0,0
1951-06-29,87,74,0.46,0.0,0
1951-06-30,92,74,0.00,0.0,0
1951-07-01,89,76,0.27,0.0,0
1951-07-02,92,76,0.51,0.0,0
1951-07-03,92,76,0.00,0.0,0
1951-07-04,94,74,0.00,0.0,0
1951-07-05,92,73,0.00,0.0,0
1951-07-06,93,76,T,0.0,0
1951-07-07,94,75,T,0.0,0
1951-07-08,93,74,0.00,0.0,0
1951-07-09,92,75,T,0.0,0
1951-07-10,93,73,0.23,0.0,0
1951-07-11,92,71,0.00,0.0,0
1951-07-12,93,72,0.00,0.0,0
1951-07-13,92,73,0.00,0.0,0
1951-07-14,93,70,0.00,0.0,0
1951-07-15,94,74,0.00,0.0,0
1951-07-16,95,74,0.00,0.0,0
1951-07-17,97,76,0.00,0.0,0
1951-07-18,96,77,0.00,0.0,0
1951-07-19,99,77,0.06,0.0,0
1951-07-20,94,77,0.00,0.0,0
1951-07-21,92,76,0.28,0.0,0
1951-07-22,88,77,0.31,0.0,0
1951-07-23,87,73,0.81,0.0,0
1951-07-24,89,74,0.03,0.0,0
1951-07-25,88,74,0.31,0.0,0
1951-07-26,89,76,0.09,0.0,0
1951-07-27,91,75,0.19,0.0,0
1951-07-28,83,76,0.04,0.0,0
1951-07-29,88,75,0.06,0.0,0
1951-07-30,91,73,0.10,0.0,0
1951-07-31,90,73,0.16,0.0,0
1951-08-01,93,72,0.00,0.0,0
1951-08-02,93,74,0.00,0.0,0
1951-08-03,95,77,0.00,0.0,0
1951-08-04,98,80,0.00,0.0,0
1951-08-05,99,78,0.00,0.0,0
1951-08-06,97,77,T,0.0,0
1951-08-07,94,78,0.01,0.0,0
1951-08-08,91,77,0.33,0.0,0
1951-08-09,96,78,0.00,0.0,0
1951-08-10,96,73,0.00,0.0,0
1951-08-11,96,76,0.00,0.0,0
1951-08-12,99,76,0.00,0.0,0
1951-08-13,99,77,0.00,0.0,0
1951-08-14,100,77,0.00,0.0,0
1951-08-15,98,78,0.00,0.0,0
1951-08-16,96,71,0.80,0.0,0
1951-08-17,96,72,0.95,T,0
1951-08-18,91,75,T,0.0,0
1951-08-19,94,77,0.00,0.0,0
1951-08-20,94,76,T,0.0,0
1951-08-21,95,76,0.00,0.0,0
1951-08-22,95,77,T,0.0,0
1951-08-23,95,77,T,0.0,0
1951-08-24,95,76,0.00,0.0,0
1951-08-25,96,76,0.00,0.0,0
1951-08-26,93,77,0.00,0.0,0
1951-08-27,91,76,0.77,0.0,0
1951-08-28,95,76,0.00,0.0,0
1951-08-29,96,77,0.00,0.0,0
1951-08-30,98,78,T,0.0,0
1951-08-31,95,72,2.07,0.0,0
1951-09-01,93,73,0.00,0.0,0
1951-09-02,92,75,0.07,0.0,0
1951-09-03,94,73,0.00,0.0,0
1951-09-04,94,73,0.00,0.0,0
1951-09-05,96,73,0.01,0.0,0
1951-09-06,90,74,0.00,0.0,0
1951-09-07,94,74,0.25,0.0,0
1951-09-08,92,74,T,0.0,0
1951-09-09,95,74,0.05,0.0,0
1951-09-10,89,74,0.67,0.0,0
1951-09-11,92,73,0.08,0.0,0
1951-09-12,87,72,0.98,0.0,0
1951-09-13,89,73,1.54,0.0,0
1951-09-14,84,73,T,0.0,0
1951-09-15,81,73,T,0.0,0
1951-09-16,83,71,0.00,0.0,0
1951-09-17,82,72,0.00,0.0,0
1951-09-18,86,67,0.00,0.0,0
1951-09-19,87,65,0.00,0.0,0
1951-09-20,81,72,0.67,0.0,0
1951-09-21,83,71,1.29,0.0,0
1951-09-22,90,72,0.29,0.0,0
1951-09-23,89,71,0.00,0.0,0
1951-09-24,93,76,T,0.0,0
1951-09-25,80,73,0.55,0.0,0
1951-09-26,79,71,0.24,0.0,0
1951-09-27,85,70,0.35,0.0,0
1951-09-28,88,71,0.00,0.0,0
1951-09-29,85,68,0.00,0.0,0
1951-09-30,84,70,0.00,0.0,0
1951-10-01,87,72,0.00,0.0,0
1951-10-02,87,66,0.00,0.0,0
1951-10-03,91,66,0.00,0.0,0
1951-10-04,91,68,0.00,0.0,0
1951-10-05,87,69,0.00,0.0,0
1951-10-06,89,66,0.00,0.0,0
1951-10-07,76,64,T,0.0,0
1951-10-08,72,58,0.00,0.0,0
1951-10-09,71,55,0.00,0.0,0
1951-10-10,72,55,0.00,0.0,0
1951-10-11,74,48,0.00,0.0,0
1951-10-12,76,48,0.00,0.0,0
1951-10-13,79,49,0.00,0.0,0
1951-10-14,82,58,0.00,0.0,0
1951-10-15,82,62,0.00,0.0,0
1951-10-16,82,63,0.00,0.0,0
1951-10-17,83,66,0.00,0.0,0
1951-10-18,80,63,0.00,0.0,0
1951-10-19,83,62,0.00,0.0,0
1951-10-20,83,62,0.00,0.0,0
1951-10-21,86,60,0.00,0.0,0
1951-10-22,87,69,T,0.0,0
1951-10-23,82,70,0.54,0.0,0
1951-10-24,73,66,0.00,0.0,0
1951-10-25,78,63,0.00,0.0,0
1951-10-26,84,66,0.00,0.0,0
1951-10-27,86,71,0.13,0.0,0
1951-10-28,82,68,T,0.0,0
1951-10-29,82,66,0.00,0.0,0
1951-10-30,87,70,0.44,0.0,0
1951-10-31,86,72,0.00,0.0,0
1951-11-01,76,54,1.43,0.0,0
1951-11-02,55,39,1.43,0.0,0
1951-11-03,50,37,0.00,0.0,0
1951-11-04,63,38,0.00,0.0,0
1951-11-05,73,41,0.00,0.0,0
1951-11-06,68,43,0.02,0.0,0
1951-11-07,56,36,0.00,0.0,0
1951-11-08,56,35,0.00,0.0,0
1951-11-09,63,33,0.00,0.0,0
1951-11-10,66,44,0.00,0.0,0
1951-11-11,71,44,0.00,0.0,0
1951-11-12,73,47,T,0.0,0
1951-11-13,80,66,T,0.0,0
1951-11-14,82,68,0.05,0.0,0
1951-11-15,86,69,0.00,0.0,0
1951-11-16,74,50,T,0.0,0
1951-11-17,51,39,0.00,0.0,0
1951-11-18,48,35,0.00,0.0,0
1951-11-19,51,31,0.00,0.0,0
1951-11-20,58,31,0.00,0.0,0
1951-11-21,72,38,T,0.0,0
1951-11-22,77,61,0.00,0.0,0
1951-11-23,79,60,0.00,0.0,0
1951-11-24,79,56,0.00,0.0,0
1951-11-25,80,63,0.00,0.0,0
1951-11-26,81,61,T,0.0,0
1951-11-27,63,47,0.07,0.0,0
1951-11-28,57,43,0.00,0.0,0
1951-11-29,64,43,0.00,0.0,0
1951-11-30,64,39,T,0.0,0
1951-12-01,73,56,0.00,0.0,0
1951-12-02,75,58,0.00,0.0,0
1951-12-03,78,61,0.47,0.0,0
1951-12-04,73,59,T,0.0,0
1951-12-05,80,60,0.80,T,0
1951-12-06,81,66,T,0.0,0
1951-12-07,83,71,T,0.0,0
1951-12-08,82,69,0.00,0.0,0
1951-12-09,73,50,0.11,0.0,0
1951-12-10,53,47,0.01,0.0,0
1951-12-11,58,44,0.03,0.0,0
1951-12-12,67,38,0.00,0.0,0
1951-12-13,71,44,T,0.0,0
1951-12-14,77,58,0.02,0.0,0
1951-12-15,58,33,T,0.0,0
1951-12-16,44,29,0.00,0.0,0
1951-12-17,64,34,T,0.0,0
1951-12-18,66,50,0.75,0.0,0
1951-12-19,69,43,0.76,0.0,0
1951-12-20,79,67,T,0.0,0
1951-12-21,72,42,0.03,0.0,0
1951-12-22,55,35,0.00,0.0,0
1951-12-23,70,37,0.00,0.0,0
1951-12-24,70,46,0.00,0.0,0
1951-12-25,77,54,0.01,0.0,0
1951-12-26,69,41,0.18,0.0,0
1951-12-27,53,36,0.00,0.0,0
1951-12-28,67,37,0.00,0.0,0
1951-12-29,76,48,0.00,0.0,0
1951-12-30,77,59,0.00,0.0,0
1951-12-31,77,65,T,0.0,0
1952-01-01,80,66,T,0.0,0
1952-01-02,81,62,0.00,0.0,0
1952-01-03,73,62,T,0.0,0
1952-01-04,80,63,T,0.0,0
1952-01-05,63,49,0.01,0.0,0
1952-01-06,55,43,0.00,0.0,0
1952-01-07,56,35,0.00,0.0,0
1952-01-08,73,41,0.00,0.0,0
1952-01-09,75,52,0.01,0.0,0
1952-01-10,55,43,0.00,0.0,0
1952-01-11,56,35,0.00,0.0,0
1952-01-12,68,53,0.00,0.0,0
1952-01-13,78,54,0.00,0.0,0
1952-01-14,74,59,0.01,0.0,0
1952-01-15,74,59,0.00,0.0,0
1952-01-16,78,60,0.00,0.0,0
1952-01-17,77,58,T,0.0,0
1952-01-18,76,61,0.00,0.0,0
1952-01-19,80,61,0.00,0.0,0
1952-01-20,78,61,0.02,0.0,0
1952-01-21,76,60,0.01,0.0,0
1952-01-22,80,55,T,0.0,0
1952-01-23,63,49,0.00,0.0,0
1952-01-24,62,45,0.00,0.0,0
1952-01-25,73,58,0.08,0.0,0
1952-01-26,79,64,0.00,0.0,0
1952-01-27,81,59,2.31,0.0,0
1952-01-28,63,49,0.25,0.0,0
1952-01-29,63,44,0.00,0.0,0
1952-01-30,65,42,0.00,0.0,0
1952-01-31,71,54,0.00,0.0,0
1952-02-01,73,57,0.62,0.0,0
1952-02-02,64,54,0.04,0.0,0
1952-02-03,73,53,T,0.0,0
1952-02-04,61,48,T,0.0,0
1952-02-05,60,43,0.00,0.0,0
1952-02-06,67,42,T,0.0,0
1952-02-07,63,37,0.00,0.0,0
1952-02-08,68,38,0.00,0.0,0
1952-02-09,75,47,0.00,0.0,0
1952-02-10,75,51,0.00,0.0,0
1952-02-11,74,56,0.00,0.0,0
1952-02-12,79,55,0.00,0.0,0
1952-02-13,80,65,T,0.0,0
1952-02-14,78,60,2.17,0.0,0
1952-02-15,65,56,1.27,0.0,0
1952-02-16,63,48,T,0.0,0
1952-02-17,56,44,0.00,0.0,0
1952-02-18,67,44,0.00,0.0,0
1952-02-19,72,50,0.03,0.0,0
1952-02-20,73,55,1.55,0.0,0
1952-02-21,66,52,0.08,0.0,0
1952-02-22,61,54,1.61,0.0,0
1952-02-23,60,55,0.18,0.0,0
1952-02-24,57,54,0.08,0.0,0
1952-02-25,57,49,0.39,0.0,0
1952-02-26,53,44,0.04,0.0,0
1952-02-27,65,37,0.00,0.0,0
1952-02-28,72,50,0.00,0.0,0
1952-02-29,75,58,0.00,0.0,0
1952-03-01,64,51,0.00,0.0,0
1952-03-02,73,49,0.01,0.0,0
1952-03-03,78,62,0.01,0.0,0
1952-03-04,64,49,0.00,0.0,0
1952-03-05,56,46,0.00,0.0,0
1952-03-06,66,48,0.00,0.0,0
1952-03-07,67,48,0.00,0.0,0
1952-03-08,70,48,0.00,0.0,0
1952-03-09,71,48,0.05,0.0,0
1952-03-10,76,55,0.21,0.0,0
1952-03-11,67,50,0.00,0.0,0
1952-03-12,73,49,T,0.0,0
1952-03-13,78,56,0.00,0.0,0
1952-03-14,70,55,0.00,0.0,0
1952-03-15,71,48,0.00,0.0,0
1952-03-16,62,43,0.00,0.0,0
1952-03-17,69,41,0.00,0.0,0
1952-03-18,68,54,0.55,0.0,0
1952-03-19,79,48,0.00,0.0,0
1952-03-20,80,50,T,0.0,0
1952-03-21,80,70,T,0.0,0
1952-03-22,81,53,1.37,0.0,0
1952-03-23,55,46,0.01,0.0,0
1952-03-24,61,45,T,0.0,0
1952-03-25,62,39,T,0.0,0
1952-03-26,70,44,0.00,0.0,0
1952-03-27,75,46,0.00,0.0,0
1952-03-28,70,52,0.00,0.0,0
1952-03-29,73,48,0.00,0.0,0
1952-03-30,75,50,0.25,0.0,0
1952-03-31,75,63,2.60,0.0,0
1952-04-01,82,60,0.00,0.0,0
1952-04-02,75,54,0.00,0.0,0
1952-04-03,75,53,0.00,0.0,0
1952-04-04,76,55,1.88,0.0,0
1952-04-05,66,48,0.00,0.0,0
1952-04-06,71,43,0.00,0.0,0
1952-04-07,76,48,0.00,0.0,0
1952-04-08,77,52,0.00,0.0,0
1952-04-09,77,57,0.00,0.0,0
1952-04-10,76,56,0.00,0.0,0
1952-04-11,78,61,0.00,0.0,0
1952-04-12,76,56,2.63,0.0,0
1952-04-13,72,56,0.00,0.0,0
1952-04-14,68,48,0.00,0.0,0
1952-04-15,69,51,0.00,0.0,0
1952-04-16,71,53,0.00,0.0,0
1952-04-17,72,49,0.00,0.0,0
1952-04-18,72,48,0.00,0.0,0
1952-04-19,75,51,T,0.0,0
1952-04-20,76,63,T,0.0,0
1952-04-21,82,65,0.00,0.0,0
1952-04-22,80,64,T,0.0,0
1952-04-23,74,65,0.31,0.0,0
1952-04-24,80,64,T,0.0,0
1952-04-25,75,59,T,0.0,0
1952-04-26,75,56,0.00,0.0,0
1952-04-27,79,52,0.00,0.0,0
1952-04-28,82,51,0.00,0.0,0
1952-04-29,85,56,0.00,0.0,0
1952-04-30,88,60,0.00,0.0,0
1952-05-01,89,60,0.00,0.0,0
1952-05-02,83,60,T,0.0,0
1952-05-03,86,63,0.00,0.0,0
1952-05-04,92,65,0.00,0.0,0
1952-05-05,92,64,0.00,0.0,0
1952-05-06,92,67,0.22,0.0,0
1952-05-07,91,66,0.00,0.0,0
1952-05-08,88,65,0.00,0.0,0
1952-05-09,86,66,0.00,0.0,0
1952-05-10,87,65,T,0.0,0
1952-05-11,74,59,T,0.0,0
1952-05-12,80,50,0.00,0.0,0
1952-05-13,84,60,0.00,0.0,0
1952-05-14,86,60,0.00,0.0,0
1952-05-15,82,62,0.00,0.0,0
1952-05-16,85,60,T,0.0,0
1952-05-17,88,70,0.00,0.0,0
1952-05-18,87,74,0.33,0.0,0
1952-05-19,77,64,2.18,0.0,0
1952-05-20,79,68,0.01,0.0,0
1952-05-21,85,67,0.00,0.0,0
1952-05-22,87,69,0.04,0.0,0
1952-05-23,86,66,1.25,0.0,0
1952-05-24,88,68,0.12,0.0,0
1952-05-25,84,69,0.13,0.0,0
1952-05-26,85,65,0.00,0.0,0
1952-05-27,87,65,0.00,0.0,0
1952-05-28,82,68,0.70,0.0,0
1952-05-29,81,66,0.81,0.0,0
1952-05-30,82,70,0.00,0.0,0
1952-05-31,86,67,0.00,0.0,0
1952-06-01,90,67,0.00,0.0,0
1952-06-02,90,67,0.00,0.0,0
1952-06-03,90,70,0.00,0.0,0
1952-06-04,91,69,0.00,0.0,0
1952-06-05,90,69,0.00,0.0,0
1952-06-06,90,71,0.17,0.0,0
1952-06-07,88,71,T,0.0,0
1952-06-08,88,70,T,0.0,0
1952-06-09,89,73,0.16,0.0,0
1952-06-10,91,74,T,0.0,0
1952-06-11,92,70,0.00,0.0,0
1952-06-12,94,73,0.00,0.0,0
1952-06-13,95,72,0.00,0.0,0
1952-06-14,96,74,0.00,0.0,0
1952-06-15,94,74,0.00,0.0,0
1952-06-16,94,74,0.00,0.0,0
1952-06-17,92,73,0.00,0.0,0
1952-06-18,91,75,0.05,0.0,0
1952-06-19,90,75,T,0.0,0
1952-06-20,91,74,0.00,0.0,0
1952-06-21,94,76,0.00,0.0,0
1952-06-22,88,74,0.01,0.0,0
1952-06-23,95,75,0.00,0.0,0
1952-06-24,94,76,0.00,0.0,0
1952-06-25,94,77,0.00,0.0,0
1952-06-26,93,75,0.10,0.0,0
1952-06-27,95,74,0.00,0.0,0
1952-06-28,85,72,0.51,0.0,0
1952-06-29,88,71,0.12,0.0,0
1952-06-30,92,72,0.00,0.0,0
1952-07-01,92,72,0.00,0.0,0
1952-07-02,93,74,0.00,0.0,0
1952-07-03,92,75,0.00,0.0,0
1952-07-04,89,75,0.68,0.0,0
1952-07-05,93,72,0.00,0.0,0
1952-07-06,93,72,0.00,0.0,0
1952-07-07,89,72,0.28,0.0,0
1952-07-08,93,70,0.00,0.0,0
1952-07-09,89,75,0.01,0.0,0
1952-07-10,86,73,0.92,0.0,0
1952-07-11,88,72,0.31,0.0,0
1952-07-12,91,72,0.00,0.0,0
1952-07-13,90,73,0.01,0.0,0
1952-07-14,87,72,0.09,0.0,0
1952-07-15,78,72,1.79,0.0,0
1952-07-16,83,73,0.75,0.0,0
1952-07-17,89,75,0.34,0.0,0
1952-07-18,88,75,0.26,0.0,0
1952-07-19,91,74,T,0.0,0
1952-07-20,91,70,0.00,0.0,0
1952-07-21,91,73,0.00,0.0,0
1952-07-22,86,74,0.00,0.0,0
1952-07-23,92,74,0.00,0.0,0
1952-07-24,95,75,0.00,0.0,0
1952-07-25,96,75,0.30,0.0,0
1952-07-26,87,74,0.01,0.0,0
1952-07-27,94,74,0.00,0.0,0
1952-07-28,93,74,0.00,0.0,0
1952-07-29,93,73,0.40,0.0,0
1952-07-30,88,73,T,0.0,0
1952-07-31,86,73,0.08,0.0,0
1952-08-01,85,73,T,0.0,0
1952-08-02,92,72,0.00,0.0,0
1952-08-03,95,75,0.00,0.0,0
1952-08-04,90,75,0.00,0.0,0
1952-08-05,92,72,0.00,0.0,0
1952-08-06,94,74,1.59,0.0,0
1952-08-07,91,74,0.00,0.0,0
1952-08-08,91,74,0.03,0.0,0
1952-08-09,88,74,T,0.0,0
1952-08-10,91,74,0.09,0.0,0
1952-08-11,91,74,0.02,0.0,0
1952-08-12,88,75,0.07,0.0,0
1952-08-13,88,74,0.03,0.0,0
1952-08-14,92,72,T,0.0,0
1952-08-15,94,75,0.00,0.0,0
1952-08-16,93,75,0.01,0.0,0
1952-08-17,94,76,0.00,0.0,0
1952-08-18,93,76,T,0.0,0
1952-08-19,93,72,0.00,0.0,0
1952-08-20,92,74,0.10,0.0,0
1952-08-21,90,75,T,0.0,0
1952-08-22,94,74,0.00,0.0,0
1952-08-23,94,77,T,0.0,0
1952-08-24,94,74,0.00,0.0,0
1952-08-25,87,76,T,0.0,0
1952-08-26,87,74,T,0.0,0
1952-08-27,88,72,0.00,0.0,0
1952-08-28,89,71,T,0.0,0
1952-08-29,90,74,0.00,0.0,0
1952-08-30,93,72,0.00,0.0,0
1952-08-31,89,74,0.06,0.0,0
1952-09-01,89,77,0.17,0.0,0
1952-09-02,90,76,T,0.0,0
1952-09-03,83,71,0.00,0.0,0
1952-09-04,84,62,0.00,0.0,0
1952-09-05,87,61,0.00,0.0,0
1952-09-06,88,72,0.00,0.0,0
1952-09-07,87,71,0.00,0.0,0
1952-09-08,88,71,0.00,0.0,0
1952-09-09,84,74,0.01,0.0,0
1952-09-10,84,68,0.00,0.0,0
1952-09-11,90,66,0.00,0.0,0
1952-09-12,84,73,0.10,0.0,0
1952-09-13,78,72,0.91,0.0,0
1952-09-14,87,72,0.91,0.0,0
1952-09-15,88,72,T,0.0,0
1952-09-16,89,73,0.00,0.0,0
1952-09-17,89,71,0.00,0.0,0
1952-09-18,83,72,0.63,0.0,0
1952-09-19,80,72,0.05,0.0,0
1952-09-20,85,74,0.01,0.0,0
1952-09-21,81,72,0.02,0.0,0
1952-09-22,86,71,0.00,0.0,0
1952-09-23,84,69,0.00,0.0,0
1952-09-24,83,69,0.00,0.0,0
1952-09-25,83,71,0.00,0.0,0
1952-09-26,85,65,0.00,0.0,0
1952-09-27,85,62,0.00,0.0,0
1952-09-28,88,61,0.00,0.0,0
1952-09-29,87,64,0.00,0.0,0
1952-09-30,88,66,0.00,0.0,0
1952-10-01,88,63,0.00,0.0,0
1952-10-02,92,64,0.00,0.0,0
1952-10-03,78,57,0.00,0.0,0
1952-10-04,81,54,0.00,0.0,0
1952-10-05,85,64,0.00,0.0,0
1952-10-06,79,59,0.00,0.0,0
1952-10-07,65,51,0.00,0.0,0
1952-10-08,68,48,0.00,0.0,0
1952-10-09,63,48,0.00,0.0,0
1952-10-10,72,47,0.00,0.0,0
1952-10-11,75,48,0.00,0.0,0
1952-10-12,77,49,0.00,0.0,0
1952-10-13,79,50,0.00,0.0,0
1952-10-14,81,56,0.00,0.0,0
1952-10-15,81,56,0.00,0.0,0
1952-10-16,76,58,0.00,0.0,0
1952-10-17,80,56,0.00,0.0,0
1952-10-18,81,56,0.00,0.0,0
1952-10-19,79,56,0.00,0.0,0
1952-10-20,78,54,0.00,0.0,0
1952-10-21,66,47,0.00,0.0,0
1952-10-22,66,46,0.00,0.0,0
1952-10-23,71,47,0.00,0.0,0
1952-10-24,77,51,0.00,0.0,0
1952-10-25,79,45,0.00,0.0,0
1952-10-26,80,45,0.00,0.0,0
1952-10-27,81,47,0.00,0.0,0
1952-10-28,72,53,0.00,0.0,0
1952-10-29,62,39,0.00,0.0,0
1952-10-30,67,36,0.00,0.0,0
1952-10-31,74,48,0.00,0.0,0
1952-11-01,75,50,0.00,0.0,0
1952-11-02,80,52,0.00,0.0,0
1952-11-03,78,60,0.00,0.0,0
1952-11-04,68,44,0.00,0.0,0
1952-11-05,70,40,0.03,0.0,0
1952-11-06,71,50,0.32,0.0,0
1952-11-07,73,45,0.00,0.0,0
1952-11-08,77,44,0.00,0.0,0
1952-11-09,79,62,0.00,0.0,0
1952-11-10,70,49,0.90,0.0,0
1952-11-11,61,46,0.01,0.0,0
1952-11-12,64,42,0.00,0.0,0
1952-11-13,68,39,0.00,0.0,0
1952-11-14,76,49,0.00,0.0,0
1952-11-15,80,50,0.00,0.0,0
1952-11-16,79,55,T,0.0,0
1952-11-17,80,65,T,0.0,0
1952-11-18,78,65,0.90,0.0,0
1952-11-19,65,51,0.08,0.0,0
1952-11-20,57,42,0.00,0.0,0
1952-11-21,58,40,0.00,0.0,0
1952-11-22,62,33,0.00,0.0,0
1952-11-23,68,40,0.00,0.0,0
1952-11-24,75,44,0.00,0.0,0
1952-11-25,78,53,0.08,0.0,0
1952-11-26,56,49,T,0.0,0
1952-11-27,52,47,T,0.0,0
1952-11-28,51,41,0.00,0.0,0
1952-11-29,55,42,0.68,0.0,0
1952-11-30,49,45,T,0.0,0
1952-12-01,68,44,0.00,0.0,0
1952-12-02,66,55,0.30,0.0,0
1952-12-03,67,56,T,0.0,0
1952-12-04,78,52,0.18,0.0,0
1952-12-05,61,39,0.00,0.0,0
1952-12-06,69,34,0.00,0.0,0
1952-12-07,70,42,T,0.0,0
1952-12-08,77,61,T,0.0,0
1952-12-09,79,61,0.15,0.0,0
1952-12-10,68,45,0.35,0.0,0
1952-12-11,60,37,0.00,0.0,0
1952-12-12,67,38,0.00,0.0,0
1952-12-13,56,41,0.02,0.0,0
1952-12-14,49,35,T,0.0,0
1952-12-15,48,30,0.00,0.0,0
1952-12-16,54,29,0.00,0.0,0
1952-12-17,66,36,0.00,0.0,0
1952-12-18,74,44,0.00,0.0,0
1952-12-19,73,59,0.58,0.0,0
1952-12-20,64,46,0.22,0.0,0
1952-12-21,58,41,0.00,0.0,0
1952-12-22,74,50,0.27,0.0,0
1952-12-23,60,50,0.04,0.0,0
1952-12-24,56,50,0.31,0.0,0
1952-12-25,59,52,0.36,0.0,0
1952-12-26,54,47,0.03,0.0,0
1952-12-27,52,48,0.01,0.0,0
1952-12-28,58,40,T,0.0,0
1952-12-29,57,39,0.68,0.0,0
1952-12-30,68,55,3.36,0.0,0
1952-12-31,58,41,T,0.0,0
1953-01-01,65,39,0.00,0.0,0
1953-01-02,64,45,0.04,0.0,0
1953-01-03,54,38,0.00,0.0,0
1953-01-04,62,32,0.00,0.0,0
1953-01-05,69,40,0.00,0.0,0
1953-01-06,71,51,0.00,0.0,0
1953-01-07,70,57,0.28,0.0,0
1953-01-08,73,58,0.01,0.0,0
1953-01-09,59,41,0.02,0.0,0
1953-01-10,50,43,0.00,0.0,0
1953-01-11,65,36,0.00,0.0,0
1953-01-12,59,39,0.00,0.0,0
1953-01-13,62,33,0.00,0.0,0
1953-01-14,71,54,0.00,0.0,0
1953-01-15,76,56,0.07,0.0,0
1953-01-16,74,59,T,0.0,0
1953-01-17,71,52,1.18,0.0,0
1953-01-18,64,48,0.00,0.0,0
1953-01-19,75,39,0.00,0.0,0
1953-01-20,78,57,0.00,0.0,0
1953-01-21,65,50,0.00,0.0,0
1953-01-22,72,55,0.10,0.0,0
1953-01-23,69,44,0.80,0.0,0
1953-01-24,61,41,0.00,0.0,0
1953-01-25,68,38,0.00,0.0,0
1953-01-26,73,49,0.00,0.0,0
1953-01-27,73,56,0.00,0.0,0
1953-01-28,66,50,0.06,0.0,0
1953-01-29,63,42,0.00,0.0,0
1953-01-30,71,40,0.00,0.0,0
1953-01-31,73,54,T,0.0,0
1953-02-01,63,55,0.02,0.0,0
1953-02-02,66,51,0.45,0.0,0
1953-02-03,69,47,0.00,0.0,0
1953-02-04,74,53,0.00,0.0,0
1953-02-05,72,57,0.00,0.0,0
1953-02-06,74,55,0.31,0.0,0
1953-02-07,63,51,T,0.0,0
1953-02-08,65,41,0.00,0.0,0
1953-02-09,67,41,0.00,0.0,0
1953-02-10,75,58,0.00,0.0,0
1953-02-11,78,60,0.01,0.0,0
1953-02-12,61,46,0.39,0.0,0
1953-02-13,57,42,T,0.0,0
1953-02-14,55,45,2.46,0.0,0
1953-02-15,60,44,0.00,0.0,0
1953-02-16,70,39,0.00,0.0,0
1953-02-17,59,46,0.20,0.0,0
1953-02-18,60,36,0.00,0.0,0
1953-02-19,71,55,0.15,0.0,0
1953-02-20,79,50,0.28,0.0,0
1953-02-21,51,39,1.24,0.0,0
1953-02-22,50,39,0.66,0.0,0
1953-02-23,47,42,0.74,0.0,0
1953-02-24,57,44,0.10,0.0,0
1953-02-25,63,53,0.05,0.0,0
1953-02-26,65,51,0.04,0.0,0
1953-02-27,74,41,0.00,0.0,0
1953-02-28,74,55,0.00,0.0,0
1953-03-01,75,59,T,0.0,0
1953-03-02,83,65,0.00,0.0,0
1953-03-03,80,70,0.01,0.0,0
1953-03-04,78,51,T,0.0,0
1953-03-05,65,47,0.00,0.0,0
1953-03-06,70,44,0.00,0.0,0
1953-03-07,76,50,0.00,0.0,0
1953-03-08,77,60,0.00,0.0,0
1953-03-09,70,53,0.00,0.0,0
1953-03-10,71,51,T,0.0,0
1953-03-11,78,63,T,0.0,0
1953-03-12,81,65,T,0.0,0
1953-03-13,81,65,T,0.0,0
1953-03-14,81,67,0.29,0.0,0
1953-03-15,77,60,0.11,0.0,0
1953-03-16,74,54,T,0.0,0
1953-03-17,80,56,0.00,0.0,0
1953-03-18,78,67,T,0.0,0
1953-03-19,79,62,0.00,0.0,0
1953-03-20,68,63,0.25,0.0,0
1953-03-21,78,64,T,0.0,0
1953-03-22,80,61,2.20,0.0,0
1953-03-23,74,61,0.50,0.0,0
1953-03-24,79,55,0.00,0.0,0
1953-03-25,73,54,0.00,0.0,0
1953-03-26,72,50,0.00,0.0,0
1953-03-27,73,58,0.17,0.0,0
1953-03-28,74,55,0.00,0.0,0
1953-03-29,75,50,0.00,0.0,0
1953-03-30,79,54,0.00,0.0,0
1953-03-31,80,65,0.00,0.0,0
1953-04-01,84,66,0.83,0.0,0
1953-04-02,69,61,0.01,0.0,0
1953-04-03,77,57,0.00,0.0,0
1953-04-04,80,59,0.00,0.0,0
1953-04-05,79,58,0.18,0.0,0
1953-04-06,79,61,0.38,0.0,0
1953-04-07,78,59,0.00,0.0,0
1953-04-08,85,64,0.00,0.0,0
1953-04-09,83,73,0.01,0.0,0
1953-04-10,83,67,T,0.0,0
1953-04-11,84,62,0.03,0.0,0
1953-04-12,80,59,0.01,0.0,0
1953-04-13,68,52,0.00,0.0,0
1953-04-14,74,49,0.00,0.0,0
1953-04-15,79,63,0.07,0.0,0
1953-04-16,68,50,0.00,0.0,0
1953-04-17,76,48,0.00,0.0,0
1953-04-18,85,53,T,0.0,0
1953-04-19,66,46,T,0.0,0
1953-04-20,67,46,0.00,0.0,0
1953-04-21,72,46,0.00,0.0,0
1953-04-22,78,49,0.00,0.0,0
1953-04-23,81,57,0.00,0.0,0
1953-04-24,80,66,0.13,0.0,0
1953-04-25,81,65,4.22,0.0,0
1953-04-26,79,59,0.00,0.0,0
1953-04-27,77,53,0.00,0.0,0
1953-04-28,81,60,0.00,0.0,0
1953-04-29,79,67,0.07,0.0,0
1953-04-30,89,72,0.00,0.0,0
1953-05-01,86,71,0.00,0.0,0
1953-05-02,87,71,0.58,T,0
1953-05-03,85,75,T,0.0,0
1953-05-04,82,67,0.23,0.0,0
1953-05-05,72,64,0.00,0.0,0
1953-05-06,76,61,0.01,0.0,0
1953-05-07,84,55,0.00,0.0,0
1953-05-08,87,61,0.00,0.0,0
1953-05-09,84,67,0.00,0.0,0
1953-05-10,86,68,0.00,0.0,0
1953-05-11,85,69,0.00,0.0,0
1953-05-12,83,65,0.00,0.0,0
1953-05-13,77,68,0.01,0.0,0
1953-05-14,84,70,0.31,0.0,0
1953-05-15,80,72,0.01,0.0,0
1953-05-16,85,74,T,0.0,0
1953-05-17,85,75,T,0.0,0
1953-05-18,84,67,0.10,0.0,0
1953-05-19,81,68,0.14,0.0,0
1953-05-20,89,67,0.00,0.0,0
1953-05-21,90,75,0.00,0.0,0
1953-05-22,90,75,0.00,0.0,0
1953-05-23,92,76,0.00,0.0,0
1953-05-24,92,71,0.00,0.0,0
1953-05-25,94,72,0.00,0.0,0
1953-05-26,92,72,0.00,0.0,0
1953-05-27,93,70,0.00,0.0,0
1953-05-28,96,76,0.00,0.0,0
1953-05-29,94,72,0.00,0.0,0
1953-05-30,92,68,0.00,0.0,0
1953-05-31,93,66,0.00,0.0,0
1953-06-01,95,72,0.00,0.0,0
1953-06-02,95,77,0.00,0.0,0
1953-06-03,92,69,0.00,0.0,0
1953-06-04,92,70,0.00,0.0,0
1953-06-05,84,69,0.17,0.0,0
1953-06-06,92,73,0.00,0.0,0
1953-06-07,95,76,0.00,0.0,0
1953-06-08,93,78,T,0.0,0
1953-06-09,94,75,0.00,0.0,0
1953-06-10,96,77,0.00,0.0,0
1953-06-11,95,75,T,0.0,0
1953-06-12,94,74,0.00,0.0,0
1953-06-13,94,73,0.32,0.0,0
1953-06-14,95,76,0.00,0.0,0
1953-06-15,93,77,0.66,0.0,0
1953-06-16,92,76,0.09,0.0,0
1953-06-17,95,77,0.00,0.0,0
1953-06-18,95,78,0.00,0.0,0
1953-06-19,99,78,T,0.0,0
1953-06-20,97,77,0.05,0.0,0
1953-06-21,95,74,0.00,0.0,0
1953-06-22,92,73,0.44,0.0,0
1953-06-23,92,73,T,0.0,0
1953-06-24,91,75,0.04,0.0,0
1953-06-25,87,74,0.23,0.0,0
1953-06-26,85,75,0.81,0.0,0
1953-06-27,82,75,0.43,0.0,0
1953-06-28,82,73,3.98,0.0,0
1953-06-29,92,77,0.00,0.0,0
1953-06-30,93,75,0.00,0.0,0
1953-07-01,92,75,0.00,0.0,0
1953-07-02,94,75,0.00,0.0,0
1953-07-03,90,74,T,0.0,0
1953-07-04,92,73,T,0.0,0
1953-07-05,95,75,0.00,0.0,0
1953-07-06,93,77,0.01,0.0,0
1953-07-07,93,76,0.00,0.0,0
1953-07-08,94,77,0.00,0.0,0
1953-07-09,95,75,0.23,0.0,0
1953-07-10,91,73,0.72,0.0,0
1953-07-11,88,75,0.00,0.0,0
1953-07-12,88,73,T,0.0,0
1953-07-13,82,71,0.39,0.0,0
1953-07-14,83,72,0.06,0.0,0
1953-07-15,88,71,0.04,0.0,0
1953-07-16,83,72,3.20,0.0,0
1953-07-17,86,74,0.91,0.0,0
1953-07-18,90,73,T,0.0,0
1953-07-19,90,74,T,0.0,0
1953-07-20,89,74,0.48,0.0,0
1953-07-21,91,75,0.30,0.0,0
1953-07-22,93,78,0.27,0.0,0
1953-07-23,85,76,0.06,0.0,0
1953-07-24,92,75,0.08,0.0,0
1953-07-25,90,74,T,0.0,0
1953-07-26,93,75,0.00,0.0,0
1953-07-27,93,73,0.00,0.0,0
1953-07-28,92,75,0.00,0.0,0
1953-07-29,94,76,0.00,0.0,0
1953-07-30,90,75,1.98,0.0,0
1953-07-31,84,72,1.71,0.0,0
1953-08-01,88,72,T,0.0,0
1953-08-02,89,74,1.01,0.0,0
1953-08-03,94,75,0.10,0.0,0
1953-08-04,91,75,0.00,0.0,0
1953-08-05,94,76,0.00,0.0,0
1953-08-06,95,77,0.01,0.0,0
1953-08-07,96,76,0.00,0.0,0
1953-08-08,96,79,0.00,0.0,0
1953-08-09,95,76,0.02,0.0,0
1953-08-10,93,76,0.00,0.0,0
1953-08-11,92,75,T,0.0,0
1953-08-12,92,75,0.00,0.0,0
1953-08-13,93,75,0.00,0.0,0
1953-08-14,94,74,0.01,0.0,0
1953-08-15,90,72,0.00,0.0,0
1953-08-16,89,72,0.00,0.0,0
1953-08-17,87,73,0.06,0.0,0
1953-08-18,87,72,0.00,0.0,0
1953-08-19,91,73,0.01,0.0,0
1953-08-20,90,74,0.02,0.0,0
1953-08-21,86,74,0.76,0.0,0
1953-08-22,84,74,1.33,0.0,0
1953-08-23,84,73,0.09,0.0,0
1953-08-24,86,72,0.01,0.0,0
1953-08-25,83,73,0.60,0.0,0
1953-08-26,81,73,0.36,0.0,0
1953-08-27,87,72,0.49,0.0,0
1953-08-28,89,73,0.00,0.0,0
1953-08-29,89,73,T,0.0,0
1953-08-30,91,75,T,0.0,0
1953-08-31,92,73,0.00,0.0,0
1953-09-01,91,70,0.00,0.0,0
1953-09-02,92,71,0.00,0.0,0
1953-09-03,93,76,0.00,0.0,0
1953-09-04,86,75,0.08,0.0,0
1953-09-05,85,71,T,0.0,0
1953-09-06,87,67,0.00,0.0,0
1953-09-07,88,68,0.00,0.0,0
1953-09-08,91,66,0.00,0.0,0
1953-09-09,90,66,0.00,0.0,0
1953-09-10,88,67,0.00,0.0,0
1953-09-11,88,66,0.00,0.0,0
1953-09-12,90,66,0.00,0.0,0
1953-09-13,88,71,0.00,0.0,0
1953-09-14,88,73,0.00,0.0,0
1953-09-15,93,69,0.00,0.0,0
1953-09-16,91,70,0.00,0.0,0
1953-09-17,93,72,0.00,0.0,0
1953-09-18,94,74,0.00,0.0,0
1953-09-19,92,75,0.00,0.0,0
1953-09-20,90,69,0.00,0.0,0
1953-09-21,91,68,0.00,0.0,0
1953-09-22,81,69,0.00,0.0,0
1953-09-23,83,67,0.06,0.0,0
1953-09-24,78,70,0.10,0.0,0
1953-09-25,78,70,T,0.0,0
1953-09-26,88,70,T,0.0,0
1953-09-27,91,63,0.00,0.0,0
1953-09-28,96,70,0.00,0.0,0
1953-09-29,92,68,0.00,0.0,0
1953-09-30,90,68,T,0.0,0
1953-10-01,85,74,0.15,0.0,0
1953-10-02,87,73,0.03,0.0,0
1953-10-03,85,73,0.00,0.0,0
1953-10-04,86,71,0.00,0.0,0
1953-10-05,87,67,0.00,0.0,0
1953-10-06,79,66,T,0.0,0
1953-10-07,75,57,0.00,0.0,0
1953-10-08,80,56,0.00,0.0,0
1953-10-09,81,62,0.00,0.0,0
1953-10-10,82,56,0.00,0.0,0
1953-10-11,86,55,0.00,0.0,0
1953-10-12,86,58,0.00,0.0,0
1953-10-13,86,61,0.00,0.0,0
1953-10-14,84,59,0.00,0.0,0
1953-10-15,82,58,0.00,0.0,0
1953-10-16,85,63,0.00,0.0,0
1953-10-17,86,59,0.00,0.0,0
1953-10-18,85,59,0.00,0.0,0
1953-10-19,84,61,0.00,0.0,0
1953-10-20,85,63,0.00,0.0,0
1953-10-21,83,61,0.00,0.0,0
1953-10-22,84,58,0.00,0.0,0
1953-10-23,83,56,0.00,0.0,0
1953-10-24,82,62,0.00,0.0,0
1953-10-25,83,64,0.00,0.0,0
1953-10-26,75,65,0.33,0.0,0
1953-10-27,65,51,0.00,0.0,0
1953-10-28,71,46,0.00,0.0,0
1953-10-29,68,50,0.00,0.0,0
1953-10-30,66,48,0.00,0.0,0
1953-10-31,65,49,T,0.0,0
1953-11-01,68,62,T,0.0,0
1953-11-02,78,58,0.00,0.0,0
1953-11-03,78,55,0.04,0.0,0
1953-11-04,68,61,0.71,0.0,0
1953-11-05,70,56,0.01,0.0,0
1953-11-06,62,49,0.00,0.0,0
1953-11-07,62,48,0.02,0.0,0
1953-11-08,53,46,1.11,0.0,0
1953-11-09,60,45,0.00,0.0,0
1953-11-10,65,42,0.00,0.0,0
1953-11-11,68,40,0.00,0.0,0
1953-11-12,71,38,0.00,0.0,0
1953-11-13,74,40,0.00,0.0,0
1953-11-14,71,41,0.00,0.0,0
1953-11-15,68,44,0.00,0.0,0
1953-11-16,74,57,0.00,0.0,0
1953-11-17,77,54,0.00,0.0,0
1953-11-18,78,58,T,0.0,0
1953-11-19,72,64,6.18,0.0,0
1953-11-20,73,60,0.20,0.0,0
1953-11-21,75,62,T,0.0,0
1953-11-22,71,51,2.05,0.0,0
1953-11-23,62,43,0.00,0.0,0
1953-11-24,78,46,T,0.0,0
1953-11-25,67,44,0.00,0.0,0
1953-11-26,61,41,0.00,0.0,0
1953-11-27,75,44,0.00,0.0,0
1953-11-28,60,52,T,0.0,0
1953-11-29,67,53,0.07,0.0,0
1953-11-30,68,52,T,0.0,0
1953-12-01,66,47,0.00,0.0,0
1953-12-02,73,47,0.00,0.0,0
1953-12-03,76,68,0.43,0.0,0
1953-12-04,69,55,0.28,0.0,0
1953-12-05,75,57,0.57,0.0,0
1953-12-06,73,50,1.27,0.0,0
1953-12-07,60,43,0.00,0.0,0
1953-12-08,68,45,0.04,0.0,0
1953-12-09,70,48,0.66,0.0,0
1953-12-10,55,45,T,0.0,0
1953-12-11,54,49,3.03,0.0,0
1953-12-12,55,51,0.02,0.0,0
1953-12-13,53,47,0.32,0.0,0
1953-12-14,51,37,0.00,0.0,0
1953-12-15,54,32,0.00,0.0,0
1953-12-16,60,34,0.00,0.0,0
1953-12-17,50,41,0.00,0.0,0
1953-12-18,43,35,0.00,0.0,0
1953-12-19,53,35,0.18,0.0,0
1953-12-20,67,49,0.52,0.0,0
1953-12-21,71,45,T,0.0,0
1953-12-22,64,44,0.07,0.0,0
1953-12-23,45,35,0.01,0.0,0
1953-12-24,49,32,0.00,0.0,0
1953-12-25,53,35,0.03,T,0
1953-12-26,58,30,0.00,0.0,0
1953-12-27,63,34,T,0.0,0
1953-12-28,67,58,1.25,0.0,0
1953-12-29,62,56,0.09,0.0,0
1953-12-30,60,48,0.16,0.0,0
1953-12-31,55,37,0.00,0.0,0
1954-01-01,58,32,0.00,0.0,0
1954-01-02,75,45,T,0.0,0
1954-01-03,69,48,0.00,0.0,0
1954-01-04,69,47,1.12,0.0,0
1954-01-05,62,46,T,0.0,0
1954-01-06,64,41,0.00,0.0,0
1954-01-07,61,40,0.00,0.0,0
1954-01-08,68,39,0.00,0.0,0
1954-01-09,72,56,0.00,0.0,0
1954-01-10,63,42,1.48,0.0,0
1954-01-11,50,35,T,0.0,0
1954-01-12,45,34,0.00,0.0,0
1954-01-13,55,35,0.00,0.0,0
1954-01-14,72,55,0.00,0.0,0
1954-01-15,72,62,0.23,0.0,0
1954-01-16,65,47,0.00,0.0,0
1954-01-17,52,40,0.00,0.0,0
1954-01-18,64,38,0.00,0.0,0
1954-01-19,77,56,0.00,0.0,0
1954-01-20,80,67,T,0.0,0
1954-01-21,78,46,0.48,0.0,0
1954-01-22,46,38,0.08,0.0,0
1954-01-23,45,37,T,0.0,0
1954-01-24,67,44,0.00,0.0,0
1954-01-25,69,53,0.00,0.0,0
1954-01-26,76,62,0.00,0.0,0
1954-01-27,71,52,0.00,0.0,0
1954-01-28,63,44,0.00,0.0,0
1954-01-29,73,41,0.00,0.0,0
1954-01-30,72,48,0.20,0.0,0
1954-01-31,65,48,0.37,0.0,0
1954-02-01,67,43,0.00,0.0,0
1954-02-02,72,45,0.00,0.0,0
1954-02-03,73,49,0.00,0.0,0
1954-02-04,71,41,0.00,0.0,0
1954-02-05,68,43,0.00,0.0,0
1954-02-06,74,42,0.00,0.0,0
1954-02-07,56,35,0.00,0.0,0
1954-02-08,53,31,0.00,0.0,0
1954-02-09,75,41,0.00,0.0,0
1954-02-10,74,50,0.00,0.0,0
1954-02-11,77,57,0.00,0.0,0
1954-02-12,62,46,0.00,0.0,0
1954-02-13,73,44,T,0.0,0
1954-02-14,77,56,0.02,0.0,0
1954-02-15,77,64,0.00,0.0,0
1954-02-16,81,60,0.00,0.0,0
1954-02-17,67,51,0.00,0.0,0
1954-02-18,74,47,T,0.0,0
1954-02-19,78,62,0.03,0.0,0
1954-02-20,72,48,0.86,0.0,0
1954-02-21,71,43,0.00,0.0,0
1954-02-22,75,43,0.00,0.0,0
1954-02-23,75,48,0.43,0.0,0
1954-02-24,65,44,0.00,0.0,0
1954-02-25,76,49,0.00,0.0,0
1954-02-26,79,56,0.00,0.0,0
1954-02-27,77,61,0.00,0.0,0
1954-02-28,67,41,T,0.0,0
1954-03-01,63,35,0.00,0.0,0
1954-03-02,68,50,0.04,0.0,0
1954-03-03,56,39,0.01,0.0,0
1954-03-04,52,39,0.00,0.0,0
1954-03-05,48,40,0.35,0.0,0
1954-03-06,51,38,0.95,0.0,0
1954-03-07,60,33,0.00,0.0,0
1954-03-08,58,39,0.00,0.0,0
1954-03-09,72,38,0.00,0.0,0
1954-03-10,73,52,0.00,0.0,0
1954-03-11,80,58,0.00,0.0,0
1954-03-12,79,65,T,0.0,0
1954-03-13,76,54,0.07,0.0,0
1954-03-14,56,41,0.00,0.0,0
1954-03-15,57,42,0.00,0.0,0
1954-03-16,58,42,0.00,0.0,0
1954-03-17,66,44,0.00,0.0,0
1954-03-18,73,52,0.05,0.0,0
1954-03-19,80,62,0.41,0.0,0
1954-03-20,75,53,0.00,0.0,0
1954-03-21,71,51,0.00,0.0,0
1954-03-22,75,49,0.00,0.0,0
1954-03-23,81,62,0.00,0.0,0
1954-03-24,79,69,0.00,0.0,0
1954-03-25,80,62,0.05,0.0,0
1954-03-26,68,61,0.16,0.0,0
1954-03-27,79,61,0.08,0.0,0
1954-03-28,69,60,T,0.0,0
1954-03-29,80,66,0.05,0.0,0
1954-03-30,85,68,T,0.0,0
1954-03-31,86,52,0.00,0.0,0
1954-04-01,68,49,0.00,0.0,0
1954-04-02,73,57,0.00,0.0,0
1954-04-03,79,60,0.00,0.0,0
1954-04-04,83,61,T,0.0,0
1954-04-05,82,63,0.00,0.0,0
1954-04-06,85,68,T,0.0,0
1954-04-07,85,69,0.00,0.0,0
1954-04-08,82,68,0.04,0.0,0
1954-04-09,82,65,0.59,0.0,0
1954-04-10,83,65,0.00,0.0,0
1954-04-11,84,66,0.00,0.0,0
1954-04-12,83,62,0.00,0.0,0
1954-04-13,84,65,0.00,0.0,0
1954-04-14,85,64,0.00,0.0,0
1954-04-15,83,70,0.91,0.0,0
1954-04-16,74,55,0.26,0.0,0
1954-04-17,74,48,0.00,0.0,0
1954-04-18,77,49,0.00,0.0,0
1954-04-19,80,51,0.00,0.0,0
1954-04-20,80,55,0.00,0.0,0
1954-04-21,82,57,T,0.0,0
1954-04-22,79,63,0.05,0.0,0
1954-04-23,79,61,T,0.0,0
1954-04-24,83,59,T,0.0,0
1954-04-25,80,61,0.44,0.0,0
1954-04-26,83,62,T,0.0,0
1954-04-27,86,64,0.00,0.0,0
1954-04-28,86,66,0.00,0.0,0
1954-04-29,86,66,0.00,0.0,0
1954-04-30,85,72,0.00,0.0,0
1954-05-01,86,75,T,0.0,0
1954-05-02,87,74,0.00,0.0,0
1954-05-03,76,53,3.25,0.0,0
1954-05-04,68,51,0.00,0.0,0
1954-05-05,71,54,0.00,0.0,0
1954-05-06,76,55,0.00,0.0,0
1954-05-07,81,55,0.00,0.0,0
1954-05-08,79,62,0.00,0.0,0
1954-05-09,83,59,0.00,0.0,0
1954-05-10,78,66,0.00,0.0,0
1954-05-11,81,67,0.14,0.0,0
1954-05-12,75,65,0.84,0.0,0
1954-05-13,67,61,0.01,0.0,0
1954-05-14,75,54,0.00,0.0,0
1954-05-15,78,56,0.00,0.0,0
1954-05-16,79,59,0.00,0.0,0
1954-05-17,83,59,0.00,0.0,0
1954-05-18,81,63,0.00,0.0,0
1954-05-19,80,63,T,0.0,0
1954-05-20,79,65,0.00,0.0,0
1954-05-21,75,58,0.00,0.0,0
1954-05-22,81,53,0.00,0.0,0
1954-05-23,84,58,0.00,0.0,0
1954-05-24,85,60,T,0.0,0
1954-05-25,82,64,0.04,0.0,0
1954-05-26,76,69,0.17,0.0,0
1954-05-27,88,69,T,0.0,0
1954-05-28,87,70,T,0.0,0
1954-05-29,89,68,0.00,0.0,0
1954-05-30,88,69,0.00,0.0,0
1954-05-31,88,70,T,0.0,0
1954-06-01,90,69,0.00,0.0,0
1954-06-02,90,71,0.00,0.0,0
1954-06-03,90,73,0.00,0.0,0
1954-06-04,81,67,0.00,0.0,0
1954-06-05,83,60,0.00,0.0,0
1954-06-06,88,67,0.00,0.0,0
1954-06-07,90,72,0.03,0.0,0
1954-06-08,90,69,0.00,0.0,0
1954-06-09,92,71,0.00,0.0,0
1954-06-10,92,67,0.00,0.0,0
1954-06-11,94,71,0.00,0.0,0
1954-06-12,95,73,0.19,0.0,0
1954-06-13,89,71,0.00,0.0,0
1954-06-14,91,74,0.00,0.0,0
1954-06-15,88,74,0.03,0.0,0
1954-06-16,86,73,0.06,0.0,0
1954-06-17,88,72,0.00,0.0,0
1954-06-18,87,73,0.01,0.0,0
1954-06-19,84,72,0.26,0.0,0
1954-06-20,90,72,0.00,0.0,0
1954-06-21,88,73,2.20,0.0,0
1954-06-22,89,72,0.03,0.0,0
1954-06-23,93,73,0.20,0.0,0
1954-06-24,94,72,0.00,0.0,0
1954-06-25,94,73,0.00,0.0,0
1954-06-26,95,75,0.00,0.0,0
1954-06-27,82,74,0.15,0.0,0
1954-06-28,94,73,T,0.0,0
1954-06-29,95,75,0.00,0.0,0
1954-06-30,100,79,0.00,0.0,0
1954-07-01,95,78,0.00,0.0,0
1954-07-02,93,76,0.01,0.0,0
1954-07-03,91,73,T,0.0,0
1954-07-04,94,74,0.50,0.0,0
1954-07-05,89,72,0.78,0.0,0
1954-07-06,88,71,T,0.0,0
1954-07-07,87,75,0.15,0.0,0
1954-07-08,92,72,0.90,0.0,0
1954-07-09,87,71,1.29,0.0,0
1954-07-10,92,70,0.00,0.0,0
1954-07-11,93,72,0.00,0.0,0
1954-07-12,95,73,T,0.0,0
1954-07-13,92,74,T,0.0,0
1954-07-14,92,72,T,0.0,0
1954-07-15,93,73,0.00,0.0,0
1954-07-16,96,77,0.10,0.0,0
1954-07-17,92,76,0.03,0.0,0
1954-07-18,90,76,0.68,0.0,0
1954-07-19,93,76,0.24,0.0,0
1954-07-20,92,73,2.80,0.0,0
1954-07-21,92,74,0.02,0.0,0
1954-07-22,93,76,T,0.0,0
1954-07-23,93,76,0.00,0.0,0
1954-07-24,93,74,0.89,0.0,0
1954-07-25,93,74,0.00,0.0,0
1954-07-26,92,78,0.24,0.0,0
1954-07-27,87,76,0.43,0.0,0
1954-07-28,78,73,0.73,0.0,0
1954-07-29,78,72,1.67,0.0,0
1954-07-30,89,75,T,0.0,0
1954-07-31,90,72,0.00,0.0,0
1954-08-01,93,70,0.00,0.0,0
1954-08-02,94,72,0.00,0.0,0
1954-08-03,92,75,0.00,0.0,0
1954-08-04,90,76,T,0.0,0
1954-08-05,94,75,0.00,0.0,0
1954-08-06,93,73,0.00,0.0,0
1954-08-07,91,74,0.00,0.0,0
1954-08-08,92,76,0.00,0.0,0
1954-08-09,93,75,0.00,0.0,0
1954-08-10,90,74,0.00,0.0,0
1954-08-11,96,71,0.00,0.0,0
1954-08-12,93,70,0.00,0.0,0
1954-08-13,93,70,0.00,0.0,0
1954-08-14,94,75,0.39,0.0,0
1954-08-15,91,71,1.31,0.0,0
1954-08-16,94,72,0.00,0.0,0
1954-08-17,91,73,0.00,0.0,0
1954-08-18,93,74,0.02,0.0,0
1954-08-19,90,75,0.00,0.0,0
1954-08-20,90,71,1.24,0.0,0
1954-08-21,90,72,T,0.0,0
1954-08-22,89,73,1.34,0.0,0
1954-08-23,83,73,1.10,0.0,0
1954-08-24,90,74,0.00,0.0,0
1954-08-25,93,73,T,0.0,0
1954-08-26,90,76,T,0.0,0
1954-08-27,89,73,0.00,0.0,0
1954-08-28,93,74,0.00,0.0,0
1954-08-29,95,76,0.00,0.0,0
1954-08-30,96,77,0.00,0.0,0
1954-08-31,96,74,0.00,0.0,0
1954-09-01,88,68,0.00,0.0,0
1954-09-02,92,66,0.00,0.0,0
1954-09-03,92,67,0.00,0.0,0
1954-09-04,92,67,0.00,0.0,0
1954-09-05,88,72,0.14,0.0,0
1954-09-06,88,73,0.07,0.0,0
1954-09-07,92,74,0.00,0.0,0
1954-09-08,91,72,T,0.0,0
1954-09-09,93,72,0.00,0.0,0
1954-09-10,97,74,0.01,0.0,0
1954-09-11,89,74,0.00,0.0,0
1954-09-12,87,66,0.00,0.0,0
1954-09-13,94,65,0.00,0.0,0
1954-09-14,93,73,0.00,0.0,0
1954-09-15,85,74,0.08,0.0,0
1954-09-16,78,74,3.58,0.0,0
1954-09-17,91,76,0.09,0.0,0
1954-09-18,94,76,T,0.0,0
1954-09-19,91,74,0.00,0.0,0
1954-09-20,93,75,T,0.0,0
1954-09-21,93,74,0.00,0.0,0
1954-09-22,84,73,0.00,0.0,0
1954-09-23,88,69,0.00,0.0,0
1954-09-24,86,69,0.40,0.0,0
1954-09-25,88,73,T,0.0,0
1954-09-26,87,71,0.00,0.0,0
1954-09-27,89,71,0.04,0.0,0
1954-09-28,87,72,0.09,0.0,0
1954-09-29,92,73,0.01,0.0,0
1954-09-30,89,74,2.15,0.0,0
1954-10-01,90,73,0.50,0.0,0
1954-10-02,90,72,0.00,0.0,0
1954-10-03,88,72,0.21,0.0,0
1954-10-04,92,75,0.00,0.0,0
1954-10-05,92,75,0.00,0.0,0
1954-10-06,91,73,0.00,0.0,0
1954-10-07,83,73,0.00,0.0,0
1954-10-08,80,69,0.00,0.0,0
1954-10-09,83,72,0.20,0.0,0
1954-10-10,87,73,T,0.0,0
1954-10-11,88,73,1.12,0.0,0
1954-10-12,83,68,1.92,0.0,0
1954-10-13,85,67,0.78,0.0,0
1954-10-14,86,67,0.21,0.0,0
1954-10-15,70,53,0.00,0.0,0
1954-10-16,69,48,0.00,0.0,0
1954-10-17,74,48,0.00,0.0,0
1954-10-18,77,51,0.00,0.0,0
1954-10-19,75,54,0.00,0.0,0
1954-10-20,71,50,0.00,0.0,0
1954-10-21,73,47,0.00,0.0,0
1954-10-22,78,50,0.00,0.0,0
1954-10-23,79,58,0.00,0.0,0
1954-10-24,84,65,0.00,0.0,0
1954-10-25,83,61,0.00,0.0,0
1954-10-26,82,67,0.00,0.0,0
1954-10-27,83,63,0.40,0.0,0
1954-10-28,77,63,0.12,0.0,0
1954-10-29,69,54,0.00,0.0,0
1954-10-30,58,43,0.00,0.0,0
1954-10-31,65,41,0.00,0.0,0
1954-11-01,72,41,0.00,0.0,0
1954-11-02,60,44,0.00,0.0,0
1954-11-03,60,39,0.00,0.0,0
1954-11-04,67,48,1.58,0.0,0
1954-11-05,59,45,0.00,0.0,0
1954-11-06,63,37,0.00,0.0,0
1954-11-07,71,41,0.00,0.0,0
1954-11-08,72,45,0.00,0.0,0
1954-11-09,72,47,0.00,0.0,0
1954-11-10,73,47,0.00,0.0,0
1954-11-11,63,57,0.00,0.0,0
1954-11-12,75,58,0.00,0.0,0
1954-11-13,75,58,0.00,0.0,0
1954-11-14,70,61,T,0.0,0
1954-11-15,67,62,0.34,0.0,0
1954-11-16,70,60,T,0.0,0
1954-11-17,73,56,0.00,0.0,0
1954-11-18,77,50,0.00,0.0,0
1954-11-19,67,49,0.00,0.0,0
1954-11-20,66,43,0.00,0.0,0
1954-11-21,73,40,0.00,0.0,0
1954-11-22,67,50,0.02,0.0,0
1954-11-23,63,44,0.00,0.0,0
1954-11-24,69,45,0.00,0.0,0
1954-11-25,64,39,0.00,0.0,0
1954-11-26,69,40,0.00,0.0,0
1954-11-27,77,59,0.10,0.0,0
1954-11-28,78,58,T,0.0,0
1954-11-29,63,45,0.00,0.0,0
1954-11-30,66,49,0.00,0.0,0
1954-12-01,78,54,T,0.0,0
1954-12-02,68,53,0.00,0.0,0
1954-12-03,63,49,0.00,0.0,0
1954-12-04,77,52,0.00,0.0,0
1954-12-05,78,54,0.03,0.0,0
1954-12-06,56,43,0.00,0.0,0
1954-12-07,65,38,0.00,0.0,0
1954-12-08,72,55,0.08,0.0,0
1954-12-09,68,47,T,0.0,0
1954-12-10,60,35,0.00,0.0,0
1954-12-11,67,38,0.00,0.0,0
1954-12-12,67,50,1.67,0.0,0
1954-12-13,50,35,T,0.0,0
1954-12-14,59,30,0.00,0.0,0
1954-12-15,60,36,0.00,0.0,0
1954-12-16,67,30,0.00,0.0,0
1954-12-17,64,42,0.72,0.0,0
1954-12-18,59,38,0.00,0.0,0
1954-12-19,54,34,0.00,0.0,0
1954-12-20,56,29,0.00,0.0,0
1954-12-21,66,36,0.00,0.0,0
1954-12-22,72,41,0.00,0.0,0
1954-12-23,71,42,0.00,0.0,0
1954-12-24,64,45,0.00,0.0,0
1954-12-25,70,47,T,0.0,0
1954-12-26,66,55,0.01,0.0,0
1954-12-27,71,57,1.22,0.0,0
1954-12-28,78,65,0.12,0.0,0
1954-12-29,70,44,T,0.0,0
1954-12-30,54,40,0.00,0.0,0
1954-12-31,54,48,2.17,0.0,0
1955-01-01,72,54,0.01,0.0,0
1955-01-02,71,61,0.01,0.0,0
1955-01-03,76,59,0.00,0.0,0
1955-01-04,70,55,0.00,0.0,0
1955-01-05,78,54,0.00,0.0,0
1955-01-06,68,48,T,0.0,0
1955-01-07,58,46,0.00,0.0,0
1955-01-08,65,45,0.00,0.0,0
1955-01-09,75,56,T,0.0,0
1955-01-10,69,44,0.16,0.0,0
1955-01-11,54,41,0.00,0.0,0
1955-01-12,60,44,T,0.0,0
1955-01-13,56,40,0.00,0.0,0
1955-01-14,63,32,0.00,0.0,0
1955-01-15,76,48,1.65,0.0,0
1955-01-16,54,49,3.13,0.0,0
1955-01-17,56,50,T,0.0,0
1955-01-18,68,51,1.20,0.0,0
1955-01-19,51,39,0.00,0.0,0
1955-01-20,50,35,0.00,0.0,0
1955-01-21,69,42,0.13,0.0,0
1955-01-22,54,41,T,0.0,0
1955-01-23,50,39,0.71,T,0
1955-01-24,54,37,0.00,0.0,0
1955-01-25,60,37,0.00,0.0,0
1955-01-26,63,33,0.00,0.0,0
1955-01-27,59,41,0.13,0.0,0
1955-01-28,57,34,0.00,0.0,0
1955-01-29,51,35,0.00,0.0,0
1955-01-30,63,30,0.00,0.0,0
1955-01-31,65,41,0.00,0.0,0
1955-02-01,74,56,T,0.0,0
1955-02-02,74,58,0.01,0.0,0
1955-02-03,64,51,0.00,0.0,0
1955-02-04,64,53,T,0.0,0
1955-02-05,69,55,3.50,0.0,0
1955-02-06,70,52,0.38,0.0,0
1955-02-07,58,47,0.00,0.0,0
1955-02-08,61,39,0.00,0.0,0
1955-02-09,66,37,0.00,0.0,0
1955-02-10,74,54,0.13,0.0,0
1955-02-11,54,33,0.00,0.0,0
1955-02-12,50,30,0.00,0.0,0
1955-02-13,55,32,0.00,0.0,0
1955-02-14,70,47,T,0.0,0
1955-02-15,72,49,0.00,0.0,0
1955-02-16,77,54,0.00,0.0,0
1955-02-17,69,53,0.02,0.0,0
1955-02-18,61,52,0.00,0.0,0
1955-02-19,74,58,T,0.0,0
1955-02-20,76,55,0.01,0.0,0
1955-02-21,63,44,0.38,0.0,0
1955-02-22,46,42,0.69,0.0,0
1955-02-23,59,42,0.00,0.0,0
1955-02-24,66,51,0.04,0.0,0
1955-02-25,72,50,0.00,0.0,0
1955-02-26,77,59,0.00,0.0,0
1955-02-27,80,58,0.00,0.0,0
1955-02-28,81,58,0.00,0.0,0
1955-03-01,80,62,0.00,0.0,0
1955-03-02,80,61,0.00,0.0,0
1955-03-03,83,63,0.00,0.0,0
1955-03-04,83,67,0.00,0.0,0
1955-03-05,83,65,0.00,0.0,0
1955-03-06,84,52,0.00,0.0,0
1955-03-07,58,48,T,0.0,0
1955-03-08,68,45,0.00,0.0,0
1955-03-09,72,52,T,0.0,0
1955-03-10,79,63,0.00,0.0,0
1955-03-11,85,68,0.00,0.0,0
1955-03-12,84,65,0.00,0.0,0
1955-03-13,84,61,0.00,0.0,0
1955-03-14,84,66,0.00,0.0,0
1955-03-15,84,68,0.00,0.0,0
1955-03-16,87,69,0.00,0.0,0
1955-03-17,84,64,0.00,0.0,0
1955-03-18,85,63,0.00,0.0,0
1955-03-19,83,69,0.23,0.0,0
1955-03-20,81,69,T,0.0,0
1955-03-21,81,52,0.01,0.0,0
1955-03-22,57,39,0.00,0.0,0
1955-03-23,69,39,0.00,0.0,0
1955-03-24,78,48,0.00,0.0,0
1955-03-25,82,54,0.00,0.0,0
1955-03-26,61,36,0.00,0.0,0
1955-03-27,49,30,0.00,0.0,0
1955-03-28,55,38,T,T,0
1955-03-29,60,42,0.00,0.0,0
1955-03-30,69,43,0.00,0.0,0
1955-03-31,73,43,0.00,0.0,0
1955-04-01,72,59,0.25,0.0,0
1955-04-02,73,53,0.00,0.0,0
1955-04-03,78,48,0.00,0.0,0
1955-04-04,78,58,T,0.0,0
1955-04-05,86,71,T,0.0,0
1955-04-06,89,69,0.00,0.0,0
1955-04-07,72,60,T,0.0,0
1955-04-08,66,53,0.71,0.0,0
1955-04-09,67,55,1.68,0.0,0
1955-04-10,74,58,0.98,0.0,0
1955-04-11,81,54,0.00,0.0,0
1955-04-12,81,69,0.00,0.0,0
1955-04-13,81,61,1.18,0.0,0
1955-04-14,78,59,0.00,0.0,0
1955-04-15,80,55,0.00,0.0,0
1955-04-16,83,57,0.00,0.0,0
1955-04-17,84,58,0.00,0.0,0
1955-04-18,85,60,0.00,0.0,0
1955-04-19,83,66,0.00,0.0,0
1955-04-20,87,68,0.00,0.0,0
1955-04-21,87,71,0.00,0.0,0
1955-04-22,89,67,0.00,0.0,0
1955-04-23,85,72,0.00,0.0,0
1955-04-24,88,67,0.00,0.0,0
1955-04-25,86,60,0.00,0.0,0
1955-04-26,79,62,0.00,0.0,0
1955-04-27,84,61,0.00,0.0,0
1955-04-28,87,62,0.01,0.0,0
1955-04-29,89,59,0.00,0.0,0
1955-04-30,89,67,0.00,0.0,0
1955-05-01,86,61,0.00,0.0,0
1955-05-02,88,61,0.00,0.0,0
1955-05-03,85,60,0.00,0.0,0
1955-05-04,87,62,0.00,0.0,0
1955-05-05,89,65,0.00,0.0,0
1955-05-06,89,67,0.00,0.0,0
1955-05-07,88,64,0.00,0.0,0
1955-05-08,89,65,0.00,0.0,0
1955-05-09,90,66,0.00,0.0,0
1955-05-10,88,67,0.00,0.0,0
1955-05-11,90,67,0.00,0.0,0
1955-05-12,89,70,T,0.0,0
1955-05-13,88,69,0.00,0.0,0
1955-05-14,90,69,T,0.0,0
1955-05-15,88,68,1.20,0.0,0
1955-05-16,88,69,0.13,0.0,0
1955-05-17,86,69,0.10,0.0,0
1955-05-18,86,69,T,0.0,0
1955-05-19,88,70,0.86,0.0,0
1955-05-20,89,68,2.62,0.0,0
1955-05-21,89,72,0.00,0.0,0
1955-05-22,92,69,0.00,0.0,0
1955-05-23,88,77,0.00,0.0,0
1955-05-24,90,77,0.00,0.0,0
1955-05-25,91,75,0.00,0.0,0
1955-05-26,88,75,0.00,0.0,0
1955-05-27,89,77,0.00,0.0,0
1955-05-28,91,77,0.00,0.0,0
1955-05-29,86,66,0.47,0.0,0
1955-05-30,86,64,0.00,0.0,0
1955-05-31,84,62,0.00,0.0,0
1955-06-01,86,63,0.00,0.0,0
1955-06-02,88,65,0.00,0.0,0
1955-06-03,87,63,0.00,0.0,0
1955-06-04,88,68,0.00,0.0,0
1955-06-05,89,71,T,0.0,0
1955-06-06,87,73,T,0.0,0
1955-06-07,91,72,0.00,0.0,0
1955-06-08,92,70,0.00,0.0,0
1955-06-09,88,67,0.22,0.0,0
1955-06-10,79,64,0.36,0.0,0
1955-06-11,81,60,0.00,0.0,0
1955-06-12,83,61,0.00,0.0,0
1955-06-13,89,66,0.00,0.0,0
1955-06-14,87,69,0.00,0.0,0
1955-06-15,89,69,T,0.0,0
1955-06-16,87,69,T,0.0,0
1955-06-17,87,69,0.00,0.0,0
1955-06-18,90,68,0.00,0.0,0
1955-06-19,92,66,0.00,0.0,0
1955-06-20,94,70,0.00,0.0,0
1955-06-21,93,70,0.00,0.0,0
1955-06-22,92,70,0.00,0.0,0
1955-06-23,90,71,0.00,0.0,0
1955-06-24,92,71,0.00,0.0,0
1955-06-25,91,75,0.05,0.0,0
1955-06-26,95,75,0.16,0.0,0
1955-06-27,90,72,1.63,0.0,0
1955-06-28,91,70,0.07,0.0,0
1955-06-29,91,73,0.98,0.0,0
1955-06-30,86,73,0.95,0.0,0
1955-07-01,86,71,T,0.0,0
1955-07-02,87,72,T,0.0,0
1955-07-03,90,73,0.82,0.0,0
1955-07-04,88,73,0.13,0.0,0
1955-07-05,88,72,0.46,0.0,0
1955-07-06,90,72,0.06,0.0,0
1955-07-07,93,73,0.00,0.0,0
1955-07-08,92,75,T,0.0,0
1955-07-09,88,75,0.01,0.0,0
1955-07-10,91,73,0.02,0.0,0
1955-07-11,92,72,1.66,0.0,0
1955-07-12,88,71,0.27,0.0,0
1955-07-13,83,76,0.02,0.0,0
1955-07-14,91,76,0.26,0.0,0
1955-07-15,89,76,T,0.0,0
1955-07-16,87,73,0.34,0.0,0
1955-07-17,87,71,0.74,0.0,0
1955-07-18,87,71,0.73,0.0,0
1955-07-19,89,73,0.00,0.0,0
1955-07-20,91,72,T,0.0,0
1955-07-21,91,73,0.86,0.0,0
1955-07-22,91,73,T,0.0,0
1955-07-23,90,74,0.05,0.0,0
1955-07-24,89,74,T,0.0,0
1955-07-25,92,73,0.00,0.0,0
1955-07-26,89,75,0.00,0.0,0
1955-07-27,85,72,2.67,0.0,0
1955-07-28,91,71,0.70,0.0,0
1955-07-29,92,74,0.08,0.0,0
1955-07-30,86,75,0.08,0.0,0
1955-07-31,91,77,T,0.0,0
1955-08-01,79,73,2.15,0.0,0
1955-08-02,79,74,1.01,0.0,0
1955-08-03,91,76,T,0.0,0
1955-08-04,92,72,0.32,0.0,0
1955-08-05,92,77,0.57,0.0,0
1955-08-06,90,75,T,0.0,0
1955-08-07,92,75,0.00,0.0,0
1955-08-08,93,75,1.10,0.0,0
1955-08-09,89,74,T,0.0,0
1955-08-10,91,74,0.00,0.0,0
1955-08-11,94,76,0.00,0.0,0
1955-08-12,92,76,0.26,0.0,0
1955-08-13,88,74,0.02,0.0,0
1955-08-14,88,73,1.54,0.0,0
1955-08-15,89,72,0.77,0.0,0
1955-08-16,91,75,0.00,0.0,0
1955-08-17,92,73,0.00,0.0,0
1955-08-18,93,72,0.00,0.0,0
1955-08-19,94,74,0.00,0.0,0
1955-08-20,95,75,0.00,0.0,0
1955-08-21,95,76,0.00,0.0,0
1955-08-22,95,76,0.00,0.0,0
1955-08-23,96,77,0.00,0.0,0
1955-08-24,93,77,0.00,0.0,0
1955-08-25,92,77,0.55,0.0,0
1955-08-26,83,76,0.89,0.0,0
1955-08-27,85,75,1.06,0.0,0
1955-08-28,90,77,0.04,0.0,0
1955-08-29,93,74,0.00,0.0,0
1955-08-30,91,75,0.72,0.0,0
1955-08-31,89,75,0.77,0.0,0
1955-09-01,86,76,T,0.0,0
1955-09-02,85,75,0.00,0.0,0
1955-09-03,89,73,0.00,0.0,0
1955-09-04,85,72,3.55,0.0,0
1955-09-05,79,72,0.05,0.0,0
1955-09-06,85,75,T,0.0,0
1955-09-07,88,75,0.00,0.0,0
1955-09-08,92,74,0.00,0.0,0
1955-09-09,91,73,T,0.0,0
1955-09-10,89,75,0.01,0.0,0
1955-09-11,90,73,0.00,0.0,0
1955-09-12,80,73,0.02,0.0,0
1955-09-13,85,72,0.13,0.0,0
1955-09-14,85,72,T,0.0,0
1955-09-15,81,71,0.00,0.0,0
1955-09-16,88,70,0.00,0.0,0
1955-09-17,86,74,T,0.0,0
1955-09-18,88,74,T,0.0,0
1955-09-19,91,72,0.00,0.0,0
1955-09-20,93,73,0.00,0.0,0
1955-09-21,91,73,0.00,0.0,0
1955-09-22,87,74,0.10,0.0,0
1955-09-23,91,75,0.00,0.0,0
1955-09-24,89,75,0.00,0.0,0
1955-09-25,89,75,0.02,0.0,0
1955-09-26,92,72,0.00,0.0,0
1955-09-27,93,75,0.51,0.0,0
1955-09-28,90,74,0.00,0.0,0
1955-09-29,89,73,0.14,0.0,0
1955-09-30,90,72,0.00,0.0,0
1955-10-01,91,74,T,0.0,0
1955-10-02,89,74,0.00,0.0,0
1955-10-03,86,74,0.14,0.0,0
1955-10-04,87,74,0.08,0.0,0
1955-10-05,91,72,0.00,0.0,0
1955-10-06,89,74,0.64,0.0,0
1955-10-07,81,70,T,0.0,0
1955-10-08,75,67,T,0.0,0
1955-10-09,85,66,0.00,0.0,0
1955-10-10,86,70,0.00,0.0,0
1955-10-11,82,64,0.00,0.0,0
1955-10-12,85,67,0.00,0.0,0
1955-10-13,81,65,0.02,0.0,0
1955-10-14,76,54,0.00,0.0,0
1955-10-15,76,49,0.00,0.0,0
1955-10-16,85,59,T,0.0,0
1955-10-17,70,53,0.00,0.0,0
1955-10-18,73,49,0.00,0.0,0
1955-10-19,72,48,0.00,0.0,0
1955-10-20,75,50,0.00,0.0,0
1955-10-21,76,49,0.00,0.0,0
1955-10-22,80,53,0.00,0.0,0
1955-10-23,80,54,0.00,0.0,0
1955-10-24,80,59,0.00,0.0,0
1955-10-25,71,50,0.00,0.0,0
1955-10-26,74,46,0.00,0.0,0
1955-10-27,81,47,0.00,0.0,0
1955-10-28,86,60,0.02,0.0,0
1955-10-29,69,49,0.00,0.0,0
1955-10-30,68,45,0.00,0.0,0
1955-10-31,72,42,0.00,0.0,0
1955-11-01,78,50,0.00,0.0,0
1955-11-02,81,58,0.28,0.0,0
1955-11-03,66,49,0.02,0.0,0
1955-11-04,59,41,0.00,0.0,0
1955-11-05,67,40,0.00,0.0,0
1955-11-06,75,57,1.84,0.0,0
1955-11-07,64,56,0.16,0.0,0
1955-11-08,61,51,0.00,0.0,0
1955-11-09,57,48,0.14,0.0,0
1955-11-10,58,47,0.01,0.0,0
1955-11-11,76,49,0.00,0.0,0
1955-11-12,80,66,T,0.0,0
1955-11-13,83,71,T,0.0,0
1955-11-14,82,71,T,0.0,0
1955-11-15,84,70,0.00,0.0,0
1955-11-16,85,55,0.06,0.0,0
1955-11-17,61,48,0.00,0.0,0
1955-11-18,70,52,0.01,0.0,0
1955-11-19,69,51,T,0.0,0
1955-11-20,62,43,0.00,0.0,0
1955-11-21,67,41,0.00,0.0,0
1955-11-22,79,55,0.01,0.0,0
1955-11-23,80,65,0.14,0.0,0
1955-11-24,65,58,0.07,0.0,0
1955-11-25,67,51,T,0.0,0
1955-11-26,62,45,0.00,0.0,0
1955-11-27,69,43,0.00,0.0,0
1955-11-28,57,41,0.00,0.0,0
1955-11-29,46,35,0.00,0.0,0
1955-11-30,50,36,0.00,0.0,0
1955-12-01,68,42,T,0.0,0
1955-12-02,70,60,1.66,0.0,0
1955-12-03,80,65,0.00,0.0,0
1955-12-04,75,59,0.29,0.0,0
1955-12-05,59,48,0.08,0.0,0
1955-12-06,59,45,0.36,0.0,0
1955-12-07,70,43,0.00,0.0,0
1955-12-08,70,49,0.00,0.0,0
1955-12-09,50,39,0.00,0.0,0
1955-12-10,47,33,0.00,0.0,0
1955-12-11,46,41,0.01,0.0,0
1955-12-12,52,38,0.01,0.0,0
1955-12-13,58,36,0.00,0.0,0
1955-12-14,67,46,0.00,0.0,0
1955-12-15,53,37,0.00,0.0,0
1955-12-16,44,29,0.00,0.0,0
1955-12-17,61,32,T,0.0,0
1955-12-18,75,52,0.37,0.0,0
1955-12-19,65,48,0.01,0.0,0
1955-12-20,53,39,0.00,0.0,0
1955-12-21,59,38,0.00,0.0,0
1955-12-22,71,47,0.00,0.0,0
1955-12-23,77,59,0.02,0.0,0
1955-12-24,79,59,0.00,0.0,0
1955-12-25,79,62,T,0.0,0
1955-12-26,73,61,0.00,0.0,0
1955-12-27,69,57,0.00,0.0,0
1955-12-28,67,56,0.00,0.0,0
1955-12-29,63,57,0.00,0.0,0
1955-12-30,69,44,0.00,0.0,0
1955-12-31,53,35,0.00,0.0,0
1956-01-01,63,31,0.00,0.0,0
1956-01-02,73,47,0.00,0.0,0
1956-01-03,70,51,T,0.0,0
1956-01-04,64,41,0.00,0.0,0
1956-01-05,71,35,0.00,0.0,0
1956-01-06,76,54,0.00,0.0,0
1956-01-07,69,47,0.02,0.0,0
1956-01-08,56,38,0.00,0.0,0
1956-01-09,58,36,0.00,0.0,0
1956-01-10,56,34,0.00,0.0,0
1956-01-11,52,39,0.00,0.0,0
1956-01-12,47,36,0.00,0.0,0
1956-01-13,57,36,0.00,0.0,0
1956-01-14,56,35,0.00,0.0,0
1956-01-15,69,31,0.00,0.0,0
1956-01-16,58,42,T,0.0,0
1956-01-17,57,38,0.00,0.0,0
1956-01-18,65,43,0.64,0.0,0
1956-01-19,43,40,0.00,0.0,0
1956-01-20,53,35,0.00,0.0,0
1956-01-21,54,42,0.21,0.0,0
1956-01-22,59,48,1.41,0.0,0
1956-01-23,57,48,0.06,0.0,0
1956-01-24,49,44,0.00,0.0,0
1956-01-25,63,45,0.00,0.0,0
1956-01-26,58,39,0.00,0.0,0
1956-01-27,67,42,0.00,0.0,0
1956-01-28,76,59,T,0.0,0
1956-01-29,76,62,0.00,0.0,0
1956-01-30,65,48,0.03,0.0,0
1956-01-31,54,44,T,0.0,0
1956-02-01,68,52,0.01,0.0,0
1956-02-02,77,64,0.06,0.0,0
1956-02-03,79,65,0.34,0.0,0
1956-02-04,69,49,0.52,0.0,0
1956-02-05,50,44,0.29,0.0,0
1956-02-06,63,43,0.00,0.0,0
1956-02-07,63,41,0.00,0.0,0
1956-02-08,70,52,1.51,0.0,0
1956-02-09,57,52,0.14,0.0,0
1956-02-10,59,47,0.96,0.0,0
1956-02-11,54,40,0.00,0.0,0
1956-02-12,65,37,0.05,0.0,0
1956-02-13,73,53,0.00,0.0,0
1956-02-14,72,60,0.03,0.0,0
1956-02-15,74,62,3.32,0.0,0
1956-02-16,79,64,T,0.0,0
1956-02-17,76,68,T,0.0,0
1956-02-18,81,63,T,0.0,0
1956-02-19,81,67,T,0.0,0
1956-02-20,70,52,0.00,0.0,0
1956-02-21,63,46,0.00,0.0,0
1956-02-22,68,40,0.00,0.0,0
1956-02-23,71,49,0.00,0.0,0
1956-02-24,78,62,0.00,0.0,0
1956-02-25,78,55,T,0.0,0
1956-02-26,67,49,0.01,0.0,0
1956-02-27,78,64,0.03,0.0,0
1956-02-28,68,50,0.00,0.0,0
1956-02-29,64,40,0.00,0.0,0
1956-03-01,69,42,0.00,0.0,0
1956-03-02,75,61,0.38,0.0,0
1956-03-03,68,56,1.07,0.0,0
1956-03-04,72,55,T,0.0,0
1956-03-05,82,63,0.00,0.0,0
1956-03-06,82,68,0.00,0.0,0
1956-03-07,82,50,0.08,0.0,0
1956-03-08,59,41,0.00,0.0,0
1956-03-09,66,38,0.00,0.0,0
1956-03-10,73,58,0.01,0.0,0
1956-03-11,79,63,0.64,0.0,0
1956-03-12,78,59,T,0.0,0
1956-03-13,81,57,0.00,0.0,0
1956-03-14,72,58,0.67,0.0,0
1956-03-15,73,60,0.08,0.0,0
1956-03-16,71,48,0.18,0.0,0
1956-03-17,69,40,0.00,0.0,0
1956-03-18,75,49,0.00,0.0,0
1956-03-19,60,44,0.00,0.0,0
1956-03-20,56,41,0.00,0.0,0
1956-03-21,63,39,T,0.0,0
1956-03-22,68,55,0.00,0.0,0
1956-03-23,74,54,0.00,0.0,0
1956-03-24,79,51,0.00,0.0,0
1956-03-25,70,50,0.00,0.0,0
1956-03-26,78,47,0.00,0.0,0
1956-03-27,78,59,0.00,0.0,0
1956-03-28,82,65,0.00,0.0,0
1956-03-29,68,54,0.55,0.0,0
1956-03-30,73,49,0.00,0.0,0
1956-03-31,76,47,0.00,0.0,0
1956-04-01,78,61,T,0.0,0
1956-04-02,80,68,0.00,0.0,0
1956-04-03,83,71,0.00,0.0,0
1956-04-04,85,70,0.00,0.0,0
1956-04-05,83,71,0.00,0.0,0
1956-04-06,84,67,T,0.0,0
1956-04-07,71,53,0.00,0.0,0
1956-04-08,69,50,0.00,0.0,0
1956-04-09,76,61,1.96,0.0,0
1956-04-10,63,48,0.39,0.0,0
1956-04-11,67,46,0.00,0.0,0
1956-04-12,74,47,0.00,0.0,0
1956-04-13,80,52,0.00,0.0,0
1956-04-14,81,55,0.00,0.0,0
1956-04-15,77,64,0.02,0.0,0
1956-04-16,77,53,0.00,0.0,0
1956-04-17,77,50,0.00,0.0,0
1956-04-18,72,56,0.00,0.0,0
1956-04-19,73,56,0.00,0.0,0
1956-04-20,75,54,0.00,0.0,0
1956-04-21,75,51,0.00,0.0,0
1956-04-22,64,54,0.27,0.0,0
1956-04-23,75,56,0.00,0.0,0
1956-04-24,66,62,1.48,0.0,0
1956-04-25,74,61,0.00,0.0,0
1956-04-26,76,60,T,0.0,0
1956-04-27,82,65,0.04,0.0,0
1956-04-28,84,70,0.00,0.0,0
1956-04-29,86,69,0.00,0.0,0
1956-04-30,87,67,0.00,0.0,0
1956-05-01,87,67,0.00,0.0,0
1956-05-02,83,67,0.38,0.0,0
1956-05-03,75,66,T,0.0,0
1956-05-04,79,68,0.08,0.0,0
1956-05-05,84,69,1.17,0.0,0
1956-05-06,84,68,0.04,0.0,0
1956-05-07,86,64,0.00,0.0,0
1956-05-08,87,70,0.00,0.0,0
1956-05-09,82,71,T,0.0,0
1956-05-10,83,67,0.09,0.0,0
1956-05-11,86,67,0.00,0.0,0
1956-05-12,88,68,0.00,0.0,0
1956-05-13,88,73,T,0.0,0
1956-05-14,89,69,0.00,0.0,0
1956-05-15,89,69,T,0.0,0
1956-05-16,83,68,0.00,0.0,0
1956-05-17,85,57,0.00,0.0,0
1956-05-18,90,62,0.00,0.0,0
1956-05-19,91,66,T,0.0,0
1956-05-20,90,68,0.00,0.0,0
1956-05-21,89,64,0.00,0.0,0
1956-05-22,93,69,0.00,0.0,0
1956-05-23,92,69,0.00,0.0,0
1956-05-24,89,71,0.00,0.0,0
1956-05-25,89,70,T,0.0,0
1956-05-26,88,68,0.00,0.0,0
1956-05-27,83,73,0.10,0.0,0
1956-05-28,84,72,T,0.0,0
1956-05-29,84,70,0.17,0.0,0
1956-05-30,83,72,T,0.0,0
1956-05-31,87,69,0.34,0.0,0
1956-06-01,83,70,0.08,0.0,0
1956-06-02,79,62,0.00,0.0,0
1956-06-03,80,61,0.00,0.0,0
1956-06-04,83,63,0.00,0.0,0
1956-06-05,86,63,0.00,0.0,0
1956-06-06,89,63,0.00,0.0,0
1956-06-07,93,68,0.00,0.0,0
1956-06-08,94,69,0.00,0.0,0
1956-06-09,94,72,0.00,0.0,0
1956-06-10,88,73,T,0.0,0
1956-06-11,91,70,T,0.0,0
1956-06-12,76,70,0.79,0.0,0
1956-06-13,81,67,2.66,0.0,0
1956-06-14,82,68,0.11,0.0,0
1956-06-15,85,70,1.10,0.0,0
1956-06-16,83,69,0.22,0.0,0
1956-06-17,83,72,T,0.0,0
1956-06-18,85,71,T,0.0,0
1956-06-19,89,70,T,0.0,0
1956-06-20,90,71,0.00,0.0,0
1956-06-21,91,73,0.00,0.0,0
1956-06-22,92,73,T,0.0,0
1956-06-23,92,73,0.00,0.0,0
1956-06-24,93,73,0.00,0.0,0
1956-06-25,93,72,0.00,0.0,0
1956-06-26,93,74,0.10,0.0,0
1956-06-27,92,71,0.22,0.0,0
1956-06-28,92,72,0.00,0.0,0
1956-06-29,91,74,0.00,0.0,0
1956-06-30,88,74,1.40,0.0,0
1956-07-01,90,75,0.08,0.0,0
1956-07-02,91,76,T,0.0,0
1956-07-03,93,74,0.00,0.0,0
1956-07-04,94,73,0.94,0.0,0
1956-07-05,93,71,0.31,0.0,0
1956-07-06,91,72,0.00,0.0,0
1956-07-07,90,71,1.11,0.0,0
1956-07-08,86,70,0.35,0.0,0
1956-07-09,83,69,2.00,0.0,0
1956-07-10,83,71,0.20,0.0,0
1956-07-11,90,72,0.00,0.0,0
1956-07-12,93,71,0.28,0.0,0
1956-07-13,93,75,T,0.0,0
1956-07-14,94,76,0.00,0.0,0
1956-07-15,93,75,0.00,0.0,0
1956-07-16,93,74,0.00,0.0,0
1956-07-17,93,72,0.00,0.0,0
1956-07-18,92,75,0.00,0.0,0
1956-07-19,93,75,0.00,0.0,0
1956-07-20,91,73,0.00,0.0,0
1956-07-21,91,73,T,0.0,0
1956-07-22,89,73,0.18,0.0,0
1956-07-23,89,71,0.07,0.0,0
1956-07-24,89,72,0.00,0.0,0
1956-07-25,88,74,0.00,0.0,0
1956-07-26,92,74,1.02,0.0,0
1956-07-27,91,73,0.00,0.0,0
1956-07-28,93,74,0.00,0.0,0
1956-07-29,92,73,T,0.0,0
1956-07-30,94,74,0.01,0.0,0
1956-07-31,88,73,0.10,0.0,0
1956-08-01,88,72,1.40,0.0,0
1956-08-02,88,70,0.09,0.0,0
1956-08-03,92,72,0.00,0.0,0
1956-08-04,93,75,0.92,0.0,0
1956-08-05,91,73,0.00,0.0,0
1956-08-06,92,74,0.00,0.0,0
1956-08-07,94,77,0.00,0.0,0
1956-08-08,95,74,0.00,0.0,0
1956-08-09,96,72,0.00,0.0,0
1956-08-10,93,74,0.00,0.0,0
1956-08-11,93,76,T,0.0,0
1956-08-12,93,75,0.00,0.0,0
1956-08-13,90,75,0.13,0.0,0
1956-08-14,87,74,0.33,0.0,0
1956-08-15,90,73,0.00,0.0,0
1956-08-16,95,74,0.00,0.0,0
1956-08-17,94,74,0.00,0.0,0
1956-08-18,93,76,0.00,0.0,0
1956-08-19,91,75,0.18,0.0,0
1956-08-20,88,72,0.81,0.0,0
1956-08-21,82,71,T,0.0,0
1956-08-22,83,66,0.00,0.0,0
1956-08-23,86,62,0.00,0.0,0
1956-08-24,90,67,0.00,0.0,0
1956-08-25,86,73,T,0.0,0
1956-08-26,89,72,0.00,0.0,0
1956-08-27,89,72,0.37,0.0,0
1956-08-28,89,72,0.09,0.0,0
1956-08-29,91,72,T,0.0,0
1956-08-30,89,74,0.67,0.0,0
1956-08-31,93,76,T,0.0,0
1956-09-01,88,73,0.01,0.0,0
1956-09-02,91,72,T,0.0,0
1956-09-03,92,72,T,0.0,0
1956-09-04,89,72,0.00,0.0,0
1956-09-05,89,73,0.00,0.0,0
1956-09-06,91,74,0.02,0.0,0
1956-09-07,83,73,0.00,0.0,0
1956-09-08,86,72,0.00,0.0,0
1956-09-09,84,71,0.00,0.0,0
1956-09-10,83,68,0.00,0.0,0
1956-09-11,84,64,0.00,0.0,0
1956-09-12,85,65,0.00,0.0,0
1956-09-13,90,66,0.00,0.0,0
1956-09-14,88,66,0.00,0.0,0
1956-09-15,87,65,0.00,0.0,0
1956-09-16,87,67,0.00,0.0,0
1956-09-17,90,69,0.00,0.0,0
1956-09-18,92,70,0.00,0.0,0
1956-09-19,88,71,0.00,0.0,0
1956-09-20,88,74,T,0.0,0
1956-09-21,89,71,0.00,0.0,0
1956-09-22,87,70,0.09,0.0,0
1956-09-23,77,69,4.06,0.0,0
1956-09-24,82,68,1.31,0.0,0
1956-09-25,85,68,0.00,0.0,0
1956-09-26,84,64,0.00,0.0,0
1956-09-27,88,61,0.00,0.0,0
1956-09-28,89,66,0.00,0.0,0
1956-09-29,83,65,T,0.0,0
1956-09-30,75,71,2.53,0.0,0
1956-10-01,86,71,0.80,0.0,0
1956-10-02,81,71,0.59,0.0,0
1956-10-03,84,69,0.00,0.0,0
1956-10-04,84,68,0.00,0.0,0
1956-10-05,81,66,0.00,0.0,0
1956-10-06,85,66,0.00,0.0,0
1956-10-07,88,66,0.00,0.0,0
1956-10-08,79,59,0.00,0.0,0
1956-10-09,82,56,0.00,0.0,0
1956-10-10,83,62,0.00,0.0,0
1956-10-11,82,62,0.00,0.0,0
1956-10-12,81,63,0.00,0.0,0
1956-10-13,81,63,0.00,0.0,0
1956-10-14,81,62,0.00,0.0,0
1956-10-15,82,61,0.00,0.0,0
1956-10-16,82,64,0.00,0.0,0
1956-10-17,83,60,0.00,0.0,0
1956-10-18,83,59,0.00,0.0,0
1956-10-19,75,64,0.09,0.0,0
1956-10-20,83,64,0.38,0.0,0
1956-10-21,80,61,T,0.0,0
1956-10-22,75,60,0.00,0.0,0
1956-10-23,81,60,0.00,0.0,0
1956-10-24,79,60,0.00,0.0,0
1956-10-25,83,60,0.00,0.0,0
1956-10-26,81,67,T,0.0,0
1956-10-27,76,63,0.00,0.0,0
1956-10-28,79,62,0.00,0.0,0
1956-10-29,78,59,0.00,0.0,0
1956-10-30,81,59,0.00,0.0,0
1956-10-31,80,58,0.04,0.0,0
1956-11-01,78,54,0.00,0.0,0
1956-11-02,85,60,0.00,0.0,0
1956-11-03,82,62,0.00,0.0,0
1956-11-04,81,64,0.00,0.0,0
1956-11-05,82,63,0.00,0.0,0
1956-11-06,80,64,0.45,0.0,0
1956-11-07,78,64,1.07,0.0,0
1956-11-08,68,47,T,0.0,0
1956-11-09,56,40,0.00,0.0,0
1956-11-10,66,37,0.00,0.0,0
1956-11-11,74,46,0.00,0.0,0
1956-11-12,78,59,0.00,0.0,0
1956-11-13,77,55,0.00,0.0,0
1956-11-14,81,64,T,0.0,0
1956-11-15,82,66,T,0.0,0
1956-11-16,67,52,0.13,0.0,0
1956-11-17,61,51,T,0.0,0
1956-11-18,67,48,0.00,0.0,0
1956-11-19,80,56,0.00,0.0,0
1956-11-20,80,67,0.00,0.0,0
1956-11-21,72,51,0.06,0.0,0
1956-11-22,59,44,0.00,0.0,0
1956-11-23,66,35,0.00,0.0,0
1956-11-24,59,41,0.00,0.0,0
1956-11-25,68,38,0.00,0.0,0
1956-11-26,53,40,0.00,0.0,0
1956-11-27,53,32,0.00,0.0,0
1956-11-28,67,30,0.00,0.0,0
1956-11-29,55,37,0.07,0.0,0
1956-11-30,60,30,0.00,0.0,0
1956-12-01,65,36,0.00,0.0,0
1956-12-02,70,37,0.00,0.0,0
1956-12-03,72,39,0.00,0.0,0
1956-12-04,75,47,0.00,0.0,0
1956-12-05,77,60,0.00,0.0,0
1956-12-06,79,60,0.00,0.0,0
1956-12-07,80,58,0.00,0.0,0
1956-12-08,77,57,0.01,0.0,0
1956-12-09,69,42,0.02,0.0,0
1956-12-10,52,40,0.00,0.0,0
1956-12-11,76,44,0.00,0.0,0
1956-12-12,80,65,0.00,0.0,0
1956-12-13,69,61,1.56,0.0,0
1956-12-14,66,60,0.00,0.0,0
1956-12-15,73,57,0.00,0.0,0
1956-12-16,74,51,0.00,0.0,0
1956-12-17,77,55,0.00,0.0,0
1956-12-18,74,63,0.00,0.0,0
1956-12-19,70,62,2.19,0.0,0
1956-12-20,75,62,0.05,0.0,0
1956-12-21,76,60,0.00,0.0,0
1956-12-22,79,66,0.28,0.0,0
1956-12-23,73,54,2.38,0.0,0
1956-12-24,57,43,0.00,0.0,0
1956-12-25,55,40,0.00,0.0,0
1956-12-26,65,42,0.00,0.0,0
1956-12-27,70,44,0.00,0.0,0
1956-12-28,70,49,0.00,0.0,0
1956-12-29,56,44,0.00,0.0,0
1956-12-30,71,43,0.00,0.0,0
1956-12-31,74,50,0.00,0.0,0
1957-01-01,76,54,0.01,0.0,0
1957-01-02,55,43,0.00,0.0,0
1957-01-03,70,42,0.00,0.0,0
1957-01-04,76,61,0.04,0.0,0
1957-01-05,71,52,0.33,0.0,0
1957-01-06,62,50,0.00,0.0,0
1957-01-07,64,51,0.06,0.0,0
1957-01-08,76,50,0.00,0.0,0
1957-01-09,79,62,0.00,0.0,0
1957-01-10,74,47,T,0.0,0
1957-01-11,57,42,0.00,0.0,0
1957-01-12,63,52,0.00,0.0,0
1957-01-13,74,59,0.00,0.0,0
1957-01-14,75,63,0.04,0.0,0
1957-01-15,67,47,0.07,0.0,0
1957-01-16,47,33,0.16,0.0,0
1957-01-17,42,28,T,0.0,0
1957-01-18,47,26,0.00,0.0,0
1957-01-19,55,37,0.00,0.0,0
1957-01-20,69,49,0.13,0.0,0
1957-01-21,75,54,0.01,0.0,0
1957-01-22,81,59,0.10,0.0,0
1957-01-23,59,46,0.07,0.0,0
1957-01-24,56,45,0.03,0.0,0
1957-01-25,67,55,0.46,0.0,0
1957-01-26,76,59,T,0.0,0
1957-01-27,80,64,0.00,0.0,0
1957-01-28,82,65,0.04,0.0,0
1957-01-29,82,67,T,0.0,0
1957-01-30,82,65,0.00,0.0,0
1957-01-31,83,67,0.00,0.0,0
1957-02-01,82,64,0.55,0.0,0
1957-02-02,72,60,T,0.0,0
1957-02-03,83,68,0.00,0.0,0
1957-02-04,81,65,0.00,0.0,0
1957-02-05,79,64,0.29,0.0,0
1957-02-06,78,62,T,0.0,0
1957-02-07,80,62,0.00,0.0,0
1957-02-08,79,63,0.00,0.0,0
1957-02-09,82,66,0.00,0.0,0
1957-02-10,83,65,0.00,0.0,0
1957-02-11,72,58,T,0.0,0
1957-02-12,63,53,0.05,0.0,0
1957-02-13,70,50,0.00,0.0,0
1957-02-14,77,47,0.00,0.0,0
1957-02-15,79,54,0.00,0.0,0
1957-02-16,66,53,1.13,0.0,0
1957-02-17,58,48,0.00,0.0,0
1957-02-18,70,51,0.42,0.0,0
1957-02-19,55,49,0.03,0.0,0
1957-02-20,54,48,T,0.0,0
1957-02-21,64,43,0.00,0.0,0
1957-02-22,67,43,0.00,0.0,0
1957-02-23,66,55,0.03,0.0,0
1957-02-24,74,62,0.14,0.0,0
1957-02-25,73,58,0.24,0.0,0
1957-02-26,73,55,0.00,0.0,0
1957-02-27,58,50,T,0.0,0
1957-02-28,65,46,0.00,0.0,0
1957-03-01,72,44,0.00,0.0,0
1957-03-02,76,48,T,0.0,0
1957-03-03,71,58,0.11,0.0,0
1957-03-04,70,57,0.22,0.0,0
1957-03-05,72,55,0.36,0.0,0
1957-03-06,66,48,T,0.0,0
1957-03-07,57,42,0.02,0.0,0
1957-03-08,53,39,0.00,0.0,0
1957-03-09,66,40,0.00,0.0,0
1957-03-10,70,43,0.00,0.0,0
1957-03-11,75,57,0.71,0.0,0
1957-03-12,66,60,1.09,0.0,0
1957-03-13,72,60,T,0.0,0
1957-03-14,80,62,0.00,0.0,0
1957-03-15,72,58,0.00,0.0,0
1957-03-16,73,53,0.00,0.0,0
1957-03-17,71,50,0.15,0.0,0
1957-03-18,75,60,0.97,0.0,0
1957-03-19,78,63,0.00,0.0,0
1957-03-20,67,57,T,0.0,0
1957-03-21,66,57,1.33,0.0,0
1957-03-22,76,56,0.00,0.0,0
1957-03-23,76,61,1.20,0.0,0
1957-03-24,70,54,0.07,0.0,0
1957-03-25,64,49,0.00,0.0,0
1957-03-26,61,44,0.00,0.0,0
1957-03-27,67,43,0.00,0.0,0
1957-03-28,62,49,T,0.0,0
1957-03-29,72,52,0.00,0.0,0
1957-03-30,74,50,0.00,0.0,0
1957-03-31,79,63,1.96,0.0,0
1957-04-01,83,61,0.00,0.0,0
1957-04-02,83,63,0.00,0.0,0
1957-04-03,81,71,0.00,0.0,0
1957-04-04,75,59,3.62,0.0,0
1957-04-05,69,52,0.00,0.0,0
1957-04-06,72,47,0.00,0.0,0
1957-04-07,78,57,T,0.0,0
1957-04-08,80,52,0.04,0.0,0
1957-04-09,65,46,0.00,0.0,0
1957-04-10,71,50,0.04,0.0,0
1957-04-11,71,57,1.13,0.0,0
1957-04-12,78,51,0.00,0.0,0
1957-04-13,70,52,0.00,0.0,0
1957-04-14,67,51,0.00,0.0,0
1957-04-15,71,50,0.00,0.0,0
1957-04-16,75,59,0.08,0.0,0
1957-04-17,84,66,0.54,0.0,0
1957-04-18,84,63,0.00,0.0,0
1957-04-19,83,67,0.00,0.0,0
1957-04-20,80,70,T,0.0,0
1957-04-21,85,68,0.00,0.0,0
1957-04-22,84,69,0.00,0.0,0
1957-04-23,81,68,T,0.0,0
1957-04-24,82,69,0.00,0.0,0
1957-04-25,83,66,0.02,0.0,0
1957-04-26,82,68,T,0.0,0
1957-04-27,83,66,0.00,0.0,0
1957-04-28,84,67,0.00,0.0,0
1957-04-29,81,67,0.00,0.0,0
1957-04-30,78,67,1.32,0.0,0
1957-05-01,74,66,0.11,0.0,0
1957-05-02,80,68,0.21,0.0,0
1957-05-03,83,66,0.25,0.0,0
1957-05-04,77,63,0.00,0.0,0
1957-05-05,70,57,0.00,0.0,0
1957-05-06,75,58,0.00,0.0,0
1957-05-07,80,56,0.00,0.0,0
1957-05-08,81,64,0.21,0.0,0
1957-05-09,80,69,0.02,0.0,0
1957-05-10,79,68,T,0.0,0
1957-05-11,85,65,0.00,0.0,0
1957-05-12,87,71,0.00,0.0,0
1957-05-13,87,72,0.00,0.0,0
1957-05-14,88,72,T,0.0,0
1957-05-15,89,70,0.00,0.0,0
1957-05-16,89,71,0.00,0.0,0
1957-05-17,90,69,0.02,0.0,0
1957-05-18,88,69,0.00,0.0,0
1957-05-19,91,71,0.00,0.0,0
1957-05-20,89,70,0.00,0.0,0
1957-05-21,88,77,0.00,0.0,0
1957-05-22,89,78,0.00,0.0,0
1957-05-23,90,77,0.26,0.0,0
1957-05-24,89,76,0.00,0.0,0
1957-05-25,89,76,0.00,0.0,0
1957-05-26,88,73,0.08,0.0,0
1957-05-27,87,71,0.00,0.0,0
1957-05-28,85,70,0.00,0.0,0
1957-05-29,87,67,0.00,0.0,0
1957-05-30,88,70,0.00,0.0,0
1957-05-31,86,70,0.08,0.0,0
1957-06-01,86,69,0.11,0.0,0
1957-06-02,85,69,0.51,0.0,0
1957-06-03,79,68,1.39,0.0,0
1957-06-04,83,68,0.62,0.0,0
1957-06-05,81,69,0.03,0.0,0
1957-06-06,84,69,0.07,0.0,0
1957-06-07,85,69,1.05,0.0,0
1957-06-08,87,72,T,0.0,0
1957-06-09,87,72,0.01,0.0,0
1957-06-10,90,73,T,0.0,0
1957-06-11,92,75,0.00,0.0,0
1957-06-12,91,75,0.00,0.0,0
1957-06-13,90,76,0.00,0.0,0
1957-06-14,91,78,0.00,0.0,0
1957-06-15,90,76,0.09,0.0,0
1957-06-16,91,75,0.00,0.0,0
1957-06-17,92,76,0.04,0.0,0
1957-06-18,89,74,1.74,0.0,0
1957-06-19,90,73,0.00,0.0,0
1957-06-20,91,73,T,0.0,0
1957-06-21,85,72,0.29,0.0,0
1957-06-22,91,76,0.00,0.0,0
1957-06-23,89,74,0.65,0.0,0
1957-06-24,84,74,0.66,0.0,0
1957-06-25,86,72,0.00,0.0,0
1957-06-26,84,74,T,0.0,0
1957-06-27,85,75,0.14,0.0,0
1957-06-28,91,78,0.01,0.0,0
1957-06-29,91,77,0.00,0.0,0
1957-06-30,93,77,0.00,0.0,0
1957-07-01,94,76,0.00,0.0,0
1957-07-02,95,75,0.00,0.0,0
1957-07-03,94,76,0.57,0.0,0
1957-07-04,92,77,0.00,0.0,0
1957-07-05,96,77,0.00,0.0,0
1957-07-06,93,79,0.00,0.0,0
1957-07-07,95,76,0.00,0.0,0
1957-07-08,91,77,0.00,0.0,0
1957-07-09,93,74,0.00,0.0,0
1957-07-10,97,78,0.00,0.0,0
1957-07-11,95,79,0.00,0.0,0
1957-07-12,94,76,0.00,0.0,0
1957-07-13,94,75,0.00,0.0,0
1957-07-14,95,77,0.00,0.0,0
1957-07-15,95,75,0.00,0.0,0
1957-07-16,94,77,0.00,0.0,0
1957-07-17,93,75,0.99,0.0,0
1957-07-18,88,74,0.08,0.0,0
1957-07-19,92,74,0.54,0.0,0
1957-07-20,85,76,T,0.0,0
1957-07-21,90,76,T,0.0,0
1957-07-22,87,75,1.15,0.0,0
1957-07-23,92,73,0.00,0.0,0
1957-07-24,91,76,0.00,0.0,0
1957-07-25,90,76,0.51,0.0,0
1957-07-26,90,77,T,0.0,0
1957-07-27,92,75,0.00,0.0,0
1957-07-28,94,78,0.00,0.0,0
1957-07-29,93,76,0.00,0.0,0
1957-07-30,92,73,1.20,0.0,0
1957-07-31,87,75,0.08,0.0,0
1957-08-01,84,72,2.48,0.0,0
1957-08-02,80,75,0.40,0.0,0
1957-08-03,90,76,0.86,0.0,0
1957-08-04,91,76,0.00,0.0,0
1957-08-05,89,76,0.02,0.0,0
1957-08-06,89,72,0.00,0.0,0
1957-08-07,88,76,0.00,0.0,0
1957-08-08,86,77,0.01,0.0,0
1957-08-09,82,76,0.17,0.0,0
1957-08-10,89,76,0.16,0.0,0
1957-08-11,91,76,0.00,0.0,0
1957-08-12,91,74,0.27,0.0,0
1957-08-13,90,75,0.28,0.0,0
1957-08-14,90,75,0.33,0.0,0
1957-08-15,92,75,0.00,0.0,0
1957-08-16,92,76,0.17,0.0,0
1957-08-17,92,77,0.04,0.0,0
1957-08-18,93,75,T,0.0,0
1957-08-19,90,74,0.00,0.0,0
1957-08-20,90,76,0.00,0.0,0
1957-08-21,91,73,0.00,0.0,0
1957-08-22,89,72,0.00,0.0,0
1957-08-23,88,72,0.00,0.0,0
1957-08-24,89,69,0.00,0.0,0
1957-08-25,91,73,0.00,0.0,0
1957-08-26,92,75,0.00,0.0,0
1957-08-27,94,74,0.00,0.0,0
1957-08-28,91,74,0.02,0.0,0
1957-08-29,89,73,0.04,0.0,0
1957-08-30,82,74,2.06,0.0,0
1957-08-31,87,76,0.26,0.0,0
1957-09-01,88,75,0.00,0.0,0
1957-09-02,89,75,0.00,0.0,0
1957-09-03,89,72,T,0.0,0
1957-09-04,85,72,0.15,0.0,0
1957-09-05,86,73,0.03,0.0,0
1957-09-06,89,73,0.00,0.0,0
1957-09-07,91,72,0.05,0.0,0
1957-09-08,83,70,0.00,0.0,0
1957-09-09,82,71,0.00,0.0,0
1957-09-10,87,71,0.07,0.0,0
1957-09-11,88,75,0.00,0.0,0
1957-09-12,90,71,1.20,0.0,0
1957-09-13,81,72,0.03,0.0,0
1957-09-14,88,73,0.48,0.0,0
1957-09-15,78,72,0.68,0.0,0
1957-09-16,84,71,T,0.0,0
1957-09-17,77,69,2.73,0.0,0
1957-09-18,85,71,2.73,0.0,0
1957-09-19,84,72,0.12,0.0,0
1957-09-20,86,74,0.09,0.0,0
1957-09-21,90,75,0.00,0.0,0
1957-09-22,88,74,T,0.0,0
1957-09-23,81,72,T,0.0,0
1957-09-24,79,69,T,0.0,0
1957-09-25,80,67,T,0.0,0
1957-09-26,78,72,1.83,0.0,0
1957-09-27,77,65,T,0.0,0
1957-09-28,67,61,T,0.0,0
1957-09-29,65,60,T,0.0,0
1957-09-30,65,61,0.02,0.0,0
1957-10-01,72,62,T,0.0,0
1957-10-02,77,64,T,0.0,0
1957-10-03,82,61,T,0.0,0
1957-10-04,79,63,0.00,0.0,0
1957-10-05,77,63,0.00,0.0,0
1957-10-06,78,61,0.00,0.0,0
1957-10-07,78,59,0.00,0.0,0
1957-10-08,79,59,0.00,0.0,0
1957-10-09,81,59,0.00,0.0,0
1957-10-10,81,61,0.00,0.0,0
1957-10-11,79,64,0.00,0.0,0
1957-10-12,77,58,0.00,0.0,0
1957-10-13,82,60,0.00,0.0,0
1957-10-14,80,66,T,0.0,0
1957-10-15,78,71,0.16,0.0,0
1957-10-16,77,66,1.79,0.0,0
1957-10-17,83,68,0.01,0.0,0
1957-10-18,76,59,0.00,0.0,0
1957-10-19,69,56,0.00,0.0,0
1957-10-20,72,53,0.00,0.0,0
1957-10-21,78,64,T,0.0,0
1957-10-22,80,71,0.12,0.0,0
1957-10-23,80,66,0.07,0.0,0
1957-10-24,73,61,0.00,0.0,0
1957-10-25,63,50,T,0.0,0
1957-10-26,54,45,0.00,0.0,0
1957-10-27,56,42,0.00,0.0,0
1957-10-28,57,41,0.00,0.0,0
1957-10-29,67,41,0.00,0.0,0
1957-10-30,73,52,T,0.0,0
1957-10-31,79,59,0.00,0.0,0
1957-11-01,78,60,0.00,0.0,0
1957-11-02,82,58,0.00,0.0,0
1957-11-03,79,63,0.00,0.0,0
1957-11-04,71,59,0.00,0.0,0
1957-11-05,72,58,0.00,0.0,0
1957-11-06,72,57,0.00,0.0,0
1957-11-07,78,64,0.00,0.0,0
1957-11-08,73,57,0.37,0.0,0
1957-11-09,61,49,0.00,0.0,0
1957-11-10,57,48,0.00,0.0,0
1957-11-11,63,49,0.00,0.0,0
1957-11-12,69,56,0.29,0.0,0
1957-11-13,72,65,1.14,0.0,0
1957-11-14,74,58,0.28,0.0,0
1957-11-15,82,53,T,0.0,0
1957-11-16,83,70,T,0.0,0
1957-11-17,82,74,T,0.0,0
1957-11-18,79,55,0.61,0.0,0
1957-11-19,61,47,0.00,0.0,0
1957-11-20,68,43,0.00,0.0,0
1957-11-21,71,48,0.00,0.0,0
1957-11-22,61,51,1.00,0.0,0
1957-11-23,53,49,T,0.0,0
1957-11-24,54,45,0.38,0.0,0
1957-11-25,56,45,T,0.0,0
1957-11-26,61,41,0.00,0.0,0
1957-11-27,70,46,0.00,0.0,0
1957-11-28,75,60,0.07,0.0,0
1957-11-29,72,56,0.01,0.0,0
1957-11-30,57,38,0.00,0.0,0
1957-12-01,59,32,0.00,0.0,0
1957-12-02,64,38,0.00,0.0,0
1957-12-03,64,49,0.18,0.0,0
1957-12-04,57,40,0.00,0.0,0
1957-12-05,64,37,0.00,0.0,0
1957-12-06,74,54,0.00,0.0,0
1957-12-07,67,54,0.58,0.0,0
1957-12-08,60,44,T,0.0,0
1957-12-09,49,38,0.00,0.0,0
1957-12-10,65,36,0.00,0.0,0
1957-12-11,53,30,0.00,0.0,0
1957-12-12,48,25,0.00,0.0,0
1957-12-13,66,39,0.01,0.0,0
1957-12-14,70,55,0.07,0.0,0
1957-12-15,73,55,0.00,0.0,0
1957-12-16,71,47,0.00,0.0,0
1957-12-17,74,52,0.00,0.0,0
1957-12-18,75,58,0.00,0.0,0
1957-12-19,72,63,0.08,0.0,0
1957-12-20,67,49,0.11,0.0,0
1957-12-21,63,42,0.00,0.0,0
1957-12-22,68,42,0.00,0.0,0
1957-12-23,71,51,0.00,0.0,0
1957-12-24,68,51,0.00,0.0,0
1957-12-25,71,48,1.12,0.0,0
1957-12-26,63,46,0.00,0.0,0
1957-12-27,68,44,T,0.0,0
1957-12-28,63,49,0.94,0.0,0
1957-12-29,57,43,0.00,0.0,0
1957-12-30,64,40,0.00,0.0,0
1957-12-31,74,46,0.00,0.0,0
1958-01-01,53,37,0.00,0.0,0
1958-01-02,47,33,0.00,0.0,0
1958-01-03,51,36,0.00,0.0,0
1958-01-04,53,36,0.00,0.0,0
1958-01-05,50,43,0.00,0.0,0
1958-01-06,46,42,0.58,0.0,0
1958-01-07,44,35,0.00,0.0,0
1958-01-08,39,28,0.00,0.0,0
1958-01-09,51,26,0.00,0.0,0
1958-01-10,65,39,0.00,0.0,0
1958-01-11,69,44,0.01,0.0,0
1958-01-12,60,54,1.37,0.0,0
1958-01-13,57,49,0.00,0.0,0
1958-01-14,63,41,0.00,0.0,0
1958-01-15,57,46,0.01,0.0,0
1958-01-16,57,40,0.00,0.0,0
1958-01-17,65,37,0.00,0.0,0
1958-01-18,52,40,0.00,0.0,0
1958-01-19,57,42,T,0.0,0
1958-01-20,64,56,3.17,0.0,0
1958-01-21,56,41,0.00,0.0,0
1958-01-22,57,38,0.00,0.0,0
1958-01-23,49,39,1.28,0.0,0
1958-01-24,54,39,0.01,0.0,0
1958-01-25,61,37,T,0.0,0
1958-01-26,68,46,0.00,0.0,0
1958-01-27,58,43,0.00,0.0,0
1958-01-28,58,41,0.33,0.0,0
1958-01-29,53,42,0.02,0.0,0
1958-01-30,64,40,0.00,0.0,0
1958-01-31,71,51,0.00,0.0,0
1958-02-01,58,45,0.00,0.0,0
1958-02-02,61,42,0.00,0.0,0
1958-02-03,49,36,0.00,0.0,0
1958-02-04,61,32,0.00,0.0,0
1958-02-05,74,53,0.05,0.0,0
1958-02-06,75,58,T,0.0,0
1958-02-07,59,41,0.00,0.0,0
1958-02-08,51,35,0.00,0.0,0
1958-02-09,49,37,0.00,0.0,0
1958-02-10,46,36,1.47,0.0,0
1958-02-11,47,34,0.01,0.0,0
1958-02-12,39,30,0.18,2.0,0
1958-02-13,44,25,0.00,0.0,2
1958-02-14,58,30,0.56,0.0,0
1958-02-15,51,37,0.00,0.0,0
1958-02-16,45,33,0.00,0.0,0
1958-02-17,39,33,0.00,0.0,0
1958-02-18,46,29,0.00,0.0,0
1958-02-19,49,37,0.00,0.0,0
1958-02-20,55,38,0.00,0.0,0
1958-02-21,62,36,0.00,0.0,0
1958-02-22,59,49,0.31,0.0,0
1958-02-23,59,49,1.09,0.0,0
1958-02-24,65,51,0.00,0.0,0
1958-02-25,61,49,0.00,0.0,0
1958-02-26,75,52,0.29,0.0,0
1958-02-27,72,53,0.00,0.0,0
1958-02-28,74,50,0.00,0.0,0
1958-03-01,68,47,0.00,0.0,0
1958-03-02,71,51,0.00,0.0,0
1958-03-03,71,50,0.00,0.0,0
1958-03-04,71,52,0.00,0.0,0
1958-03-05,66,57,0.35,0.0,0
1958-03-06,68,57,0.69,0.0,0
1958-03-07,79,64,1.37,0.0,0
1958-03-08,75,62,1.05,0.0,0
1958-03-09,68,53,0.00,0.0,0
1958-03-10,67,47,0.00,0.0,0
1958-03-11,73,53,T,0.0,0
1958-03-12,63,54,0.24,0.0,0
1958-03-13,58,45,T,0.0,0
1958-03-14,60,44,0.00,0.0,0
1958-03-15,61,42,0.00,0.0,0
1958-03-16,67,44,0.00,0.0,0
1958-03-17,74,54,0.56,0.0,0
1958-03-18,62,43,0.11,0.0,0
1958-03-19,61,42,0.00,0.0,0
1958-03-20,60,44,0.00,0.0,0
1958-03-21,67,46,0.00,0.0,0
1958-03-22,72,52,0.00,0.0,0
1958-03-23,66,61,2.39,0.0,0
1958-03-24,65,55,0.00,0.0,0
1958-03-25,58,53,0.01,0.0,0
1958-03-26,57,50,T,0.0,0
1958-03-27,54,46,0.00,0.0,0
1958-03-28,66,43,0.00,0.0,0
1958-03-29,73,51,0.21,0.0,0
1958-03-30,77,59,T,0.0,0
1958-03-31,70,52,0.00,0.0,0
1958-04-01,70,53,0.00,0.0,0
1958-04-02,74,53,0.00,0.0,0
1958-04-03,84,60,0.00,0.0,0
1958-04-04,83,63,0.00,0.0,0
1958-04-05,83,66,0.00,0.0,0
1958-04-06,82,57,0.00,0.0,0
1958-04-07,70,57,0.00,0.0,0
1958-04-08,66,50,T,0.0,0
1958-04-09,64,57,0.91,0.0,0
1958-04-10,74,57,0.00,0.0,0
1958-04-11,71,51,0.00,0.0,0
1958-04-12,70,55,0.00,0.0,0
1958-04-13,75,56,0.00,0.0,0
1958-04-14,70,58,0.69,0.0,0
1958-04-15,73,56,T,0.0,0
1958-04-16,77,56,0.00,0.0,0
1958-04-17,79,58,0.00,0.0,0
1958-04-18,76,61,T,0.0,0
1958-04-19,81,59,T,0.0,0
1958-04-20,77,58,0.18,0.0,0
1958-04-21,81,63,0.08,0.0,0
1958-04-22,82,62,T,0.0,0
1958-04-23,86,66,0.00,0.0,0
1958-04-24,90,75,0.00,0.0,0
1958-04-25,84,71,0.00,0.0,0
1958-04-26,85,67,0.00,0.0,0
1958-04-27,85,66,T,0.0,0
1958-04-28,84,65,0.14,0.0,0
1958-04-29,86,68,0.00,0.0,0
1958-04-30,85,68,0.00,0.0,0
1958-05-01,85,69,0.00,0.0,0
1958-05-02,84,69,0.00,0.0,0
1958-05-03,85,69,0.00,0.0,0
1958-05-04,87,71,0.04,0.0,0
1958-05-05,84,64,T,0.0,0
1958-05-06,76,61,T,0.0,0
1958-05-07,79,53,0.00,0.0,0
1958-05-08,81,59,0.00,0.0,0
1958-05-09,81,60,0.00,0.0,0
1958-05-10,82,65,1.78,0.0,0
1958-05-11,81,64,0.93,0.0,0
1958-05-12,84,63,0.00,0.0,0
1958-05-13,87,67,0.00,0.0,0
1958-05-14,84,67,0.00,0.0,0
1958-05-15,82,66,0.00,0.0,0
1958-05-16,82,64,0.00,0.0,0
1958-05-17,79,67,0.38,0.0,0
1958-05-18,77,66,0.66,0.0,0
1958-05-19,84,67,1.47,0.0,0
1958-05-20,83,69,0.50,0.0,0
1958-05-21,82,71,T,0.0,0
1958-05-22,81,71,0.15,0.0,0
1958-05-23,83,69,0.28,0.0,0
1958-05-24,83,70,T,0.0,0
1958-05-25,89,70,0.00,0.0,0
1958-05-26,91,72,0.00,0.0,0
1958-05-27,92,73,0.00,0.0,0
1958-05-28,93,70,0.40,0.0,0
1958-05-29,90,72,0.00,0.0,0
1958-05-30,90,72,0.11,0.0,0
1958-05-31,90,73,0.00,0.0,0
1958-06-01,90,71,0.00,0.0,0
1958-06-02,91,73,0.00,0.0,0
1958-06-03,91,73,T,0.0,0
1958-06-04,87,71,0.02,0.0,0
1958-06-05,90,73,0.00,0.0,0
1958-06-06,91,73,T,0.0,0
1958-06-07,90,72,0.03,0.0,0
1958-06-08,90,73,0.00,0.0,0
1958-06-09,90,73,0.00,0.0,0
1958-06-10,90,72,0.55,0.0,0
1958-06-11,91,73,0.00,0.0,0
1958-06-12,93,74,0.00,0.0,0
1958-06-13,89,74,0.09,0.0,0
1958-06-14,88,79,0.11,0.0,0
1958-06-15,92,75,0.85,0.0,0
1958-06-16,92,75,0.06,0.0,0
1958-06-17,92,77,0.11,0.0,0
1958-06-18,92,77,0.00,0.0,0
1958-06-19,90,77,0.15,0.0,0
1958-06-20,94,77,T,0.0,0
1958-06-21,92,77,0.14,0.0,0
1958-06-22,81,74,0.23,0.0,0
1958-06-23,88,74,0.00,0.0,0
1958-06-24,91,72,0.00,0.0,0
1958-06-25,91,75,0.08,0.0,0
1958-06-26,82,72,0.39,0.0,0
1958-06-27,81,72,0.00,0.0,0
1958-06-28,85,71,0.00,0.0,0
1958-06-29,87,65,0.00,0.0,0
1958-06-30,89,68,T,0.0,0
1958-07-01,86,72,0.84,0.0,0
1958-07-02,88,72,0.05,0.0,0
1958-07-03,90,71,0.00,0.0,0
1958-07-04,89,72,0.00,0.0,0
1958-07-05,92,73,0.00,0.0,0
1958-07-06,89,74,0.60,0.0,0
1958-07-07,86,72,0.42,0.0,0
1958-07-08,85,73,0.26,0.0,0
1958-07-09,87,74,0.27,0.0,0
1958-07-10,89,74,0.87,0.0,0
1958-07-11,91,75,0.01,0.0,0
1958-07-12,89,73,0.88,0.0,0
1958-07-13,90,74,0.91,0.0,0
1958-07-14,88,74,1.05,0.0,0
1958-07-15,92,75,0.03,0.0,0
1958-07-16,87,75,0.05,0.0,0
1958-07-17,91,75,0.00,0.0,0
1958-07-18,90,74,0.00,0.0,0
1958-07-19,92,74,0.00,0.0,0
1958-07-20,86,75,0.07,0.0,0
1958-07-21,81,73,0.62,0.0,0
1958-07-22,85,74,0.07,0.0,0
1958-07-23,87,74,1.35,0.0,0
1958-07-24,90,75,0.01,0.0,0
1958-07-25,92,75,0.00,0.0,0
1958-07-26,93,76,0.75,0.0,0
1958-07-27,89,76,0.01,0.0,0
1958-07-28,93,73,0.00,0.0,0
1958-07-29,95,77,0.00,0.0,0
1958-07-30,94,79,0.00,0.0,0
1958-07-31,92,77,T,0.0,0
1958-08-01,95,78,0.01,0.0,0
1958-08-02,94,78,0.00,0.0,0
1958-08-03,91,78,T,0.0,0
1958-08-04,93,75,0.00,0.0,0
1958-08-05,93,77,0.00,0.0,0
1958-08-06,93,76,0.00,0.0,0
1958-08-07,92,74,0.00,0.0,0
1958-08-08,87,76,0.01,0.0,0
1958-08-09,90,75,0.08,0.0,0
1958-08-10,91,75,0.10,0.0,0
1958-08-11,92,73,0.00,0.0,0
1958-08-12,92,72,0.37,0.0,0
1958-08-13,90,71,0.00,0.0,0
1958-08-14,91,75,0.01,0.0,0
1958-08-15,89,76,T,0.0,0
1958-08-16,87,75,T,0.0,0
1958-08-17,87,75,0.54,0.0,0
1958-08-18,88,74,0.00,0.0,0
1958-08-19,93,71,0.00,0.0,0
1958-08-20,93,75,T,0.0,0
1958-08-21,92,74,0.00,0.0,0
1958-08-22,87,76,0.11,0.0,0
1958-08-23,88,74,0.30,0.0,0
1958-08-24,80,72,0.26,0.0,0
1958-08-25,78,72,1.40,0.0,0
1958-08-26,88,74,0.00,0.0,0
1958-08-27,86,69,0.00,0.0,0
1958-08-28,88,68,0.00,0.0,0
1958-08-29,89,72,0.00,0.0,0
1958-08-30,90,71,0.00,0.0,0
1958-08-31,91,73,0.00,0.0,0
1958-09-01,92,72,0.00,0.0,0
1958-09-02,92,74,0.00,0.0,0
1958-09-03,82,74,0.25,0.0,0
1958-09-04,80,72,1.35,0.0,0
1958-09-05,83,73,0.76,0.0,0
1958-09-06,87,74,0.02,0.0,0
1958-09-07,89,75,T,0.0,0
1958-09-08,86,74,T,0.0,0
1958-09-09,89,73,0.00,0.0,0
1958-09-10,89,70,0.00,0.0,0
1958-09-11,89,73,0.06,0.0,0
1958-09-12,87,74,0.36,0.0,0
1958-09-13,83,73,0.01,0.0,0
1958-09-14,84,71,0.38,0.0,0
1958-09-15,87,73,0.38,0.0,0
1958-09-16,90,72,T,0.0,0
1958-09-17,89,76,0.00,0.0,0
1958-09-18,89,75,0.09,0.0,0
1958-09-19,86,76,0.14,0.0,0
1958-09-20,88,76,T,0.0,0
1958-09-21,85,75,1.23,0.0,0
1958-09-22,87,73,0.46,0.0,0
1958-09-23,91,75,0.28,0.0,0
1958-09-24,89,74,0.00,0.0,0
1958-09-25,89,75,0.33,0.0,0
1958-09-26,83,75,T,0.0,0
1958-09-27,90,74,0.00,0.0,0
1958-09-28,80,70,0.00,0.0,0
1958-09-29,84,64,0.00,0.0,0
1958-09-30,87,72,0.47,0.0,0
1958-10-01,75,61,T,0.0,0
1958-10-02,75,60,T,0.0,0
1958-10-03,74,68,0.01,0.0,0
1958-10-04,75,66,T,0.0,0
1958-10-05,80,66,0.00,0.0,0
1958-10-06,82,65,0.00,0.0,0
1958-10-07,82,63,0.00,0.0,0
1958-10-08,84,71,0.00,0.0,0
1958-10-09,87,71,0.00,0.0,0
1958-10-10,87,68,0.00,0.0,0
1958-10-11,81,68,0.00,0.0,0
1958-10-12,78,63,0.00,0.0,0
1958-10-13,79,62,0.00,0.0,0
1958-10-14,79,62,0.00,0.0,0
1958-10-15,79,67,0.00,0.0,0
1958-10-16,77,70,T,0.0,0
1958-10-17,76,67,0.15,0.0,0
1958-10-18,78,66,0.03,0.0,0
1958-10-19,80,63,0.00,0.0,0
1958-10-20,79,58,0.00,0.0,0
1958-10-21,79,57,0.00,0.0,0
1958-10-22,83,58,0.00,0.0,0
1958-10-23,82,65,0.00,0.0,0
1958-10-24,79,59,0.00,0.0,0
1958-10-25,82,58,0.00,0.0,0
1958-10-26,72,60,0.00,0.0,0
1958-10-27,69,58,T,0.0,0
1958-10-28,64,56,0.07,0.0,0
1958-10-29,59,53,0.25,0.0,0
1958-10-30,61,54,0.36,0.0,0
1958-10-31,62,56,0.02,0.0,0
1958-11-01,67,50,0.00,0.0,0
1958-11-02,68,50,0.00,0.0,0
1958-11-03,66,50,0.15,0.0,0
1958-11-04,63,58,0.53,0.0,0
1958-11-05,66,60,0.01,0.0,0
1958-11-06,71,61,T,0.0,0
1958-11-07,69,54,0.00,0.0,0
1958-11-08,80,53,0.00,0.0,0
1958-11-09,82,60,0.00,0.0,0
1958-11-10,74,57,0.00,0.0,0
1958-11-11,72,51,0.00,0.0,0
1958-11-12,74,52,0.00,0.0,0
1958-11-13,80,65,0.00,0.0,0
1958-11-14,77,69,T,0.0,0
1958-11-15,83,72,0.08,0.0,0
1958-11-16,83,71,0.00,0.0,0
1958-11-17,80,70,0.00,0.0,0
1958-11-18,83,56,0.01,0.0,0
1958-11-19,62,52,0.03,0.0,0
1958-11-20,65,50,0.00,0.0,0
1958-11-21,71,50,0.00,0.0,0
1958-11-22,73,46,0.00,0.0,0
1958-11-23,72,47,0.00,0.0,0
1958-11-24,72,51,0.00,0.0,0
1958-11-25,80,61,T,0.0,0
1958-11-26,79,52,0.00,0.0,0
1958-11-27,59,48,T,0.0,0
1958-11-28,73,38,0.29,0.0,0
1958-11-29,52,34,0.00,0.0,0
1958-11-30,61,45,0.00,0.0,0
1958-12-01,68,48,0.00,0.0,0
1958-12-02,68,56,T,0.0,0
1958-12-03,67,52,0.00,0.0,0
1958-12-04,73,50,0.00,0.0,0
1958-12-05,82,58,0.00,0.0,0
1958-12-06,62,51,0.00,0.0,0
1958-12-07,54,47,0.00,0.0,0
1958-12-08,65,42,0.00,0.0,0
1958-12-09,67,56,0.00,0.0,0
1958-12-10,57,40,0.51,0.0,0
1958-12-11,53,38,0.00,0.0,0
1958-12-12,61,36,0.00,0.0,0
1958-12-13,58,41,0.07,0.0,0
1958-12-14,46,33,0.00,0.0,0
1958-12-15,45,30,0.00,0.0,0
1958-12-16,54,33,0.00,0.0,0
1958-12-17,63,31,0.00,0.0,0
1958-12-18,66,42,0.00,0.0,0
1958-12-19,70,39,0.00,0.0,0
1958-12-20,66,50,0.00,0.0,0
1958-12-21,57,41,0.00,0.0,0
1958-12-22,69,43,T,0.0,0
1958-12-23,73,57,0.74,0.0,0
1958-12-24,66,51,T,0.0,0
1958-12-25,51,44,0.00,0.0,0
1958-12-26,55,45,T,0.0,0
1958-12-27,56,44,0.01,0.0,0
1958-12-28,53,41,0.00,0.0,0
1958-12-29,54,41,0.00,0.0,0
1958-12-30,52,45,T,0.0,0
1958-12-31,62,47,0.13,0.0,0
1959-01-01,49,41,0.01,0.0,0
1959-01-02,51,40,0.02,0.0,0
1959-01-03,62,47,0.01,0.0,0
1959-01-04,54,34,T,0.0,0
1959-01-05,43,29,0.00,0.0,0
1959-01-06,49,32,0.00,0.0,0
1959-01-07,67,43,0.04,0.0,0
1959-01-08,64,44,0.76,0.0,0
1959-01-09,51,38,0.00,0.0,0
1959-01-10,49,31,0.00,0.0,0
1959-01-11,59,29,0.00,0.0,0
1959-01-12,66,30,0.00,0.0,0
1959-01-13,69,43,0.00,0.0,0
1959-01-14,70,45,0.00,0.0,0
1959-01-15,71,45,1.06,0.0,0
1959-01-16,46,32,0.00,0.0,0
1959-01-17,43,30,0.00,0.0,0
1959-01-18,63,31,0.00,0.0,0
1959-01-19,69,44,0.00,0.0,0
1959-01-20,73,62,0.03,0.0,0
1959-01-21,75,36,0.52,0.0,0
1959-01-22,45,31,0.00,0.0,0
1959-01-23,55,31,0.00,0.0,0
1959-01-24,58,34,0.00,0.0,0
1959-01-25,67,45,0.00,0.0,0
1959-01-26,71,44,0.00,0.0,0
1959-01-27,74,53,0.00,0.0,0
1959-01-28,66,49,0.00,0.0,0
1959-01-29,73,47,0.00,0.0,0
1959-01-30,65,53,1.22,0.0,0
1959-01-31,56,50,0.04,0.0,0
1959-02-01,57,50,0.19,0.0,0
1959-02-02,54,48,1.42,0.0,0
1959-02-03,55,49,0.12,0.0,0
1959-02-04,55,42,0.90,0.0,0
1959-02-05,62,38,0.00,0.0,0
1959-02-06,56,44,0.00,0.0,0
1959-02-07,62,49,T,0.0,0
1959-02-08,69,57,T,0.0,0
1959-02-09,76,64,T,0.0,0
1959-02-10,79,62,0.18,0.0,0
1959-02-11,64,54,T,0.0,0
1959-02-12,75,54,0.01,0.0,0
1959-02-13,81,62,T,0.0,0
1959-02-14,81,62,0.53,0.0,0
1959-02-15,65,53,0.08,0.0,0
1959-02-16,64,48,0.00,0.0,0
1959-02-17,75,52,0.00,0.0,0
1959-02-18,78,46,0.00,0.0,0
1959-02-19,46,39,0.05,T,0
1959-02-20,51,38,T,0.0,0
1959-02-21,51,37,T,0.0,0
1959-02-22,70,40,0.00,0.0,0
1959-02-23,80,59,3.06,0.0,0
1959-02-24,64,47,2.34,0.0,0
1959-02-25,55,47,0.75,0.0,0
1959-02-26,55,51,0.92,0.0,0
1959-02-27,63,52,0.01,0.0,0
1959-02-28,69,48,0.00,0.0,0
1959-03-01,60,47,0.00,0.0,0
1959-03-02,68,43,0.00,0.0,0
1959-03-03,64,51,0.24,0.0,0
1959-03-04,72,48,T,0.0,0
1959-03-05,71,50,2.77,0.0,0
1959-03-06,60,41,0.00,0.0,0
1959-03-07,64,43,0.00,0.0,0
1959-03-08,66,42,0.00,0.0,0
1959-03-09,73,54,T,0.0,0
1959-03-10,76,49,0.00,0.0,0
1959-03-11,76,55,0.03,0.0,0
1959-03-12,62,47,0.00,0.0,0
1959-03-13,69,46,0.00,0.0,0
1959-03-14,69,57,0.20,0.0,0
1959-03-15,70,54,0.01,0.0,0
1959-03-16,60,51,0.01,T,0
1959-03-17,58,46,0.00,0.0,0
1959-03-18,62,48,0.00,0.0,0
1959-03-19,62,53,T,0.0,0
1959-03-20,73,58,T,0.0,0
1959-03-21,74,55,T,0.0,0
1959-03-22,68,50,0.00,0.0,0
1959-03-23,70,46,0.00,0.0,0
1959-03-24,75,46,0.00,0.0,0
1959-03-25,76,60,0.00,0.0,0
1959-03-26,78,67,0.02,0.0,0
1959-03-27,72,61,T,0.0,0
1959-03-28,62,55,0.50,0.0,0
1959-03-29,71,56,0.04,0.0,0
1959-03-30,70,56,0.00,0.0,0
1959-03-31,73,60,T,0.0,0
1959-04-01,76,61,0.97,0.0,0
1959-04-02,76,58,0.00,0.0,0
1959-04-03,79,55,0.00,0.0,0
1959-04-04,75,57,0.00,0.0,0
1959-04-05,80,52,0.00,0.0,0
1959-04-06,79,60,0.00,0.0,0
1959-04-07,83,60,0.00,0.0,0
1959-04-08,83,66,0.00,0.0,0
1959-04-09,73,67,0.90,0.0,0
1959-04-10,70,65,0.10,0.0,0
1959-04-11,68,63,0.25,0.0,0
1959-04-12,65,54,0.03,0.0,0
1959-04-13,66,49,0.00,0.0,0
1959-04-14,63,49,0.00,0.0,0
1959-04-15,70,51,0.00,0.0,0
1959-04-16,75,55,0.00,0.0,0
1959-04-17,71,65,0.45,0.0,0
1959-04-18,81,67,0.02,0.0,0
1959-04-19,86,70,T,0.0,0
1959-04-20,81,67,0.14,0.0,0
1959-04-21,71,61,0.32,0.0,0
1959-04-22,69,57,0.00,0.0,0
1959-04-23,71,56,0.00,0.0,0
1959-04-24,76,51,0.00,0.0,0
1959-04-25,77,53,0.00,0.0,0
1959-04-26,81,58,0.00,0.0,0
1959-04-27,81,65,0.00,0.0,0
1959-04-28,83,69,0.00,0.0,0
1959-04-29,85,68,0.00,0.0,0
1959-04-30,87,66,0.00,0.0,0
1959-05-01,87,65,0.00,0.0,0
1959-05-02,85,67,0.00,0.0,0
1959-05-03,85,67,0.00,0.0,0
1959-05-04,86,68,0.00,0.0,0
1959-05-05,85,67,0.00,0.0,0
1959-05-06,86,68,0.00,0.0,0
1959-05-07,89,66,0.00,0.0,0
1959-05-08,89,68,0.00,0.0,0
1959-05-09,88,69,0.00,0.0,0
1959-05-10,85,72,T,0.0,0
1959-05-11,84,67,2.15,0.0,0
1959-05-12,74,69,0.01,0.0,0
1959-05-13,87,69,0.00,0.0,0
1959-05-14,88,67,0.00,0.0,0
1959-05-15,78,65,0.00,0.0,0
1959-05-16,82,61,0.00,0.0,0
1959-05-17,86,62,0.00,0.0,0
1959-05-18,86,69,0.05,0.0,0
1959-05-19,84,71,0.00,0.0,0
1959-05-20,85,70,0.25,0.0,0
1959-05-21,87,72,0.00,0.0,0
1959-05-22,89,76,0.00,0.0,0
1959-05-23,87,70,1.29,0.0,0
1959-05-24,83,70,0.15,0.0,0
1959-05-25,86,71,0.00,0.0,0
1959-05-26,88,73,T,0.0,0
1959-05-27,87,74,T,0.0,0
1959-05-28,87,74,0.00,0.0,0
1959-05-29,79,74,0.29,0.0,0
1959-05-30,83,74,0.29,0.0,0
1959-05-31,77,73,9.85,0.0,0
1959-06-01,87,72,0.04,0.0,0
1959-06-02,88,70,0.00,0.0,0
1959-06-03,87,74,0.00,0.0,0
1959-06-04,87,74,0.00,0.0,0
1959-06-05,88,72,1.02,0.0,0
1959-06-06,81,72,0.00,0.0,0
1959-06-07,84,72,0.82,0.0,0
1959-06-08,78,72,2.91,0.0,0
1959-06-09,89,74,0.06,0.0,0
1959-06-10,88,75,0.29,0.0,0
1959-06-11,89,75,0.30,0.0,0
1959-06-12,90,71,1.27,0.0,0
1959-06-13,79,73,0.02,0.0,0
1959-06-14,85,74,T,0.0,0
1959-06-15,88,72,T,0.0,0
1959-06-16,87,74,0.01,0.0,0
1959-06-17,90,76,0.00,0.0,0
1959-06-18,93,75,0.00,0.0,0
1959-06-19,91,74,0.00,0.0,0
1959-06-20,89,75,0.00,0.0,0
1959-06-21,90,75,0.00,0.0,0
1959-06-22,89,74,0.02,0.0,0
1959-06-23,91,77,0.00,0.0,0
1959-06-24,88,77,T,0.0,0
1959-06-25,90,77,0.00,0.0,0
1959-06-26,91,75,0.00,0.0,0
1959-06-27,92,76,0.00,0.0,0
1959-06-28,93,78,T,0.0,0
1959-06-29,94,76,0.00,0.0,0
1959-06-30,94,77,0.00,0.0,0
1959-07-01,92,75,0.05,0.0,0
1959-07-02,92,73,1.62,0.0,0
1959-07-03,86,75,0.02,0.0,0
1959-07-04,88,74,T,0.0,0
1959-07-05,88,76,0.00,0.0,0
1959-07-06,89,76,0.00,0.0,0
1959-07-07,91,77,0.00,0.0,0
1959-07-08,88,76,T,0.0,0
1959-07-09,87,72,0.92,0.0,0
1959-07-10,83,74,0.45,0.0,0
1959-07-11,90,73,0.00,0.0,0
1959-07-12,92,75,0.00,0.0,0
1959-07-13,88,73,0.70,0.0,0
1959-07-14,91,74,0.00,0.0,0
1959-07-15,89,75,0.00,0.0,0
1959-07-16,90,76,0.38,0.0,0
1959-07-17,92,75,0.31,0.0,0
1959-07-18,90,76,0.50,0.0,0
1959-07-19,88,77,0.18,0.0,0
1959-07-20,89,74,T,0.0,0
1959-07-21,91,74,T,0.0,0
1959-07-22,90,76,0.08,0.0,0
1959-07-23,89,77,0.16,0.0,0
1959-07-24,81,74,1.45,0.0,0
1959-07-25,88,75,0.70,0.0,0
1959-07-26,86,74,0.28,0.0,0
1959-07-27,90,73,0.10,0.0,0
1959-07-28,90,75,0.05,0.0,0
1959-07-29,92,75,0.00,0.0,0
1959-07-30,87,77,0.01,0.0,0
1959-07-31,93,76,0.00,0.0,0
1959-08-01,94,74,0.57,0.0,0
1959-08-02,93,74,T,0.0,0
1959-08-03,89,77,0.14,0.0,0
1959-08-04,91,75,0.00,0.0,0
1959-08-05,93,76,0.00,0.0,0
1959-08-06,93,76,0.01,0.0,0
1959-08-07,93,77,T,0.0,0
1959-08-08,94,77,0.00,0.0,0
1959-08-09,85,77,T,0.0,0
1959-08-10,87,77,0.06,0.0,0
1959-08-11,91,75,0.00,0.0,0
1959-08-12,92,76,0.00,0.0,0
1959-08-13,86,75,T,0.0,0
1959-08-14,88,76,0.02,0.0,0
1959-08-15,87,75,0.74,0.0,0
1959-08-16,86,75,0.31,0.0,0
1959-08-17,87,76,0.11,0.0,0
1959-08-18,91,73,0.00,0.0,0
1959-08-19,84,75,1.20,0.0,0
1959-08-20,88,74,0.73,0.0,0
1959-08-21,84,75,0.01,0.0,0
1959-08-22,90,73,0.20,0.0,0
1959-08-23,90,75,0.41,0.0,0
1959-08-24,87,74,T,0.0,0
1959-08-25,89,74,T,0.0,0
1959-08-26,90,76,0.02,0.0,0
1959-08-27,93,76,0.00,0.0,0
1959-08-28,91,77,0.00,0.0,0
1959-08-29,93,77,0.00,0.0,0
1959-08-30,93,77,0.00,0.0,0
1959-08-31,93,77,0.00,0.0,0
1959-09-01,91,77,0.17,0.0,0
1959-09-02,93,75,0.00,0.0,0
1959-09-03,93,70,1.22,0.0,0
1959-09-04,91,71,0.00,0.0,0
1959-09-05,91,74,0.00,0.0,0
1959-09-06,92,73,0.00,0.0,0
1959-09-07,91,75,0.00,0.0,0
1959-09-08,87,75,0.63,0.0,0
1959-09-09,87,75,T,0.0,0
1959-09-10,88,76,0.00,0.0,0
1959-09-11,82,72,0.00,0.0,0
1959-09-12,83,72,0.07,0.0,0
1959-09-13,76,72,0.80,0.0,0
1959-09-14,82,71,0.00,0.0,0
1959-09-15,81,68,0.00,0.0,0
1959-09-16,81,70,0.00,0.0,0
1959-09-17,87,69,0.00,0.0,0
1959-09-18,86,71,0.00,0.0,0
1959-09-19,86,74,0.00,0.0,0
1959-09-20,83,75,0.00,0.0,0
1959-09-21,89,74,0.00,0.0,0
1959-09-22,83,71,T,0.0,0
1959-09-23,88,72,0.07,0.0,0
1959-09-24,86,72,0.34,0.0,0
1959-09-25,85,73,0.08,0.0,0
1959-09-26,88,74,0.09,0.0,0
1959-09-27,90,76,0.00,0.0,0
1959-09-28,88,74,0.00,0.0,0
1959-09-29,90,72,0.00,0.0,0
1959-09-30,90,73,0.00,0.0,0
1959-10-01,90,74,0.00,0.0,0
1959-10-02,90,72,0.00,0.0,0
1959-10-03,90,73,0.00,0.0,0
1959-10-04,90,75,0.11,0.0,0
1959-10-05,91,73,0.84,0.0,0
1959-10-06,81,73,0.44,0.0,0
1959-10-07,82,72,0.06,0.0,0
1959-10-08,86,75,0.92,0.0,0
1959-10-09,88,72,0.00,0.0,0
1959-10-10,88,75,0.19,0.0,0
1959-10-11,84,73,0.31,0.0,0
1959-10-12,88,73,0.00,0.0,0
1959-10-13,88,74,0.03,0.0,0
1959-10-14,77,62,1.29,0.0,0
1959-10-15,73,60,0.01,0.0,0
1959-10-16,71,64,0.10,0.0,0
1959-10-17,71,67,0.06,0.0,0
1959-10-18,76,62,0.00,0.0,0
1959-10-19,73,61,0.00,0.0,0
1959-10-20,74,67,0.44,0.0,0
1959-10-21,74,67,0.57,0.0,0
1959-10-22,73,67,T,0.0,0
1959-10-23,79,66,0.00,0.0,0
1959-10-24,75,58,0.00,0.0,0
1959-10-25,75,51,0.00,0.0,0
1959-10-26,82,57,0.00,0.0,0
1959-10-27,70,55,0.14,0.0,0
1959-10-28,59,53,0.86,0.0,0
1959-10-29,74,58,0.01,0.0,0
1959-10-30,73,62,T,0.0,0
1959-10-31,84,70,0.07,0.0,0
1959-11-01,80,68,0.00,0.0,0
1959-11-02,81,66,0.00,0.0,0
1959-11-03,82,63,0.00,0.0,0
1959-11-04,84,68,0.04,0.0,0
1959-11-05,81,60,0.20,0.0,0
1959-11-06,61,37,T,0.0,0
1959-11-07,55,34,0.00,0.0,0
1959-11-08,61,42,0.00,0.0,0
1959-11-09,64,45,0.00,0.0,0
1959-11-10,70,42,0.00,0.0,0
1959-11-11,75,56,0.00,0.0,0
1959-11-12,76,52,0.00,0.0,0
1959-11-13,79,56,T,0.0,0
1959-11-14,70,46,0.68,0.0,0
1959-11-15,56,45,T,0.0,0
1959-11-16,59,52,T,0.0,0
1959-11-17,60,37,T,0.0,0
1959-11-18,55,33,0.00,0.0,0
1959-11-19,60,40,0.00,0.0,0
1959-11-20,66,39,T,0.0,0
1959-11-21,73,57,0.00,0.0,0
1959-11-22,74,57,T,0.0,0
1959-11-23,77,66,0.22,0.0,0
1959-11-24,74,57,T,0.0,0
1959-11-25,68,46,0.00,0.0,0
1959-11-26,79,55,0.00,0.0,0
1959-11-27,68,42,T,0.0,0
1959-11-28,53,38,0.00,0.0,0
1959-11-29,49,33,0.00,0.0,0
1959-11-30,57,33,0.00,0.0,0
1959-12-01,63,39,0.00,0.0,0
1959-12-02,61,46,0.08,0.0,0
1959-12-03,54,41,0.00,0.0,0
1959-12-04,59,36,0.00,0.0,0
1959-12-05,67,50,0.10,0.0,0
1959-12-06,54,42,0.00,0.0,0
1959-12-07,62,44,0.00,0.0,0
1959-12-08,71,40,0.00,0.0,0
1959-12-09,73,49,0.00,0.0,0
1959-12-10,70,59,0.00,0.0,0
1959-12-11,70,58,0.13,0.0,0
1959-12-12,61,51,0.12,0.0,0
1959-12-13,62,42,0.00,0.0,0
1959-12-14,64,43,0.00,0.0,0
1959-12-15,65,53,0.00,0.0,0
1959-12-16,73,64,T,0.0,0
1959-12-17,72,55,1.25,0.0,0
1959-12-18,67,51,0.00,0.0,0
1959-12-19,56,40,0.00,0.0,0
1959-12-20,59,40,0.00,0.0,0
1959-12-21,62,46,0.00,0.0,0
1959-12-22,62,46,0.00,0.0,0
1959-12-23,64,48,0.00,0.0,0
1959-12-24,64,46,0.00,0.0,0
1959-12-25,64,48,0.00,0.0,0
1959-12-26,75,56,0.04,0.0,0
1959-12-27,80,59,0.20,0.0,0
1959-12-28,60,44,T,0.0,0
1959-12-29,64,41,0.00,0.0,0
1959-12-30,58,36,0.00,0.0,0
1959-12-31,52,45,0.66,0.0,0
1960-01-01,55,45,T,0.0,0
1960-01-02,68,52,0.09,0.0,0
1960-01-03,59,45,T,0.0,0
1960-01-04,50,42,0.00,0.0,0
1960-01-05,62,46,0.05,0.0,0
1960-01-06,52,45,1.10,0.0,0
1960-01-07,52,33,0.00,0.0,0
1960-01-08,60,31,0.00,0.0,0
1960-01-09,66,35,0.00,0.0,0
1960-01-10,74,47,0.00,0.0,0
1960-01-11,69,53,0.00,0.0,0
1960-01-12,80,58,0.00,0.0,0
1960-01-13,81,63,0.00,0.0,0
1960-01-14,79,65,0.68,0.0,0
1960-01-15,71,50,T,0.0,0
1960-01-16,60,43,0.00,0.0,0
1960-01-17,75,53,0.63,0.0,0
1960-01-18,55,37,0.00,0.0,0
1960-01-19,43,31,0.00,0.0,0
1960-01-20,47,34,0.00,0.0,0
1960-01-21,50,27,0.00,0.0,0
1960-01-22,55,25,0.00,0.0,0
1960-01-23,43,28,0.00,0.0,0
1960-01-24,41,32,0.02,T,0
1960-01-25,58,34,0.00,0.0,0
1960-01-26,74,47,T,0.0,0
1960-01-27,75,55,0.43,0.0,0
1960-01-28,69,52,T,0.0,0
1960-01-29,63,43,0.34,0.0,0
1960-01-30,48,41,0.00,0.0,0
1960-01-31,46,42,0.00,0.0,0
1960-02-01,50,45,0.00,0.0,0
1960-02-02,56,46,T,0.0,0
1960-02-03,74,50,1.57,0.0,0
1960-02-04,71,40,0.02,0.0,0
1960-02-05,60,44,0.00,0.0,0
1960-02-06,58,39,0.00,0.0,0
1960-02-07,63,34,0.00,0.0,0
1960-02-08,71,39,0.00,0.0,0
1960-02-09,73,55,0.00,0.0,0
1960-02-10,77,52,T,0.0,0
1960-02-11,59,44,0.00,0.0,0
1960-02-12,50,36,1.32,0.0,0
1960-02-13,44,28,0.04,T,0
1960-02-14,51,23,0.00,0.0,0
1960-02-15,58,29,0.22,0.0,0
1960-02-16,56,35,0.00,0.0,0
1960-02-17,60,34,0.07,0.0,0
1960-02-18,53,39,0.00,0.0,0
1960-02-19,53,33,0.00,0.0,0
1960-02-20,53,29,0.00,0.0,0
1960-02-21,62,49,1.30,0.0,0
1960-02-22,55,37,0.21,0.0,0
1960-02-23,62,33,0.00,0.0,0
1960-02-24,68,44,0.02,0.0,0
1960-02-25,63,35,T,0.0,0
1960-02-26,52,31,0.00,0.0,0
1960-02-27,58,30,0.00,0.0,0
1960-02-28,74,51,0.00,0.0,0
1960-02-29,60,49,T,0.0,0
1960-03-01,51,46,T,0.0,0
1960-03-02,75,44,T,0.0,0
1960-03-03,51,35,0.00,0.0,0
1960-03-04,51,31,0.00,0.0,0
1960-03-05,45,35,0.00,0.0,0
1960-03-06,52,31,T,0.0,0
1960-03-07,47,41,T,0.0,0
1960-03-08,59,42,0.02,0.0,0
1960-03-09,77,54,0.00,0.0,0
1960-03-10,68,53,T,0.0,0
1960-03-11,62,44,0.00,0.0,0
1960-03-12,58,39,0.00,0.0,0
1960-03-13,58,39,0.00,0.0,0
1960-03-14,68,41,0.02,0.0,0
1960-03-15,74,60,0.96,0.0,0
1960-03-16,67,44,0.00,0.0,0
1960-03-17,58,45,0.00,0.0,0
1960-03-18,62,33,0.00,0.0,0
1960-03-19,72,45,0.00,0.0,0
1960-03-20,68,38,0.00,0.0,0
1960-03-21,65,38,0.00,0.0,0
1960-03-22,77,36,0.00,0.0,0
1960-03-23,79,59,0.00,0.0,0
1960-03-24,80,53,0.00,0.0,0
1960-03-25,76,50,0.00,0.0,0
1960-03-26,78,62,T,0.0,0
1960-03-27,74,61,2.53,0.0,0
1960-03-28,74,63,0.00,0.0,0
1960-03-29,75,68,0.15,0.0,0
1960-03-30,77,51,0.00,0.0,0
1960-03-31,78,45,0.00,0.0,0
1960-04-01,76,53,1.91,0.0,0
1960-04-02,79,63,2.30,0.0,0
1960-04-03,70,59,0.21,0.0,0
1960-04-04,69,50,T,0.0,0
1960-04-05,71,47,0.00,0.0,0
1960-04-06,78,49,0.00,0.0,0
1960-04-07,78,55,0.00,0.0,0
1960-04-08,77,52,0.00,0.0,0
1960-04-09,74,53,0.00,0.0,0
1960-04-10,68,46,0.00,0.0,0
1960-04-11,71,41,0.00,0.0,0
1960-04-12,74,48,0.00,0.0,0
1960-04-13,75,58,0.00,0.0,0
1960-04-14,79,60,0.00,0.0,0
1960-04-15,80,58,0.00,0.0,0
1960-04-16,80,58,0.00,0.0,0
1960-04-17,79,65,0.01,0.0,0
1960-04-18,72,55,0.10,0.0,0
1960-04-19,79,51,0.00,0.0,0
1960-04-20,82,55,0.00,0.0,0
1960-04-21,86,59,0.00,0.0,0
1960-04-22,86,59,0.00,0.0,0
1960-04-23,84,62,0.00,0.0,0
1960-04-24,85,59,0.00,0.0,0
1960-04-25,85,59,0.00,0.0,0
1960-04-26,84,60,0.12,0.0,0
1960-04-27,83,62,0.00,0.0,0
1960-04-28,85,58,0.00,0.0,0
1960-04-29,86,68,0.16,0.0,0
1960-04-30,84,67,0.88,0.0,0
1960-05-01,74,63,0.00,0.0,0
1960-05-02,70,55,0.01,0.0,0
1960-05-03,79,53,0.00,0.0,0
1960-05-04,82,69,0.14,0.0,0
1960-05-05,80,71,0.19,0.0,0
1960-05-06,84,69,2.35,0.0,0
1960-05-07,71,55,0.05,0.0,0
1960-05-08,74,51,0.00,0.0,0
1960-05-09,82,52,0.00,0.0,0
1960-05-10,79,60,0.00,0.0,0
1960-05-11,78,51,0.04,0.0,0
1960-05-12,65,47,0.00,0.0,0
1960-05-13,73,41,0.00,0.0,0
1960-05-14,76,48,0.00,0.0,0
1960-05-15,83,55,0.00,0.0,0
1960-05-16,84,59,0.00,0.0,0
1960-05-17,86,63,0.02,0.0,0
1960-05-18,88,67,0.00,0.0,0
1960-05-19,88,75,0.00,0.0,0
1960-05-20,88,73,T,0.0,0
1960-05-21,88,67,0.00,0.0,0
1960-05-22,89,66,0.00,0.0,0
1960-05-23,87,63,0.00,0.0,0
1960-05-24,88,61,0.00,0.0,0
1960-05-25,89,63,0.00,0.0,0
1960-05-26,89,65,0.50,0.0,0
1960-05-27,90,61,0.00,0.0,0
1960-05-28,91,62,0.00,0.0,0
1960-05-29,88,61,0.00,0.0,0
1960-05-30,88,55,0.00,0.0,0
1960-05-31,90,66,0.00,0.0,0
1960-06-01,90,68,0.00,0.0,0
1960-06-02,90,68,0.00,0.0,0
1960-06-03,92,66,0.00,0.0,0
1960-06-04,92,66,0.00,0.0,0
1960-06-05,94,67,0.00,0.0,0
1960-06-06,94,69,T,0.0,0
1960-06-07,94,69,0.00,0.0,0
1960-06-08,91,71,0.18,0.0,0
1960-06-09,88,69,0.00,0.0,0
1960-06-10,88,65,0.00,0.0,0
1960-06-11,88,63,0.00,0.0,0
1960-06-12,86,61,0.00,0.0,0
1960-06-13,89,64,0.00,0.0,0
1960-06-14,94,69,0.00,0.0,0
1960-06-15,93,65,0.00,0.0,0
1960-06-16,91,74,0.00,0.0,0
1960-06-17,91,69,1.24,0.0,0
1960-06-18,88,69,0.00,0.0,0
1960-06-19,90,66,0.00,0.0,0
1960-06-20,91,69,0.00,0.0,0
1960-06-21,91,69,0.00,0.0,0
1960-06-22,91,69,T,0.0,0
1960-06-23,91,73,0.00,0.0,0
1960-06-24,92,74,0.00,0.0,0
1960-06-25,92,73,0.00,0.0,0
1960-06-26,92,78,0.00,0.0,0
1960-06-27,92,71,0.00,0.0,0
1960-06-28,93,72,0.00,0.0,0
1960-06-29,94,72,0.00,0.0,0
1960-06-30,92,72,0.26,0.0,0
1960-07-01,93,71,0.00,0.0,0
1960-07-02,94,75,0.00,0.0,0
1960-07-03,95,74,0.00,0.0,0
1960-07-04,95,74,0.00,0.0,0
1960-07-05,95,75,0.25,0.0,0
1960-07-06,95,74,T,0.0,0
1960-07-07,96,73,0.00,0.0,0
1960-07-08,93,76,T,0.0,0
1960-07-09,92,74,0.00,0.0,0
1960-07-10,94,74,T,0.0,0
1960-07-11,94,76,0.01,0.0,0
1960-07-12,97,72,T,0.0,0
1960-07-13,96,72,0.03,0.0,0
1960-07-14,96,74,0.11,0.0,0
1960-07-15,94,71,0.20,0.0,0
1960-07-16,94,74,T,0.0,0
1960-07-17,92,72,3.00,0.0,0
1960-07-18,87,69,0.50,0.0,0
1960-07-19,91,70,T,0.0,0
1960-07-20,94,73,0.00,0.0,0
1960-07-21,95,73,0.00,0.0,0
1960-07-22,96,77,0.00,0.0,0
1960-07-23,94,75,0.00,0.0,0
1960-07-24,93,75,T,0.0,0
1960-07-25,92,74,0.00,0.0,0
1960-07-26,95,76,0.00,0.0,0
1960-07-27,95,77,0.00,0.0,0
1960-07-28,95,73,0.00,0.0,0
1960-07-29,96,72,0.00,0.0,0
1960-07-30,97,76,0.03,0.0,0
1960-07-31,92,73,0.13,0.0,0
1960-08-01,92,72,T,0.0,0
1960-08-02,83,73,2.25,0.0,0
1960-08-03,89,73,0.40,0.0,0
1960-08-04,88,75,0.02,0.0,0
1960-08-05,90,75,0.03,0.0,0
1960-08-06,89,74,0.73,0.0,0
1960-08-07,89,72,0.30,0.0,0
1960-08-08,88,73,T,0.0,0
1960-08-09,88,73,T,0.0,0
1960-08-10,88,75,0.05,0.0,0
1960-08-11,84,73,0.61,0.0,0
1960-08-12,83,74,0.14,0.0,0
1960-08-13,89,73,0.00,0.0,0
1960-08-14,91,73,T,0.0,0
1960-08-15,91,75,0.00,0.0,0
1960-08-16,88,72,0.28,0.0,0
1960-08-17,91,75,0.12,0.0,0
1960-08-18,89,73,T,0.0,0
1960-08-19,91,74,0.02,0.0,0
1960-08-20,88,74,0.12,0.0,0
1960-08-21,90,75,0.90,0.0,0
1960-08-22,85,76,0.06,0.0,0
1960-08-23,92,75,0.16,0.0,0
1960-08-24,88,74,0.29,0.0,0
1960-08-25,90,72,0.00,0.0,0
1960-08-26,90,70,0.03,0.0,0
1960-08-27,89,70,0.00,0.0,0
1960-08-28,92,75,0.00,0.0,0
1960-08-29,91,73,0.00,0.0,0
1960-08-30,91,69,0.00,0.0,0
1960-08-31,93,77,0.00,0.0,0
1960-09-01,91,72,T,0.0,0
1960-09-02,91,74,T,0.0,0
1960-09-03,91,72,0.00,0.0,0
1960-09-04,92,72,0.00,0.0,0
1960-09-05,93,71,0.00,0.0,0
1960-09-06,92,71,0.00,0.0,0
1960-09-07,92,70,T,0.0,0
1960-09-08,88,72,T,0.0,0
1960-09-09,83,74,0.14,0.0,0
1960-09-10,83,73,3.22,0.0,0
1960-09-11,85,73,0.00,0.0,0
1960-09-12,83,64,0.00,0.0,0
1960-09-13,87,60,0.00,0.0,0
1960-09-14,81,68,0.00,0.0,0
1960-09-15,77,71,0.35,0.0,0
1960-09-16,90,70,0.00,0.0,0
1960-09-17,89,71,0.00,0.0,0
1960-09-18,89,69,0.00,0.0,0
1960-09-19,89,66,0.00,0.0,0
1960-09-20,90,65,0.00,0.0,0
1960-09-21,92,65,0.00,0.0,0
1960-09-22,93,68,0.00,0.0,0
1960-09-23,89,68,0.00,0.0,0
1960-09-24,90,68,T,0.0,0
1960-09-25,87,69,0.00,0.0,0
1960-09-26,81,72,0.00,0.0,0
1960-09-27,85,71,0.40,0.0,0
1960-09-28,76,69,0.00,0.0,0
1960-09-29,81,64,0.00,0.0,0
1960-09-30,85,61,0.00,0.0,0
1960-10-01,86,60,0.00,0.0,0
1960-10-02,88,60,0.00,0.0,0
1960-10-03,89,65,0.00,0.0,0
1960-10-04,87,67,0.00,0.0,0
1960-10-05,85,66,2.04,0.0,0
1960-10-06,78,69,0.55,0.0,0
1960-10-07,80,64,0.00,0.0,0
1960-10-08,83,63,0.00,0.0,0
1960-10-09,85,60,T,0.0,0
1960-10-10,86,65,0.00,0.0,0
1960-10-11,85,64,0.00,0.0,0
1960-10-12,85,64,0.00,0.0,0
1960-10-13,86,66,0.00,0.0,0
1960-10-14,77,62,0.87,0.0,0
1960-10-15,85,61,0.00,0.0,0
1960-10-16,87,64,0.00,0.0,0
1960-10-17,83,67,0.00,0.0,0
1960-10-18,85,66,0.00,0.0,0
1960-10-19,80,69,0.56,0.0,0
1960-10-20,73,55,0.00,0.0,0
1960-10-21,65,51,0.00,0.0,0
1960-10-22,69,43,0.00,0.0,0
1960-10-23,77,44,0.00,0.0,0
1960-10-24,81,53,0.00,0.0,0
1960-10-25,81,55,0.00,0.0,0
1960-10-26,78,55,0.10,0.0,0
1960-10-27,79,58,0.00,0.0,0
1960-10-28,77,55,0.00,0.0,0
1960-10-29,80,58,T,0.0,0
1960-10-30,84,64,0.78,0.0,0
1960-10-31,66,45,0.00,0.0,0
1960-11-01,72,42,0.00,0.0,0
1960-11-02,78,44,0.00,0.0,0
1960-11-03,75,50,0.00,0.0,0
1960-11-04,77,52,0.00,0.0,0
1960-11-05,80,50,0.00,0.0,0
1960-11-06,66,44,0.00,0.0,0
1960-11-07,61,40,0.00,0.0,0
1960-11-08,75,38,0.00,0.0,0
1960-11-09,79,54,T,0.0,0
1960-11-10,68,50,0.00,0.0,0
1960-11-11,64,42,T,0.0,0
1960-11-12,69,39,0.00,0.0,0
1960-11-13,73,51,T,0.0,0
1960-11-14,80,58,0.00,0.0,0
1960-11-15,80,58,0.00,0.0,0
1960-11-16,82,55,0.17,0.0,0
1960-11-17,66,59,0.02,0.0,0
1960-11-18,67,59,0.02,0.0,0
1960-11-19,69,48,0.00,0.0,0
1960-11-20,73,47,0.00,0.0,0
1960-11-21,75,60,T,0.0,0
1960-11-22,78,61,0.39,0.0,0
1960-11-23,71,64,T,0.0,0
1960-11-24,70,55,T,0.0,0
1960-11-25,69,47,0.00,0.0,0
1960-11-26,70,44,0.00,0.0,0
1960-11-27,79,50,T,0.0,0
1960-11-28,82,61,T,0.0,0
1960-11-29,71,46,T,0.0,0
1960-11-30,56,42,0.00,0.0,0
1960-12-01,53,39,0.00,0.0,0
1960-12-02,53,29,0.00,0.0,0
1960-12-03,66,29,0.00,0.0,0
1960-12-04,74,51,0.00,0.0,0
1960-12-05,78,60,0.00,0.0,0
1960-12-06,79,61,0.00,0.0,0
1960-12-07,77,54,0.00,0.0,0
1960-12-08,64,50,0.02,0.0,0
1960-12-09,53,45,0.40,0.0,0
1960-12-10,72,53,0.35,0.0,0
1960-12-11,63,44,T,0.0,0
1960-12-12,49,39,0.00,0.0,0
1960-12-13,48,32,0.00,0.0,0
1960-12-14,45,37,0.61,T,0
1960-12-15,49,43,0.52,0.0,0
1960-12-16,51,27,0.00,0.0,0
1960-12-17,52,25,0.00,0.0,0
1960-12-18,62,32,0.00,0.0,0
1960-12-19,65,34,0.00,0.0,0
1960-12-20,72,48,0.08,0.0,0
1960-12-21,48,33,0.00,0.0,0
1960-12-22,46,25,0.00,0.0,0
1960-12-23,56,25,T,0.0,0
1960-12-24,58,46,0.30,0.0,0
1960-12-25,73,51,0.05,0.0,0
1960-12-26,69,53,0.82,0.0,0
1960-12-27,63,53,0.00,0.0,0
1960-12-28,70,55,0.01,0.0,0
1960-12-29,71,55,0.11,0.0,0
1960-12-30,57,49,T,0.0,0
1960-12-31,68,46,0.90,0.0,0
1961-01-01,52,38,0.00,0.0,0
1961-01-02,58,35,0.00,0.0,0
1961-01-03,54,40,0.00,0.0,0
1961-01-04,55,36,0.00,0.0,0
1961-01-05,54,36,0.02,0.0,0
1961-01-06,67,47,T,0.0,0
1961-01-07,59,50,1.01,0.0,0
1961-01-08,54,46,1.05,0.0,0
1961-01-09,54,37,0.00,0.0,0
1961-01-10,62,31,0.00,0.0,0
1961-01-11,64,45,0.00,0.0,0
1961-01-12,63,49,T,0.0,0
1961-01-13,65,54,1.12,0.0,0
1961-01-14,65,50,T,0.0,0
1961-01-15,60,42,0.00,0.0,0
1961-01-16,61,33,0.00,0.0,0
1961-01-17,68,34,0.00,0.0,0
1961-01-18,72,38,0.00,0.0,0
1961-01-19,61,42,0.16,0.0,0
1961-01-20,51,34,0.00,0.0,0
1961-01-21,44,24,0.00,0.0,0
1961-01-22,54,22,0.00,0.0,0
1961-01-23,65,50,0.17,0.0,0
1961-01-24,69,50,0.74,0.0,0
1961-01-25,50,35,1.97,T,0
1961-01-26,41,34,0.16,0.0,0
1961-01-27,39,32,0.00,0.0,0
1961-01-28,38,34,0.54,0.0,0
1961-01-29,40,31,T,0.0,0
1961-01-30,52,29,0.00,0.0,0
1961-01-31,60,25,0.00,0.0,0
1961-02-01,68,37,0.00,0.0,0
1961-02-02,71,55,0.01,0.0,0
1961-02-03,61,38,0.00,0.0,0
1961-02-04,55,35,0.00,0.0,0
1961-02-05,62,38,0.15,0.0,0
1961-02-06,59,48,0.95,0.0,0
1961-02-07,54,44,0.07,0.0,0
1961-02-08,50,39,0.00,0.0,0
1961-02-09,60,31,0.00,0.0,0
1961-02-10,62,35,T,0.0,0
1961-02-11,70,39,0.00,0.0,0
1961-02-12,74,41,0.00,0.0,0
1961-02-13,76,49,0.00,0.0,0
1961-02-14,77,46,0.00,0.0,0
1961-02-15,74,49,0.02,0.0,0
1961-02-16,77,56,T,0.0,0
1961-02-17,77,61,0.10,0.0,0
1961-02-18,77,69,0.20,0.0,0
1961-02-19,78,61,0.70,0.0,0
1961-02-20,80,62,0.10,0.0,0
1961-02-21,74,62,4.75,0.0,0
1961-02-22,67,57,0.85,0.0,0
1961-02-23,71,45,0.00,0.0,0
1961-02-24,75,47,1.00,0.0,0
1961-02-25,62,42,0.00,0.0,0
1961-02-26,68,44,0.00,0.0,0
1961-02-27,73,45,0.10,0.0,0
1961-02-28,69,55,0.00,0.0,0
1961-03-01,61,41,0.13,0.0,0
1961-03-02,68,36,0.00,0.0,0
1961-03-03,79,59,0.02,0.0,0
1961-03-04,82,68,0.00,0.0,0
1961-03-05,81,72,0.00,0.0,0
1961-03-06,81,71,0.17,0.0,0
1961-03-07,82,71,0.01,0.0,0
1961-03-08,74,57,0.02,0.0,0
1961-03-09,62,49,0.00,0.0,0
1961-03-10,63,34,0.00,0.0,0
1961-03-11,70,40,T,0.0,0
1961-03-12,76,59,T,0.0,0
1961-03-13,84,58,0.00,0.0,0
1961-03-14,75,50,0.00,0.0,0
1961-03-15,77,45,0.00,0.0,0
1961-03-16,80,64,0.03,0.0,0
1961-03-17,72,59,3.57,0.0,0
1961-03-18,77,57,0.00,0.0,0
1961-03-19,67,56,1.92,0.0,0
1961-03-20,72,55,0.18,0.0,0
1961-03-21,68,47,0.00,0.0,0
1961-03-22,75,46,0.00,0.0,0
1961-03-23,74,50,0.00,0.0,0
1961-03-24,71,46,0.00,0.0,0
1961-03-25,72,51,0.00,0.0,0
1961-03-26,76,52,0.00,0.0,0
1961-03-27,72,58,1.52,0.0,0
1961-03-28,80,67,0.10,0.0,0
1961-03-29,81,64,0.75,0.0,0
1961-03-30,80,64,0.05,0.0,0
1961-03-31,74,54,0.06,0.0,0
1961-04-01,64,49,0.00,0.0,0
1961-04-02,69,39,0.00,0.0,0
1961-04-03,79,46,0.00,0.0,0
1961-04-04,71,51,0.00,0.0,0
1961-04-05,78,47,T,0.0,0
1961-04-06,66,51,0.78,0.0,0
1961-04-07,68,47,0.00,0.0,0
1961-04-08,73,46,0.00,0.0,0
1961-04-09,74,53,0.27,0.0,0
1961-04-10,66,49,0.00,0.0,0
1961-04-11,73,48,1.56,0.0,0
1961-04-12,73,50,0.05,0.0,0
1961-04-13,67,44,0.00,0.0,0
1961-04-14,77,50,0.01,0.0,0
1961-04-15,81,52,0.03,0.0,0
1961-04-16,67,42,0.00,0.0,0
1961-04-17,77,44,0.00,0.0,0
1961-04-18,78,43,0.00,0.0,0
1961-04-19,80,50,0.00,0.0,0
1961-04-20,80,52,0.00,0.0,0
1961-04-21,81,59,0.00,0.0,0
1961-04-22,82,59,0.00,0.0,0
1961-04-23,82,66,0.00,0.0,0
1961-04-24,83,59,0.00,0.0,0
1961-04-25,83,70,T,0.0,0
1961-04-26,82,73,T,0.0,0
1961-04-27,86,73,0.18,0.0,0
1961-04-28,83,61,T,0.0,0
1961-04-29,78,61,0.00,0.0,0
1961-04-30,83,64,T,0.0,0
1961-05-01,79,65,0.21,0.0,0
1961-05-02,72,59,1.77,0.0,0
1961-05-03,78,56,0.00,0.0,0
1961-05-04,83,58,0.00,0.0,0
1961-05-05,85,67,0.00,0.0,0
1961-05-06,86,75,0.00,0.0,0
1961-05-07,86,74,0.00,0.0,0
1961-05-08,87,69,1.44,0.0,0
1961-05-09,74,60,0.03,0.0,0
1961-05-10,73,56,0.00,0.0,0
1961-05-11,76,52,0.00,0.0,0
1961-05-12,79,58,0.00,0.0,0
1961-05-13,83,57,0.00,0.0,0
1961-05-14,87,74,T,0.0,0
1961-05-15,79,62,0.43,0.0,0
1961-05-16,85,59,0.00,0.0,0
1961-05-17,86,60,0.00,0.0,0
1961-05-18,88,64,0.00,0.0,0
1961-05-19,88,66,T,0.0,0
1961-05-20,87,66,0.00,0.0,0
1961-05-21,87,63,0.00,0.0,0
1961-05-22,88,65,0.00,0.0,0
1961-05-23,88,68,1.23,0.0,0
1961-05-24,85,68,0.47,0.0,0
1961-05-25,83,69,0.40,0.0,0
1961-05-26,84,64,0.48,0.0,0
1961-05-27,73,54,0.00,0.0,0
1961-05-28,78,54,0.00,0.0,0
1961-05-29,83,55,0.00,0.0,0
1961-05-30,87,62,0.00,0.0,0
1961-05-31,87,64,0.00,0.0,0
1961-06-01,86,62,T,0.0,0
1961-06-02,87,63,0.00,0.0,0
1961-06-03,85,59,0.50,0.0,0
1961-06-04,88,69,0.00,0.0,0
1961-06-05,88,73,0.00,0.0,0
1961-06-06,87,65,0.00,0.0,0
1961-06-07,86,68,T,0.0,0
1961-06-08,88,67,0.43,0.0,0
1961-06-09,87,70,T,0.0,0
1961-06-10,88,71,0.92,0.0,0
1961-06-11,88,70,0.07,0.0,0
1961-06-12,90,71,0.10,0.0,0
1961-06-13,88,74,0.18,0.0,0
1961-06-14,87,71,T,0.0,0
1961-06-15,87,73,0.41,0.0,0
1961-06-16,84,71,0.43,0.0,0
1961-06-17,82,71,T,0.0,0
1961-06-18,81,72,0.75,0.0,0
1961-06-19,76,72,1.74,0.0,0
1961-06-20,82,72,1.02,0.0,0
1961-06-21,84,70,0.00,0.0,0
1961-06-22,87,68,T,0.0,0
1961-06-23,88,68,0.00,0.0,0
1961-06-24,88,70,0.06,0.0,0
1961-06-25,86,70,0.19,0.0,0
1961-06-26,82,70,1.21,0.0,0
1961-06-27,83,66,0.00,0.0,0
1961-06-28,86,65,0.00,0.0,0
1961-06-29,86,66,0.00,0.0,0
1961-06-30,88,66,0.00,0.0,0
1961-07-01,87,68,0.00,0.0,0
1961-07-02,85,69,0.35,0.0,0
1961-07-03,88,69,T,0.0,0
1961-07-04,89,72,0.06,0.0,0
1961-07-05,89,70,0.00,0.0,0
1961-07-06,91,68,0.32,0.0,0
1961-07-07,90,71,0.25,0.0,0
1961-07-08,89,72,1.30,0.0,0
1961-07-09,85,73,0.08,0.0,0
1961-07-10,83,71,1.40,0.0,0
1961-07-11,80,71,0.06,0.0,0
1961-07-12,88,72,1.00,0.0,0
1961-07-13,88,72,0.01,0.0,0
1961-07-14,90,73,T,0.0,0
1961-07-15,91,72,0.51,0.0,0
1961-07-16,92,70,2.78,0.0,0
1961-07-17,88,70,0.12,0.0,0
1961-07-18,91,69,0.00,0.0,0
1961-07-19,91,72,0.00,0.0,0
1961-07-20,91,73,T,0.0,0
1961-07-21,91,72,0.53,0.0,0
1961-07-22,86,71,T,0.0,0
1961-07-23,88,73,T,0.0,0
1961-07-24,89,72,0.05,0.0,0
1961-07-25,92,73,0.00,0.0,0
1961-07-26,91,72,0.58,0.0,0
1961-07-27,89,71,0.00,0.0,0
1961-07-28,88,70,0.24,0.0,0
1961-07-29,87,69,0.74,0.0,0
1961-07-30,88,69,0.00,0.0,0
1961-07-31,90,70,0.00,0.0,0
1961-08-01,92,71,T,0.0,0
1961-08-02,94,75,0.00,0.0,0
1961-08-03,87,73,0.96,0.0,0
1961-08-04,90,71,0.41,0.0,0
1961-08-05,87,74,0.10,0.0,0
1961-08-06,85,72,0.22,0.0,0
1961-08-07,88,72,0.07,0.0,0
1961-08-08,85,72,0.04,0.0,0
1961-08-09,88,72,0.02,0.0,0
1961-08-10,91,69,0.00,0.0,0
1961-08-11,87,72,0.24,0.0,0
1961-08-12,90,72,T,0.0,0
1961-08-13,91,71,T,0.0,0
1961-08-14,91,72,0.00,0.0,0
1961-08-15,90,73,0.00,0.0,0
1961-08-16,88,75,0.02,0.0,0
1961-08-17,86,73,0.55,0.0,0
1961-08-18,89,73,0.00,0.0,0
1961-08-19,88,72,0.00,0.0,0
1961-08-20,90,68,1.77,0.0,0
1961-08-21,85,68,0.10,0.0,0
1961-08-22,87,67,0.00,0.0,0
1961-08-23,88,67,0.01,0.0,0
1961-08-24,88,70,0.80,0.0,0
1961-08-25,88,69,0.00,0.0,0
1961-08-26,87,70,0.00,0.0,0
1961-08-27,84,69,0.03,0.0,0
1961-08-28,80,70,0.31,0.0,0
1961-08-29,86,70,1.61,0.0,0
1961-08-30,91,70,0.00,0.0,0
1961-08-31,91,74,0.00,0.0,0
1961-09-01,91,73,T,0.0,0
1961-09-02,90,75,0.52,0.0,0
1961-09-03,91,74,0.46,0.0,0
1961-09-04,88,73,1.19,0.0,0
1961-09-05,91,72,0.00,0.0,0
1961-09-06,88,74,0.85,0.0,0
1961-09-07,84,74,0.08,0.0,0
1961-09-08,87,77,0.00,0.0,0
1961-09-09,84,74,1.49,0.0,0
1961-09-10,81,77,1.34,0.0,0
1961-09-11,83,78,0.82,0.0,0
1961-09-12,86,80,T,0.0,0
1961-09-13,85,80,0.11,0.0,0
1961-09-14,80,71,0.89,0.0,0
1961-09-15,76,67,0.00,0.0,0
1961-09-16,76,63,0.00,0.0,0
1961-09-17,79,65,0.00,0.0,0
1961-09-18,78,58,0.00,0.0,0
1961-09-19,81,56,0.00,0.0,0
1961-09-20,87,62,0.05,0.0,0
1961-09-21,87,72,0.01,0.0,0
1961-09-22,88,69,0.00,0.0,0
1961-09-23,87,68,0.00,0.0,0
1961-09-24,91,68,0.00,0.0,0
1961-09-25,91,71,0.00,0.0,0
1961-09-26,90,73,0.00,0.0,0
1961-09-27,90,70,0.00,0.0,0
1961-09-28,87,68,0.89,0.0,0
1961-09-29,87,67,0.00,0.0,0
1961-09-30,88,66,0.20,0.0,0
1961-10-01,87,67,T,0.0,0
1961-10-02,87,61,0.08,0.0,0
1961-10-03,72,57,0.00,0.0,0
1961-10-04,73,57,0.00,0.0,0
1961-10-05,77,53,0.00,0.0,0
1961-10-06,80,53,0.00,0.0,0
1961-10-07,84,70,0.03,0.0,0
1961-10-08,83,68,0.27,0.0,0
1961-10-09,83,63,T,0.0,0
1961-10-10,85,60,0.00,0.0,0
1961-10-11,83,58,0.00,0.0,0
1961-10-12,84,59,0.00,0.0,0
1961-10-13,79,63,0.00,0.0,0
1961-10-14,78,63,0.00,0.0,0
1961-10-15,68,56,0.00,0.0,0
1961-10-16,73,48,0.00,0.0,0
1961-10-17,79,46,0.00,0.0,0
1961-10-18,80,50,0.00,0.0,0
1961-10-19,81,52,0.00,0.0,0
1961-10-20,69,52,0.00,0.0,0
1961-10-21,72,53,0.00,0.0,0
1961-10-22,75,46,0.00,0.0,0
1961-10-23,77,45,0.00,0.0,0
1961-10-24,79,51,0.00,0.0,0
1961-10-25,80,52,0.00,0.0,0
1961-10-26,71,55,0.00,0.0,0
1961-10-27,75,52,0.00,0.0,0
1961-10-28,81,56,0.04,0.0,0
1961-10-29,84,71,0.09,0.0,0
1961-10-30,82,70,T,0.0,0
1961-10-31,80,65,0.00,0.0,0
1961-11-01,84,70,0.00,0.0,0
1961-11-02,84,68,T,0.0,0
1961-11-03,78,58,1.37,0.0,0
1961-11-04,68,61,T,0.0,0
1961-11-05,75,61,T,0.0,0
1961-11-06,62,57,0.00,0.0,0
1961-11-07,70,52,0.00,0.0,0
1961-11-08,65,50,0.00,0.0,0
1961-11-09,62,37,0.00,0.0,0
1961-11-10,66,34,T,0.0,0
1961-11-11,73,53,0.03,0.0,0
1961-11-12,81,59,0.10,0.0,0
1961-11-13,77,69,5.37,0.0,0
1961-11-14,73,67,0.07,0.0,0
1961-11-15,82,69,0.64,0.0,0
1961-11-16,72,52,0.15,0.0,0
1961-11-17,59,51,0.00,0.0,0
1961-11-18,59,49,T,0.0,0
1961-11-19,63,54,T,0.0,0
1961-11-20,67,50,T,0.0,0
1961-11-21,65,47,0.00,0.0,0
1961-11-22,76,58,0.93,0.0,0
1961-11-23,65,47,T,0.0,0
1961-11-24,64,42,0.00,0.0,0
1961-11-25,69,39,0.00,0.0,0
1961-11-26,76,48,0.00,0.0,0
1961-11-27,77,51,0.00,0.0,0
1961-11-28,63,46,0.00,0.0,0
1961-11-29,54,44,0.00,0.0,0
1961-11-30,60,34,0.00,0.0,0
1961-12-01,74,42,0.00,0.0,0
1961-12-02,71,50,0.00,0.0,0
1961-12-03,79,49,0.01,0.0,0
1961-12-04,79,57,0.00,0.0,0
1961-12-05,80,55,0.00,0.0,0
1961-12-06,80,59,0.00,0.0,0
1961-12-07,65,49,0.00,0.0,0
1961-12-08,61,51,0.18,0.0,0
1961-12-09,79,59,0.29,0.0,0
1961-12-10,75,68,0.91,0.0,0
1961-12-11,80,70,0.12,0.0,0
1961-12-12,75,44,1.69,0.0,0
1961-12-13,48,38,0.24,0.0,0
1961-12-14,56,45,T,0.0,0
1961-12-15,66,53,0.39,0.0,0
1961-12-16,75,64,T,0.0,0
1961-12-17,77,61,1.46,0.0,0
1961-12-18,67,55,T,0.0,0
1961-12-19,65,50,0.00,0.0,0
1961-12-20,50,37,0.00,0.0,0
1961-12-21,56,37,0.00,0.0,0
1961-12-22,69,35,0.00,0.0,0
1961-12-23,60,39,0.00,0.0,0
1961-12-24,48,36,0.00,0.0,0
1961-12-25,49,30,0.00,0.0,0
1961-12-26,66,28,0.00,0.0,0
1961-12-27,70,40,0.40,0.0,0
1961-12-28,48,30,0.00,0.0,0
1961-12-29,50,26,0.00,0.0,0
1961-12-30,61,32,0.00,0.0,0
1961-12-31,71,47,0.32,0.0,0
1962-01-01,48,32,0.00,0.0,0
1962-01-02,58,28,0.00,0.0,0
1962-01-03,63,32,0.00,0.0,0
1962-01-04,72,49,0.59,0.0,0
1962-01-05,75,52,0.62,0.0,0
1962-01-06,52,31,T,0.0,0
1962-01-07,61,30,0.51,0.0,0
1962-01-08,54,35,0.00,0.0,0
1962-01-09,57,28,0.57,T,0
1962-01-10,28,16,0.00,0.0,0
1962-01-11,26,14,0.00,0.0,0
1962-01-12,34,17,0.00,0.0,0
1962-01-13,50,15,0.00,0.0,0
1962-01-14,64,40,0.08,0.0,0
1962-01-15,65,39,0.42,0.0,0
1962-01-16,53,33,0.00,0.0,0
1962-01-17,56,37,0.00,0.0,0
1962-01-18,67,47,0.00,0.0,0
1962-01-19,63,45,0.51,0.0,0
1962-01-20,52,45,T,0.0,0
1962-01-21,73,52,0.00,0.0,0
1962-01-22,76,64,0.00,0.0,0
1962-01-23,78,56,0.00,0.0,0
1962-01-24,76,54,T,0.0,0
1962-01-25,80,64,0.00,0.0,0
1962-01-26,81,66,0.78,0.0,0
1962-01-27,66,47,0.11,0.0,0
1962-01-28,62,42,0.00,0.0,0
1962-01-29,65,35,0.00,0.0,0
1962-01-30,72,44,0.00,0.0,0
1962-01-31,72,39,0.00,0.0,0
1962-02-01,72,44,0.00,0.0,0
1962-02-02,70,45,0.00,0.0,0
1962-02-03,68,56,T,0.0,0
1962-02-04,74,52,T,0.0,0
1962-02-05,78,51,0.34,0.0,0
1962-02-06,51,41,0.00,0.0,0
1962-02-07,59,36,0.00,0.0,0
1962-02-08,75,53,T,0.0,0
1962-02-09,80,60,T,0.0,0
1962-02-10,63,48,0.00,0.0,0
1962-02-11,68,41,0.00,0.0,0
1962-02-12,80,48,0.00,0.0,0
1962-02-13,80,54,0.00,0.0,0
1962-02-14,76,52,0.00,0.0,0
1962-02-15,76,58,0.02,0.0,0
1962-02-16,68,53,0.00,0.0,0
1962-02-17,70,54,0.00,0.0,0
1962-02-18,80,59,0.05,0.0,0
1962-02-19,72,56,T,0.0,0
1962-02-20,68,49,0.36,0.0,0
1962-02-21,79,62,0.14,0.0,0
1962-02-22,81,69,0.00,0.0,0
1962-02-23,81,66,0.08,0.0,0
1962-02-24,73,59,0.00,0.0,0
1962-02-25,80,66,0.00,0.0,0
1962-02-26,83,71,0.00,0.0,0
1962-02-27,83,71,0.00,0.0,0
1962-02-28,72,44,0.03,0.0,0
1962-03-01,45,41,0.15,0.0,0
1962-03-02,49,43,0.01,0.0,0
1962-03-03,60,49,T,0.0,0
1962-03-04,68,51,0.23,0.0,0
1962-03-05,59,39,0.00,0.0,0
1962-03-06,57,34,0.00,0.0,0
1962-03-07,58,36,0.00,0.0,0
1962-03-08,69,36,0.00,0.0,0
1962-03-09,83,61,0.00,0.0,0
1962-03-10,77,65,0.02,0.0,0
1962-03-11,79,53,0.03,0.0,0
1962-03-12,72,41,0.00,0.0,0
1962-03-13,66,48,0.00,0.0,0
1962-03-14,55,46,0.15,0.0,0
1962-03-15,57,45,0.01,0.0,0
1962-03-16,64,39,0.00,0.0,0
1962-03-17,65,32,0.00,0.0,0
1962-03-18,68,36,0.00,0.0,0
1962-03-19,73,38,0.00,0.0,0
1962-03-20,73,57,T,0.0,0
1962-03-21,85,63,T,0.0,0
1962-03-22,65,52,0.25,0.0,0
1962-03-23,71,48,0.00,0.0,0
1962-03-24,74,43,0.01,0.0,0
1962-03-25,75,56,0.51,0.0,0
1962-03-26,71,50,0.00,0.0,0
1962-03-27,73,49,0.00,0.0,0
1962-03-28,75,43,0.00,0.0,0
1962-03-29,79,57,0.00,0.0,0
1962-03-30,81,65,0.03,0.0,0
1962-03-31,74,50,0.20,0.0,0
1962-04-01,69,38,0.00,0.0,0
1962-04-02,62,44,0.00,0.0,0
1962-04-03,62,42,0.00,0.0,0
1962-04-04,67,42,T,0.0,0
1962-04-05,74,59,0.60,0.0,0
1962-04-06,79,62,0.13,0.0,0
1962-04-07,69,51,0.00,0.0,0
1962-04-08,76,46,0.00,0.0,0
1962-04-09,80,58,0.00,0.0,0
1962-04-10,80,65,T,0.0,0
1962-04-11,85,70,0.00,0.0,0
1962-04-12,74,53,0.83,0.0,0
1962-04-13,72,48,0.00,0.0,0
1962-04-14,75,48,0.00,0.0,0
1962-04-15,75,49,T,0.0,0
1962-04-16,65,43,0.00,0.0,0
1962-04-17,72,41,0.00,0.0,0
1962-04-18,77,51,0.00,0.0,0
1962-04-19,81,52,0.00,0.0,0
1962-04-20,82,55,0.00,0.0,0
1962-04-21,82,51,0.00,0.0,0
1962-04-22,82,54,T,0.0,0
1962-04-23,78,61,0.16,0.0,0
1962-04-24,80,63,0.00,0.0,0
1962-04-25,76,59,0.42,0.0,0
1962-04-26,81,58,0.50,0.0,0
1962-04-27,82,67,T,0.0,0
1962-04-28,87,72,0.01,0.0,0
1962-04-29,86,73,0.01,0.0,0
1962-04-30,84,74,0.00,0.0,0
1962-05-01,80,70,0.00,0.0,0
1962-05-02,79,65,0.00,0.0,0
1962-05-03,78,57,0.00,0.0,0
1962-05-04,83,54,0.00,0.0,0
1962-05-05,85,58,0.00,0.0,0
1962-05-06,85,57,0.00,0.0,0
1962-05-07,88,56,0.00,0.0,0
1962-05-08,86,56,0.00,0.0,0
1962-05-09,85,60,0.00,0.0,0
1962-05-10,85,58,0.00,0.0,0
1962-05-11,86,60,0.00,0.0,0
1962-05-12,88,61,0.00,0.0,0
1962-05-13,90,63,0.00,0.0,0
1962-05-14,87,72,0.00,0.0,0
1962-05-15,87,67,0.07,0.0,0
1962-05-16,87,63,0.00,0.0,0
1962-05-17,88,65,0.00,0.0,0
1962-05-18,94,64,0.00,0.0,0
1962-05-19,90,67,0.00,0.0,0
1962-05-20,91,72,0.00,0.0,0
1962-05-21,88,63,0.00,0.0,0
1962-05-22,87,64,0.00,0.0,0
1962-05-23,90,65,0.00,0.0,0
1962-05-24,90,74,0.00,0.0,0
1962-05-25,90,74,0.00,0.0,0
1962-05-26,90,67,0.00,0.0,0
1962-05-27,91,75,0.00,0.0,0
1962-05-28,90,71,0.00,0.0,0
1962-05-29,89,73,0.75,0.0,0
1962-05-30,89,72,0.43,0.0,0
1962-05-31,87,69,0.06,0.0,0
1962-06-01,88,69,T,0.0,0
1962-06-02,86,70,T,0.0,0
1962-06-03,87,71,T,0.0,0
1962-06-04,85,68,0.04,0.0,0
1962-06-05,88,68,0.68,0.0,0
1962-06-06,84,71,0.27,0.0,0
1962-06-07,89,70,T,0.0,0
1962-06-08,90,71,T,0.0,0
1962-06-09,89,71,T,0.0,0
1962-06-10,89,71,T,0.0,0
1962-06-11,89,70,0.95,0.0,0
1962-06-12,88,71,T,0.0,0
1962-06-13,84,71,0.20,0.0,0
1962-06-14,86,68,T,0.0,0
1962-06-15,87,71,T,0.0,0
1962-06-16,90,70,0.02,0.0,0
1962-06-17,91,74,0.00,0.0,0
1962-06-18,88,74,0.34,0.0,0
1962-06-19,88,70,3.18,0.0,0
1962-06-20,90,72,0.26,0.0,0
1962-06-21,89,69,0.00,0.0,0
1962-06-22,89,71,0.03,0.0,0
1962-06-23,89,71,0.20,0.0,0
1962-06-24,89,71,T,0.0,0
1962-06-25,88,70,0.91,0.0,0
1962-06-26,89,68,0.00,0.0,0
1962-06-27,94,72,0.00,0.0,0
1962-06-28,90,73,0.14,0.0,0
1962-06-29,81,70,1.65,0.0,0
1962-06-30,89,66,0.00,0.0,0
1962-07-01,90,71,T,0.0,0
1962-07-02,91,70,T,0.0,0
1962-07-03,92,70,0.03,0.0,0
1962-07-04,93,76,0.00,0.0,0
1962-07-05,94,76,0.00,0.0,0
1962-07-06,92,76,0.00,0.0,0
1962-07-07,92,76,0.55,0.0,0
1962-07-08,93,75,0.00,0.0,0
1962-07-09,95,75,1.00,0.0,0
1962-07-10,95,74,0.00,0.0,0
1962-07-11,95,76,T,0.0,0
1962-07-12,94,76,0.00,0.0,0
1962-07-13,91,76,0.12,0.0,0
1962-07-14,92,76,0.00,0.0,0
1962-07-15,90,75,T,0.0,0
1962-07-16,91,76,0.35,0.0,0
1962-07-17,94,75,0.00,0.0,0
1962-07-18,93,75,T,0.0,0
1962-07-19,91,73,0.05,0.0,0
1962-07-20,93,73,0.00,0.0,0
1962-07-21,96,72,0.00,0.0,0
1962-07-22,94,77,0.00,0.0,0
1962-07-23,93,76,0.00,0.0,0
1962-07-24,91,74,0.07,0.0,0
1962-07-25,92,74,0.00,0.0,0
1962-07-26,94,76,0.03,0.0,0
1962-07-27,92,73,0.00,0.0,0
1962-07-28,93,74,0.70,0.0,0
1962-07-29,94,75,1.80,0.0,0
1962-07-30,92,75,0.00,0.0,0
1962-07-31,96,76,0.00,0.0,0
1962-08-01,95,75,T,0.0,0
1962-08-02,90,75,0.31,0.0,0
1962-08-03,92,74,0.05,0.0,0
1962-08-04,91,75,T,0.0,0
1962-08-05,93,76,0.00,0.0,0
1962-08-06,94,76,0.00,0.0,0
1962-08-07,94,75,0.00,0.0,0
1962-08-08,97,79,0.00,0.0,0
1962-08-09,94,74,0.00,0.0,0
1962-08-10,95,71,0.00,0.0,0
1962-08-11,92,70,0.00,0.0,0
1962-08-12,92,67,0.00,0.0,0
1962-08-13,92,76,T,0.0,0
1962-08-14,92,73,0.01,0.0,0
1962-08-15,91,73,0.36,0.0,0
1962-08-16,90,71,0.05,0.0,0
1962-08-17,93,71,0.00,0.0,0
1962-08-18,92,73,0.00,0.0,0
1962-08-19,91,70,T,0.0,0
1962-08-20,92,70,0.13,0.0,0
1962-08-21,88,72,T,0.0,0
1962-08-22,89,72,0.00,0.0,0
1962-08-23,88,73,0.88,0.0,0
1962-08-24,88,73,0.01,0.0,0
1962-08-25,86,73,0.48,0.0,0
1962-08-26,89,75,0.10,0.0,0
1962-08-27,90,74,T,0.0,0
1962-08-28,90,72,0.03,0.0,0
1962-08-29,89,74,T,0.0,0
1962-08-30,92,70,0.00,0.0,0
1962-08-31,92,73,0.00,0.0,0
1962-09-01,90,70,T,0.0,0
1962-09-02,92,72,0.19,0.0,0
1962-09-03,92,71,T,0.0,0
1962-09-04,91,71,0.07,0.0,0
1962-09-05,91,72,0.25,0.0,0
1962-09-06,88,72,1.05,0.0,0
1962-09-07,89,71,0.01,0.0,0
1962-09-08,93,70,0.12,0.0,0
1962-09-09,92,73,0.00,0.0,0
1962-09-10,91,73,T,0.0,0
1962-09-11,90,72,T,0.0,0
1962-09-12,90,73,0.00,0.0,0
1962-09-13,91,72,T,0.0,0
1962-09-14,91,71,T,0.0,0
1962-09-15,91,71,0.83,0.0,0
1962-09-16,90,70,0.00,0.0,0
1962-09-17,90,74,0.00,0.0,0
1962-09-18,89,72,T,0.0,0
1962-09-19,88,67,0.00,0.0,0
1962-09-20,88,66,0.00,0.0,0
1962-09-21,83,64,0.00,0.0,0
1962-09-22,85,59,0.00,0.0,0
1962-09-23,86,67,0.00,0.0,0
1962-09-24,86,65,0.00,0.0,0
1962-09-25,87,69,0.00,0.0,0
1962-09-26,88,69,T,0.0,0
1962-09-27,80,62,T,0.0,0
1962-09-28,81,60,0.00,0.0,0
1962-09-29,84,58,0.00,0.0,0
1962-09-30,85,63,0.00,0.0,0
1962-10-01,79,71,0.73,0.0,0
1962-10-02,83,67,T,0.0,0
1962-10-03,80,59,0.00,0.0,0
1962-10-04,83,56,0.00,0.0,0
1962-10-05,86,58,0.00,0.0,0
1962-10-06,88,59,0.00,0.0,0
1962-10-07,92,74,T,0.0,0
1962-10-08,91,73,0.08,0.0,0
1962-10-09,89,70,1.10,0.0,0
1962-10-10,87,65,0.00,0.0,0
1962-10-11,88,61,0.00,0.0,0
1962-10-12,86,64,0.00,0.0,0
1962-10-13,89,64,0.00,0.0,0
1962-10-14,89,68,0.00,0.0,0
1962-10-15,89,64,0.00,0.0,0
1962-10-16,86,67,0.54,0.0,0
1962-10-17,85,70,0.00,0.0,0
1962-10-18,83,62,0.00,0.0,0
1962-10-19,84,58,0.00,0.0,0
1962-10-20,87,61,0.00,0.0,0
1962-10-21,82,68,T,0.0,0
1962-10-22,76,57,0.00,0.0,0
1962-10-23,81,52,0.00,0.0,0
1962-10-24,68,54,0.00,0.0,0
1962-10-25,70,43,0.00,0.0,0
1962-10-26,71,47,0.00,0.0,0
1962-10-27,77,47,0.00,0.0,0
1962-10-28,79,50,0.00,0.0,0
1962-10-29,77,62,0.02,0.0,0
1962-10-30,76,63,0.82,0.0,0
1962-10-31,68,55,0.00,0.0,0
1962-11-01,66,43,0.00,0.0,0
1962-11-02,69,43,0.10,0.0,0
1962-11-03,56,45,0.00,0.0,0
1962-11-04,60,40,0.00,0.0,0
1962-11-05,70,37,0.00,0.0,0
1962-11-06,68,48,0.00,0.0,0
1962-11-07,65,49,T,0.0,0
1962-11-08,69,53,0.16,0.0,0
1962-11-09,62,44,0.00,0.0,0
1962-11-10,75,40,0.00,0.0,0
1962-11-11,79,46,0.00,0.0,0
1962-11-12,70,57,T,0.0,0
1962-11-13,69,49,0.00,0.0,0
1962-11-14,72,42,0.00,0.0,0
1962-11-15,74,45,0.00,0.0,0
1962-11-16,81,49,0.00,0.0,0
1962-11-17,77,57,T,0.0,0
1962-11-18,68,54,T,0.0,0
1962-11-19,62,54,T,0.0,0
1962-11-20,69,53,1.50,0.0,0
1962-11-21,68,50,0.20,0.0,0
1962-11-22,69,42,0.00,0.0,0
1962-11-23,70,45,0.00,0.0,0
1962-11-24,68,43,0.00,0.0,0
1962-11-25,71,42,0.00,0.0,0
1962-11-26,68,52,0.00,0.0,0
1962-11-27,61,53,T,0.0,0
1962-11-28,67,47,0.00,0.0,0
1962-11-29,59,48,T,0.0,0
1962-11-30,63,55,0.00,0.0,0
1962-12-01,67,50,0.00,0.0,0
1962-12-02,72,50,0.00,0.0,0
1962-12-03,73,53,0.00,0.0,0
1962-12-04,72,50,0.00,0.0,0
1962-12-05,59,39,0.14,0.0,0
1962-12-06,55,32,0.00,0.0,0
1962-12-07,67,35,0.50,0.0,0
1962-12-08,59,36,0.00,0.0,0
1962-12-09,56,35,0.00,0.0,0
1962-12-10,56,30,0.00,0.0,0
1962-12-11,64,32,0.02,0.0,0
1962-12-12,32,20,0.00,0.0,0
1962-12-13,33,17,0.00,0.0,0
1962-12-14,57,22,0.00,0.0,0
1962-12-15,66,41,T,0.0,0
1962-12-16,66,47,0.00,0.0,0
1962-12-17,66,42,0.00,0.0,0
1962-12-18,60,46,0.00,0.0,0
1962-12-19,70,49,0.00,0.0,0
1962-12-20,71,50,0.00,0.0,0
1962-12-21,76,56,0.55,0.0,0
1962-12-22,61,52,0.42,0.0,0
1962-12-23,62,52,T,0.0,0
1962-12-24,55,41,0.18,0.0,0
1962-12-25,50,43,0.01,0.0,0
1962-12-26,50,47,0.14,0.0,0
1962-12-27,52,48,0.02,0.0,0
1962-12-28,64,48,1.30,0.0,0
1962-12-29,67,49,1.19,0.0,0
1962-12-30,58,41,0.00,0.0,0
1962-12-31,60,35,0.00,0.0,0
1963-01-01,63,37,0.00,0.0,0
1963-01-02,60,38,0.00,0.0,0
1963-01-03,62,33,0.00,0.0,0
1963-01-04,66,38,T,0.0,0
1963-01-05,60,53,0.07,0.0,0
1963-01-06,56,47,T,0.0,0
1963-01-07,56,40,0.00,0.0,0
1963-01-08,63,34,0.00,0.0,0
1963-01-09,70,38,T,0.0,0
1963-01-10,76,59,0.02,0.0,0
1963-01-11,74,57,0.68,0.0,0
1963-01-12,59,33,0.13,0.0,0
1963-01-13,33,27,T,T,0
1963-01-14,36,28,T,0.0,0
1963-01-15,44,33,0.00,0.0,0
1963-01-16,52,33,0.00,0.0,0
1963-01-17,51,44,0.67,0.0,0
1963-01-18,56,47,0.38,0.0,0
1963-01-19,67,53,2.79,0.0,0
1963-01-20,60,34,0.41,0.0,0
1963-01-21,45,30,0.00,0.0,0
1963-01-22,62,29,T,0.0,0
1963-01-23,67,21,T,0.0,0
1963-01-24,30,14,0.00,0.0,0
1963-01-25,47,18,0.00,0.0,0
1963-01-26,68,42,0.06,0.0,0
1963-01-27,43,30,T,0.0,0
1963-01-28,43,30,0.00,0.0,0
1963-01-29,65,41,0.00,0.0,0
1963-01-30,78,50,T,0.0,0
1963-01-31,67,53,T,0.0,0
1963-02-01,79,60,T,0.0,0
1963-02-02,79,51,0.70,0.0,0
1963-02-03,52,35,T,0.0,0
1963-02-04,58,34,0.00,0.0,0
1963-02-05,64,32,0.00,0.0,0
1963-02-06,71,33,0.00,0.0,0
1963-02-07,71,45,0.00,0.0,0
1963-02-08,47,34,0.00,0.0,0
1963-02-09,56,30,0.00,0.0,0
1963-02-10,73,40,0.00,0.0,0
1963-02-11,62,36,1.61,0.0,0
1963-02-12,44,31,T,0.0,0
1963-02-13,49,28,0.00,0.0,0
1963-02-14,60,32,0.00,0.0,0
1963-02-15,51,34,0.00,0.0,0
1963-02-16,50,29,0.00,0.0,0
1963-02-17,56,29,0.00,0.0,0
1963-02-18,55,46,2.09,0.0,0
1963-02-19,52,42,0.02,0.0,0
1963-02-20,62,41,0.00,0.0,0
1963-02-21,65,34,0.00,0.0,0
1963-02-22,40,28,T,T,T
1963-02-23,54,29,1.00,0.0,0
1963-02-24,61,39,0.34,0.0,0
1963-02-25,64,37,0.14,0.0,0
1963-02-26,56,41,T,0.0,0
1963-02-27,60,33,0.00,0.0,0
1963-02-28,74,47,0.00,0.0,0
1963-03-01,66,44,0.03,0.0,0
1963-03-02,71,40,0.00,0.0,0
1963-03-03,74,50,T,0.0,0
1963-03-04,80,64,0.00,0.0,0
1963-03-05,77,47,0.95,0.0,0
1963-03-06,61,41,0.00,0.0,0
1963-03-07,69,39,0.00,0.0,0
1963-03-08,71,41,0.00,0.0,0
1963-03-09,78,56,0.00,0.0,0
1963-03-10,71,55,T,0.0,0
1963-03-11,82,67,0.00,0.0,0
1963-03-12,80,70,T,0.0,0
1963-03-13,81,69,T,0.0,0
1963-03-14,83,59,0.00,0.0,0
1963-03-15,77,56,T,0.0,0
1963-03-16,84,69,0.00,0.0,0
1963-03-17,87,70,0.00,0.0,0
1963-03-18,86,73,0.00,0.0,0
1963-03-19,87,73,T,0.0,0
1963-03-20,75,60,T,0.0,0
1963-03-21,68,54,0.00,0.0,0
1963-03-22,66,43,0.00,0.0,0
1963-03-23,73,40,0.00,0.0,0
1963-03-24,77,49,0.00,0.0,0
1963-03-25,80,61,T,0.0,0
1963-03-26,80,57,0.02,0.0,0
1963-03-27,75,48,0.00,0.0,0
1963-03-28,79,47,0.00,0.0,0
1963-03-29,80,47,0.00,0.0,0
1963-03-30,83,50,0.00,0.0,0
1963-03-31,84,45,0.00,0.0,0
1963-04-01,82,49,0.00,0.0,0
1963-04-02,84,50,0.00,0.0,0
1963-04-03,82,60,0.00,0.0,0
1963-04-04,83,62,T,0.0,0
1963-04-05,82,61,0.00,0.0,0
1963-04-06,73,56,0.25,0.0,0
1963-04-07,69,53,T,0.0,0
1963-04-08,77,49,0.00,0.0,0
1963-04-09,82,60,0.00,0.0,0
1963-04-10,88,66,0.00,0.0,0
1963-04-11,86,56,0.00,0.0,0
1963-04-12,80,66,0.00,0.0,0
1963-04-13,79,62,0.00,0.0,0
1963-04-14,78,53,0.00,0.0,0
1963-04-15,82,52,0.00,0.0,0
1963-04-16,83,67,0.00,0.0,0
1963-04-17,82,65,0.00,0.0,0
1963-04-18,84,68,0.00,0.0,0
1963-04-19,83,72,0.00,0.0,0
1963-04-20,85,72,0.00,0.0,0
1963-04-21,84,72,0.00,0.0,0
1963-04-22,86,71,0.00,0.0,0
1963-04-23,86,70,0.00,0.0,0
1963-04-24,80,66,T,0.0,0
1963-04-25,85,65,0.11,0.0,0
1963-04-26,85,64,T,0.0,0
1963-04-27,86,65,0.00,0.0,0
1963-04-28,86,72,0.00,0.0,0
1963-04-29,86,76,0.00,0.0,0
1963-04-30,82,68,1.48,0.0,0
1963-05-01,72,57,0.00,0.0,0
1963-05-02,76,61,0.00,0.0,0
1963-05-03,81,60,T,0.0,0
1963-05-04,84,61,0.00,0.0,0
1963-05-05,84,57,0.00,0.0,0
1963-05-06,85,60,0.00,0.0,0
1963-05-07,87,64,0.00,0.0,0
1963-05-08,86,65,0.00,0.0,0
1963-05-09,85,61,0.00,0.0,0
1963-05-10,86,69,0.00,0.0,0
1963-05-11,86,63,0.00,0.0,0
1963-05-12,87,63,0.00,0.0,0
1963-05-13,86,62,0.00,0.0,0
1963-05-14,86,62,0.00,0.0,0
1963-05-15,88,65,0.00,0.0,0
1963-05-16,90,67,0.00,0.0,0
1963-05-17,90,66,0.00,0.0,0
1963-05-18,87,69,T,0.0,0
1963-05-19,86,67,2.16,0.0,0
1963-05-20,83,65,0.59,0.0,0
1963-05-21,86,67,0.00,0.0,0
1963-05-22,86,66,0.03,0.0,0
1963-05-23,83,66,0.00,0.0,0
1963-05-24,86,68,0.00,0.0,0
1963-05-25,86,74,0.00,0.0,0
1963-05-26,89,68,0.00,0.0,0
1963-05-27,90,74,0.00,0.0,0
1963-05-28,85,68,0.39,0.0,0
1963-05-29,90,67,0.00,0.0,0
1963-05-30,88,67,0.00,0.0,0
1963-05-31,86,64,0.00,0.0,0
1963-06-01,85,64,0.16,0.0,0
1963-06-02,85,66,0.00,0.0,0
1963-06-03,86,67,0.00,0.0,0
1963-06-04,89,65,0.00,0.0,0
1963-06-05,88,65,0.00,0.0,0
1963-06-06,90,67,0.00,0.0,0
1963-06-07,94,69,0.05,0.0,0
1963-06-08,94,70,0.00,0.0,0
1963-06-09,93,72,0.00,0.0,0
1963-06-10,92,70,0.00,0.0,0
1963-06-11,93,71,0.00,0.0,0
1963-06-12,95,75,T,0.0,0
1963-06-13,93,74,0.00,0.0,0
1963-06-14,97,74,T,0.0,0
1963-06-15,95,75,0.00,0.0,0
1963-06-16,95,75,0.01,0.0,0
1963-06-17,81,76,0.45,0.0,0
1963-06-18,86,73,0.33,0.0,0
1963-06-19,80,73,0.20,0.0,0
1963-06-20,78,67,1.55,0.0,0
1963-06-21,85,66,0.01,0.0,0
1963-06-22,85,71,0.64,0.0,0
1963-06-23,89,68,T,0.0,0
1963-06-24,86,71,0.38,0.0,0
1963-06-25,87,71,0.15,0.0,0
1963-06-26,89,69,0.00,0.0,0
1963-06-27,87,67,0.00,0.0,0
1963-06-28,89,69,0.00,0.0,0
1963-06-29,90,71,0.06,0.0,0
1963-06-30,90,69,0.17,0.0,0
1963-07-01,89,71,0.67,0.0,0
1963-07-02,91,71,T,0.0,0
1963-07-03,92,72,T,0.0,0
1963-07-04,92,72,T,0.0,0
1963-07-05,90,69,0.00,0.0,0
1963-07-06,91,74,0.00,0.0,0
1963-07-07,90,74,0.41,0.0,0
1963-07-08,91,74,0.68,0.0,0
1963-07-09,86,72,0.34,0.0,0
1963-07-10,87,72,0.00,0.0,0
1963-07-11,87,72,T,0.0,0
1963-07-12,88,74,0.00,0.0,0
1963-07-13,88,74,0.50,0.0,0
1963-07-14,91,74,0.00,0.0,0
1963-07-15,89,77,0.85,0.0,0
1963-07-16,90,75,0.02,0.0,0
1963-07-17,91,74,0.00,0.0,0
1963-07-18,90,74,0.66,0.0,0
1963-07-19,90,73,0.00,0.0,0
1963-07-20,91,73,0.03,0.0,0
1963-07-21,93,77,0.00,0.0,0
1963-07-22,93,73,0.65,0.0,0
1963-07-23,88,72,T,0.0,0
1963-07-24,89,74,0.00,0.0,0
1963-07-25,82,73,0.38,0.0,0
1963-07-26,85,71,0.02,0.0,0
1963-07-27,89,71,0.03,0.0,0
1963-07-28,91,74,0.12,0.0,0
1963-07-29,90,72,0.01,0.0,0
1963-07-30,91,72,0.05,0.0,0
1963-07-31,89,70,0.98,0.0,0
1963-08-01,90,73,T,0.0,0
1963-08-02,89,70,0.00,0.0,0
1963-08-03,91,73,T,0.0,0
1963-08-04,92,74,0.00,0.0,0
1963-08-05,90,72,0.27,0.0,0
1963-08-06,93,73,0.00,0.0,0
1963-08-07,92,75,T,0.0,0
1963-08-08,95,73,0.19,0.0,0
1963-08-09,91,71,0.00,0.0,0
1963-08-10,92,76,0.61,0.0,0
1963-08-11,92,78,0.00,0.0,0
1963-08-12,94,74,0.00,0.0,0
1963-08-13,92,75,0.00,0.0,0
1963-08-14,88,76,0.03,0.0,0
1963-08-15,85,73,0.00,0.0,0
1963-08-16,85,68,0.00,0.0,0
1963-08-17,88,65,0.00,0.0,0
1963-08-18,90,70,0.00,0.0,0
1963-08-19,90,72,0.07,0.0,0
1963-08-20,91,70,0.05,0.0,0
1963-08-21,87,71,0.05,0.0,0
1963-08-22,87,69,T,0.0,0
1963-08-23,91,69,0.24,0.0,0
1963-08-24,91,69,0.60,0.0,0
1963-08-25,92,72,T,0.0,0
1963-08-26,93,75,0.00,0.0,0
1963-08-27,92,74,0.00,0.0,0
1963-08-28,92,78,0.00,0.0,0
1963-08-29,91,74,0.00,0.0,0
1963-08-30,92,74,0.01,0.0,0
1963-08-31,90,73,0.00,0.0,0
1963-09-01,92,78,0.00,0.0,0
1963-09-02,91,73,0.35,0.0,0
1963-09-03,90,73,0.14,0.0,0
1963-09-04,91,70,0.00,0.0,0
1963-09-05,93,72,0.06,0.0,0
1963-09-06,93,73,0.00,0.0,0
1963-09-07,94,71,2.00,0.0,0
1963-09-08,92,74,0.00,0.0,0
1963-09-09,92,70,0.00,0.0,0
1963-09-10,93,71,0.00,0.0,0
1963-09-11,93,72,0.00,0.0,0
1963-09-12,92,72,0.00,0.0,0
1963-09-13,91,70,0.75,0.0,0
1963-09-14,86,70,0.00,0.0,0
1963-09-15,86,72,0.14,0.0,0
1963-09-16,77,73,3.01,0.0,0
1963-09-17,83,75,0.24,0.0,0
1963-09-18,83,74,0.45,0.0,0
1963-09-19,85,66,T,0.0,0
1963-09-20,87,64,0.00,0.0,0
1963-09-21,87,65,T,0.0,0
1963-09-22,85,67,0.20,0.0,0
1963-09-23,81,70,0.00,0.0,0
1963-09-24,75,64,0.00,0.0,0
1963-09-25,80,64,0.00,0.0,0
1963-09-26,78,69,0.00,0.0,0
1963-09-27,74,67,0.01,0.0,0
1963-09-28,76,62,0.00,0.0,0
1963-09-29,85,62,0.00,0.0,0
1963-09-30,76,57,0.00,0.0,0
1963-10-01,78,52,0.00,0.0,0
1963-10-02,83,58,0.00,0.0,0
1963-10-03,85,61,0.00,0.0,0
1963-10-04,87,63,0.00,0.0,0
1963-10-05,86,62,0.00,0.0,0
1963-10-06,83,61,0.00,0.0,0
1963-10-07,83,58,0.00,0.0,0
1963-10-08,83,57,0.00,0.0,0
1963-10-09,89,58,0.00,0.0,0
1963-10-10,86,64,0.00,0.0,0
1963-10-11,86,61,0.00,0.0,0
1963-10-12,86,55,0.00,0.0,0
1963-10-13,86,57,0.00,0.0,0
1963-10-14,86,60,T,0.0,0
1963-10-15,82,55,0.00,0.0,0
1963-10-16,84,54,0.00,0.0,0
1963-10-17,83,58,0.00,0.0,0
1963-10-18,83,55,0.00,0.0,0
1963-10-19,82,50,0.00,0.0,0
1963-10-20,83,51,0.00,0.0,0
1963-10-21,83,52,0.00,0.0,0
1963-10-22,83,53,0.00,0.0,0
1963-10-23,83,57,0.00,0.0,0
1963-10-24,80,61,0.00,0.0,0
1963-10-25,80,61,0.00,0.0,0
1963-10-26,82,62,0.00,0.0,0
1963-10-27,84,63,0.00,0.0,0
1963-10-28,85,64,0.00,0.0,0
1963-10-29,72,58,0.00,0.0,0
1963-10-30,71,45,0.00,0.0,0
1963-10-31,78,47,0.00,0.0,0
1963-11-01,80,53,0.15,0.0,0
1963-11-02,63,36,0.00,0.0,0
1963-11-03,70,36,0.00,0.0,0
1963-11-04,76,46,0.00,0.0,0
1963-11-05,71,57,0.54,0.0,0
1963-11-06,80,53,T,0.0,0
1963-11-07,78,50,0.00,0.0,0
1963-11-08,78,48,0.00,0.0,0
1963-11-09,68,61,3.61,0.0,0
1963-11-10,63,59,1.51,0.0,0
1963-11-11,71,57,T,0.0,0
1963-11-12,68,50,0.00,0.0,0
1963-11-13,63,41,0.00,0.0,0
1963-11-14,56,35,0.00,0.0,0
1963-11-15,67,33,0.00,0.0,0
1963-11-16,76,50,0.00,0.0,0
1963-11-17,77,59,0.00,0.0,0
1963-11-18,79,54,0.00,0.0,0
1963-11-19,74,55,0.00,0.0,0
1963-11-20,78,67,0.10,0.0,0
1963-11-21,81,69,T,0.0,0
1963-11-22,78,69,0.71,0.0,0
1963-11-23,70,47,0.00,0.0,0
1963-11-24,56,39,0.00,0.0,0
1963-11-25,67,40,0.00,0.0,0
1963-11-26,66,55,0.00,0.0,0
1963-11-27,65,55,0.00,0.0,0
1963-11-28,71,55,1.23,0.0,0
1963-11-29,56,40,0.00,0.0,0
1963-11-30,67,36,0.00,0.0,0
1963-12-01,62,39,0.00,0.0,0
1963-12-02,71,49,0.90,0.0,0
1963-12-03,57,36,0.00,0.0,0
1963-12-04,67,34,0.00,0.0,0
1963-12-05,62,34,0.00,0.0,0
1963-12-06,65,35,0.00,0.0,0
1963-12-07,69,53,0.15,0.0,0
1963-12-08,64,43,0.00,0.0,0
1963-12-09,60,34,0.00,0.0,0
1963-12-10,65,41,0.00,0.0,0
1963-12-11,76,61,0.39,0.0,0
1963-12-12,62,48,1.38,0.0,0
1963-12-13,50,45,1.11,0.0,0
1963-12-14,45,33,0.47,0.0,0
1963-12-15,41,31,0.00,0.0,0
1963-12-16,40,35,0.00,0.0,0
1963-12-17,48,28,0.00,0.0,0
1963-12-18,57,30,0.00,0.0,0
1963-12-19,45,28,0.00,0.0,0
1963-12-20,52,28,0.54,0.0,0
1963-12-21,41,37,0.03,0.0,0
1963-12-22,50,29,0.03,0.0,0
1963-12-23,30,25,T,T,T
1963-12-24,44,23,0.00,0.0,0
1963-12-25,62,28,0.00,0.0,0
1963-12-26,72,38,0.00,0.0,0
1963-12-27,66,48,0.00,0.0,0
1963-12-28,56,34,0.00,0.0,0
1963-12-29,58,30,0.00,0.0,0
1963-12-30,50,40,0.00,0.0,0
1963-12-31,44,32,0.25,2.7,T
1964-01-01,48,21,0.00,0.0,2
1964-01-02,68,32,0.00,0.0,T
1964-01-03,72,40,0.00,0.0,0
1964-01-04,60,48,0.60,0.0,0
1964-01-05,59,48,T,0.0,0
1964-01-06,62,51,3.98,0.0,0
1964-01-07,54,46,T,0.0,0
1964-01-08,71,50,0.65,0.0,0
1964-01-09,69,40,0.19,0.0,0
1964-01-10,46,30,0.00,0.0,0
1964-01-11,53,29,0.57,0.0,0
1964-01-12,52,32,0.02,0.0,0
1964-01-13,36,28,0.00,0.0,0
1964-01-14,38,24,0.00,0.0,0
1964-01-15,46,24,0.00,0.0,0
1964-01-16,46,40,0.75,0.0,0
1964-01-17,55,38,0.05,0.0,0
1964-01-18,67,31,0.00,0.0,0
1964-01-19,71,50,0.10,0.0,0
1964-01-20,67,40,0.00,0.0,0
1964-01-21,67,38,0.00,0.0,0
1964-01-22,63,54,1.71,0.0,0
1964-01-23,74,54,0.62,0.0,0
1964-01-24,73,59,0.08,0.0,0
1964-01-25,59,43,0.00,0.0,0
1964-01-26,62,35,0.00,0.0,0
1964-01-27,67,49,0.23,0.0,0
1964-01-28,59,43,T,0.0,0
1964-01-29,54,37,0.00,0.0,0
1964-01-30,61,44,0.02,0.0,0
1964-01-31,73,51,0.03,0.0,0
1964-02-01,63,44,0.00,0.0,0
1964-02-02,60,49,T,0.0,0
1964-02-03,55,50,0.36,0.0,0
1964-02-04,57,53,T,0.0,0
1964-02-05,62,50,0.38,0.0,0
1964-02-06,68,49,0.00,0.0,0
1964-02-07,54,38,0.32,0.0,0
1964-02-08,55,30,0.00,0.0,0
1964-02-09,65,39,0.00,0.0,0
1964-02-10,70,35,0.00,0.0,0
1964-02-11,55,34,0.00,0.0,0
1964-02-12,66,33,0.00,0.0,0
1964-02-13,75,50,0.16,0.0,0
1964-02-14,58,44,T,0.0,0
1964-02-15,73,51,0.08,0.0,0
1964-02-16,57,39,0.00,0.0,0
1964-02-17,61,36,1.15,0.0,0
1964-02-18,61,43,0.01,0.0,0
1964-02-19,57,39,0.00,0.0,0
1964-02-20,56,31,0.00,0.0,0
1964-02-21,47,40,0.45,0.0,0
1964-02-22,47,38,0.00,0.0,0
1964-02-23,53,26,0.00,0.0,0
1964-02-24,56,30,1.85,0.0,0
1964-02-25,55,42,0.00,0.0,0
1964-02-26,63,35,0.01,0.0,0
1964-02-27,56,52,0.58,0.0,0
1964-02-28,56,35,T,0.0,0
1964-02-29,60,34,0.00,0.0,0
1964-03-01,67,55,0.69,0.0,0
1964-03-02,78,57,1.11,0.0,0
1964-03-03,72,51,T,0.0,0
1964-03-04,74,57,0.15,0.0,0
1964-03-05,62,41,0.00,0.0,0
1964-03-06,70,36,0.00,0.0,0
1964-03-07,82,62,0.00,0.0,0
1964-03-08,82,66,0.00,0.0,0
1964-03-09,80,48,0.06,0.0,0
1964-03-10,63,44,0.00,0.0,0
1964-03-11,70,42,0.00,0.0,0
1964-03-12,74,46,0.00,0.0,0
1964-03-13,75,47,0.02,0.0,0
1964-03-14,82,71,T,0.0,0
1964-03-15,73,59,0.39,0.0,0
1964-03-16,68,41,0.00,0.0,0
1964-03-17,74,38,0.00,0.0,0
1964-03-18,78,44,0.00,0.0,0
1964-03-19,68,59,2.49,0.0,0
1964-03-20,79,51,0.00,0.0,0
1964-03-21,58,45,0.00,0.0,0
1964-03-22,58,39,0.00,0.0,0
1964-03-23,67,45,0.00,0.0,0
1964-03-24,77,63,0.36,0.0,0
1964-03-25,78,64,0.18,0.0,0
1964-03-26,66,44,0.00,0.0,0
1964-03-27,69,40,0.00,0.0,0
1964-03-28,76,56,0.00,0.0,0
1964-03-29,70,47,0.00,0.0,0
1964-03-30,58,36,0.00,0.0,0
1964-03-31,70,36,0.00,0.0,0
1964-04-01,75,40,0.00,0.0,0
1964-04-02,74,62,T,0.0,0
1964-04-03,80,63,T,0.0,0
1964-04-04,82,63,T,0.0,0
1964-04-05,79,70,0.18,0.0,0
1964-04-06,80,67,1.26,0.0,0
1964-04-07,83,74,T,0.0,0
1964-04-08,75,54,0.10,0.0,0
1964-04-09,65,44,0.00,0.0,0
1964-04-10,71,44,0.00,0.0,0
1964-04-11,74,47,0.00,0.0,0
1964-04-12,80,66,0.05,0.0,0
1964-04-13,81,68,0.55,0.0,0
1964-04-14,70,58,2.34,0.0,0
1964-04-15,78,56,0.00,0.0,0
1964-04-16,79,51,0.00,0.0,0
1964-04-17,81,57,0.00,0.0,0
1964-04-18,80,69,0.00,0.0,0
1964-04-19,81,66,0.00,0.0,0
1964-04-20,80,65,0.00,0.0,0
1964-04-21,82,64,0.00,0.0,0
1964-04-22,83,65,0.00,0.0,0
1964-04-23,86,72,0.00,0.0,0
1964-04-24,86,68,0.04,0.0,0
1964-04-25,85,68,0.14,0.0,0
1964-04-26,82,72,0.99,0.0,0
1964-04-27,89,65,T,0.0,0
1964-04-28,88,64,T,0.0,0
1964-04-29,78,63,0.00,0.0,0
1964-04-30,79,63,0.01,0.0,0
1964-05-01,77,68,0.06,0.0,0
1964-05-02,86,67,T,0.0,0
1964-05-03,84,63,0.00,0.0,0
1964-05-04,80,59,0.00,0.0,0
1964-05-05,84,56,0.00,0.0,0
1964-05-06,85,63,0.00,0.0,0
1964-05-07,84,68,0.00,0.0,0
1964-05-08,85,66,0.00,0.0,0
1964-05-09,87,67,T,0.0,0
1964-05-10,88,67,0.00,0.0,0
1964-05-11,87,69,T,0.0,0
1964-05-12,87,67,1.50,0.0,0
1964-05-13,80,57,0.00,0.0,0
1964-05-14,80,52,0.00,0.0,0
1964-05-15,79,61,0.00,0.0,0
1964-05-16,83,56,0.00,0.0,0
1964-05-17,84,59,0.00,0.0,0
1964-05-18,85,56,0.00,0.0,0
1964-05-19,88,58,0.00,0.0,0
1964-05-20,87,60,0.00,0.0,0
1964-05-21,90,63,0.00,0.0,0
1964-05-22,88,65,0.00,0.0,0
1964-05-23,87,69,0.00,0.0,0
1964-05-24,86,73,0.08,0.0,0
1964-05-25,88,67,0.00,0.0,0
1964-05-26,90,69,0.00,0.0,0
1964-05-27,91,67,0.00,0.0,0
1964-05-28,92,69,T,0.0,0
1964-05-29,81,69,0.00,0.0,0
1964-05-30,86,66,0.04,0.0,0
1964-05-31,79,68,0.01,0.0,0
1964-06-01,75,60,0.00,0.0,0
1964-06-02,81,58,0.00,0.0,0
1964-06-03,84,60,0.00,0.0,0
1964-06-04,86,62,0.00,0.0,0
1964-06-05,88,61,0.00,0.0,0
1964-06-06,89,63,0.00,0.0,0
1964-06-07,87,65,T,0.0,0
1964-06-08,88,65,0.00,0.0,0
1964-06-09,91,72,0.07,0.0,0
1964-06-10,92,72,0.00,0.0,0
1964-06-11,92,71,T,0.0,0
1964-06-12,92,74,T,0.0,0
1964-06-13,90,69,0.55,0.0,0
1964-06-14,91,71,0.00,0.0,0
1964-06-15,91,70,0.00,0.0,0
1964-06-16,92,73,0.00,0.0,0
1964-06-17,92,72,0.00,0.0,0
1964-06-18,92,75,0.00,0.0,0
1964-06-19,92,74,0.00,0.0,0
1964-06-20,91,74,0.96,0.0,0
1964-06-21,92,72,0.00,0.0,0
1964-06-22,92,72,0.00,0.0,0
1964-06-23,91,72,0.00,0.0,0
1964-06-24,88,73,0.03,0.0,0
1964-06-25,87,73,T,0.0,0
1964-06-26,85,71,1.38,0.0,0
1964-06-27,84,71,0.15,0.0,0
1964-06-28,86,71,0.40,0.0,0
1964-06-29,84,72,1.61,0.0,0
1964-06-30,89,72,0.37,0.0,0
1964-07-01,89,70,0.09,0.0,0
1964-07-02,88,73,0.42,0.0,0
1964-07-03,86,75,0.71,0.0,0
1964-07-04,89,73,T,0.0,0
1964-07-05,92,74,0.00,0.0,0
1964-07-06,93,74,0.00,0.0,0
1964-07-07,92,74,0.00,0.0,0
1964-07-08,91,68,0.00,0.0,0
1964-07-09,87,75,0.00,0.0,0
1964-07-10,90,74,0.00,0.0,0
1964-07-11,92,74,0.00,0.0,0
1964-07-12,92,72,0.18,0.0,0
1964-07-13,83,71,0.84,0.0,0
1964-07-14,85,68,T,0.0,0
1964-07-15,89,73,0.69,0.0,0
1964-07-16,85,72,0.56,0.0,0
1964-07-17,84,74,0.00,0.0,0
1964-07-18,85,72,0.00,0.0,0
1964-07-19,87,70,T,0.0,0
1964-07-20,88,69,T,0.0,0
1964-07-21,91,73,T,0.0,0
1964-07-22,93,74,0.00,0.0,0
1964-07-23,93,73,0.68,0.0,0
1964-07-24,91,73,0.06,0.0,0
1964-07-25,90,73,T,0.0,0
1964-07-26,91,72,0.00,0.0,0
1964-07-27,87,72,0.19,0.0,0
1964-07-28,87,73,1.09,0.0,0
1964-07-29,89,70,T,0.0,0
1964-07-30,89,70,0.01,0.0,0
1964-07-31,90,69,0.38,0.0,0
1964-08-01,91,71,0.02,0.0,0
1964-08-02,88,71,0.00,0.0,0
1964-08-03,92,72,0.00,0.0,0
1964-08-04,95,77,0.00,0.0,0
1964-08-05,92,77,0.03,0.0,0
1964-08-06,92,74,0.03,0.0,0
1964-08-07,88,75,T,0.0,0
1964-08-08,87,73,0.27,0.0,0
1964-08-09,91,72,0.00,0.0,0
1964-08-10,91,74,0.00,0.0,0
1964-08-11,91,78,0.00,0.0,0
1964-08-12,92,74,0.00,0.0,0
1964-08-13,86,76,T,0.0,0
1964-08-14,87,73,0.33,0.0,0
1964-08-15,91,72,0.02,0.0,0
1964-08-16,89,77,0.00,0.0,0
1964-08-17,90,76,0.05,0.0,0
1964-08-18,89,72,0.05,0.0,0
1964-08-19,87,71,1.97,0.0,0
1964-08-20,89,70,0.20,0.0,0
1964-08-21,89,77,0.08,0.0,0
1964-08-22,88,75,0.27,0.0,0
1964-08-23,91,73,0.00,0.0,0
1964-08-24,90,69,0.00,0.0,0
1964-08-25,91,70,0.10,0.0,0
1964-08-26,89,70,0.43,0.0,0
1964-08-27,91,69,0.00,0.0,0
1964-08-28,91,69,0.00,0.0,0
1964-08-29,93,69,0.00,0.0,0
1964-08-30,93,74,0.00,0.0,0
1964-08-31,96,76,0.03,0.0,0
1964-09-01,95,75,0.00,0.0,0
1964-09-02,94,72,0.00,0.0,0
1964-09-03,93,68,0.00,0.0,0
1964-09-04,91,69,0.14,0.0,0
1964-09-05,87,70,0.03,0.0,0
1964-09-06,86,69,1.52,0.0,0
1964-09-07,85,74,T,0.0,0
1964-09-08,88,70,0.00,0.0,0
1964-09-09,89,65,0.00,0.0,0
1964-09-10,91,62,0.00,0.0,0
1964-09-11,92,72,0.00,0.0,0
1964-09-12,85,71,0.00,0.0,0
1964-09-13,82,68,0.00,0.0,0
1964-09-14,82,57,0.00,0.0,0
1964-09-15,88,54,0.00,0.0,0
1964-09-16,87,64,0.00,0.0,0
1964-09-17,87,73,1.25,0.0,0
1964-09-18,80,67,T,0.0,0
1964-09-19,86,65,0.00,0.0,0
1964-09-20,90,68,0.00,0.0,0
1964-09-21,86,65,0.00,0.0,0
1964-09-22,86,63,0.00,0.0,0
1964-09-23,87,60,0.00,0.0,0
1964-09-24,83,66,T,0.0,0
1964-09-25,80,57,0.00,0.0,0
1964-09-26,87,60,0.00,0.0,0
1964-09-27,87,73,0.19,0.0,0
1964-09-28,87,70,T,0.0,0
1964-09-29,86,67,0.36,0.0,0
1964-09-30,82,73,1.44,0.0,0
1964-10-01,84,75,T,0.0,0
1964-10-02,79,73,0.81,0.0,0
1964-10-03,82,75,2.19,0.0,0
1964-10-04,77,59,0.26,0.0,0
1964-10-05,69,57,0.00,0.0,0
1964-10-06,67,53,0.00,0.0,0
1964-10-07,68,45,0.00,0.0,0
1964-10-08,72,40,0.00,0.0,0
1964-10-09,80,44,0.00,0.0,0
1964-10-10,70,56,0.00,0.0,0
1964-10-11,72,51,0.00,0.0,0
1964-10-12,80,56,0.00,0.0,0
1964-10-13,75,64,T,0.0,0
1964-10-14,76,59,0.00,0.0,0
1964-10-15,71,58,0.00,0.0,0
1964-10-16,74,54,0.00,0.0,0
1964-10-17,81,53,0.00,0.0,0
1964-10-18,82,45,0.00,0.0,0
1964-10-19,66,53,0.00,0.0,0
1964-10-20,68,39,0.00,0.0,0
1964-10-21,75,36,0.00,0.0,0
1964-10-22,77,46,0.00,0.0,0
1964-10-23,80,44,0.00,0.0,0
1964-10-24,75,49,0.00,0.0,0
1964-10-25,78,42,0.00,0.0,0
1964-10-26,80,59,0.00,0.0,0
1964-10-27,77,64,0.23,0.0,0
1964-10-28,78,59,0.01,0.0,0
1964-10-29,78,55,0.00,0.0,0
1964-10-30,81,51,0.00,0.0,0
1964-10-31,80,52,0.00,0.0,0
1964-11-01,80,50,0.00,0.0,0
1964-11-02,77,46,0.00,0.0,0
1964-11-03,75,44,0.00,0.0,0
1964-11-04,79,51,0.00,0.0,0
1964-11-05,80,55,0.00,0.0,0
1964-11-06,78,62,0.00,0.0,0
1964-11-07,75,50,0.28,0.0,0
1964-11-08,75,47,0.00,0.0,0
1964-11-09,71,48,0.00,0.0,0
1964-11-10,73,41,0.00,0.0,0
1964-11-11,76,60,0.00,0.0,0
1964-11-12,81,61,T,0.0,0
1964-11-13,80,63,0.00,0.0,0
1964-11-14,80,67,0.30,0.0,0
1964-11-15,81,67,0.47,0.0,0
1964-11-16,81,62,0.00,0.0,0
1964-11-17,79,66,0.00,0.0,0
1964-11-18,81,63,0.00,0.0,0
1964-11-19,80,54,0.67,0.0,0
1964-11-20,54,44,T,0.0,0
1964-11-21,56,41,0.00,0.0,0
1964-11-22,47,36,0.00,0.0,0
1964-11-23,55,45,T,0.0,0
1964-11-24,57,51,1.00,0.0,0
1964-11-25,56,38,0.00,0.0,0
1964-11-26,73,35,0.00,0.0,0
1964-11-27,78,62,0.45,0.0,0
1964-11-28,72,61,0.34,0.0,0
1964-11-29,66,49,0.00,0.0,0
1964-11-30,56,35,0.00,0.0,0
1964-12-01,53,32,0.00,0.0,0
1964-12-02,71,40,0.00,0.0,0
1964-12-03,76,63,0.17,0.0,0
1964-12-04,72,50,0.13,0.0,0
1964-12-05,50,40,0.00,0.0,0
1964-12-06,49,38,0.00,0.0,0
1964-12-07,51,31,0.00,0.0,0
1964-12-08,56,29,0.00,0.0,0
1964-12-09,59,37,T,0.0,0
1964-12-10,75,54,T,0.0,0
1964-12-11,71,59,2.52,0.0,0
1964-12-12,61,45,0.00,0.0,0
1964-12-13,58,49,0.00,0.0,0
1964-12-14,58,34,0.00,0.0,0
1964-12-15,60,29,0.00,0.0,0
1964-12-16,68,41,0.00,0.0,0
1964-12-17,76,46,0.05,0.0,0
1964-12-18,47,37,0.05,0.0,0
1964-12-19,52,36,0.00,0.0,0
1964-12-20,64,52,T,0.0,0
1964-12-21,70,53,0.10,0.0,0
1964-12-22,72,59,0.00,0.0,0
1964-12-23,76,63,0.00,0.0,0
1964-12-24,78,68,0.06,0.0,0
1964-12-25,79,69,0.02,0.0,0
1964-12-26,75,52,T,0.0,0
1964-12-27,57,46,T,0.0,0
1964-12-28,64,38,0.00,0.0,0
1964-12-29,77,59,T,0.0,0
1964-12-30,78,60,0.00,0.0,0
1964-12-31,74,57,0.00,0.0,0
1965-01-01,74,55,0.00,0.0,0
1965-01-02,75,53,0.10,0.0,0
1965-01-03,64,47,T,0.0,0
1965-01-04,61,44,0.00,0.0,0
1965-01-05,69,48,0.00,0.0,0
1965-01-06,70,47,0.00,0.0,0
1965-01-07,74,58,0.00,0.0,0
1965-01-08,74,62,0.00,0.0,0
1965-01-09,75,59,0.19,0.0,0
1965-01-10,67,42,T,0.0,0
1965-01-11,52,37,0.00,0.0,0
1965-01-12,60,33,0.00,0.0,0
1965-01-13,63,52,0.01,0.0,0
1965-01-14,61,53,T,0.0,0
1965-01-15,66,51,0.00,0.0,0
1965-01-16,55,31,0.00,0.0,0
1965-01-17,42,26,0.00,0.0,0
1965-01-18,62,28,0.00,0.0,0
1965-01-19,62,34,0.00,0.0,0
1965-01-20,70,44,0.01,0.0,0
1965-01-21,72,50,T,0.0,0
1965-01-22,73,59,3.25,0.0,0
1965-01-23,67,58,0.92,0.0,0
1965-01-24,58,40,0.00,0.0,0
1965-01-25,70,35,T,0.0,0
1965-01-26,70,51,0.00,0.0,0
1965-01-27,56,35,0.00,0.0,0
1965-01-28,63,30,0.00,0.0,0
1965-01-29,72,48,0.00,0.0,0
1965-01-30,76,36,T,0.0,0
1965-01-31,47,33,0.00,0.0,0
1965-02-01,76,40,0.04,0.0,0
1965-02-02,48,38,0.00,0.0,0
1965-02-03,49,40,T,0.0,0
1965-02-04,57,43,0.00,0.0,0
1965-02-05,63,50,T,0.0,0
1965-02-06,66,56,0.84,0.0,0
1965-02-07,75,56,T,0.0,0
1965-02-08,78,61,T,0.0,0
1965-02-09,76,67,T,0.0,0
1965-02-10,79,67,0.00,0.0,0
1965-02-11,77,58,0.31,0.0,0
1965-02-12,58,47,0.99,0.0,0
1965-02-13,47,42,T,0.0,0
1965-02-14,55,39,0.00,0.0,0
1965-02-15,57,37,0.00,0.0,0
1965-02-16,54,50,1.63,0.0,0
1965-02-17,53,50,1.25,0.0,0
1965-02-18,67,50,T,0.0,0
1965-02-19,68,42,0.00,0.0,0
1965-02-20,64,42,0.01,0.0,0
1965-02-21,70,41,0.00,0.0,0
1965-02-22,51,36,0.00,0.0,0
1965-02-23,68,32,0.00,0.0,0
1965-02-24,70,34,0.18,0.0,0
1965-02-25,50,30,0.00,0.0,0
1965-02-26,64,29,0.00,0.0,0
1965-02-27,67,36,0.00,0.0,0
1965-02-28,70,52,T,0.0,0
1965-03-01,73,61,0.74,0.0,0
1965-03-02,61,50,0.03,0.0,0
1965-03-03,51,43,0.07,0.0,0
1965-03-04,52,36,0.00,0.0,0
1965-03-05,59,37,0.00,0.0,0
1965-03-06,61,42,0.00,0.0,0
1965-03-07,58,41,0.00,0.0,0
1965-03-08,60,29,0.00,0.0,0
1965-03-09,73,42,0.00,0.0,0
1965-03-10,74,49,T,0.0,0
1965-03-11,68,57,0.00,0.0,0
1965-03-12,75,63,T,0.0,0
1965-03-13,63,54,0.11,0.0,0
1965-03-14,71,55,0.00,0.0,0
1965-03-15,74,56,0.00,0.0,0
1965-03-16,74,59,T,0.0,0
1965-03-17,77,59,0.01,0.0,0
1965-03-18,72,48,0.00,0.0,0
1965-03-19,53,39,0.13,0.0,0
1965-03-20,51,31,0.00,0.0,0
1965-03-21,55,32,0.00,0.0,0
1965-03-22,68,30,0.00,0.0,0
1965-03-23,76,60,T,0.0,0
1965-03-24,82,67,0.00,0.0,0
1965-03-25,81,69,0.00,0.0,0
1965-03-26,71,51,0.02,0.0,0
1965-03-27,65,51,T,0.0,0
1965-03-28,79,64,T,0.0,0
1965-03-29,80,65,T,0.0,0
1965-03-30,70,61,0.84,0.0,0
1965-03-31,70,55,0.00,0.0,0
1965-04-01,75,49,0.00,0.0,0
1965-04-02,79,54,0.00,0.0,0
1965-04-03,79,60,0.00,0.0,0
1965-04-04,81,60,0.00,0.0,0
1965-04-05,80,67,0.00,0.0,0
1965-04-06,79,66,0.00,0.0,0
1965-04-07,81,69,0.00,0.0,0
1965-04-08,82,69,0.00,0.0,0
1965-04-09,83,65,0.00,0.0,0
1965-04-10,80,66,0.00,0.0,0
1965-04-11,82,71,0.00,0.0,0
1965-04-12,84,70,0.00,0.0,0
1965-04-13,84,68,0.00,0.0,0
1965-04-14,82,62,0.00,0.0,0
1965-04-15,81,67,T,0.0,0
1965-04-16,75,51,0.00,0.0,0
1965-04-17,79,47,0.00,0.0,0
1965-04-18,81,50,0.00,0.0,0
1965-04-19,85,65,T,0.0,0
1965-04-20,77,63,0.06,0.0,0
1965-04-21,82,62,0.00,0.0,0
1965-04-22,84,65,T,0.0,0
1965-04-23,83,62,0.00,0.0,0
1965-04-24,83,60,0.05,0.0,0
1965-04-25,83,66,0.22,0.0,0
1965-04-26,84,61,0.00,0.0,0
1965-04-27,76,64,0.00,0.0,0
1965-04-28,75,61,0.00,0.0,0
1965-04-29,73,57,0.00,0.0,0
1965-04-30,76,46,0.00,0.0,0
1965-05-01,81,49,0.00,0.0,0
1965-05-02,79,49,0.00,0.0,0
1965-05-03,82,65,0.00,0.0,0
1965-05-04,83,57,T,0.0,0
1965-05-05,82,56,0.00,0.0,0
1965-05-06,84,62,0.00,0.0,0
1965-05-07,85,69,0.10,0.0,0
1965-05-08,84,64,0.00,0.0,0
1965-05-09,86,69,0.00,0.0,0
1965-05-10,85,65,0.00,0.0,0
1965-05-11,86,67,0.00,0.0,0
1965-05-12,88,63,0.00,0.0,0
1965-05-13,88,70,0.31,0.0,0
1965-05-14,87,66,0.00,0.0,0
1965-05-15,86,73,T,0.0,0
1965-05-16,84,72,0.00,0.0,0
1965-05-17,85,71,0.00,0.0,0
1965-05-18,86,67,0.00,0.0,0
1965-05-19,86,66,0.00,0.0,0
1965-05-20,84,66,0.05,0.0,0
1965-05-21,80,71,1.55,0.0,0
1965-05-22,81,71,0.23,0.0,0
1965-05-23,83,70,0.20,0.0,0
1965-05-24,86,70,0.15,0.0,0
1965-05-25,86,68,0.03,0.0,0
1965-05-26,86,71,0.00,0.0,0
1965-05-27,89,75,0.00,0.0,0
1965-05-28,88,67,1.00,0.0,0
1965-05-29,85,71,0.00,0.0,0
1965-05-30,86,66,0.00,0.0,0
1965-05-31,89,63,0.00,0.0,0
1965-06-01,88,62,T,0.0,0
1965-06-02,88,69,0.00,0.0,0
1965-06-03,89,67,0.00,0.0,0
1965-06-04,88,66,0.00,0.0,0
1965-06-05,88,63,0.00,0.0,0
1965-06-06,88,70,0.09,0.0,0
1965-06-07,89,69,0.83,0.0,0
1965-06-08,85,68,0.03,0.0,0
1965-06-09,88,66,T,0.0,0
1965-06-10,86,69,0.06,0.0,0
1965-06-11,86,72,T,0.0,0
1965-06-12,89,73,0.00,0.0,0
1965-06-13,90,71,T,0.0,0
1965-06-14,90,70,0.00,0.0,0
1965-06-15,92,72,0.46,0.0,0
1965-06-16,90,72,0.01,0.0,0
1965-06-17,89,71,T,0.0,0
1965-06-18,88,70,0.00,0.0,0
1965-06-19,85,62,0.00,0.0,0
1965-06-20,86,59,0.00,0.0,0
1965-06-21,88,63,T,0.0,0
1965-06-22,90,67,0.01,0.0,0
1965-06-23,92,70,T,0.0,0
1965-06-24,92,70,0.00,0.0,0
1965-06-25,89,71,0.45,0.0,0
1965-06-26,91,68,0.17,0.0,0
1965-06-27,87,72,0.09,0.0,0
1965-06-28,87,71,0.01,0.0,0
1965-06-29,88,69,T,0.0,0
1965-06-30,92,66,0.00,0.0,0
1965-07-01,92,75,0.00,0.0,0
1965-07-02,92,75,T,0.0,0
1965-07-03,90,75,0.01,0.0,0
1965-07-04,91,71,0.00,0.0,0
1965-07-05,88,71,0.03,0.0,0
1965-07-06,88,71,T,0.0,0
1965-07-07,83,74,0.01,0.0,0
1965-07-08,89,74,0.02,0.0,0
1965-07-09,89,72,0.42,0.0,0
1965-07-10,89,72,0.00,0.0,0
1965-07-11,90,72,0.01,0.0,0
1965-07-12,92,71,0.00,0.0,0
1965-07-13,89,71,0.00,0.0,0
1965-07-14,85,74,0.20,0.0,0
1965-07-15,88,69,0.00,0.0,0
1965-07-16,90,72,0.00,0.0,0
1965-07-17,89,70,0.02,0.0,0
1965-07-18,91,66,0.00,0.0,0
1965-07-19,92,74,0.00,0.0,0
1965-07-20,93,71,0.00,0.0,0
1965-07-21,94,73,T,0.0,0
1965-07-22,90,76,1.92,0.0,0
1965-07-23,90,73,T,0.0,0
1965-07-24,92,69,0.00,0.0,0
1965-07-25,91,72,0.00,0.0,0
1965-07-26,92,72,0.00,0.0,0
1965-07-27,91,74,T,0.0,0
1965-07-28,89,76,1.18,0.0,0
1965-07-29,86,73,1.39,0.0,0
1965-07-30,88,73,0.00,0.0,0
1965-07-31,86,74,0.05,0.0,0
1965-08-01,89,74,0.01,0.0,0
1965-08-02,87,72,0.00,0.0,0
1965-08-03,87,69,0.00,0.0,0
1965-08-04,82,72,0.01,0.0,0
1965-08-05,89,68,0.02,0.0,0
1965-08-06,90,72,T,0.0,0
1965-08-07,88,73,0.01,0.0,0
1965-08-08,89,74,0.57,0.0,0
1965-08-09,89,72,0.17,0.0,0
1965-08-10,86,70,0.01,0.0,0
1965-08-11,85,67,0.01,0.0,0
1965-08-12,82,69,0.26,0.0,0
1965-08-13,88,68,T,0.0,0
1965-08-14,86,68,0.00,0.0,0
1965-08-15,88,65,0.00,0.0,0
1965-08-16,90,71,0.63,0.0,0
1965-08-17,77,71,1.27,0.0,0
1965-08-18,85,69,0.00,0.0,0
1965-08-19,85,70,0.10,0.0,0
1965-08-20,83,69,0.97,0.0,0
1965-08-21,80,69,T,0.0,0
1965-08-22,84,68,0.04,0.0,0
1965-08-23,87,65,0.00,0.0,0
1965-08-24,86,63,1.31,0.0,0
1965-08-25,87,67,0.20,0.0,0
1965-08-26,88,69,0.00,0.0,0
1965-08-27,87,67,0.07,0.0,0
1965-08-28,88,69,T,0.0,0
1965-08-29,86,67,0.00,0.0,0
1965-08-30,87,66,0.03,0.0,0
1965-08-31,87,68,0.65,0.0,0
1965-09-01,85,69,T,0.0,0
1965-09-02,84,70,T,0.0,0
1965-09-03,84,69,0.00,0.0,0
1965-09-04,86,63,1.24,0.0,0
1965-09-05,84,68,0.50,0.0,0
1965-09-06,85,65,0.00,0.0,0
1965-09-07,85,68,0.00,0.0,0
1965-09-08,85,67,0.00,0.0,0
1965-09-09,85,64,1.25,0.0,0
1965-09-10,81,67,2.84,0.0,0
1965-09-11,87,76,0.64,0.0,0
1965-09-12,87,75,0.26,0.0,0
1965-09-13,88,70,0.00,0.0,0
1965-09-14,88,71,0.00,0.0,0
1965-09-15,89,72,T,0.0,0
1965-09-16,88,69,0.01,0.0,0
1965-09-17,87,71,0.26,0.0,0
1965-09-18,87,69,1.00,0.0,0
1965-09-19,86,68,0.75,0.0,0
1965-09-20,85,72,1.00,0.0,0
1965-09-21,86,74,0.05,0.0,0
1965-09-22,86,72,0.00,0.0,0
1965-09-23,85,70,T,0.0,0
1965-09-24,83,65,0.00,0.0,0
1965-09-25,73,60,0.00,0.0,0
1965-09-26,79,61,T,0.0,0
1965-09-27,78,68,T,0.0,0
1965-09-28,75,69,T,0.0,0
1965-09-29,75,69,0.09,0.0,0
1965-09-30,79,68,0.14,0.0,0
1965-10-01,81,61,0.00,0.0,0
1965-10-02,79,66,0.00,0.0,0
1965-10-03,79,66,0.00,0.0,0
1965-10-04,74,67,T,0.0,0
1965-10-05,74,62,0.66,0.0,0
1965-10-06,77,63,0.05,0.0,0
1965-10-07,76,61,0.00,0.0,0
1965-10-08,83,59,0.00,0.0,0
1965-10-09,85,62,0.00,0.0,0
1965-10-10,85,63,0.00,0.0,0
1965-10-11,85,57,0.00,0.0,0
1965-10-12,78,68,0.32,0.0,0
1965-10-13,83,58,0.00,0.0,0
1965-10-14,84,49,0.00,0.0,0
1965-10-15,83,55,T,0.0,0
1965-10-16,83,62,0.00,0.0,0
1965-10-17,84,51,0.00,0.0,0
1965-10-18,80,58,0.00,0.0,0
1965-10-19,78,56,0.00,0.0,0
1965-10-20,80,59,0.00,0.0,0
1965-10-21,76,62,0.00,0.0,0
1965-10-22,71,55,0.00,0.0,0
1965-10-23,75,50,0.00,0.0,0
1965-10-24,69,52,0.00,0.0,0
1965-10-25,67,46,0.00,0.0,0
1965-10-26,70,39,0.00,0.0,0
1965-10-27,74,37,0.00,0.0,0
1965-10-28,73,44,0.00,0.0,0
1965-10-29,74,47,0.00,0.0,0
1965-10-30,75,44,0.00,0.0,0
1965-10-31,75,47,0.00,0.0,0
1965-11-01,78,37,0.00,0.0,0
1965-11-02,77,54,0.00,0.0,0
1965-11-03,82,62,0.00,0.0,0
1965-11-04,77,66,0.01,0.0,0
1965-11-05,74,66,0.94,0.0,0
1965-11-06,77,63,0.00,0.0,0
1965-11-07,78,54,0.00,0.0,0
1965-11-08,78,51,0.00,0.0,0
1965-11-09,72,50,T,0.0,0
1965-11-10,79,61,0.00,0.0,0
1965-11-11,77,62,T,0.0,0
1965-11-12,76,63,T,0.0,0
1965-11-13,75,55,0.00,0.0,0
1965-11-14,75,50,0.00,0.0,0
1965-11-15,78,47,0.00,0.0,0
1965-11-16,81,52,0.00,0.0,0
1965-11-17,71,54,0.00,0.0,0
1965-11-18,65,41,0.00,0.0,0
1965-11-19,75,48,0.00,0.0,0
1965-11-20,79,62,0.00,0.0,0
1965-11-21,81,67,0.00,0.0,0
1965-11-22,75,60,0.27,0.0,0
1965-11-23,71,44,0.00,0.0,0
1965-11-24,76,47,0.00,0.0,0
1965-11-25,82,62,0.00,0.0,0
1965-11-26,82,68,T,0.0,0
1965-11-27,71,50,0.05,0.0,0
1965-11-28,63,53,0.13,0.0,0
1965-11-29,56,46,0.09,0.0,0
1965-11-30,63,32,0.00,0.0,0
1965-12-01,52,33,0.00,0.0,0
1965-12-02,65,45,0.00,0.0,0
1965-12-03,66,57,0.13,0.0,0
1965-12-04,66,40,0.00,0.0,0
1965-12-05,67,33,0.00,0.0,0
1965-12-06,73,36,0.00,0.0,0
1965-12-07,53,33,0.00,0.0,0
1965-12-08,61,31,0.00,0.0,0
1965-12-09,68,38,0.00,0.0,0
1965-12-10,71,44,0.00,0.0,0
1965-12-11,71,57,0.00,0.0,0
1965-12-12,75,56,0.44,0.0,0
1965-12-13,71,49,0.00,0.0,0
1965-12-14,60,52,1.84,0.0,0
1965-12-15,60,58,0.22,0.0,0
1965-12-16,60,54,0.73,0.0,0
1965-12-17,58,52,0.38,0.0,0
1965-12-18,55,51,2.26,0.0,0
1965-12-19,54,44,1.14,0.0,0
1965-12-20,57,35,0.00,0.0,0
1965-12-21,63,36,0.00,0.0,0
1965-12-22,68,34,0.00,0.0,0
1965-12-23,72,50,0.00,0.0,0
1965-12-24,73,53,0.19,0.0,0
1965-12-25,54,42,0.00,0.0,0
1965-12-26,49,31,0.00,0.0,0
1965-12-27,58,28,0.00,0.0,0
1965-12-28,60,38,0.00,0.0,0
1965-12-29,72,48,0.02,0.0,0
1965-12-30,76,56,0.00,0.0,0
1965-12-31,77,51,0.00,0.0,0
1966-01-01,79,56,0.00,0.0,0
1966-01-02,80,55,0.48,0.0,0
1966-01-03,56,52,2.29,0.0,0
1966-01-04,60,51,2.20,0.0,0
1966-01-05,64,51,1.19,0.0,0
1966-01-06,59,50,0.00,0.0,0
1966-01-07,63,40,0.00,0.0,0
1966-01-08,57,43,0.00,0.0,0
1966-01-09,59,29,0.00,0.0,0
1966-01-10,70,41,0.00,0.0,0
1966-01-11,67,41,0.00,0.0,0
1966-01-12,69,42,0.00,0.0,0
1966-01-13,64,57,0.03,0.0,0
1966-01-14,58,48,1.24,0.0,0
1966-01-15,48,38,0.10,0.0,0
1966-01-16,58,33,0.00,0.0,0
1966-01-17,53,41,0.00,0.0,0
1966-01-18,46,42,0.27,0.0,0
1966-01-19,43,36,0.71,0.0,0
1966-01-20,42,37,0.08,0.0,0
1966-01-21,45,42,0.87,0.0,0
1966-01-22,45,35,0.05,0.0,0
1966-01-23,41,28,0.00,0.0,0
1966-01-24,47,27,0.71,0.0,0
1966-01-25,42,41,1.65,0.0,0
1966-01-26,41,33,T,0.0,0
1966-01-27,48,26,0.00,0.0,0
1966-01-28,56,28,0.71,0.0,0
1966-01-29,53,23,0.04,0.0,0
1966-01-30,30,18,0.00,0.0,0
1966-01-31,56,24,0.00,0.0,0
1966-02-01,68,43,0.24,0.0,0
1966-02-02,45,31,0.00,0.0,0
1966-02-03,46,29,0.00,0.0,0
1966-02-04,52,23,0.00,0.0,0
1966-02-05,54,23,0.00,0.0,0
1966-02-06,63,31,0.00,0.0,0
1966-02-07,73,38,0.00,0.0,0
1966-02-08,76,58,0.00,0.0,0
1966-02-09,71,63,T,0.0,0
1966-02-10,69,54,1.50,0.0,0
1966-02-11,63,53,0.63,0.0,0
1966-02-12,69,51,1.70,0.0,0
1966-02-13,64,47,0.00,0.0,0
1966-02-14,67,47,0.08,0.0,0
1966-02-15,70,52,1.26,0.0,0
1966-02-16,65,52,0.34,0.0,0
1966-02-17,52,47,T,0.0,0
1966-02-18,56,39,0.00,0.0,0
1966-02-19,62,34,0.00,0.0,0
1966-02-20,66,36,0.00,0.0,0
1966-02-21,67,38,0.00,0.0,0
1966-02-22,63,37,0.00,0.0,0
1966-02-23,62,48,0.13,0.0,0
1966-02-24,48,42,0.49,0.0,0
1966-02-25,55,31,0.00,0.0,0
1966-02-26,53,38,2.35,0.0,0
1966-02-27,62,49,1.36,0.0,0
1966-02-28,64,54,0.03,0.0,0
1966-03-01,63,48,0.00,0.0,0
1966-03-02,68,49,0.35,0.0,0
1966-03-03,77,67,0.09,0.0,0
1966-03-04,67,50,T,0.0,0
1966-03-05,57,44,0.00,0.0,0
1966-03-06,54,39,0.00,0.0,0
1966-03-07,56,30,0.00,0.0,0
1966-03-08,58,37,0.00,0.0,0
1966-03-09,61,34,0.00,0.0,0
1966-03-10,68,35,0.00,0.0,0
1966-03-11,73,54,0.00,0.0,0
1966-03-12,64,58,0.52,0.0,0
1966-03-13,61,59,0.59,0.0,0
1966-03-14,69,59,0.00,0.0,0
1966-03-15,71,58,T,0.0,0
1966-03-16,75,50,0.00,0.0,0
1966-03-17,77,52,0.00,0.0,0
1966-03-18,77,57,0.00,0.0,0
1966-03-19,78,56,0.00,0.0,0
1966-03-20,79,51,0.00,0.0,0
1966-03-21,79,52,0.00,0.0,0
1966-03-22,79,60,0.00,0.0,0
1966-03-23,79,57,0.30,0.0,0
1966-03-24,60,46,0.00,0.0,0
1966-03-25,58,36,T,0.0,0
1966-03-26,58,45,0.05,0.0,0
1966-03-27,72,41,0.00,0.0,0
1966-03-28,66,50,T,0.0,0
1966-03-29,61,55,T,0.0,0
1966-03-30,73,55,0.00,0.0,0
1966-03-31,81,51,0.00,0.0,0
1966-04-01,83,58,0.00,0.0,0
1966-04-02,74,57,0.00,0.0,0
1966-04-03,77,61,0.20,0.0,0
1966-04-04,70,55,0.00,0.0,0
1966-04-05,68,40,0.00,0.0,0
1966-04-06,74,40,0.00,0.0,0
1966-04-07,79,55,0.00,0.0,0
1966-04-08,81,55,0.00,0.0,0
1966-04-09,75,61,0.00,0.0,0
1966-04-10,71,56,0.00,0.0,0
1966-04-11,76,53,0.00,0.0,0
1966-04-12,82,60,0.00,0.0,0
1966-04-13,84,67,0.85,0.0,0
1966-04-14,69,62,0.01,0.0,0
1966-04-15,72,52,0.00,0.0,0
1966-04-16,76,46,0.00,0.0,0
1966-04-17,77,48,0.00,0.0,0
1966-04-18,70,65,0.77,0.0,0
1966-04-19,70,61,1.68,0.0,0
1966-04-20,82,61,0.00,0.0,0
1966-04-21,74,63,0.71,0.0,0
1966-04-22,80,68,T,0.0,0
1966-04-23,81,69,0.15,0.0,0
1966-04-24,81,68,T,0.0,0
1966-04-25,82,68,T,0.0,0
1966-04-26,81,70,0.55,0.0,0
1966-04-27,81,70,T,0.0,0
1966-04-28,84,71,0.00,0.0,0
1966-04-29,85,70,0.00,0.0,0
1966-04-30,86,68,0.00,0.0,0
1966-05-01,85,69,0.00,0.0,0
1966-05-02,77,66,1.57,0.0,0
1966-05-03,77,64,0.02,0.0,0
1966-05-04,78,70,0.00,0.0,0
1966-05-05,74,68,0.82,0.0,0
1966-05-06,72,68,0.22,0.0,0
1966-05-07,78,65,0.00,0.0,0
1966-05-08,81,66,0.08,0.0,0
1966-05-09,87,68,0.00,0.0,0
1966-05-10,75,59,0.00,0.0,0
1966-05-11,83,55,0.00,0.0,0
1966-05-12,85,73,T,0.0,0
1966-05-13,84,72,0.02,0.0,0
1966-05-14,86,67,0.00,0.0,0
1966-05-15,86,68,1.65,0.0,0
1966-05-16,87,72,0.00,0.0,0
1966-05-17,88,71,0.00,0.0,0
1966-05-18,84,72,0.10,0.0,0
1966-05-19,80,69,1.10,0.0,0
1966-05-20,81,65,0.00,0.0,0
1966-05-21,76,71,2.78,0.0,0
1966-05-22,88,72,0.00,0.0,0
1966-05-23,88,69,0.07,0.0,0
1966-05-24,87,68,0.10,0.0,0
1966-05-25,83,69,0.78,0.0,0
1966-05-26,81,69,T,0.0,0
1966-05-27,85,65,0.00,0.0,0
1966-05-28,86,68,0.00,0.0,0
1966-05-29,85,66,T,0.0,0
1966-05-30,84,67,T,0.0,0
1966-05-31,80,69,0.00,0.0,0
1966-06-01,78,56,0.00,0.0,0
1966-06-02,82,55,0.00,0.0,0
1966-06-03,84,60,0.00,0.0,0
1966-06-04,84,60,0.00,0.0,0
1966-06-05,86,72,0.00,0.0,0
1966-06-06,88,68,0.00,0.0,0
1966-06-07,87,63,0.00,0.0,0
1966-06-08,89,63,0.00,0.0,0
1966-06-09,91,67,T,0.0,0
1966-06-10,94,72,0.00,0.0,0
1966-06-11,91,69,0.00,0.0,0
1966-06-12,91,72,0.00,0.0,0
1966-06-13,83,76,0.17,0.0,0
1966-06-14,88,73,0.16,0.0,0
1966-06-15,89,71,0.05,0.0,0
1966-06-16,87,73,0.82,0.0,0
1966-06-17,90,72,T,0.0,0
1966-06-18,86,72,0.00,0.0,0
1966-06-19,82,69,T,0.0,0
1966-06-20,87,67,0.00,0.0,0
1966-06-21,83,65,0.30,0.0,0
1966-06-22,84,64,0.00,0.0,0
1966-06-23,86,65,0.05,0.0,0
1966-06-24,86,66,0.55,0.0,0
1966-06-25,88,62,0.00,0.0,0
1966-06-26,91,66,0.00,0.0,0
1966-06-27,89,65,0.00,0.0,0
1966-06-28,92,67,0.00,0.0,0
1966-06-29,92,69,0.00,0.0,0
1966-06-30,88,72,0.00,0.0,0
1966-07-01,89,68,0.03,0.0,0
1966-07-02,92,68,T,0.0,0
1966-07-03,90,67,0.01,0.0,0
1966-07-04,91,69,0.18,0.0,0
1966-07-05,85,69,0.30,0.0,0
1966-07-06,89,73,0.00,0.0,0
1966-07-07,92,74,0.00,0.0,0
1966-07-08,95,73,0.00,0.0,0
1966-07-09,97,77,0.00,0.0,0
1966-07-10,95,73,0.00,0.0,0
1966-07-11,94,70,0.00,0.0,0
1966-07-12,94,69,0.00,0.0,0
1966-07-13,93,70,T,0.0,0
1966-07-14,94,70,0.00,0.0,0
1966-07-15,89,73,2.64,0.0,0
1966-07-16,91,75,0.05,0.0,0
1966-07-17,94,74,0.01,0.0,0
1966-07-18,91,73,1.15,0.0,0
1966-07-19,93,74,0.00,0.0,0
1966-07-20,96,76,0.03,0.0,0
1966-07-21,90,74,T,0.0,0
1966-07-22,92,74,0.00,0.0,0
1966-07-23,91,72,0.57,0.0,0
1966-07-24,90,70,0.00,0.0,0
1966-07-25,93,70,0.00,0.0,0
1966-07-26,88,79,0.15,0.0,0
1966-07-27,90,78,T,0.0,0
1966-07-28,91,72,0.00,0.0,0
1966-07-29,97,74,0.00,0.0,0
1966-07-30,95,76,0.01,0.0,0
1966-07-31,87,73,4.29,0.0,0
1966-08-01,92,71,0.00,0.0,0
1966-08-02,90,70,0.00,0.0,0
1966-08-03,90,78,T,0.0,0
1966-08-04,82,74,0.07,0.0,0
1966-08-05,83,74,0.63,0.0,0
1966-08-06,85,74,0.09,0.0,0
1966-08-07,90,71,T,0.0,0
1966-08-08,91,71,0.00,0.0,0
1966-08-09,90,75,0.00,0.0,0
1966-08-10,85,73,0.10,0.0,0
1966-08-11,91,73,T,0.0,0
1966-08-12,93,75,0.00,0.0,0
1966-08-13,95,72,0.00,0.0,0
1966-08-14,92,73,T,0.0,0
1966-08-15,93,71,0.00,0.0,0
1966-08-16,95,74,0.52,0.0,0
1966-08-17,92,73,0.06,0.0,0
1966-08-18,91,74,0.01,0.0,0
1966-08-19,93,72,T,0.0,0
1966-08-20,94,70,0.38,0.0,0
1966-08-21,92,71,0.00,0.0,0
1966-08-22,92,69,0.00,0.0,0
1966-08-23,93,74,0.00,0.0,0
1966-08-24,87,72,0.00,0.0,0
1966-08-25,83,65,0.00,0.0,0
1966-08-26,87,62,0.00,0.0,0
1966-08-27,84,63,T,0.0,0
1966-08-28,79,72,0.70,0.0,0
1966-08-29,89,73,0.00,0.0,0
1966-08-30,88,68,0.26,0.0,0
1966-08-31,90,67,0.02,0.0,0
1966-09-01,90,68,T,0.0,0
1966-09-02,91,67,0.00,0.0,0
1966-09-03,91,70,1.11,0.0,0
1966-09-04,89,69,0.87,0.0,0
1966-09-05,86,72,0.33,0.0,0
1966-09-06,90,69,0.00,0.0,0
1966-09-07,91,69,0.00,0.0,0
1966-09-08,91,76,0.00,0.0,0
1966-09-09,85,75,0.21,0.0,0
1966-09-10,83,73,0.27,0.0,0
1966-09-11,87,70,0.09,0.0,0
1966-09-12,84,71,0.37,0.0,0
1966-09-13,86,69,0.00,0.0,0
1966-09-14,88,67,0.00,0.0,0
1966-09-15,90,73,T,0.0,0
1966-09-16,82,68,T,0.0,0
1966-09-17,85,72,0.26,0.0,0
1966-09-18,87,72,0.37,0.0,0
1966-09-19,85,65,0.00,0.0,0
1966-09-20,81,65,0.00,0.0,0
1966-09-21,82,63,0.00,0.0,0
1966-09-22,83,58,0.00,0.0,0
1966-09-23,86,57,0.00,0.0,0
1966-09-24,87,60,0.00,0.0,0
1966-09-25,88,60,0.00,0.0,0
1966-09-26,81,73,0.48,0.0,0
1966-09-27,83,68,1.15,0.0,0
1966-09-28,85,65,0.00,0.0,0
1966-09-29,83,64,0.00,0.0,0
1966-09-30,88,61,0.04,0.0,0
1966-10-01,72,62,T,0.0,0
1966-10-02,72,52,0.00,0.0,0
1966-10-03,81,50,0.00,0.0,0
1966-10-04,85,54,0.00,0.0,0
1966-10-05,85,58,0.00,0.0,0
1966-10-06,78,64,0.00,0.0,0
1966-10-07,80,66,T,0.0,0
1966-10-08,88,72,0.01,0.0,0
1966-10-09,89,73,0.20,0.0,0
1966-10-10,83,72,2.21,0.0,0
1966-10-11,79,61,0.00,0.0,0
1966-10-12,79,61,0.40,0.0,0
1966-10-13,83,72,0.02,0.0,0
1966-10-14,87,74,0.00,0.0,0
1966-10-15,85,71,0.03,0.0,0
1966-10-16,75,68,0.00,0.0,0
1966-10-17,77,68,0.01,0.0,0
1966-10-18,79,57,0.27,0.0,0
1966-10-19,65,52,0.00,0.0,0
1966-10-20,65,50,0.00,0.0,0
1966-10-21,77,46,0.00,0.0,0
1966-10-22,83,55,0.00,0.0,0
1966-10-23,83,57,0.00,0.0,0
1966-10-24,83,57,0.00,0.0,0
1966-10-25,76,62,0.00,0.0,0
1966-10-26,73,58,0.00,0.0,0
1966-10-27,74,48,0.00,0.0,0
1966-10-28,76,48,0.00,0.0,0
1966-10-29,77,46,0.00,0.0,0
1966-10-30,79,46,0.00,0.0,0
1966-10-31,78,47,0.00,0.0,0
1966-11-01,66,45,0.19,0.0,0
1966-11-02,47,37,0.00,0.0,0
1966-11-03,54,28,0.00,0.0,0
1966-11-04,66,32,0.00,0.0,0
1966-11-05,76,51,0.00,0.0,0
1966-11-06,78,48,0.00,0.0,0
1966-11-07,81,54,0.00,0.0,0
1966-11-08,77,54,0.23,0.0,0
1966-11-09,82,65,T,0.0,0
1966-11-10,83,70,0.23,0.0,0
1966-11-11,81,67,0.01,0.0,0
1966-11-12,75,68,T,0.0,0
1966-11-13,72,62,T,0.0,0
1966-11-14,71,53,0.00,0.0,0
1966-11-15,71,45,0.00,0.0,0
1966-11-16,75,45,0.00,0.0,0
1966-11-17,81,59,0.00,0.0,0
1966-11-18,80,53,0.00,0.0,0
1966-11-19,79,56,T,0.0,0
1966-11-20,76,55,0.00,0.0,0
1966-11-21,77,50,0.00,0.0,0
1966-11-22,76,52,0.00,0.0,0
1966-11-23,72,48,0.00,0.0,0
1966-11-24,77,49,0.00,0.0,0
1966-11-25,76,47,0.00,0.0,0
1966-11-26,78,54,0.00,0.0,0
1966-11-27,71,54,0.06,0.0,0
1966-11-28,60,39,0.00,0.0,0
1966-11-29,61,34,0.00,0.0,0
1966-11-30,67,35,0.00,0.0,0
1966-12-01,70,32,0.00,0.0,0
1966-12-02,75,43,0.00,0.0,0
1966-12-03,64,47,0.00,0.0,0
1966-12-04,62,51,0.00,0.0,0
1966-12-05,67,56,0.34,0.0,0
1966-12-06,75,61,0.00,0.0,0
1966-12-07,80,66,0.01,0.0,0
1966-12-08,80,63,0.32,0.0,0
1966-12-09,72,56,1.58,0.0,0
1966-12-10,61,45,0.00,0.0,0
1966-12-11,45,40,0.00,0.0,0
1966-12-12,42,39,0.00,0.0,0
1966-12-13,45,41,0.00,0.0,0
1966-12-14,50,30,0.00,0.0,0
1966-12-15,62,26,0.00,0.0,0
1966-12-16,68,39,0.01,0.0,0
1966-12-17,62,56,1.45,0.0,0
1966-12-18,62,47,0.00,0.0,0
1966-12-19,66,41,0.00,0.0,0
1966-12-20,68,47,0.00,0.0,0
1966-12-21,70,44,0.00,0.0,0
1966-12-22,71,50,0.03,0.0,0
1966-12-23,65,36,T,0.0,0
1966-12-24,44,27,0.00,0.0,0
1966-12-25,49,26,0.00,0.0,0
1966-12-26,57,47,0.04,0.0,0
1966-12-27,67,55,0.15,0.0,0
1966-12-28,68,44,0.64,0.0,0
1966-12-29,45,34,T,0.0,0
1966-12-30,50,42,0.45,0.0,0
1966-12-31,59,47,0.42,0.0,0
1967-01-01,66,54,1.70,0.0,0
1967-01-02,55,45,0.04,0.0,0
1967-01-03,54,44,T,0.0,0
1967-01-04,53,34,0.00,0.0,0
1967-01-05,62,32,0.00,0.0,0
1967-01-06,66,35,T,0.0,0
1967-01-07,64,49,0.35,0.0,0
1967-01-08,50,43,0.12,0.0,0
1967-01-09,44,39,0.18,0.0,0
1967-01-10,47,41,0.05,0.0,0
1967-01-11,48,36,0.00,0.0,0
1967-01-12,58,31,0.00,0.0,0
1967-01-13,60,46,1.49,0.0,0
1967-01-14,56,51,T,0.0,0
1967-01-15,59,43,0.00,0.0,0
1967-01-16,51,34,0.00,0.0,0
1967-01-17,63,33,0.00,0.0,0
1967-01-18,59,46,0.00,0.0,0
1967-01-19,49,44,T,0.0,0
1967-01-20,58,42,0.00,0.0,0
1967-01-21,74,51,T,0.0,0
1967-01-22,75,62,0.00,0.0,0
1967-01-23,73,63,0.00,0.0,0
1967-01-24,73,61,0.00,0.0,0
1967-01-25,75,57,0.00,0.0,0
1967-01-26,78,48,0.29,0.0,0
1967-01-27,52,41,0.00,0.0,0
1967-01-28,59,32,0.00,0.0,0
1967-01-29,65,31,0.00,0.0,0
1967-01-30,70,41,0.00,0.0,0
1967-01-31,74,55,0.00,0.0,0
1967-02-01,76,56,0.04,0.0,0
1967-02-02,78,53,0.69,0.0,0
1967-02-03,53,46,T,0.0,0
1967-02-04,58,42,0.00,0.0,0
1967-02-05,61,35,1.20,0.0,0
1967-02-06,62,35,4.49,0.0,0
1967-02-07,44,32,0.00,0.0,0
1967-02-08,46,32,0.00,0.0,0
1967-02-09,52,31,0.00,0.0,0
1967-02-10,65,30,0.00,0.0,0
1967-02-11,77,57,0.04,0.0,0
1967-02-12,58,42,0.04,0.0,0
1967-02-13,61,33,0.00,0.0,0
1967-02-14,68,32,0.00,0.0,0
1967-02-15,73,56,0.00,0.0,0
1967-02-16,75,55,T,0.0,0
1967-02-17,79,62,T,0.0,0
1967-02-18,62,50,0.01,0.0,0
1967-02-19,71,50,0.05,0.0,0
1967-02-20,74,53,0.07,0.0,0
1967-02-21,54,36,0.00,0.0,0
1967-02-22,64,41,T,0.0,0
1967-02-23,59,37,0.00,0.0,0
1967-02-24,54,33,0.00,0.0,0
1967-02-25,50,35,0.00,0.0,0
1967-02-26,55,30,0.00,0.0,0
1967-02-27,65,47,0.01,0.0,0
1967-02-28,60,45,0.16,0.0,0
1967-03-01,66,46,0.00,0.0,0
1967-03-02,70,36,0.00,0.0,0
1967-03-03,77,46,0.00,0.0,0
1967-03-04,79,61,0.00,0.0,0
1967-03-05,82,64,0.00,0.0,0
1967-03-06,78,48,0.18,0.0,0
1967-03-07,58,38,0.00,0.0,0
1967-03-08,66,36,0.00,0.0,0
1967-03-09,68,39,T,0.0,0
1967-03-10,82,65,0.00,0.0,0
1967-03-11,83,66,T,0.0,0
1967-03-12,81,63,T,0.0,0
1967-03-13,81,63,0.00,0.0,0
1967-03-14,83,55,0.00,0.0,0
1967-03-15,83,62,T,0.0,0
1967-03-16,67,40,0.00,0.0,0
1967-03-17,71,35,0.00,0.0,0
1967-03-18,61,40,0.00,0.0,0
1967-03-19,70,38,0.00,0.0,0
1967-03-20,74,55,0.10,0.0,0
1967-03-21,77,52,0.09,0.0,0
1967-03-22,73,47,0.00,0.0,0
1967-03-23,78,42,0.00,0.0,0
1967-03-24,80,44,0.00,0.0,0
1967-03-25,77,60,0.53,0.0,0
1967-03-26,70,61,0.65,0.0,0
1967-03-27,80,52,0.05,0.0,0
1967-03-28,80,55,0.00,0.0,0
1967-03-29,81,54,0.00,0.0,0
1967-03-30,80,58,0.00,0.0,0
1967-03-31,79,61,0.00,0.0,0
1967-04-01,79,56,0.00,0.0,0
1967-04-02,81,51,0.00,0.0,0
1967-04-03,78,50,0.00,0.0,0
1967-04-04,83,52,0.00,0.0,0
1967-04-05,81,52,0.00,0.0,0
1967-04-06,82,52,0.00,0.0,0
1967-04-07,81,58,0.00,0.0,0
1967-04-08,83,54,0.00,0.0,0
1967-04-09,81,53,0.00,0.0,0
1967-04-10,83,58,0.00,0.0,0
1967-04-11,82,62,T,0.0,0
1967-04-12,83,58,0.00,0.0,0
1967-04-13,83,69,0.00,0.0,0
1967-04-14,81,67,2.15,0.0,0
1967-04-15,83,68,0.03,0.0,0
1967-04-16,84,73,0.00,0.0,0
1967-04-17,85,70,0.00,0.0,0
1967-04-18,85,67,0.00,0.0,0
1967-04-19,83,65,0.00,0.0,0
1967-04-20,87,62,0.00,0.0,0
1967-04-21,87,65,T,0.0,0
1967-04-22,88,71,0.00,0.0,0
1967-04-23,88,70,0.00,0.0,0
1967-04-24,86,71,T,0.0,0
1967-04-25,88,69,0.00,0.0,0
1967-04-26,88,71,0.00,0.0,0
1967-04-27,75,64,0.00,0.0,0
1967-04-28,77,50,T,0.0,0
1967-04-29,81,49,0.00,0.0,0
1967-04-30,84,65,0.00,0.0,0
1967-05-01,84,72,0.04,0.0,0
1967-05-02,81,61,0.84,0.0,0
1967-05-03,67,57,0.59,0.0,0
1967-05-04,77,64,0.47,0.0,0
1967-05-05,77,65,0.00,0.0,0
1967-05-06,85,70,0.00,0.0,0
1967-05-07,88,62,T,0.0,0
1967-05-08,89,60,T,0.0,0
1967-05-09,84,64,0.00,0.0,0
1967-05-10,84,59,0.00,0.0,0
1967-05-11,89,74,0.00,0.0,0
1967-05-12,89,74,0.00,0.0,0
1967-05-13,89,72,0.00,0.0,0
1967-05-14,89,75,0.00,0.0,0
1967-05-15,79,65,0.29,0.0,0
1967-05-16,78,55,0.00,0.0,0
1967-05-17,81,51,0.00,0.0,0
1967-05-18,84,55,0.00,0.0,0
1967-05-19,84,58,0.00,0.0,0
1967-05-20,84,57,0.00,0.0,0
1967-05-21,74,68,0.66,0.0,0
1967-05-22,73,65,T,0.0,0
1967-05-23,82,63,0.00,0.0,0
1967-05-24,83,56,0.00,0.0,0
1967-05-25,88,58,0.00,0.0,0
1967-05-26,88,64,0.00,0.0,0
1967-05-27,91,63,0.00,0.0,0
1967-05-28,89,64,0.00,0.0,0
1967-05-29,88,64,T,0.0,0
1967-05-30,89,71,0.05,0.0,0
1967-05-31,90,73,0.62,0.0,0
1967-06-01,90,71,0.39,0.0,0
1967-06-02,88,71,0.00,0.0,0
1967-06-03,86,74,0.10,0.0,0
1967-06-04,87,72,0.00,0.0,0
1967-06-05,88,69,0.00,0.0,0
1967-06-06,87,69,0.04,0.0,0
1967-06-07,83,67,1.04,0.0,0
1967-06-08,88,67,0.00,0.0,0
1967-06-09,90,72,0.00,0.0,0
1967-06-10,87,69,0.00,0.0,0
1967-06-11,90,71,T,0.0,0
1967-06-12,90,70,0.59,0.0,0
1967-06-13,92,69,0.00,0.0,0
1967-06-14,92,73,T,0.0,0
1967-06-15,91,72,T,0.0,0
1967-06-16,89,73,0.09,0.0,0
1967-06-17,90,71,0.00,0.0,0
1967-06-18,92,70,0.00,0.0,0
1967-06-19,96,73,0.00,0.0,0
1967-06-20,92,76,0.05,0.0,0
1967-06-21,93,73,0.00,0.0,0
1967-06-22,94,75,0.00,0.0,0
1967-06-23,92,71,0.00,0.0,0
1967-06-24,94,75,0.00,0.0,0
1967-06-25,96,74,0.00,0.0,0
1967-06-26,96,77,0.00,0.0,0
1967-06-27,98,73,0.00,0.0,0
1967-06-28,92,75,0.00,0.0,0
1967-06-29,94,72,0.10,0.0,0
1967-06-30,95,76,0.00,0.0,0
1967-07-01,94,75,0.00,0.0,0
1967-07-02,93,78,0.18,0.0,0
1967-07-03,94,74,0.02,0.0,0
1967-07-04,91,74,0.07,0.0,0
1967-07-05,91,74,0.17,0.0,0
1967-07-06,89,70,0.35,0.0,0
1967-07-07,89,69,0.05,0.0,0
1967-07-08,92,71,0.00,0.0,0
1967-07-09,92,74,T,0.0,0
1967-07-10,91,73,0.13,0.0,0
1967-07-11,89,73,0.00,0.0,0
1967-07-12,92,73,0.02,0.0,0
1967-07-13,86,73,0.93,0.0,0
1967-07-14,87,74,0.00,0.0,0
1967-07-15,83,66,0.00,0.0,0
1967-07-16,85,60,0.00,0.0,0
1967-07-17,85,62,T,0.0,0
1967-07-18,88,66,0.00,0.0,0
1967-07-19,88,72,2.12,0.0,0
1967-07-20,82,73,0.12,0.0,0
1967-07-21,90,72,T,0.0,0
1967-07-22,87,72,T,0.0,0
1967-07-23,90,68,0.02,0.0,0
1967-07-24,91,69,1.37,0.0,0
1967-07-25,91,74,0.00,0.0,0
1967-07-26,91,72,0.00,0.0,0
1967-07-27,91,68,0.00,0.0,0
1967-07-28,93,72,0.00,0.0,0
1967-07-29,90,75,0.87,0.0,0
1967-07-30,89,75,0.00,0.0,0
1967-07-31,92,76,0.00,0.0,0
1967-08-01,95,75,0.42,0.0,0
1967-08-02,92,77,0.00,0.0,0
1967-08-03,91,77,0.04,0.0,0
1967-08-04,92,75,T,0.0,0
1967-08-05,91,74,0.00,0.0,0
1967-08-06,95,72,0.00,0.0,0
1967-08-07,93,74,0.05,0.0,0
1967-08-08,91,74,0.00,0.0,0
1967-08-09,90,75,0.00,0.0,0
1967-08-10,92,73,T,0.0,0
1967-08-11,85,74,0.29,0.0,0
1967-08-12,83,68,0.00,0.0,0
1967-08-13,86,68,0.00,0.0,0
1967-08-14,89,64,0.00,0.0,0
1967-08-15,78,67,0.30,0.0,0
1967-08-16,78,70,0.44,0.0,0
1967-08-17,88,67,0.00,0.0,0
1967-08-18,92,67,0.00,0.0,0
1967-08-19,90,72,1.75,0.0,0
1967-08-20,84,72,0.28,0.0,0
1967-08-21,87,70,0.00,0.0,0
1967-08-22,91,72,0.20,0.0,0
1967-08-23,89,75,0.06,0.0,0
1967-08-24,85,75,0.66,0.0,0
1967-08-25,83,74,0.39,0.0,0
1967-08-26,82,74,0.82,0.0,0
1967-08-27,84,73,1.29,0.0,0
1967-08-28,85,72,0.52,0.0,0
1967-08-29,86,71,0.00,0.0,0
1967-08-30,90,71,0.00,0.0,0
1967-08-31,91,69,0.00,0.0,0
1967-09-01,84,70,0.00,0.0,0
1967-09-02,84,62,0.00,0.0,0
1967-09-03,84,69,0.00,0.0,0
1967-09-04,84,71,0.21,0.0,0
1967-09-05,76,73,0.35,0.0,0
1967-09-06,83,74,2.09,0.0,0
1967-09-07,86,72,0.00,0.0,0
1967-09-08,86,68,0.10,0.0,0
1967-09-09,87,67,0.00,0.0,0
1967-09-10,88,67,0.00,0.0,0
1967-09-11,86,68,0.03,0.0,0
1967-09-12,88,68,0.13,0.0,0
1967-09-13,87,70,T,0.0,0
1967-09-14,88,71,0.00,0.0,0
1967-09-15,87,69,0.00,0.0,0
1967-09-16,85,65,0.00,0.0,0
1967-09-17,87,64,0.00,0.0,0
1967-09-18,86,64,T,0.0,0
1967-09-19,89,79,0.00,0.0,0
1967-09-20,89,78,0.00,0.0,0
1967-09-21,87,74,0.00,0.0,0
1967-09-22,88,73,0.09,0.0,0
1967-09-23,85,64,0.00,0.0,0
1967-09-24,85,59,0.00,0.0,0
1967-09-25,86,56,0.00,0.0,0
1967-09-26,87,61,0.00,0.0,0
1967-09-27,88,62,0.73,0.0,0
1967-09-28,63,55,0.00,0.0,0
1967-09-29,69,45,0.00,0.0,0
1967-09-30,75,42,0.00,0.0,0
1967-10-01,79,47,0.00,0.0,0
1967-10-02,84,54,0.00,0.0,0
1967-10-03,85,56,0.00,0.0,0
1967-10-04,85,60,0.00,0.0,0
1967-10-05,85,55,0.00,0.0,0
1967-10-06,86,56,0.00,0.0,0
1967-10-07,84,59,0.00,0.0,0
1967-10-08,83,63,0.48,0.0,0
1967-10-09,73,52,0.00,0.0,0
1967-10-10,80,49,0.00,0.0,0
1967-10-11,76,55,0.00,0.0,0
1967-10-12,79,54,0.00,0.0,0
1967-10-13,83,50,0.00,0.0,0
1967-10-14,84,54,0.00,0.0,0
1967-10-15,84,60,0.00,0.0,0
1967-10-16,77,58,0.75,0.0,0
1967-10-17,72,49,0.00,0.0,0
1967-10-18,75,49,0.00,0.0,0
1967-10-19,70,44,0.00,0.0,0
1967-10-20,74,41,0.00,0.0,0
1967-10-21,79,43,0.00,0.0,0
1967-10-22,80,48,0.00,0.0,0
1967-10-23,82,50,0.00,0.0,0
1967-10-24,82,65,0.01,0.0,0
1967-10-25,72,46,0.00,0.0,0
1967-10-26,74,41,0.00,0.0,0
1967-10-27,81,53,0.00,0.0,0
1967-10-28,71,51,0.00,0.0,0
1967-10-29,81,56,T,0.0,0
1967-10-30,74,62,2.54,0.0,0
1967-10-31,62,52,0.01,0.0,0
1967-11-01,72,44,0.15,0.0,0
1967-11-02,63,40,0.00,0.0,0
1967-11-03,76,43,0.28,0.0,0
1967-11-04,58,45,0.00,0.0,0
1967-11-05,57,43,0.00,0.0,0
1967-11-06,57,35,0.00,0.0,0
1967-11-07,63,34,0.00,0.0,0
1967-11-08,66,36,0.00,0.0,0
1967-11-09,71,38,0.00,0.0,0
1967-11-10,75,48,0.00,0.0,0
1967-11-11,78,55,0.00,0.0,0
1967-11-12,78,54,0.00,0.0,0
1967-11-13,77,50,0.00,0.0,0
1967-11-14,78,53,0.00,0.0,0
1967-11-15,67,44,0.00,0.0,0
1967-11-16,67,38,0.00,0.0,0
1967-11-17,75,35,0.00,0.0,0
1967-11-18,74,45,0.00,0.0,0
1967-11-19,65,38,0.00,0.0,0
1967-11-20,72,34,0.00,0.0,0
1967-11-21,80,57,0.00,0.0,0
1967-11-22,81,65,T,0.0,0
1967-11-23,81,59,0.00,0.0,0
1967-11-24,81,70,T,0.0,0
1967-11-25,83,49,0.00,0.0,0
1967-11-26,83,66,0.00,0.0,0
1967-11-27,76,54,0.00,0.0,0
1967-11-28,59,51,0.00,0.0,0
1967-11-29,76,53,0.00,0.0,0
1967-11-30,82,67,0.02,0.0,0
1967-12-01,75,60,0.00,0.0,0
1967-12-02,79,53,0.58,0.0,0
1967-12-03,61,43,0.00,0.0,0
1967-12-04,60,39,0.00,0.0,0
1967-12-05,67,37,0.00,0.0,0
1967-12-06,76,51,T,0.0,0
1967-12-07,73,58,0.00,0.0,0
1967-12-08,71,58,0.00,0.0,0
1967-12-09,71,61,3.45,0.0,0
1967-12-10,66,61,0.93,0.0,0
1967-12-11,62,46,T,0.0,0
1967-12-12,69,37,0.00,0.0,0
1967-12-13,76,53,0.13,0.0,0
1967-12-14,77,67,T,0.0,0
1967-12-15,79,59,T,0.0,0
1967-12-16,63,55,T,0.0,0
1967-12-17,78,63,0.00,0.0,0
1967-12-18,77,70,1.11,0.0,0
1967-12-19,82,73,0.03,0.0,0
1967-12-20,80,71,0.00,0.0,0
1967-12-21,80,60,0.10,0.0,0
1967-12-22,60,40,0.82,0.0,0
1967-12-23,48,35,0.00,0.0,0
1967-12-24,54,30,0.00,0.0,0
1967-12-25,60,36,0.00,0.0,0
1967-12-26,57,39,0.00,0.0,0
1967-12-27,52,43,1.41,0.0,0
1967-12-28,45,31,0.01,0.0,0
1967-12-29,45,32,0.00,0.0,0
1967-12-30,55,31,0.55,0.0,0
1967-12-31,67,51,1.65,0.0,0
1968-01-01,51,45,0.05,0.0,0
1968-01-02,56,50,0.11,0.0,0
1968-01-03,75,56,T,0.0,0
1968-01-04,69,46,0.10,0.0,0
1968-01-05,60,43,0.00,0.0,0
1968-01-06,76,54,0.01,0.0,0
1968-01-07,54,37,0.02,0.0,0
1968-01-08,51,34,T,0.0,0
1968-01-09,71,51,0.15,0.0,0
1968-01-10,63,42,T,0.0,0
1968-01-11,44,40,0.00,0.0,0
1968-01-12,48,43,T,0.0,0
1968-01-13,47,32,0.00,0.0,0
1968-01-14,44,27,0.00,0.0,0
1968-01-15,54,27,0.00,0.0,0
1968-01-16,54,32,0.00,0.0,0
1968-01-17,59,28,0.00,0.0,0
1968-01-18,69,35,0.00,0.0,0
1968-01-19,70,41,0.00,0.0,0
1968-01-20,66,41,0.00,0.0,0
1968-01-21,72,42,0.00,0.0,0
1968-01-22,65,48,0.09,0.0,0
1968-01-23,67,40,0.01,0.0,0
1968-01-24,49,35,0.00,0.0,0
1968-01-25,54,28,0.00,0.0,0
1968-01-26,69,40,0.00,0.0,0
1968-01-27,68,42,0.00,0.0,0
1968-01-28,71,46,0.00,0.0,0
1968-01-29,73,51,0.00,0.0,0
1968-01-30,72,53,0.00,0.0,0
1968-01-31,72,58,0.00,0.0,0
1968-02-01,73,56,0.00,0.0,0
1968-02-02,67,49,0.39,0.0,0
1968-02-03,58,35,0.00,0.0,0
1968-02-04,63,30,0.00,0.0,0
1968-02-05,65,34,0.00,0.0,0
1968-02-06,64,37,0.00,0.0,0
1968-02-07,58,32,0.00,0.0,0
1968-02-08,51,32,0.00,0.0,0
1968-02-09,54,27,0.00,0.0,0
1968-02-10,66,42,0.00,0.0,0
1968-02-11,57,39,0.00,0.0,0
1968-02-12,51,29,0.00,0.0,0
1968-02-13,56,28,0.00,0.0,0
1968-02-14,54,39,0.00,0.0,0
1968-02-15,52,41,0.54,0.0,0
1968-02-16,43,40,0.00,0.0,0
1968-02-17,52,39,0.45,0.0,0
1968-02-18,47,42,0.68,0.0,0
1968-02-19,58,35,0.00,0.0,0
1968-02-20,66,30,0.00,0.0,0
1968-02-21,65,36,0.00,0.0,0
1968-02-22,42,36,0.06,0.0,0
1968-02-23,39,33,0.11,T,0
1968-02-24,56,33,0.00,0.0,0
1968-02-25,62,30,0.00,0.0,0
1968-02-26,71,44,0.00,0.0,0
1968-02-27,63,35,0.00,0.0,0
1968-02-28,66,44,0.79,0.0,0
1968-02-29,50,36,0.00,0.0,0
1968-03-01,54,26,0.00,0.0,0
1968-03-02,62,40,0.22,0.0,0
1968-03-03,61,41,0.21,0.0,0
1968-03-04,56,36,0.00,0.0,0
1968-03-05,59,43,0.07,0.0,0
1968-03-06,65,45,0.33,0.0,0
1968-03-07,67,42,0.00,0.0,0
1968-03-08,72,42,0.00,0.0,0
1968-03-09,71,49,0.02,0.0,0
1968-03-10,79,63,0.02,0.0,0
1968-03-11,78,58,0.05,0.0,0
1968-03-12,58,43,0.00,0.0,0
1968-03-13,54,35,T,0.0,0
1968-03-14,63,35,0.00,0.0,0
1968-03-15,65,50,0.00,0.0,0
1968-03-16,73,52,0.00,0.0,0
1968-03-17,72,48,0.00,0.0,0
1968-03-18,72,43,0.00,0.0,0
1968-03-19,77,59,0.00,0.0,0
1968-03-20,78,66,T,0.0,0
1968-03-21,72,49,1.75,0.0,0
1968-03-22,49,31,0.81,0.0,0
1968-03-23,51,29,T,0.0,0
1968-03-24,56,32,0.00,0.0,0
1968-03-25,62,30,0.00,0.0,0
1968-03-26,67,33,0.00,0.0,0
1968-03-27,76,47,0.00,0.0,0
1968-03-28,77,56,0.00,0.0,0
1968-03-29,74,57,0.01,0.0,0
1968-03-30,77,57,0.00,0.0,0
1968-03-31,76,52,0.00,0.0,0
1968-04-01,73,58,0.02,0.0,0
1968-04-02,77,66,0.00,0.0,0
1968-04-03,78,69,T,0.0,0
1968-04-04,79,63,0.39,0.0,0
1968-04-05,70,56,0.19,0.0,0
1968-04-06,70,50,0.00,0.0,0
1968-04-07,77,50,0.00,0.0,0
1968-04-08,80,68,0.00,0.0,0
1968-04-09,76,64,1.88,0.0,0
1968-04-10,68,62,T,0.0,0
1968-04-11,77,49,0.00,0.0,0
1968-04-12,78,48,0.00,0.0,0
1968-04-13,75,65,0.06,0.0,0
1968-04-14,81,68,T,0.0,0
1968-04-15,77,53,0.00,0.0,0
1968-04-16,78,48,0.00,0.0,0
1968-04-17,78,55,0.00,0.0,0
1968-04-18,80,60,0.00,0.0,0
1968-04-19,80,60,0.00,0.0,0
1968-04-20,83,66,0.00,0.0,0
1968-04-21,81,63,0.00,0.0,0
1968-04-22,83,71,0.00,0.0,0
1968-04-23,79,69,0.00,0.0,0
1968-04-24,71,44,0.05,0.0,0
1968-04-25,74,40,0.00,0.0,0
1968-04-26,80,50,0.00,0.0,0
1968-04-27,82,62,T,0.0,0
1968-04-28,82,68,0.07,0.0,0
1968-04-29,75,65,0.93,0.0,0
1968-04-30,78,55,0.00,0.0,0
1968-05-01,79,54,0.00,0.0,0
1968-05-02,78,51,0.00,0.0,0
1968-05-03,79,51,0.00,0.0,0
1968-05-04,76,56,0.06,0.0,0
1968-05-05,80,56,0.00,0.0,0
1968-05-06,77,49,0.00,0.0,0
1968-05-07,82,47,0.00,0.0,0
1968-05-08,82,68,0.82,0.0,0
1968-05-09,81,69,0.51,0.0,0
1968-05-10,83,67,0.00,0.0,0
1968-05-11,84,72,T,0.0,0
1968-05-12,86,72,0.81,0.0,0
1968-05-13,87,75,T,0.0,0
1968-05-14,88,74,0.00,0.0,0
1968-05-15,87,72,0.00,0.0,0
1968-05-16,90,71,0.00,0.0,0
1968-05-17,85,65,0.65,0.0,0
1968-05-18,88,65,0.31,0.0,0
1968-05-19,90,66,0.00,0.0,0
1968-05-20,81,62,0.00,0.0,0
1968-05-21,83,60,0.00,0.0,0
1968-05-22,83,57,0.00,0.0,0
1968-05-23,87,65,0.00,0.0,0
1968-05-24,87,72,0.55,0.0,0
1968-05-25,86,72,0.00,0.0,0
1968-05-26,89,68,0.08,0.0,0
1968-05-27,86,70,0.34,0.0,0
1968-05-28,86,64,0.00,0.0,0
1968-05-29,88,61,0.00,0.0,0
1968-05-30,89,65,0.00,0.0,0
1968-05-31,90,61,0.00,0.0,0
1968-06-01,90,63,0.00,0.0,0
1968-06-02,88,61,0.00,0.0,0
1968-06-03,93,65,0.00,0.0,0
1968-06-04,94,70,0.00,0.0,0
1968-06-05,89,69,0.21,0.0,0
1968-06-06,89,69,T,0.0,0
1968-06-07,91,71,0.00,0.0,0
1968-06-08,91,68,0.26,0.0,0
1968-06-09,90,71,0.00,0.0,0
1968-06-10,94,73,0.00,0.0,0
1968-06-11,95,73,0.00,0.0,0
1968-06-12,94,70,0.29,0.0,0
1968-06-13,93,69,0.00,0.0,0
1968-06-14,93,67,0.00,0.0,0
1968-06-15,91,71,0.05,0.0,0
1968-06-16,89,71,0.15,0.0,0
1968-06-17,90,70,1.40,0.0,0
1968-06-18,88,70,0.10,0.0,0
1968-06-19,87,70,0.60,0.0,0
1968-06-20,85,73,0.00,0.0,0
1968-06-21,86,72,0.01,0.0,0
1968-06-22,89,73,0.07,0.0,0
1968-06-23,91,73,0.02,0.0,0
1968-06-24,91,79,0.00,0.0,0
1968-06-25,91,81,T,0.0,0
1968-06-26,90,76,0.15,0.0,0
1968-06-27,87,65,0.00,0.0,0
1968-06-28,90,61,0.00,0.0,0
1968-06-29,92,70,0.02,0.0,0
1968-06-30,93,72,0.36,0.0,0
1968-07-01,93,74,T,0.0,0
1968-07-02,91,73,T,0.0,0
1968-07-03,92,76,0.20,0.0,0
1968-07-04,86,77,0.00,0.0,0
1968-07-05,91,71,0.00,0.0,0
1968-07-06,92,69,0.00,0.0,0
1968-07-07,91,75,0.00,0.0,0
1968-07-08,92,74,0.24,0.0,0
1968-07-09,86,76,0.00,0.0,0
1968-07-10,90,73,T,0.0,0
1968-07-11,92,70,0.00,0.0,0
1968-07-12,89,74,0.09,0.0,0
1968-07-13,92,74,0.04,0.0,0
1968-07-14,93,75,0.00,0.0,0
1968-07-15,93,73,0.00,0.0,0
1968-07-16,92,73,0.14,0.0,0
1968-07-17,89,74,T,0.0,0
1968-07-18,88,72,0.61,0.0,0
1968-07-19,87,71,0.79,0.0,0
1968-07-20,87,75,0.39,0.0,0
1968-07-21,90,74,0.38,0.0,0
1968-07-22,91,74,0.65,0.0,0
1968-07-23,88,74,0.51,0.0,0
1968-07-24,91,71,0.58,0.0,0
1968-07-25,92,73,0.00,0.0,0
1968-07-26,93,72,0.28,0.0,0
1968-07-27,94,71,0.00,0.0,0
1968-07-28,96,76,0.00,0.0,0
1968-07-29,96,75,0.03,0.0,0
1968-07-30,95,73,0.03,0.0,0
1968-07-31,95,75,T,0.0,0
1968-08-01,94,75,0.00,0.0,0
1968-08-02,92,74,0.05,0.0,0
1968-08-03,89,71,0.00,0.0,0
1968-08-04,92,72,0.00,0.0,0
1968-08-05,94,72,0.16,0.0,0
1968-08-06,90,73,T,0.0,0
1968-08-07,93,74,0.01,0.0,0
1968-08-08,93,74,0.00,0.0,0
1968-08-09,93,72,T,0.0,0
1968-08-10,93,72,0.01,0.0,0
1968-08-11,92,73,0.23,0.0,0
1968-08-12,81,73,0.41,0.0,0
1968-08-13,87,73,1.90,0.0,0
1968-08-14,88,74,1.62,0.0,0
1968-08-15,89,73,0.00,0.0,0
1968-08-16,90,73,0.00,0.0,0
1968-08-17,93,72,0.06,0.0,0
1968-08-18,93,71,0.00,0.0,0
1968-08-19,89,75,0.11,0.0,0
1968-08-20,91,70,T,0.0,0
1968-08-21,94,71,0.00,0.0,0
1968-08-22,95,77,0.00,0.0,0
1968-08-23,92,71,0.05,0.0,0
1968-08-24,90,72,0.17,0.0,0
1968-08-25,88,69,0.00,0.0,0
1968-08-26,93,73,T,0.0,0
1968-08-27,88,73,0.00,0.0,0
1968-08-28,86,69,T,0.0,0
1968-08-29,84,69,0.00,0.0,0
1968-08-30,86,60,0.00,0.0,0
1968-08-31,87,62,0.00,0.0,0
1968-09-01,88,62,0.00,0.0,0
1968-09-02,88,63,0.00,0.0,0
1968-09-03,91,74,T,0.0,0
1968-09-04,89,71,0.25,0.0,0
1968-09-05,84,71,0.29,0.0,0
1968-09-06,87,72,0.00,0.0,0
1968-09-07,87,68,0.00,0.0,0
1968-09-08,88,67,0.00,0.0,0
1968-09-09,88,67,0.01,0.0,0
1968-09-10,85,68,0.00,0.0,0
1968-09-11,81,66,0.00,0.0,0
1968-09-12,75,59,0.00,0.0,0
1968-09-13,84,59,0.00,0.0,0
1968-09-14,85,61,0.00,0.0,0
1968-09-15,88,73,0.56,0.0,0
1968-09-16,81,73,0.52,0.0,0
1968-09-17,85,72,0.81,0.0,0
1968-09-18,82,61,T,0.0,0
1968-09-19,84,60,0.00,0.0,0
1968-09-20,87,64,0.00,0.0,0
1968-09-21,89,63,0.00,0.0,0
1968-09-22,87,64,0.00,0.0,0
1968-09-23,85,61,0.00,0.0,0
1968-09-24,86,60,T,0.0,0
1968-09-25,87,63,0.00,0.0,0
1968-09-26,78,69,0.00,0.0,0
1968-09-27,83,68,0.00,0.0,0
1968-09-28,85,62,0.00,0.0,0
1968-09-29,87,62,0.00,0.0,0
1968-09-30,87,59,0.00,0.0,0
1968-10-01,85,63,0.32,0.0,0
1968-10-02,89,66,0.00,0.0,0
1968-10-03,87,68,0.65,0.0,0
1968-10-04,75,66,0.00,0.0,0
1968-10-05,79,61,0.02,0.0,0
1968-10-06,80,68,0.07,0.0,0
1968-10-07,74,63,0.00,0.0,0
1968-10-08,83,64,0.14,0.0,0
1968-10-09,87,68,0.10,0.0,0
1968-10-10,79,67,0.00,0.0,0
1968-10-11,84,68,0.00,0.0,0
1968-10-12,86,66,0.00,0.0,0
1968-10-13,84,64,0.00,0.0,0
1968-10-14,85,62,0.00,0.0,0
1968-10-15,83,62,0.00,0.0,0
1968-10-16,83,61,0.10,0.0,0
1968-10-17,83,66,0.00,0.0,0
1968-10-18,80,65,0.00,0.0,0
1968-10-19,74,50,0.00,0.0,0
1968-10-20,74,44,0.00,0.0,0
1968-10-21,78,54,0.00,0.0,0
1968-10-22,79,54,0.00,0.0,0
1968-10-23,80,53,0.00,0.0,0
1968-10-24,70,54,T,0.0,0
1968-10-25,66,44,0.00,0.0,0
1968-10-26,70,40,0.00,0.0,0
1968-10-27,76,42,0.00,0.0,0
1968-10-28,71,49,0.00,0.0,0
1968-10-29,71,35,0.00,0.0,0
1968-10-30,81,50,0.00,0.0,0
1968-10-31,79,51,0.00,0.0,0
1968-11-01,79,50,0.00,0.0,0
1968-11-02,79,51,0.00,0.0,0
1968-11-03,80,51,T,0.0,0
1968-11-04,60,50,T,0.0,0
1968-11-05,63,36,0.00,0.0,0
1968-11-06,73,55,1.17,0.0,0
1968-11-07,63,50,0.00,0.0,0
1968-11-08,60,47,0.30,0.0,0
1968-11-09,48,39,0.64,0.0,0
1968-11-10,55,32,0.25,0.0,0
1968-11-11,52,40,0.37,0.0,0
1968-11-12,49,30,0.00,0.0,0
1968-11-13,63,28,0.00,0.0,0
1968-11-14,71,46,0.00,0.0,0
1968-11-15,77,61,0.00,0.0,0
1968-11-16,81,64,0.30,0.0,0
1968-11-17,80,66,0.71,0.0,0
1968-11-18,67,44,0.01,0.0,0
1968-11-19,54,32,0.00,0.0,0
1968-11-20,61,30,0.00,0.0,0
1968-11-21,66,34,0.00,0.0,0
1968-11-22,67,34,0.00,0.0,0
1968-11-23,71,40,0.00,0.0,0
1968-11-24,75,42,0.00,0.0,0
1968-11-25,65,33,0.00,0.0,0
1968-11-26,73,39,0.00,0.0,0
1968-11-27,76,62,0.01,0.0,0
1968-11-28,70,43,0.12,0.0,0
1968-11-29,56,47,0.25,0.0,0
1968-11-30,66,49,0.84,0.0,0
1968-12-01,68,49,0.77,0.0,0
1968-12-02,63,43,T,0.0,0
1968-12-03,61,44,0.97,0.0,0
1968-12-04,56,34,0.00,0.0,0
1968-12-05,67,35,0.00,0.0,0
1968-12-06,72,49,T,0.0,0
1968-12-07,63,42,0.16,0.0,0
1968-12-08,48,31,0.00,0.0,0
1968-12-09,55,31,0.00,0.0,0
1968-12-10,62,33,0.00,0.0,0
1968-12-11,67,32,0.00,0.0,0
1968-12-12,68,53,0.00,0.0,0
1968-12-13,64,44,0.71,0.0,0
1968-12-14,50,36,0.00,0.0,0
1968-12-15,43,30,0.00,0.0,0
1968-12-16,45,23,0.00,0.0,0
1968-12-17,64,27,0.00,0.0,0
1968-12-18,70,47,0.05,0.0,0
1968-12-19,65,49,0.40,0.0,0
1968-12-20,62,48,T,0.0,0
1968-12-21,71,56,0.20,0.0,0
1968-12-22,72,50,0.26,0.0,0
1968-12-23,51,38,T,0.0,0
1968-12-24,53,30,0.00,0.0,0
1968-12-25,59,27,0.00,0.0,0
1968-12-26,67,36,0.01,0.0,0
1968-12-27,75,58,0.06,0.0,0
1968-12-28,61,38,0.00,0.0,0
1968-12-29,62,30,0.00,0.0,0
1968-12-30,71,43,1.82,0.0,0
1968-12-31,66,40,0.73,0.0,0
1969-01-01,47,33,0.00,0.0,0
1969-01-02,53,42,0.01,0.0,0
1969-01-03,59,47,0.09,0.0,0
1969-01-04,47,32,T,0.0,0
1969-01-05,46,27,0.00,0.0,0
1969-01-06,64,23,0.00,0.0,0
1969-01-07,64,35,0.00,0.0,0
1969-01-08,73,53,0.00,0.0,0
1969-01-09,78,42,T,0.0,0
1969-01-10,47,33,0.00,0.0,0
1969-01-11,48,37,T,T,0
1969-01-12,51,27,0.00,0.0,0
1969-01-13,60,27,0.00,0.0,0
1969-01-14,62,31,0.00,0.0,0
1969-01-15,67,41,0.00,0.0,0
1969-01-16,70,50,0.16,0.0,0
1969-01-17,66,61,0.47,0.0,0
1969-01-18,62,57,1.96,0.0,0
1969-01-19,66,52,0.02,0.0,0
1969-01-20,54,44,T,0.0,0
1969-01-21,66,45,0.40,0.0,0
1969-01-22,74,55,T,0.0,0
1969-01-23,79,63,T,0.0,0
1969-01-24,63,46,T,0.0,0
1969-01-25,58,43,0.00,0.0,0
1969-01-26,60,43,0.00,0.0,0
1969-01-27,76,51,0.01,0.0,0
1969-01-28,78,62,T,0.0,0
1969-01-29,78,65,0.00,0.0,0
1969-01-30,79,62,T,0.0,0
1969-01-31,77,61,T,0.0,0
1969-02-01,78,64,T,0.0,0
1969-02-02,81,66,0.16,0.0,0
1969-02-03,66,46,0.24,0.0,0
1969-02-04,58,39,0.00,0.0,0
1969-02-05,61,35,T,0.0,0
1969-02-06,77,57,0.04,0.0,0
1969-02-07,71,47,0.00,0.0,0
1969-02-08,79,51,0.84,0.0,0
1969-02-09,60,47,0.00,0.0,0
1969-02-10,64,45,0.00,0.0,0
1969-02-11,67,49,0.00,0.0,0
1969-02-12,72,39,0.00,0.0,0
1969-02-13,58,40,T,0.0,0
1969-02-14,54,48,1.07,0.0,0
1969-02-15,55,47,T,0.0,0
1969-02-16,49,41,0.00,0.0,0
1969-02-17,46,39,0.00,0.0,0
1969-02-18,55,35,0.00,0.0,0
1969-02-19,54,38,0.01,0.0,0
1969-02-20,56,43,0.18,0.0,0
1969-02-21,61,49,1.12,0.0,0
1969-02-22,61,51,0.29,0.0,0
1969-02-23,61,48,0.00,0.0,0
1969-02-24,67,40,0.00,0.0,0
1969-02-25,65,45,0.00,0.0,0
1969-02-26,67,37,0.00,0.0,0
1969-02-27,68,41,0.65,0.0,0
1969-02-28,67,51,0.20,0.0,0
1969-03-01,57,41,0.00,0.0,0
1969-03-02,59,36,T,0.0,0
1969-03-03,55,42,0.06,0.0,0
1969-03-04,58,39,0.00,0.0,0
1969-03-05,58,45,T,0.0,0
1969-03-06,60,45,0.80,0.0,0
1969-03-07,58,39,0.00,0.0,0
1969-03-08,74,49,0.00,0.0,0
1969-03-09,53,37,0.00,0.0,0
1969-03-10,54,38,0.00,0.0,0
1969-03-11,50,37,0.05,0.0,0
1969-03-12,50,33,0.04,0.0,0
1969-03-13,62,29,0.00,0.0,0
1969-03-14,61,42,T,0.0,0
1969-03-15,57,46,1.90,0.0,0
1969-03-16,54,47,1.38,0.0,0
1969-03-17,59,52,1.82,0.0,0
1969-03-18,62,53,0.01,0.0,0
1969-03-19,76,42,0.00,0.0,0
1969-03-20,74,48,0.00,0.0,0
1969-03-21,74,51,0.00,0.0,0
1969-03-22,73,49,0.00,0.0,0
1969-03-23,72,58,1.02,0.0,0
1969-03-24,78,54,0.00,0.0,0
1969-03-25,62,50,0.00,0.0,0
1969-03-26,61,43,0.00,0.0,0
1969-03-27,69,33,0.00,0.0,0
1969-03-28,72,41,0.00,0.0,0
1969-03-29,75,44,0.00,0.0,0
1969-03-30,74,45,0.00,0.0,0
1969-03-31,73,52,0.00,0.0,0
1969-04-01,79,45,0.00,0.0,0
1969-04-02,81,58,0.00,0.0,0
1969-04-03,80,65,0.00,0.0,0
1969-04-04,83,68,T,0.0,0
1969-04-05,74,64,0.94,0.0,0
1969-04-06,73,60,0.00,0.0,0
1969-04-07,79,57,0.00,0.0,0
1969-04-08,81,70,0.10,0.0,0
1969-04-09,83,69,T,0.0,0
1969-04-10,78,60,1.73,0.0,0
1969-04-11,82,62,T,0.0,0
1969-04-12,77,64,0.06,0.0,0
1969-04-13,81,64,0.06,0.0,0
1969-04-14,80,61,0.00,0.0,0
1969-04-15,81,57,0.00,0.0,0
1969-04-16,73,68,0.55,0.0,0
1969-04-17,80,67,0.35,0.0,0
1969-04-18,75,56,0.03,0.0,0
1969-04-19,75,53,0.00,0.0,0
1969-04-20,70,51,T,0.0,0
1969-04-21,77,53,0.00,0.0,0
1969-04-22,83,50,0.00,0.0,0
1969-04-23,84,61,1.40,0.0,0
1969-04-24,71,56,0.02,0.0,0
1969-04-25,76,47,0.00,0.0,0
1969-04-26,79,57,0.00,0.0,0
1969-04-27,84,65,0.80,0.0,0
1969-04-28,75,61,T,0.0,0
1969-04-29,75,55,0.00,0.0,0
1969-04-30,77,54,0.00,0.0,0
1969-05-01,80,51,T,0.0,0
1969-05-02,82,55,0.00,0.0,0
1969-05-03,80,66,T,0.0,0
1969-05-04,82,68,0.00,0.0,0
1969-05-05,82,62,1.34,0.0,0
1969-05-06,84,61,T,0.0,0
1969-05-07,83,70,1.08,0.0,0
1969-05-08,84,65,1.44,0.0,0
1969-05-09,74,55,0.00,0.0,0
1969-05-10,78,51,0.00,0.0,0
1969-05-11,78,56,0.00,0.0,0
1969-05-12,82,51,0.00,0.0,0
1969-05-13,83,57,0.21,0.0,0
1969-05-14,81,65,T,0.0,0
1969-05-15,82,59,0.00,0.0,0
1969-05-16,80,65,0.10,0.0,0
1969-05-17,78,68,1.01,0.0,0
1969-05-18,85,63,0.00,0.0,0
1969-05-19,83,62,0.00,0.0,0
1969-05-20,87,62,0.00,0.0,0
1969-05-21,90,68,0.00,0.0,0
1969-05-22,91,68,0.00,0.0,0
1969-05-23,90,71,0.04,0.0,0
1969-05-24,91,70,0.25,0.0,0
1969-05-25,84,64,0.00,0.0,0
1969-05-26,88,67,0.00,0.0,0
1969-05-27,88,66,T,0.0,0
1969-05-28,85,67,0.00,0.0,0
1969-05-29,86,64,0.04,0.0,0
1969-05-30,89,67,0.00,0.0,0
1969-05-31,87,64,0.00,0.0,0
1969-06-01,86,61,0.00,0.0,0
1969-06-02,85,66,0.05,0.0,0
1969-06-03,82,63,0.00,0.0,0
1969-06-04,85,64,0.50,0.0,0
1969-06-05,82,63,0.35,0.0,0
1969-06-06,87,62,0.00,0.0,0
1969-06-07,89,63,0.00,0.0,0
1969-06-08,91,65,0.00,0.0,0
1969-06-09,94,73,0.00,0.0,0
1969-06-10,92,72,0.00,0.0,0
1969-06-11,88,70,0.00,0.0,0
1969-06-12,88,68,0.30,0.0,0
1969-06-13,91,67,0.00,0.0,0
1969-06-14,92,70,1.16,0.0,0
1969-06-15,93,71,0.01,0.0,0
1969-06-16,84,69,0.00,0.0,0
1969-06-17,86,62,0.00,0.0,0
1969-06-18,89,63,0.00,0.0,0
1969-06-19,91,68,0.00,0.0,0
1969-06-20,95,77,0.00,0.0,0
1969-06-21,95,77,0.00,0.0,0
1969-06-22,95,77,0.00,0.0,0
1969-06-23,95,78,0.00,0.0,0
1969-06-24,94,76,0.00,0.0,0
1969-06-25,93,77,T,0.0,0
1969-06-26,93,77,0.00,0.0,0
1969-06-27,94,74,0.00,0.0,0
1969-06-28,96,72,0.00,0.0,0
1969-06-29,96,76,0.10,0.0,0
1969-06-30,96,76,0.00,0.0,0
1969-07-01,96,72,0.00,0.0,0
1969-07-02,98,75,T,0.0,0
1969-07-03,98,73,0.00,0.0,0
1969-07-04,95,77,T,0.0,0
1969-07-05,93,74,0.05,0.0,0
1969-07-06,92,75,T,0.0,0
1969-07-07,95,74,0.00,0.0,0
1969-07-08,96,74,0.00,0.0,0
1969-07-09,95,75,0.43,0.0,0
1969-07-10,86,71,0.06,0.0,0
1969-07-11,88,72,0.05,0.0,0
1969-07-12,93,74,0.00,0.0,0
1969-07-13,94,78,0.00,0.0,0
1969-07-14,95,73,0.44,0.0,0
1969-07-15,91,71,0.09,0.0,0
1969-07-16,88,72,0.45,0.0,0
1969-07-17,84,72,0.18,0.0,0
1969-07-18,82,73,1.10,0.0,0
1969-07-19,81,74,T,0.0,0
1969-07-20,85,71,0.15,0.0,0
1969-07-21,90,72,0.00,0.0,0
1969-07-22,92,72,T,0.0,0
1969-07-23,88,75,0.19,0.0,0
1969-07-24,88,75,0.51,0.0,0
1969-07-25,88,75,0.49,0.0,0
1969-07-26,92,74,0.00,0.0,0
1969-07-27,91,76,0.90,0.0,0
1969-07-28,90,74,T,0.0,0
1969-07-29,87,74,1.55,0.0,0
1969-07-30,88,70,T,0.0,0
1969-07-31,91,73,T,0.0,0
1969-08-01,91,72,0.00,0.0,0
1969-08-02,89,73,0.10,0.0,0
1969-08-03,91,71,0.00,0.0,0
1969-08-04,91,72,0.00,0.0,0
1969-08-05,92,70,0.00,0.0,0
1969-08-06,90,70,0.00,0.0,0
1969-08-07,89,71,0.00,0.0,0
1969-08-08,91,72,3.06,0.0,0
1969-08-09,90,73,T,0.0,0
1969-08-10,94,70,1.24,0.0,0
1969-08-11,84,70,0.66,0.0,0
1969-08-12,87,76,0.00,0.0,0
1969-08-13,90,72,0.00,0.0,0
1969-08-14,87,70,0.00,0.0,0
1969-08-15,88,68,0.00,0.0,0
1969-08-16,91,70,0.37,0.0,0
1969-08-17,82,75,0.80,0.0,0
1969-08-18,90,74,0.20,0.0,0
1969-08-19,89,79,0.00,0.0,0
1969-08-20,90,74,0.06,0.0,0
1969-08-21,91,73,0.26,0.0,0
1969-08-22,88,74,0.89,0.0,0
1969-08-23,86,75,0.00,0.0,0
1969-08-24,85,75,0.00,0.0,0
1969-08-25,86,71,0.16,0.0,0
1969-08-26,87,68,0.00,0.0,0
1969-08-27,89,66,0.00,0.0,0
1969-08-28,91,70,0.00,0.0,0
1969-08-29,87,66,0.00,0.0,0
1969-08-30,88,66,0.00,0.0,0
1969-08-31,86,67,0.00,0.0,0
1969-09-01,88,69,0.00,0.0,0
1969-09-02,88,70,0.00,0.0,0
1969-09-03,87,70,T,0.0,0
1969-09-04,88,74,0.02,0.0,0
1969-09-05,90,71,0.00,0.0,0
1969-09-06,91,71,0.00,0.0,0
1969-09-07,91,72,T,0.0,0
1969-09-08,90,74,0.00,0.0,0
1969-09-09,86,75,0.00,0.0,0
1969-09-10,80,66,0.00,0.0,0
1969-09-11,80,57,0.00,0.0,0
1969-09-12,82,57,0.00,0.0,0
1969-09-13,86,57,0.00,0.0,0
1969-09-14,87,58,0.00,0.0,0
1969-09-15,87,58,0.00,0.0,0
1969-09-16,89,63,0.00,0.0,0
1969-09-17,91,69,T,0.0,0
1969-09-18,89,70,0.01,0.0,0
1969-09-19,84,71,0.13,0.0,0
1969-09-20,88,74,T,0.0,0
1969-09-21,84,73,0.00,0.0,0
1969-09-22,82,66,0.00,0.0,0
1969-09-23,87,62,0.00,0.0,0
1969-09-24,84,70,0.92,0.0,0
1969-09-25,87,67,0.00,0.0,0
1969-09-26,88,67,0.00,0.0,0
1969-09-27,87,61,0.00,0.0,0
1969-09-28,89,60,0.00,0.0,0
1969-09-29,85,64,0.00,0.0,0
1969-09-30,82,69,0.00,0.0,0
1969-10-01,79,57,T,0.0,0
1969-10-02,87,53,0.00,0.0,0
1969-10-03,86,58,0.00,0.0,0
1969-10-04,90,61,0.00,0.0,0
1969-10-05,87,62,0.00,0.0,0
1969-10-06,83,75,0.04,0.0,0
1969-10-07,82,72,0.13,0.0,0
1969-10-08,84,73,0.00,0.0,0
1969-10-09,87,67,0.00,0.0,0
1969-10-10,86,71,0.00,0.0,0
1969-10-11,90,68,0.00,0.0,0
1969-10-12,88,75,T,0.0,0
1969-10-13,88,61,T,0.0,0
1969-10-14,62,54,T,0.0,0
1969-10-15,65,48,T,0.0,0
1969-10-16,77,48,0.00,0.0,0
1969-10-17,74,60,0.00,0.0,0
1969-10-18,78,58,0.00,0.0,0
1969-10-19,83,63,T,0.0,0
1969-10-20,83,72,0.07,0.0,0
1969-10-21,84,72,0.00,0.0,0
1969-10-22,80,65,0.00,0.0,0
1969-10-23,72,58,0.00,0.0,0
1969-10-24,72,60,0.00,0.0,0
1969-10-25,71,65,0.10,0.0,0
1969-10-26,81,59,0.00,0.0,0
1969-10-27,81,59,0.00,0.0,0
1969-10-28,72,59,0.00,0.0,0
1969-10-29,72,54,0.00,0.0,0
1969-10-30,75,64,0.10,0.0,0
1969-10-31,70,65,0.07,0.0,0
1969-11-01,67,54,0.03,0.0,0
1969-11-02,67,48,0.00,0.0,0
1969-11-03,61,44,0.00,0.0,0
1969-11-04,67,40,0.00,0.0,0
1969-11-05,67,37,0.00,0.0,0
1969-11-06,73,38,0.00,0.0,0
1969-11-07,81,54,0.00,0.0,0
1969-11-08,81,59,0.00,0.0,0
1969-11-09,79,50,0.00,0.0,0
1969-11-10,76,48,0.00,0.0,0
1969-11-11,82,50,0.00,0.0,0
1969-11-12,81,67,0.00,0.0,0
1969-11-13,82,60,0.90,0.0,0
1969-11-14,61,33,0.00,0.0,0
1969-11-15,59,29,0.00,0.0,0
1969-11-16,71,34,0.00,0.0,0
1969-11-17,79,61,0.00,0.0,0
1969-11-18,77,54,0.70,0.0,0
1969-11-19,54,42,0.03,0.0,0
1969-11-20,60,34,0.00,0.0,0
1969-11-21,65,31,0.00,0.0,0
1969-11-22,74,33,0.00,0.0,0
1969-11-23,79,51,0.00,0.0,0
1969-11-24,78,60,0.06,0.0,0
1969-11-25,76,52,0.01,0.0,0
1969-11-26,74,49,0.00,0.0,0
1969-11-27,70,49,0.00,0.0,0
1969-11-28,59,50,0.00,0.0,0
1969-11-29,58,43,0.00,0.0,0
1969-11-30,59,35,0.00,0.0,0
1969-12-01,72,32,0.00,0.0,0
1969-12-02,67,35,0.00,0.0,0
1969-12-03,74,36,0.00,0.0,0
1969-12-04,62,34,0.00,0.0,0
1969-12-05,59,47,0.30,0.0,0
1969-12-06,70,53,1.32,0.0,0
1969-12-07,54,46,0.00,0.0,0
1969-12-08,54,43,0.00,0.0,0
1969-12-09,61,45,1.45,0.0,0
1969-12-10,58,50,0.17,0.0,0
1969-12-11,64,38,0.00,0.0,0
1969-12-12,63,32,0.00,0.0,0
1969-12-13,69,30,0.00,0.0,0
1969-12-14,76,49,0.00,0.0,0
1969-12-15,78,52,0.00,0.0,0
1969-12-16,65,41,0.00,0.0,0
1969-12-17,66,39,0.00,0.0,0
1969-12-18,69,38,0.00,0.0,0
1969-12-19,73,43,T,0.0,0
1969-12-20,62,53,0.02,0.0,0
1969-12-21,72,44,0.76,0.0,0
1969-12-22,56,43,0.00,0.0,0
1969-12-23,68,40,0.02,0.0,0
1969-12-24,64,40,0.00,0.0,0
1969-12-25,76,44,0.84,0.0,0
1969-12-26,57,37,0.00,0.0,0
1969-12-27,70,32,0.00,0.0,0
1969-12-28,74,59,0.00,0.0,0
1969-12-29,78,66,T,0.0,0
1969-12-30,73,46,0.33,0.0,0
1969-12-31,46,40,0.05,0.0,0
1970-01-01,49,28,0.00,0.0,0
1970-01-02,53,25,0.00,0.0,0
1970-01-03,47,34,0.00,0.0,0
1970-01-04,53,26,0.00,0.0,0
1970-01-05,52,47,0.95,0.0,0
1970-01-06,51,29,0.21,0.0,0
1970-01-07,38,23,0.00,0.0,0
1970-01-08,42,17,0.00,0.0,0
1970-01-09,41,22,0.00,0.0,0
1970-01-10,50,25,0.10,0.0,0
1970-01-11,64,48,0.57,0.0,0
1970-01-12,48,40,0.00,0.0,0
1970-01-13,45,30,0.00,0.0,0
1970-01-14,56,33,0.00,0.0,0
1970-01-15,63,38,0.00,0.0,0
1970-01-16,63,48,0.00,0.0,0
1970-01-17,61,44,0.00,0.0,0
1970-01-18,61,35,0.00,0.0,0
1970-01-19,48,38,0.02,0.0,0
1970-01-20,45,35,T,0.0,0
1970-01-21,43,29,0.00,0.0,0
1970-01-22,47,35,T,0.0,0
1970-01-23,65,45,T,0.0,0
1970-01-24,68,36,0.00,0.0,0
1970-01-25,81,59,T,0.0,0
1970-01-26,76,63,0.03,0.0,0
1970-01-27,74,61,0.00,0.0,0
1970-01-28,81,62,0.00,0.0,0
1970-01-29,79,49,0.65,0.0,0
1970-01-30,54,39,0.00,0.0,0
1970-01-31,56,34,0.00,0.0,0
1970-02-01,64,49,0.76,0.0,0
1970-02-02,76,45,T,0.0,0
1970-02-03,45,27,0.00,0.0,0
1970-02-04,50,19,0.00,0.0,0
1970-02-05,62,36,0.00,0.0,0
1970-02-06,63,48,0.00,0.0,0
1970-02-07,68,41,0.00,0.0,0
1970-02-08,70,36,T,0.0,0
1970-02-09,61,42,0.00,0.0,0
1970-02-10,60,31,0.00,0.0,0
1970-02-11,70,32,0.00,0.0,0
1970-02-12,60,36,0.00,0.0,0
1970-02-13,68,32,0.00,0.0,0
1970-02-14,76,51,0.00,0.0,0
1970-02-15,75,54,0.16,0.0,0
1970-02-16,57,40,0.21,0.0,0
1970-02-17,63,37,0.00,0.0,0
1970-02-18,72,31,0.00,0.0,0
1970-02-19,66,46,0.00,0.0,0
1970-02-20,62,40,0.00,0.0,0
1970-02-21,63,35,0.00,0.0,0
1970-02-22,67,31,0.00,0.0,0
1970-02-23,68,46,0.00,0.0,0
1970-02-24,59,49,0.62,0.0,0
1970-02-25,64,45,0.53,0.0,0
1970-02-26,55,34,0.00,0.0,0
1970-02-27,66,29,0.00,0.0,0
1970-02-28,70,49,0.00,0.0,0
1970-03-01,75,48,0.00,0.0,0
1970-03-02,78,62,T,0.0,0
1970-03-03,79,60,2.73,0.0,0
1970-03-04,69,59,0.23,0.0,0
1970-03-05,75,58,0.00,0.0,0
1970-03-06,70,55,0.00,0.0,0
1970-03-07,59,52,0.68,0.0,0
1970-03-08,67,48,T,0.0,0
1970-03-09,71,40,0.00,0.0,0
1970-03-10,75,45,0.00,0.0,0
1970-03-11,74,58,0.55,0.0,0
1970-03-12,60,48,T,0.0,0
1970-03-13,49,41,T,0.0,0
1970-03-14,62,33,0.00,0.0,0
1970-03-15,65,40,0.00,0.0,0
1970-03-16,69,39,0.00,0.0,0
1970-03-17,69,59,0.82,0.0,0
1970-03-18,73,56,0.33,0.0,0
1970-03-19,78,68,0.10,0.0,0
1970-03-20,71,56,0.05,0.0,0
1970-03-21,58,47,1.37,0.0,0
1970-03-22,57,41,0.00,0.0,0
1970-03-23,70,39,0.00,0.0,0
1970-03-24,73,51,0.00,0.0,0
1970-03-25,77,58,0.00,0.0,0
1970-03-26,66,52,T,0.0,0
1970-03-27,64,49,0.00,0.0,0
1970-03-28,71,60,0.05,0.0,0
1970-03-29,69,55,0.00,0.0,0
1970-03-30,65,60,0.31,0.0,0
1970-03-31,68,58,T,0.0,0
1970-04-01,82,68,0.15,0.0,0
1970-04-02,72,47,0.05,0.0,0
1970-04-03,69,44,0.00,0.0,0
1970-04-04,73,47,0.01,0.0,0
1970-04-05,78,48,0.00,0.0,0
1970-04-06,76,45,0.00,0.0,0
1970-04-07,82,47,0.00,0.0,0
1970-04-08,79,50,0.00,0.0,0
1970-04-09,80,53,0.00,0.0,0
1970-04-10,73,63,0.12,0.0,0
1970-04-11,74,60,0.01,0.0,0
1970-04-12,78,58,0.00,0.0,0
1970-04-13,81,52,0.00,0.0,0
1970-04-14,80,55,0.00,0.0,0
1970-04-15,79,52,T,0.0,0
1970-04-16,83,67,0.00,0.0,0
1970-04-17,84,66,T,0.0,0
1970-04-18,84,69,0.00,0.0,0
1970-04-19,77,61,0.09,0.0,0
1970-04-20,81,53,0.00,0.0,0
1970-04-21,86,51,T,0.0,0
1970-04-22,87,75,0.00,0.0,0
1970-04-23,85,71,0.00,0.0,0
1970-04-24,85,69,0.00,0.0,0
1970-04-25,85,69,0.00,0.0,0
1970-04-26,86,74,0.00,0.0,0
1970-04-27,86,76,0.00,0.0,0
1970-04-28,87,77,0.00,0.0,0
1970-04-29,88,72,0.00,0.0,0
1970-04-30,88,74,0.00,0.0,0
1970-05-01,87,68,0.00,0.0,0
1970-05-02,75,60,0.47,0.0,0
1970-05-03,62,57,1.03,0.0,0
1970-05-04,76,54,0.00,0.0,0
1970-05-05,82,51,0.00,0.0,0
1970-05-06,86,53,0.00,0.0,0
1970-05-07,87,56,0.00,0.0,0
1970-05-08,85,59,0.00,0.0,0
1970-05-09,84,70,0.14,0.0,0
1970-05-10,84,72,0.00,0.0,0
1970-05-11,85,71,0.00,0.0,0
1970-05-12,84,68,0.00,0.0,0
1970-05-13,84,64,0.00,0.0,0
1970-05-14,86,70,0.00,0.0,0
1970-05-15,87,61,0.00,0.0,0
1970-05-16,78,62,2.01,0.0,0
1970-05-17,78,66,T,0.0,0
1970-05-18,82,70,0.00,0.0,0
1970-05-19,85,71,0.00,0.0,0
1970-05-20,85,67,0.19,0.0,0
1970-05-21,85,66,0.00,0.0,0
1970-05-22,87,64,0.00,0.0,0
1970-05-23,87,63,0.00,0.0,0
1970-05-24,87,68,0.00,0.0,0
1970-05-25,88,66,0.00,0.0,0
1970-05-26,89,70,0.00,0.0,0
1970-05-27,87,67,0.00,0.0,0
1970-05-28,87,63,0.38,0.0,0
1970-05-29,90,70,0.28,0.0,0
1970-05-30,83,66,0.00,0.0,0
1970-05-31,87,70,0.18,0.0,0
1970-06-01,81,68,1.88,0.0,0
1970-06-02,81,69,0.66,0.0,0
1970-06-03,81,65,0.00,0.0,0
1970-06-04,82,61,0.01,0.0,0
1970-06-05,83,63,0.00,0.0,0
1970-06-06,82,62,0.00,0.0,0
1970-06-07,84,60,0.00,0.0,0
1970-06-08,87,61,0.00,0.0,0
1970-06-09,87,65,0.00,0.0,0
1970-06-10,85,69,0.00,0.0,0
1970-06-11,86,70,0.00,0.0,0
1970-06-12,91,77,0.00,0.0,0
1970-06-13,92,77,0.00,0.0,0
1970-06-14,93,75,0.00,0.0,0
1970-06-15,94,74,T,0.0,0
1970-06-16,92,76,0.00,0.0,0
1970-06-17,92,69,0.00,0.0,0
1970-06-18,93,69,0.00,0.0,0
1970-06-19,95,75,0.00,0.0,0
1970-06-20,93,71,0.00,0.0,0
1970-06-21,94,72,T,0.0,0
1970-06-22,90,70,T,0.0,0
1970-06-23,96,73,T,0.0,0
1970-06-24,82,76,T,0.0,0
1970-06-25,83,74,0.47,0.0,0
1970-06-26,94,74,0.00,0.0,0
1970-06-27,92,76,0.07,0.0,0
1970-06-28,94,75,0.00,0.0,0
1970-06-29,92,74,1.88,0.0,0
1970-06-30,91,74,0.00,0.0,0
1970-07-01,91,69,0.00,0.0,0
1970-07-02,95,70,0.00,0.0,0
1970-07-03,98,79,0.00,0.0,0
1970-07-04,98,75,T,0.0,0
1970-07-05,92,74,0.00,0.0,0
1970-07-06,92,76,0.00,0.0,0
1970-07-07,92,73,0.00,0.0,0
1970-07-08,93,77,T,0.0,0
1970-07-09,94,74,0.10,0.0,0
1970-07-10,86,73,0.38,0.0,0
1970-07-11,85,73,1.07,0.0,0
1970-07-12,83,74,0.06,0.0,0
1970-07-13,90,70,0.93,0.0,0
1970-07-14,91,76,T,0.0,0
1970-07-15,89,75,T,0.0,0
1970-07-16,93,72,0.00,0.0,0
1970-07-17,91,72,0.08,0.0,0
1970-07-18,89,69,T,0.0,0
1970-07-19,90,68,0.10,0.0,0
1970-07-20,91,71,0.00,0.0,0
1970-07-21,89,71,0.23,0.0,0
1970-07-22,81,71,0.20,0.0,0
1970-07-23,86,71,0.00,0.0,0
1970-07-24,91,72,0.25,0.0,0
1970-07-25,84,73,0.30,0.0,0
1970-07-26,91,73,T,0.0,0
1970-07-27,91,71,0.00,0.0,0
1970-07-28,91,71,0.00,0.0,0
1970-07-29,92,72,T,0.0,0
1970-07-30,93,74,0.00,0.0,0
1970-07-31,93,73,T,0.0,0
1970-08-01,93,73,0.00,0.0,0
1970-08-02,94,74,T,0.0,0
1970-08-03,90,78,0.74,0.0,0
1970-08-04,91,74,T,0.0,0
1970-08-05,92,75,T,0.0,0
1970-08-06,92,75,0.00,0.0,0
1970-08-07,92,77,0.00,0.0,0
1970-08-08,91,74,T,0.0,0
1970-08-09,90,78,0.35,0.0,0
1970-08-10,91,78,T,0.0,0
1970-08-11,92,73,2.10,0.0,0
1970-08-12,87,72,0.17,0.0,0
1970-08-13,89,71,0.00,0.0,0
1970-08-14,90,70,0.00,0.0,0
1970-08-15,90,74,0.27,0.0,0
1970-08-16,88,73,0.00,0.0,0
1970-08-17,91,73,T,0.0,0
1970-08-18,90,72,0.06,0.0,0
1970-08-19,89,73,0.11,0.0,0
1970-08-20,88,73,0.30,0.0,0
1970-08-21,91,73,2.68,0.0,0
1970-08-22,90,72,0.04,0.0,0
1970-08-23,89,76,0.09,0.0,0
1970-08-24,82,75,1.37,0.0,0
1970-08-25,84,73,0.80,0.0,0
1970-08-26,86,74,0.31,0.0,0
1970-08-27,89,74,0.00,0.0,0
1970-08-28,81,71,0.60,0.0,0
1970-08-29,86,71,0.01,0.0,0
1970-08-30,89,74,0.21,0.0,0
1970-08-31,89,74,0.00,0.0,0
1970-09-01,87,72,0.31,0.0,0
1970-09-02,88,73,T,0.0,0
1970-09-03,91,75,0.06,0.0,0
1970-09-04,91,74,0.00,0.0,0
1970-09-05,92,76,0.00,0.0,0
1970-09-06,93,74,0.00,0.0,0
1970-09-07,92,72,0.00,0.0,0
1970-09-08,86,73,0.34,0.0,0
1970-09-09,89,72,0.33,0.0,0
1970-09-10,90,71,0.00,0.0,0
1970-09-11,91,74,T,0.0,0
1970-09-12,92,73,T,0.0,0
1970-09-13,92,72,0.01,0.0,0
1970-09-14,89,74,0.00,0.0,0
1970-09-15,90,75,0.85,0.0,0
1970-09-16,88,73,1.14,0.0,0
1970-09-17,89,71,0.01,0.0,0
1970-09-18,91,72,0.00,0.0,0
1970-09-19,91,72,0.05,0.0,0
1970-09-20,91,74,T,0.0,0
1970-09-21,92,71,T,0.0,0
1970-09-22,90,70,0.20,0.0,0
1970-09-23,81,74,0.74,0.0,0
1970-09-24,89,71,0.00,0.0,0
1970-09-25,91,73,0.05,0.0,0
1970-09-26,88,72,0.16,0.0,0
1970-09-27,78,70,T,0.0,0
1970-09-28,78,64,0.00,0.0,0
1970-09-29,80,65,0.00,0.0,0
1970-09-30,81,59,0.00,0.0,0
1970-10-01,84,56,0.00,0.0,0
1970-10-02,86,57,0.00,0.0,0
1970-10-03,89,62,0.00,0.0,0
1970-10-04,86,61,0.00,0.0,0
1970-10-05,83,61,0.00,0.0,0
1970-10-06,80,72,0.32,0.0,0
1970-10-07,83,68,0.00,0.0,0
1970-10-08,88,67,0.00,0.0,0
1970-10-09,79,58,0.44,0.0,0
1970-10-10,71,54,0.00,0.0,0
1970-10-11,87,58,0.06,0.0,0
1970-10-12,82,70,0.72,0.0,0
1970-10-13,84,62,1.27,0.0,0
1970-10-14,80,61,0.00,0.0,0
1970-10-15,76,64,0.00,0.0,0
1970-10-16,72,59,0.00,0.0,0
1970-10-17,75,56,0.00,0.0,0
1970-10-18,74,62,0.34,0.0,0
1970-10-19,79,59,0.02,0.0,0
1970-10-20,72,56,0.00,0.0,0
1970-10-21,72,52,0.00,0.0,0
1970-10-22,75,48,0.00,0.0,0
1970-10-23,80,50,0.14,0.0,0
1970-10-24,82,58,0.18,0.0,0
1970-10-25,80,53,0.00,0.0,0
1970-10-26,84,56,0.00,0.0,0
1970-10-27,82,63,1.39,0.0,0
1970-10-28,74,61,0.06,0.0,0
1970-10-29,67,57,T,0.0,0
1970-10-30,70,47,0.00,0.0,0
1970-10-31,74,43,0.00,0.0,0
1970-11-01,75,43,0.00,0.0,0
1970-11-02,63,43,0.00,0.0,0
1970-11-03,63,40,0.00,0.0,0
1970-11-04,58,37,0.00,0.0,0
1970-11-05,62,38,0.00,0.0,0
1970-11-06,71,34,0.00,0.0,0
1970-11-07,75,42,0.00,0.0,0
1970-11-08,78,51,T,0.0,0
1970-11-09,71,57,0.30,0.0,0
1970-11-10,66,43,0.00,0.0,0
1970-11-11,71,41,0.00,0.0,0
1970-11-12,65,43,T,0.0,0
1970-11-13,70,37,0.40,0.0,0
1970-11-14,64,52,T,0.0,0
1970-11-15,52,46,0.00,0.0,0
1970-11-16,52,33,0.00,0.0,0
1970-11-17,65,27,0.00,0.0,0
1970-11-18,78,47,T,0.0,0
1970-11-19,78,52,0.00,0.0,0
1970-11-20,69,43,0.15,0.0,0
1970-11-21,69,42,0.00,0.0,0
1970-11-22,78,45,0.00,0.0,0
1970-11-23,67,36,T,0.0,0
1970-11-24,42,25,0.00,0.0,0
1970-11-25,61,24,0.00,0.0,0
1970-11-26,72,55,0.00,0.0,0
1970-11-27,79,49,0.00,0.0,0
1970-11-28,80,54,0.00,0.0,0
1970-11-29,76,50,0.00,0.0,0
1970-11-30,76,46,0.00,0.0,0
1970-12-01,81,49,0.00,0.0,0
1970-12-02,73,60,T,0.0,0
1970-12-03,81,63,0.00,0.0,0
1970-12-04,75,50,0.00,0.0,0
1970-12-05,74,50,0.00,0.0,0
1970-12-06,64,48,T,0.0,0
1970-12-07,59,35,0.00,0.0,0
1970-12-08,67,35,0.00,0.0,0
1970-12-09,67,43,0.00,0.0,0
1970-12-10,72,48,0.05,0.0,0
1970-12-11,77,62,0.14,0.0,0
1970-12-12,67,46,0.00,0.0,0
1970-12-13,52,37,T,0.0,0
1970-12-14,58,43,T,0.0,0
1970-12-15,71,49,2.87,0.0,0
1970-12-16,71,49,0.00,0.0,0
1970-12-17,63,35,0.00,0.0,0
1970-12-18,71,37,0.00,0.0,0
1970-12-19,77,53,0.00,0.0,0
1970-12-20,76,52,0.00,0.0,0
1970-12-21,79,52,0.00,0.0,0
1970-12-22,83,65,0.00,0.0,0
1970-12-23,81,64,0.01,0.0,0
1970-12-24,64,40,T,0.0,0
1970-12-25,68,41,0.05,0.0,0
1970-12-26,48,28,0.00,0.0,0
1970-12-27,59,28,0.00,0.0,0
1970-12-28,69,41,0.11,0.0,0
1970-12-29,73,52,0.25,0.0,0
1970-12-30,64,50,0.80,0.0,0
1970-12-31,55,43,0.00,0.0,0
1971-01-01,54,36,0.00,0.0,0
1971-01-02,64,35,0.00,0.0,0
1971-01-03,73,57,0.00,0.0,0
1971-01-04,71,44,0.39,0.0,0
1971-01-05,47,37,0.00,0.0,0
1971-01-06,49,37,0.00,0.0,0
1971-01-07,47,37,0.02,0.0,0
1971-01-08,44,37,0.33,0.0,0
1971-01-09,52,38,0.00,0.0,0
1971-01-10,64,42,0.37,0.0,0
1971-01-11,70,54,0.00,0.0,0
1971-01-12,74,59,0.00,0.0,0
1971-01-13,78,60,0.00,0.0,0
1971-01-14,80,64,0.00,0.0,0
1971-01-15,74,47,0.00,0.0,0
1971-01-16,59,42,0.00,0.0,0
1971-01-17,71,39,0.00,0.0,0
1971-01-18,64,42,0.00,0.0,0
1971-01-19,47,33,0.00,0.0,0
1971-01-20,46,26,0.00,0.0,0
1971-01-21,65,28,0.00,0.0,0
1971-01-22,76,59,0.02,0.0,0
1971-01-23,79,58,0.00,0.0,0
1971-01-24,79,55,0.00,0.0,0
1971-01-25,79,54,0.00,0.0,0
1971-01-26,72,46,0.00,0.0,0
1971-01-27,55,39,0.00,0.0,0
1971-01-28,67,29,0.00,0.0,0
1971-01-29,75,42,0.00,0.0,0
1971-01-30,80,60,0.00,0.0,0
1971-01-31,79,48,0.00,0.0,0
1971-02-01,52,41,0.00,0.0,0
1971-02-02,51,42,0.00,0.0,0
1971-02-03,65,47,T,0.0,0
1971-02-04,78,53,0.84,0.0,0
1971-02-05,59,35,T,0.0,0
1971-02-06,65,34,0.05,0.0,0
1971-02-07,64,47,0.92,0.0,0
1971-02-08,48,33,T,0.0,0
1971-02-09,49,26,0.00,0.0,0
1971-02-10,50,24,0.00,0.0,0
1971-02-11,67,29,0.00,0.0,0
1971-02-12,62,42,1.87,0.0,0
1971-02-13,47,35,0.00,0.0,0
1971-02-14,55,26,0.00,0.0,0
1971-02-15,70,31,0.00,0.0,0
1971-02-16,73,42,0.00,0.0,0
1971-02-17,75,46,0.00,0.0,0
1971-02-18,75,43,0.00,0.0,0
1971-02-19,78,60,0.05,0.0,0
1971-02-20,82,69,0.05,0.0,0
1971-02-21,80,63,0.09,0.0,0
1971-02-22,63,41,0.00,0.0,0
1971-02-23,63,38,0.00,0.0,0
1971-02-24,68,36,0.00,0.0,0
1971-02-25,73,44,0.05,0.0,0
1971-02-26,73,59,0.95,0.0,0
1971-02-27,68,48,0.00,0.0,0
1971-02-28,76,55,T,0.0,0
1971-03-01,80,64,T,0.0,0
1971-03-02,83,65,0.04,0.0,0
1971-03-03,69,40,T,0.0,0
1971-03-04,51,35,0.00,0.0,0
1971-03-05,66,37,0.00,0.0,0
1971-03-06,72,47,0.09,0.0,0
1971-03-07,56,33,0.00,0.0,0
1971-03-08,60,27,0.00,0.0,0
1971-03-09,69,30,T,0.0,0
1971-03-10,68,49,0.75,0.0,0
1971-03-11,75,50,T,0.0,0
1971-03-12,70,60,0.25,0.0,0
1971-03-13,84,64,T,0.0,0
1971-03-14,83,68,T,0.0,0
1971-03-15,76,47,T,0.0,0
1971-03-16,78,43,0.00,0.0,0
1971-03-17,73,49,0.00,0.0,0
1971-03-18,73,49,0.13,0.0,0
1971-03-19,69,49,0.59,0.0,0
1971-03-20,61,37,0.00,0.0,0
1971-03-21,68,33,0.01,0.0,0
1971-03-22,80,55,0.00,0.0,0
1971-03-23,70,57,0.00,0.0,0
1971-03-24,60,54,0.00,0.0,0
1971-03-25,81,58,0.01,0.0,0
1971-03-26,63,48,0.00,0.0,0
1971-03-27,70,42,0.00,0.0,0
1971-03-28,75,55,0.00,0.0,0
1971-03-29,72,55,1.74,0.0,0
1971-03-30,66,40,0.00,0.0,0
1971-03-31,73,34,0.00,0.0,0
1971-04-01,77,58,T,0.0,0
1971-04-02,67,52,0.78,0.0,0
1971-04-03,68,37,0.00,0.0,0
1971-04-04,72,40,0.00,0.0,0
1971-04-05,76,50,T,0.0,0
1971-04-06,59,42,0.00,0.0,0
1971-04-07,67,35,0.00,0.0,0
1971-04-08,71,32,0.00,0.0,0
1971-04-09,74,36,0.00,0.0,0
1971-04-10,77,45,0.00,0.0,0
1971-04-11,80,47,0.00,0.0,0
1971-04-12,80,44,0.00,0.0,0
1971-04-13,81,49,0.00,0.0,0
1971-04-14,77,51,0.00,0.0,0
1971-04-15,80,54,0.04,0.0,0
1971-04-16,81,50,0.00,0.0,0
1971-04-17,79,63,T,0.0,0
1971-04-18,80,61,0.71,0.0,0
1971-04-19,83,67,T,0.0,0
1971-04-20,86,69,0.00,0.0,0
1971-04-21,85,71,0.00,0.0,0
1971-04-22,86,72,0.00,0.0,0
1971-04-23,88,70,T,0.0,0
1971-04-24,77,57,0.00,0.0,0
1971-04-25,85,53,0.00,0.0,0
1971-04-26,85,70,0.00,0.0,0
1971-04-27,86,76,0.00,0.0,0
1971-04-28,87,72,0.00,0.0,0
1971-04-29,85,68,0.00,0.0,0
1971-04-30,80,63,T,0.0,0
1971-05-01,78,54,0.00,0.0,0
1971-05-02,83,49,0.00,0.0,0
1971-05-03,77,58,0.00,0.0,0
1971-05-04,80,57,0.00,0.0,0
1971-05-05,85,68,0.00,0.0,0
1971-05-06,87,74,0.00,0.0,0
1971-05-07,87,73,T,0.0,0
1971-05-08,87,70,0.03,0.0,0
1971-05-09,87,65,0.00,0.0,0
1971-05-10,86,72,0.00,0.0,0
1971-05-11,90,72,T,0.0,0
1971-05-12,79,64,0.90,0.0,0
1971-05-13,69,58,0.00,0.0,0
1971-05-14,75,53,0.00,0.0,0
1971-05-15,81,52,0.00,0.0,0
1971-05-16,83,50,0.00,0.0,0
1971-05-17,85,53,0.00,0.0,0
1971-05-18,86,55,0.00,0.0,0
1971-05-19,88,62,0.00,0.0,0
1971-05-20,85,67,0.00,0.0,0
1971-05-21,86,61,0.00,0.0,0
1971-05-22,86,56,0.00,0.0,0
1971-05-23,87,57,0.00,0.0,0
1971-05-24,88,67,0.00,0.0,0
1971-05-25,90,68,0.02,0.0,0
1971-05-26,87,67,0.43,0.0,0
1971-05-27,89,67,T,0.0,0
1971-05-28,83,67,0.00,0.0,0
1971-05-29,81,60,0.00,0.0,0
1971-05-30,83,57,0.00,0.0,0
1971-05-31,87,59,0.00,0.0,0
1971-06-01,89,61,0.00,0.0,0
1971-06-02,90,64,0.00,0.0,0
1971-06-03,92,62,0.00,0.0,0
1971-06-04,92,65,0.00,0.0,0
1971-06-05,93,65,0.04,0.0,0
1971-06-06,90,69,1.21,0.0,0
1971-06-07,88,69,T,0.0,0
1971-06-08,90,65,0.00,0.0,0
1971-06-09,92,68,0.20,0.0,0
1971-06-10,90,70,T,0.0,0
1971-06-11,91,68,0.00,0.0,0
1971-06-12,94,70,0.05,0.0,0
1971-06-13,95,74,0.00,0.0,0
1971-06-14,95,76,0.00,0.0,0
1971-06-15,94,73,0.00,0.0,0
1971-06-16,89,73,0.55,0.0,0
1971-06-17,91,72,0.01,0.0,0
1971-06-18,85,69,0.06,0.0,0
1971-06-19,89,69,0.17,0.0,0
1971-06-20,88,70,0.29,0.0,0
1971-06-21,88,71,0.05,0.0,0
1971-06-22,93,72,0.83,0.0,0
1971-06-23,92,71,0.01,0.0,0
1971-06-24,93,70,0.79,0.0,0
1971-06-25,90,70,0.00,0.0,0
1971-06-26,90,71,0.00,0.0,0
1971-06-27,90,72,0.23,0.0,0
1971-06-28,89,71,2.20,0.0,0
1971-06-29,87,71,0.25,0.0,0
1971-06-30,87,70,1.08,0.0,0
1971-07-01,89,68,T,0.0,0
1971-07-02,89,74,0.55,0.0,0
1971-07-03,91,73,0.05,0.0,0
1971-07-04,89,73,T,0.0,0
1971-07-05,90,72,0.10,0.0,0
1971-07-06,90,74,0.25,0.0,0
1971-07-07,89,77,0.05,0.0,0
1971-07-08,90,72,0.34,0.0,0
1971-07-09,90,74,0.07,0.0,0
1971-07-10,89,71,0.35,0.0,0
1971-07-11,91,70,0.00,0.0,0
1971-07-12,92,72,0.00,0.0,0
1971-07-13,94,73,0.00,0.0,0
1971-07-14,94,74,0.00,0.0,0
1971-07-15,93,77,0.00,0.0,0
1971-07-16,93,76,0.00,0.0,0
1971-07-17,91,73,0.15,0.0,0
1971-07-18,91,72,T,0.0,0
1971-07-19,93,72,0.00,0.0,0
1971-07-20,90,73,0.11,0.0,0
1971-07-21,82,71,0.43,0.0,0
1971-07-22,90,70,0.10,0.0,0
1971-07-23,87,72,0.27,0.0,0
1971-07-24,88,75,0.08,0.0,0
1971-07-25,89,76,0.29,0.0,0
1971-07-26,91,76,T,0.0,0
1971-07-27,87,72,0.87,0.0,0
1971-07-28,90,72,0.17,0.0,0
1971-07-29,90,72,0.10,0.0,0
1971-07-30,88,73,0.03,0.0,0
1971-07-31,80,73,0.19,0.0,0
1971-08-01,83,73,0.25,0.0,0
1971-08-02,89,72,0.10,0.0,0
1971-08-03,90,70,0.00,0.0,0
1971-08-04,89,71,0.08,0.0,0
1971-08-05,86,72,0.27,0.0,0
1971-08-06,90,70,0.00,0.0,0
1971-08-07,89,76,0.00,0.0,0
1971-08-08,87,76,0.35,0.0,0
1971-08-09,90,75,0.03,0.0,0
1971-08-10,88,76,0.50,0.0,0
1971-08-11,92,74,1.45,0.0,0
1971-08-12,90,75,T,0.0,0
1971-08-13,91,73,0.00,0.0,0
1971-08-14,89,72,0.00,0.0,0
1971-08-15,91,75,0.00,0.0,0
1971-08-16,91,72,0.00,0.0,0
1971-08-17,91,73,0.00,0.0,0
1971-08-18,92,73,0.00,0.0,0
1971-08-19,92,71,0.00,0.0,0
1971-08-20,89,72,0.42,0.0,0
1971-08-21,91,72,0.37,0.0,0
1971-08-22,92,73,0.20,0.0,0
1971-08-23,91,75,0.39,0.0,0
1971-08-24,89,73,0.21,0.0,0
1971-08-25,89,72,T,0.0,0
1971-08-26,89,72,0.00,0.0,0
1971-08-27,91,72,0.00,0.0,0
1971-08-28,91,67,0.00,0.0,0
1971-08-29,90,69,0.00,0.0,0
1971-08-30,88,73,0.05,0.0,0
1971-08-31,86,73,1.08,0.0,0
1971-09-01,89,74,0.38,0.0,0
1971-09-02,86,73,0.43,0.0,0
1971-09-03,86,75,T,0.0,0
1971-09-04,81,76,5.39,0.0,0
1971-09-05,81,74,1.34,0.0,0
1971-09-06,89,75,0.24,0.0,0
1971-09-07,86,77,0.15,0.0,0
1971-09-08,83,76,0.31,0.0,0
1971-09-09,85,76,0.01,0.0,0
1971-09-10,85,77,1.54,0.0,0
1971-09-11,88,74,1.03,0.0,0
1971-09-12,88,72,0.00,0.0,0
1971-09-13,86,66,0.00,0.0,0
1971-09-14,87,61,0.00,0.0,0
1971-09-15,80,73,2.52,0.0,0
1971-09-16,81,69,2.12,0.0,0
1971-09-17,85,65,0.00,0.0,0
1971-09-18,84,67,0.00,0.0,0
1971-09-19,88,70,1.14,0.0,0
1971-09-20,84,72,0.04,0.0,0
1971-09-21,83,72,0.00,0.0,0
1971-09-22,88,71,0.00,0.0,0
1971-09-23,89,73,0.00,0.0,0
1971-09-24,91,70,0.00,0.0,0
1971-09-25,90,67,0.00,0.0,0
1971-09-26,89,76,0.10,0.0,0
1971-09-27,88,74,0.00,0.0,0
1971-09-28,89,71,0.00,0.0,0
1971-09-29,87,66,0.00,0.0,0
1971-09-30,88,65,0.00,0.0,0
1971-10-01,87,65,0.00,0.0,0
1971-10-02,89,67,0.00,0.0,0
1971-10-03,87,68,0.00,0.0,0
1971-10-04,87,71,T,0.0,0
1971-10-05,87,68,0.00,0.0,0
1971-10-06,81,69,T,0.0,0
1971-10-07,85,62,0.00,0.0,0
1971-10-08,84,63,0.00,0.0,0
1971-10-09,81,65,0.00,0.0,0
1971-10-10,71,59,0.00,0.0,0
1971-10-11,72,46,0.00,0.0,0
1971-10-12,76,46,0.00,0.0,0
1971-10-13,78,56,0.00,0.0,0
1971-10-14,81,53,0.00,0.0,0
1971-10-15,85,62,0.00,0.0,0
1971-10-16,87,65,0.24,0.0,0
1971-10-17,83,71,0.34,0.0,0
1971-10-18,85,70,0.00,0.0,0
1971-10-19,81,63,0.00,0.0,0
1971-10-20,80,59,0.00,0.0,0
1971-10-21,80,60,0.00,0.0,0
1971-10-22,81,60,0.00,0.0,0
1971-10-23,81,60,0.00,0.0,0
1971-10-24,79,61,0.00,0.0,0
1971-10-25,79,55,0.00,0.0,0
1971-10-26,79,54,0.00,0.0,0
1971-10-27,84,55,0.00,0.0,0
1971-10-28,84,60,0.00,0.0,0
1971-10-29,82,58,0.00,0.0,0
1971-10-30,82,66,0.00,0.0,0
1971-10-31,77,68,0.00,0.0,0
1971-11-01,85,69,0.01,0.0,0
1971-11-02,84,69,0.10,0.0,0
1971-11-03,75,60,0.00,0.0,0
1971-11-04,68,45,0.00,0.0,0
1971-11-05,75,45,0.00,0.0,0
1971-11-06,77,55,0.00,0.0,0
1971-11-07,65,51,0.00,0.0,0
1971-11-08,64,46,0.00,0.0,0
1971-11-09,68,47,0.15,0.0,0
1971-11-10,64,43,0.00,0.0,0
1971-11-11,70,35,0.00,0.0,0
1971-11-12,73,39,0.00,0.0,0
1971-11-13,79,52,0.00,0.0,0
1971-11-14,75,49,0.00,0.0,0
1971-11-15,75,46,0.00,0.0,0
1971-11-16,75,49,0.00,0.0,0
1971-11-17,83,54,0.02,0.0,0
1971-11-18,82,61,0.00,0.0,0
1971-11-19,73,50,0.22,0.0,0
1971-11-20,66,46,0.00,0.0,0
1971-11-21,72,48,0.00,0.0,0
1971-11-22,55,45,T,0.0,0
1971-11-23,66,50,0.72,0.0,0
1971-11-24,54,47,T,0.0,0
1971-11-25,53,34,0.00,0.0,0
1971-11-26,67,36,0.00,0.0,0
1971-11-27,67,41,T,0.0,0
1971-11-28,71,42,1.41,0.0,0
1971-11-29,67,43,0.00,0.0,0
1971-11-30,61,43,0.00,0.0,0
1971-12-01,57,49,1.69,0.0,0
1971-12-02,54,49,1.47,0.0,0
1971-12-03,50,45,T,0.0,0
1971-12-04,49,46,T,0.0,0
1971-12-05,60,48,T,0.0,0
1971-12-06,73,55,1.04,0.0,0
1971-12-07,61,43,0.00,0.0,0
1971-12-08,66,45,0.00,0.0,0
1971-12-09,80,65,0.00,0.0,0
1971-12-10,74,55,0.86,0.0,0
1971-12-11,71,49,0.00,0.0,0
1971-12-12,82,64,0.00,0.0,0
1971-12-13,76,66,0.00,0.0,0
1971-12-14,80,68,T,0.0,0
1971-12-15,83,73,T,0.0,0
1971-12-16,84,71,0.00,0.0,0
1971-12-17,79,53,0.39,0.0,0
1971-12-18,62,48,T,0.0,0
1971-12-19,73,44,0.19,0.0,0
1971-12-20,76,64,0.92,0.0,0
1971-12-21,77,59,0.00,0.0,0
1971-12-22,69,54,0.00,0.0,0
1971-12-23,64,55,0.00,0.0,0
1971-12-24,67,46,0.00,0.0,0
1971-12-25,71,48,T,0.0,0
1971-12-26,76,50,0.00,0.0,0
1971-12-27,78,54,0.04,0.0,0
1971-12-28,74,68,T,0.0,0
1971-12-29,79,68,T,0.0,0
1971-12-30,80,64,0.04,0.0,0
1971-12-31,72,63,T,0.0,0
1972-01-01,77,61,0.05,0.0,0
1972-01-02,69,51,0.87,0.0,0
1972-01-03,75,48,0.01,0.0,0
1972-01-04,76,48,0.68,0.0,0
1972-01-05,48,36,0.01,0.0,0
1972-01-06,46,31,0.00,0.0,0
1972-01-07,59,27,0.00,0.0,0
1972-01-08,72,35,0.00,0.0,0
1972-01-09,79,59,0.00,0.0,0
1972-01-10,81,63,0.35,0.0,0
1972-01-11,67,50,0.01,0.0,0
1972-01-12,75,43,0.00,0.0,0
1972-01-13,82,68,0.07,0.0,0
1972-01-14,70,46,0.00,0.0,0
1972-01-15,48,34,0.00,0.0,0
1972-01-16,43,24,0.00,0.0,0
1972-01-17,59,28,0.00,0.0,0
1972-01-18,65,48,0.22,0.0,0
1972-01-19,77,53,0.00,0.0,0
1972-01-20,67,57,2.50,0.0,0
1972-01-21,68,54,0.24,0.0,0
1972-01-22,75,55,0.00,0.0,0
1972-01-23,80,60,0.00,0.0,0
1972-01-24,81,65,0.00,0.0,0
1972-01-25,73,55,0.14,0.0,0
1972-01-26,68,49,0.00,0.0,0
1972-01-27,80,58,0.00,0.0,0
1972-01-28,77,59,0.72,0.0,0
1972-01-29,79,61,0.00,0.0,0
1972-01-30,63,40,1.11,0.0,0
1972-01-31,49,37,T,0.0,0
1972-02-01,59,43,0.88,0.0,0
1972-02-02,66,54,0.03,0.0,0
1972-02-03,59,36,T,0.0,0
1972-02-04,50,32,0.00,0.0,0
1972-02-05,60,32,0.00,0.0,0
1972-02-06,73,52,1.11,0.0,0
1972-02-07,64,39,0.00,0.0,0
1972-02-08,51,36,0.00,0.0,0
1972-02-09,62,38,0.00,0.0,0
1972-02-10,62,34,0.00,0.0,0
1972-02-11,65,39,0.05,0.0,0
1972-02-12,66,49,0.74,0.0,0
1972-02-13,64,34,0.00,0.0,0
1972-02-14,59,35,T,0.0,0
1972-02-15,71,49,0.90,0.0,0
1972-02-16,62,57,0.29,0.0,0
1972-02-17,70,48,0.14,0.0,0
1972-02-18,63,49,0.30,0.0,0
1972-02-19,56,35,0.00,0.0,0
1972-02-20,62,31,0.00,0.0,0
1972-02-21,73,41,T,0.0,0
1972-02-22,80,56,0.00,0.0,0
1972-02-23,75,48,0.00,0.0,0
1972-02-24,80,56,0.00,0.0,0
1972-02-25,82,63,0.01,0.0,0
1972-02-26,85,61,0.78,0.0,0
1972-02-27,70,54,0.00,0.0,0
1972-02-28,75,52,0.00,0.0,0
1972-02-29,76,62,0.80,0.0,0
1972-03-01,79,64,0.10,0.0,0
1972-03-02,73,45,1.11,0.0,0
1972-03-03,59,42,0.00,0.0,0
1972-03-04,75,44,T,0.0,0
1972-03-05,66,52,0.01,0.0,0
1972-03-06,65,45,0.00,0.0,0
1972-03-07,75,49,0.00,0.0,0
1972-03-08,70,56,1.18,0.0,0
1972-03-09,63,42,0.00,0.0,0
1972-03-10,71,36,0.00,0.0,0
1972-03-11,76,41,0.00,0.0,0
1972-03-12,77,44,0.00,0.0,0
1972-03-13,80,50,0.00,0.0,0
1972-03-14,80,58,0.00,0.0,0
1972-03-15,80,57,0.77,0.0,0
1972-03-16,73,52,0.40,0.0,0
1972-03-17,73,45,0.00,0.0,0
1972-03-18,81,49,1.16,0.0,0
1972-03-19,74,52,0.00,0.0,0
1972-03-20,77,49,0.00,0.0,0
1972-03-21,75,62,0.92,0.0,0
1972-03-22,73,48,0.00,0.0,0
1972-03-23,79,45,0.00,0.0,0
1972-03-24,77,46,0.00,0.0,0
1972-03-25,72,56,0.16,0.0,0
1972-03-26,67,47,0.00,0.0,0
1972-03-27,82,59,0.00,0.0,0
1972-03-28,84,67,0.02,0.0,0
1972-03-29,77,56,0.04,0.0,0
1972-03-30,57,52,0.20,0.0,0
1972-03-31,68,50,0.00,0.0,0
1972-04-01,71,40,0.00,0.0,0
1972-04-02,77,42,0.00,0.0,0
1972-04-03,79,54,0.00,0.0,0
1972-04-04,74,60,0.46,0.0,0
1972-04-05,70,54,T,0.0,0
1972-04-06,80,49,T,0.0,0
1972-04-07,82,68,0.00,0.0,0
1972-04-08,74,57,T,0.0,0
1972-04-09,68,47,0.00,0.0,0
1972-04-10,80,51,0.00,0.0,0
1972-04-11,83,66,0.00,0.0,0
1972-04-12,86,69,0.00,0.0,0
1972-04-13,86,70,0.00,0.0,0
1972-04-14,86,73,0.00,0.0,0
1972-04-15,86,76,0.00,0.0,0
1972-04-16,87,57,0.55,0.0,0
1972-04-17,80,56,0.00,0.0,0
1972-04-18,85,51,0.00,0.0,0
1972-04-19,84,65,0.00,0.0,0
1972-04-20,87,68,0.00,0.0,0
1972-04-21,85,73,T,0.0,0
1972-04-22,80,56,0.20,0.0,0
1972-04-23,83,57,0.00,0.0,0
1972-04-24,84,56,0.00,0.0,0
1972-04-25,77,63,0.00,0.0,0
1972-04-26,75,52,0.00,0.0,0
1972-04-27,80,53,0.00,0.0,0
1972-04-28,72,68,0.43,0.0,0
1972-04-29,83,60,0.00,0.0,0
1972-04-30,82,68,0.00,0.0,0
1972-05-01,84,66,0.00,0.0,0
1972-05-02,79,67,T,0.0,0
1972-05-03,81,60,T,0.0,0
1972-05-04,79,53,0.00,0.0,0
1972-05-05,80,56,0.00,0.0,0
1972-05-06,84,53,0.27,0.0,0
1972-05-07,80,73,0.14,0.0,0
1972-05-08,84,68,0.00,0.0,0
1972-05-09,83,64,0.00,0.0,0
1972-05-10,80,61,0.00,0.0,0
1972-05-11,77,69,1.20,0.0,0
1972-05-12,74,66,4.70,0.0,0
1972-05-13,81,65,0.00,0.0,0
1972-05-14,83,61,T,0.0,0
1972-05-15,83,61,T,0.0,0
1972-05-16,83,57,0.00,0.0,0
1972-05-17,84,64,T,0.0,0
1972-05-18,85,64,0.00,0.0,0
1972-05-19,85,63,0.00,0.0,0
1972-05-20,88,63,0.00,0.0,0
1972-05-21,88,60,0.00,0.0,0
1972-05-22,87,59,0.00,0.0,0
1972-05-23,93,71,0.00,0.0,0
1972-05-24,89,68,0.00,0.0,0
1972-05-25,90,64,0.00,0.0,0
1972-05-26,88,65,0.00,0.0,0
1972-05-27,87,65,0.00,0.0,0
1972-05-28,87,64,0.00,0.0,0
1972-05-29,86,65,0.00,0.0,0
1972-05-30,90,69,0.00,0.0,0
1972-05-31,83,70,0.00,0.0,0
1972-06-01,82,60,0.00,0.0,0
1972-06-02,83,55,0.00,0.0,0
1972-06-03,85,55,0.00,0.0,0
1972-06-04,89,71,0.00,0.0,0
1972-06-05,87,71,0.00,0.0,0
1972-06-06,91,71,0.00,0.0,0
1972-06-07,95,68,0.00,0.0,0
1972-06-08,95,70,0.00,0.0,0
1972-06-09,92,71,2.76,0.0,0
1972-06-10,90,70,0.01,0.0,0
1972-06-11,86,70,0.05,0.0,0
1972-06-12,86,69,T,0.0,0
1972-06-13,92,75,0.00,0.0,0
1972-06-14,88,74,0.00,0.0,0
1972-06-15,89,71,0.03,0.0,0
1972-06-16,89,68,0.00,0.0,0
1972-06-17,91,71,0.00,0.0,0
1972-06-18,91,70,0.00,0.0,0
1972-06-19,89,75,0.00,0.0,0
1972-06-20,95,70,0.00,0.0,0
1972-06-21,95,75,0.00,0.0,0
1972-06-22,91,71,0.00,0.0,0
1972-06-23,90,70,0.25,0.0,0
1972-06-24,94,75,0.00,0.0,0
1972-06-25,93,78,0.00,0.0,0
1972-06-26,94,78,0.00,0.0,0
1972-06-27,95,77,0.00,0.0,0
1972-06-28,94,77,0.00,0.0,0
1972-06-29,95,76,T,0.0,0
1972-06-30,95,73,0.00,0.0,0
1972-07-01,95,74,0.00,0.0,0
1972-07-02,93,77,0.00,0.0,0
1972-07-03,94,75,0.00,0.0,0
1972-07-04,92,72,0.00,0.0,0
1972-07-05,88,68,0.44,0.0,0
1972-07-06,85,73,0.00,0.0,0
1972-07-07,87,70,0.00,0.0,0
1972-07-08,90,64,0.00,0.0,0
1972-07-09,88,65,0.00,0.0,0
1972-07-10,88,63,0.00,0.0,0
1972-07-11,89,68,0.05,0.0,0
1972-07-12,86,66,0.13,0.0,0
1972-07-13,87,67,0.03,0.0,0
1972-07-14,88,66,0.94,0.0,0
1972-07-15,90,68,0.00,0.0,0
1972-07-16,89,72,0.84,0.0,0
1972-07-17,86,72,0.02,0.0,0
1972-07-18,90,70,0.14,0.0,0
1972-07-19,92,74,0.01,0.0,0
1972-07-20,84,72,0.48,0.0,0
1972-07-21,86,69,0.18,0.0,0
1972-07-22,91,68,0.00,0.0,0
1972-07-23,91,69,0.00,0.0,0
1972-07-24,91,73,0.00,0.0,0
1972-07-25,91,74,T,0.0,0
1972-07-26,90,73,0.14,0.0,0
1972-07-27,89,70,T,0.0,0
1972-07-28,91,71,0.00,0.0,0
1972-07-29,91,72,0.23,0.0,0
1972-07-30,84,64,0.26,0.0,0
1972-07-31,84,63,0.01,0.0,0
1972-08-01,88,66,0.00,0.0,0
1972-08-02,88,71,0.00,0.0,0
1972-08-03,91,72,0.00,0.0,0
1972-08-04,95,72,0.00,0.0,0
1972-08-05,96,71,0.00,0.0,0
1972-08-06,95,74,0.00,0.0,0
1972-08-07,94,73,0.00,0.0,0
1972-08-08,94,72,0.00,0.0,0
1972-08-09,90,73,0.49,0.0,0
1972-08-10,91,70,0.00,0.0,0
1972-08-11,93,70,0.00,0.0,0
1972-08-12,94,72,0.01,0.0,0
1972-08-13,91,71,0.22,0.0,0
1972-08-14,89,70,1.16,0.0,0
1972-08-15,88,68,0.02,0.0,0
1972-08-16,87,70,0.08,0.0,0
1972-08-17,88,69,0.00,0.0,0
1972-08-18,90,70,0.11,0.0,0
1972-08-19,92,69,0.00,0.0,0
1972-08-20,95,74,0.00,0.0,0
1972-08-21,94,75,0.00,0.0,0
1972-08-22,93,73,0.00,0.0,0
1972-08-23,92,71,0.92,0.0,0
1972-08-24,88,72,0.20,0.0,0
1972-08-25,91,69,0.94,0.0,0
1972-08-26,91,70,0.77,0.0,0
1972-08-27,91,71,0.00,0.0,0
1972-08-28,90,74,0.00,0.0,0
1972-08-29,89,74,0.00,0.0,0
1972-08-30,90,66,0.00,0.0,0
1972-08-31,89,66,0.00,0.0,0
1972-09-01,88,70,T,0.0,0
1972-09-02,88,70,T,0.0,0
1972-09-03,88,69,T,0.0,0
1972-09-04,90,65,0.00,0.0,0
1972-09-05,92,69,0.00,0.0,0
1972-09-06,90,72,0.00,0.0,0
1972-09-07,92,73,0.00,0.0,0
1972-09-08,93,74,0.00,0.0,0
1972-09-09,95,75,0.00,0.0,0
1972-09-10,91,77,T,0.0,0
1972-09-11,89,73,1.23,0.0,0
1972-09-12,90,68,0.00,0.0,0
1972-09-13,90,62,0.00,0.0,0
1972-09-14,90,62,0.00,0.0,0
1972-09-15,89,64,0.00,0.0,0
1972-09-16,88,68,0.43,0.0,0
1972-09-17,90,72,T,0.0,0
1972-09-18,92,71,0.09,0.0,0
1972-09-19,93,70,T,0.0,0
1972-09-20,91,70,0.00,0.0,0
1972-09-21,91,68,0.09,0.0,0
1972-09-22,89,68,0.02,0.0,0
1972-09-23,90,69,0.00,0.0,0
1972-09-24,89,69,0.22,0.0,0
1972-09-25,90,73,0.21,0.0,0
1972-09-26,90,71,0.08,0.0,0
1972-09-27,89,71,0.00,0.0,0
1972-09-28,91,68,0.00,0.0,0
1972-09-29,91,66,0.00,0.0,0
1972-09-30,79,60,0.92,0.0,0
1972-10-01,74,55,0.00,0.0,0
1972-10-02,79,57,0.00,0.0,0
1972-10-03,86,67,0.05,0.0,0
1972-10-04,88,66,0.00,0.0,0
1972-10-05,88,65,0.00,0.0,0
1972-10-06,86,65,0.00,0.0,0
1972-10-07,84,65,0.00,0.0,0
1972-10-08,77,65,0.00,0.0,0
1972-10-09,82,61,0.00,0.0,0
1972-10-10,87,58,0.00,0.0,0
1972-10-11,83,64,0.00,0.0,0
1972-10-12,85,64,0.00,0.0,0
1972-10-13,86,57,0.00,0.0,0
1972-10-14,86,61,0.00,0.0,0
1972-10-15,86,64,0.00,0.0,0
1972-10-16,87,60,0.00,0.0,0
1972-10-17,87,63,0.00,0.0,0
1972-10-18,87,61,0.00,0.0,0
1972-10-19,77,55,0.00,0.0,0
1972-10-20,68,52,0.00,0.0,0
1972-10-21,79,65,0.01,0.0,0
1972-10-22,85,69,1.35,0.0,0
1972-10-23,77,68,T,0.0,0
1972-10-24,72,58,0.00,0.0,0
1972-10-25,66,53,0.00,0.0,0
1972-10-26,71,49,3.18,0.0,0
1972-10-27,71,53,0.05,0.0,0
1972-10-28,67,49,0.00,0.0,0
1972-10-29,76,48,0.00,0.0,0
1972-10-30,83,59,0.00,0.0,0
1972-10-31,84,69,0.00,0.0,0
1972-11-01,85,70,0.00,0.0,0
1972-11-02,84,68,0.19,0.0,0
1972-11-03,77,67,0.19,0.0,0
1972-11-04,67,58,0.92,0.0,0
1972-11-05,69,60,0.00,0.0,0
1972-11-06,82,63,0.00,0.0,0
1972-11-07,77,63,0.32,0.0,0
1972-11-08,67,43,0.00,0.0,0
1972-11-09,73,40,0.00,0.0,0
1972-11-10,75,59,0.05,0.0,0
1972-11-11,63,48,0.00,0.0,0
1972-11-12,77,49,0.00,0.0,0
1972-11-13,75,59,1.89,0.0,0
1972-11-14,61,50,0.00,0.0,0
1972-11-15,50,45,0.00,0.0,0
1972-11-16,56,33,0.00,0.0,0
1972-11-17,54,33,0.00,0.0,0
1972-11-18,60,46,2.90,0.0,0
1972-11-19,64,42,T,0.0,0
1972-11-20,47,41,0.00,0.0,0
1972-11-21,49,42,0.00,0.0,0
1972-11-22,46,42,0.00,0.0,0
1972-11-23,47,41,0.00,0.0,0
1972-11-24,59,43,0.44,0.0,0
1972-11-25,69,45,0.97,0.0,0
1972-11-26,59,40,0.00,0.0,0
1972-11-27,70,38,0.00,0.0,0
1972-11-28,67,50,0.33,0.0,0
1972-11-29,51,45,0.25,0.0,0
1972-11-30,55,39,0.00,0.0,0
1972-12-01,57,33,0.00,0.0,0
1972-12-02,67,31,0.00,0.0,0
1972-12-03,73,57,0.06,0.0,0
1972-12-04,69,53,0.21,0.0,0
1972-12-05,75,56,1.18,0.0,0
1972-12-06,74,44,0.43,0.0,0
1972-12-07,57,43,T,0.0,0
1972-12-08,78,57,0.00,0.0,0
1972-12-09,81,69,T,0.0,0
1972-12-10,81,50,1.53,0.0,0
1972-12-11,59,50,T,0.0,0
1972-12-12,79,59,0.20,0.0,0
1972-12-13,68,51,0.36,0.0,0
1972-12-14,63,52,0.03,0.0,0
1972-12-15,67,38,0.37,0.0,0
1972-12-16,46,33,0.00,0.0,0
1972-12-17,44,31,0.00,0.0,0
1972-12-18,62,32,0.00,0.0,0
1972-12-19,74,48,0.02,0.0,0
1972-12-20,71,59,1.64,0.0,0
1972-12-21,60,51,1.12,0.0,0
1972-12-22,53,41,0.00,0.0,0
1972-12-23,59,43,0.00,0.0,0
1972-12-24,63,45,0.00,0.0,0
1972-12-25,55,31,0.00,0.0,0
1972-12-26,61,35,0.00,0.0,0
1972-12-27,56,31,0.00,0.0,0
1972-12-28,63,26,0.00,0.0,0
1972-12-29,74,55,0.00,0.0,0
1972-12-30,74,53,1.34,0.0,0
1972-12-31,55,51,0.16,0.0,0
1973-01-01,52,45,0.32,0.0,0
1973-01-02,53,45,0.12,0.0,0
1973-01-03,71,50,0.12,0.0,0
1973-01-04,62,49,0.00,0.0,0
1973-01-05,71,51,0.00,0.0,0
1973-01-06,67,49,0.09,0.0,0
1973-01-07,53,43,0.16,0.0,0
1973-01-08,43,37,0.00,0.0,0
1973-01-09,37,35,0.02,0.0,0
1973-01-10,37,34,0.11,0.0,0
1973-01-11,39,32,0.24,0.1,T
1973-01-12,43,26,0.01,T,T
1973-01-13,47,21,0.00,0.0,0
1973-01-14,64,27,0.00,0.0,0
1973-01-15,70,41,0.00,0.0,0
1973-01-16,70,33,0.00,0.0,0
1973-01-17,74,50,0.00,0.0,0
1973-01-18,75,48,0.13,0.0,0
1973-01-19,68,48,0.00,0.0,0
1973-01-20,73,46,T,0.0,0
1973-01-21,70,50,0.68,0.0,0
1973-01-22,74,43,0.00,0.0,0
1973-01-23,61,46,0.00,0.0,0
1973-01-24,62,45,0.00,0.0,0
1973-01-25,63,45,0.52,0.0,0
1973-01-26,63,43,0.08,0.0,0
1973-01-27,65,33,0.08,0.0,0
1973-01-28,56,42,T,0.0,0
1973-01-29,49,32,0.00,0.0,0
1973-01-30,56,25,0.00,0.0,0
1973-01-31,71,46,T,0.0,0
1973-02-01,77,60,0.99,0.0,0
1973-02-02,66,44,0.00,0.0,0
1973-02-03,66,38,0.00,0.0,0
1973-02-04,70,35,0.00,0.0,0
1973-02-05,75,43,0.00,0.0,0
1973-02-06,78,58,0.00,0.0,0
1973-02-07,75,55,T,0.0,0
1973-02-08,71,39,0.76,0.0,0
1973-02-09,39,30,1.27,0.6,0
1973-02-10,46,27,0.00,0.0,1
1973-02-11,51,27,0.00,0.0,0
1973-02-12,59,32,0.00,0.0,0
1973-02-13,75,58,1.14,0.0,0
1973-02-14,64,49,0.16,0.0,0
1973-02-15,57,41,0.00,0.0,0
1973-02-16,53,36,0.00,0.0,0
1973-02-17,41,35,T,T,0
1973-02-18,57,39,0.01,T,0
1973-02-19,62,45,T,0.0,0
1973-02-20,69,43,0.00,0.0,0
1973-02-21,57,45,0.00,0.0,0
1973-02-22,59,44,0.06,0.0,0
1973-02-23,60,39,0.00,0.0,0
1973-02-24,58,41,1.00,0.0,0
1973-02-25,68,45,0.01,0.0,0
1973-02-26,73,41,0.00,0.0,0
1973-02-27,67,51,0.00,0.0,0
1973-02-28,65,45,0.00,0.0,0
1973-03-01,74,41,T,0.0,0
1973-03-02,80,61,0.78,0.0,0
1973-03-03,73,61,T,0.0,0
1973-03-04,76,61,1.24,0.0,0
1973-03-05,66,60,1.89,0.0,0
1973-03-06,74,61,T,0.0,0
1973-03-07,78,62,0.52,0.0,0
1973-03-08,67,58,0.45,0.0,0
1973-03-09,80,54,0.07,0.0,0
1973-03-10,79,69,0.00,0.0,0
1973-03-11,78,59,0.12,0.0,0
1973-03-12,77,56,T,0.0,0
1973-03-13,81,71,T,0.0,0
1973-03-14,83,74,0.00,0.0,0
1973-03-15,84,75,0.00,0.0,0
1973-03-16,78,53,0.52,0.0,0
1973-03-17,65,44,0.00,0.0,0
1973-03-18,72,40,0.00,0.0,0
1973-03-19,75,47,0.00,0.0,0
1973-03-20,75,58,0.33,0.0,0
1973-03-21,63,50,0.00,0.0,0
1973-03-22,69,49,0.00,0.0,0
1973-03-23,74,45,0.10,0.0,0
1973-03-24,74,63,5.10,0.0,0
1973-03-25,73,57,0.00,0.0,0
1973-03-26,62,51,0.00,0.0,0
1973-03-27,65,42,T,0.0,0
1973-03-28,73,59,0.92,0.0,0
1973-03-29,72,62,T,0.0,0
1973-03-30,75,66,0.09,0.0,0
1973-03-31,78,58,0.04,0.0,0
1973-04-01,76,52,0.00,0.0,0
1973-04-02,79,49,0.11,0.0,0
1973-04-03,74,61,0.04,0.0,0
1973-04-04,63,47,0.00,0.0,0
1973-04-05,62,39,0.00,0.0,0
1973-04-06,62,50,1.00,0.0,0
1973-04-07,65,53,2.00,0.0,0
1973-04-08,68,44,0.00,0.0,0
1973-04-09,61,46,T,0.0,0
1973-04-10,59,39,0.00,0.0,0
1973-04-11,66,35,0.00,0.0,0
1973-04-12,76,43,0.00,0.0,0
1973-04-13,79,50,0.00,0.0,0
1973-04-14,82,49,0.00,0.0,0
1973-04-15,78,61,T,0.0,0
1973-04-16,76,69,3.27,0.0,0
1973-04-17,70,65,3.13,0.0,0
1973-04-18,78,67,0.59,0.0,0
1973-04-19,78,71,0.01,0.0,0
1973-04-20,77,68,0.00,0.0,0
1973-04-21,80,66,0.00,0.0,0
1973-04-22,79,63,0.00,0.0,0
1973-04-23,80,66,0.00,0.0,0
1973-04-24,79,70,0.12,0.0,0
1973-04-25,83,72,T,0.0,0
1973-04-26,80,63,0.20,0.0,0
1973-04-27,70,47,T,0.0,0
1973-04-28,72,44,0.00,0.0,0
1973-04-29,74,45,0.00,0.0,0
1973-04-30,75,57,0.00,0.0,0
1973-05-01,79,66,0.00,0.0,0
1973-05-02,80,69,0.12,0.0,0
1973-05-03,75,61,0.14,0.0,0
1973-05-04,74,52,0.00,0.0,0
1973-05-05,77,47,0.00,0.0,0
1973-05-06,73,61,0.00,0.0,0
1973-05-07,80,66,0.10,0.0,0
1973-05-08,83,62,1.68,0.0,0
1973-05-09,83,55,0.00,0.0,0
1973-05-10,85,58,0.00,0.0,0
1973-05-11,87,66,0.00,0.0,0
1973-05-12,84,69,0.18,0.0,0
1973-05-13,75,59,T,0.0,0
1973-05-14,77,61,0.00,0.0,0
1973-05-15,77,56,0.00,0.0,0
1973-05-16,75,46,0.00,0.0,0
1973-05-17,81,55,0.00,0.0,0
1973-05-18,80,62,0.42,0.0,0
1973-05-19,82,65,0.00,0.0,0
1973-05-20,85,63,0.00,0.0,0
1973-05-21,86,63,0.00,0.0,0
1973-05-22,90,69,0.00,0.0,0
1973-05-23,88,70,0.00,0.0,0
1973-05-24,83,66,2.04,0.0,0
1973-05-25,88,69,0.00,0.0,0
1973-05-26,88,76,T,0.0,0
1973-05-27,85,79,T,0.0,0
1973-05-28,89,69,0.00,0.0,0
1973-05-29,84,63,T,0.0,0
1973-05-30,85,63,0.00,0.0,0
1973-05-31,83,65,T,0.0,0
1973-06-01,91,70,0.00,0.0,0
1973-06-02,87,70,0.00,0.0,0
1973-06-03,88,74,0.00,0.0,0
1973-06-04,88,73,0.00,0.0,0
1973-06-05,92,68,T,0.0,0
1973-06-06,91,72,T,0.0,0
1973-06-07,85,69,0.25,0.0,0
1973-06-08,88,69,0.04,0.0,0
1973-06-09,90,69,0.00,0.0,0
1973-06-10,89,71,0.00,0.0,0
1973-06-11,87,75,T,0.0,0
1973-06-12,88,72,0.17,0.0,0
1973-06-13,90,76,0.01,0.0,0
1973-06-14,92,75,0.05,0.0,0
1973-06-15,90,74,0.64,0.0,0
1973-06-16,91,72,2.22,0.0,0
1973-06-17,93,72,0.03,0.0,0
1973-06-18,95,73,0.00,0.0,0
1973-06-19,93,74,1.90,0.0,0
1973-06-20,88,73,0.00,0.0,0
1973-06-21,92,73,0.02,0.0,0
1973-06-22,89,73,T,0.0,0
1973-06-23,90,72,0.00,0.0,0
1973-06-24,93,73,0.00,0.0,0
1973-06-25,93,75,0.00,0.0,0
1973-06-26,94,72,0.25,0.0,0
1973-06-27,93,72,0.35,0.0,0
1973-06-28,94,77,0.00,0.0,0
1973-06-29,93,79,0.14,0.0,0
1973-06-30,93,73,0.01,0.0,0
1973-07-01,94,73,0.00,0.0,0
1973-07-02,94,75,0.00,0.0,0
1973-07-03,91,74,0.19,0.0,0
1973-07-04,94,76,0.00,0.0,0
1973-07-05,92,74,0.00,0.0,0
1973-07-06,87,77,0.29,0.0,0
1973-07-07,89,76,0.17,0.0,0
1973-07-08,93,73,0.00,0.0,0
1973-07-09,94,74,0.00,0.0,0
1973-07-10,95,78,0.00,0.0,0
1973-07-11,93,78,0.37,0.0,0
1973-07-12,92,76,0.00,0.0,0
1973-07-13,94,74,0.00,0.0,0
1973-07-14,89,77,T,0.0,0
1973-07-15,94,74,0.00,0.0,0
1973-07-16,94,76,0.00,0.0,0
1973-07-17,96,78,0.00,0.0,0
1973-07-18,95,79,0.00,0.0,0
1973-07-19,95,77,1.54,0.0,0
1973-07-20,94,77,0.00,0.0,0
1973-07-21,89,79,0.00,0.0,0
1973-07-22,93,75,0.00,0.0,0
1973-07-23,94,76,T,0.0,0
1973-07-24,87,80,0.75,0.0,0
1973-07-25,91,76,0.56,0.0,0
1973-07-26,89,74,1.77,0.0,0
1973-07-27,88,77,0.30,0.0,0
1973-07-28,94,76,0.00,0.0,0
1973-07-29,95,79,T,0.0,0
1973-07-30,95,78,0.00,0.0,0
1973-07-31,94,77,T,0.0,0
1973-08-01,91,78,T,0.0,0
1973-08-02,86,76,0.13,0.0,0
1973-08-03,87,75,0.00,0.0,0
1973-08-04,88,75,0.00,0.0,0
1973-08-05,85,74,0.29,0.0,0
1973-08-06,90,71,0.06,0.0,0
1973-08-07,90,70,T,0.0,0
1973-08-08,91,72,0.57,0.0,0
1973-08-09,94,72,0.00,0.0,0
1973-08-10,94,77,0.00,0.0,0
1973-08-11,89,77,T,0.0,0
1973-08-12,92,77,T,0.0,0
1973-08-13,92,75,0.02,0.0,0
1973-08-14,93,73,1.07,0.0,0
1973-08-15,90,71,0.00,0.0,0
1973-08-16,84,74,0.27,0.0,0
1973-08-17,91,78,T,0.0,0
1973-08-18,93,78,0.00,0.0,0
1973-08-19,92,79,T,0.0,0
1973-08-20,92,80,0.00,0.0,0
1973-08-21,92,76,0.00,0.0,0
1973-08-22,86,70,0.00,0.0,0
1973-08-23,87,64,0.00,0.0,0
1973-08-24,90,69,0.00,0.0,0
1973-08-25,91,68,0.01,0.0,0
1973-08-26,90,70,0.03,0.0,0
1973-08-27,89,69,0.19,0.0,0
1973-08-28,89,70,0.07,0.0,0
1973-08-29,89,71,0.65,0.0,0
1973-08-30,88,74,0.00,0.0,0
1973-08-31,88,75,0.01,0.0,0
1973-09-01,86,73,0.05,0.0,0
1973-09-02,86,76,0.45,0.0,0
1973-09-03,86,77,0.56,0.0,0
1973-09-04,84,75,0.96,0.0,0
1973-09-05,82,76,0.76,0.0,0
1973-09-06,82,77,2.08,0.0,0
1973-09-07,89,78,0.09,0.0,0
1973-09-08,90,76,0.00,0.0,0
1973-09-09,88,78,0.32,0.0,0
1973-09-10,89,77,0.05,0.0,0
1973-09-11,90,76,0.45,0.0,0
1973-09-12,85,76,0.01,0.0,0
1973-09-13,83,78,2.26,0.0,0
1973-09-14,88,76,0.98,0.0,0
1973-09-15,88,73,T,0.0,0
1973-09-16,87,71,0.00,0.0,0
1973-09-17,87,69,0.00,0.0,0
1973-09-18,81,69,0.00,0.0,0
1973-09-19,82,65,0.00,0.0,0
1973-09-20,86,63,0.00,0.0,0
1973-09-21,90,63,0.00,0.0,0
1973-09-22,90,65,0.25,0.0,0
1973-09-23,90,70,0.03,0.0,0
1973-09-24,93,72,0.00,0.0,0
1973-09-25,91,71,0.00,0.0,0
1973-09-26,88,70,T,0.0,0
1973-09-27,86,73,0.80,0.0,0
1973-09-28,88,72,0.00,0.0,0
1973-09-29,86,70,0.67,0.0,0
1973-09-30,82,73,0.30,0.0,0
1973-10-01,88,69,0.91,0.0,0
1973-10-02,87,71,1.71,0.0,0
1973-10-03,86,68,T,0.0,0
1973-10-04,88,67,0.00,0.0,0
1973-10-05,89,69,0.00,0.0,0
1973-10-06,88,67,0.00,0.0,0
1973-10-07,87,66,0.00,0.0,0
1973-10-08,86,69,T,0.0,0
1973-10-09,87,72,0.11,0.0,0
1973-10-10,87,72,0.03,0.0,0
1973-10-11,88,71,T,0.0,0
1973-10-12,89,74,0.65,0.0,0
1973-10-13,88,75,0.00,0.0,0
1973-10-14,87,75,0.00,0.0,0
1973-10-15,86,73,T,0.0,0
1973-10-16,85,67,1.00,0.0,0
1973-10-17,76,63,T,0.0,0
1973-10-18,77,62,0.00,0.0,0
1973-10-19,78,63,0.00,0.0,0
1973-10-20,81,63,0.00,0.0,0
1973-10-21,81,61,0.00,0.0,0
1973-10-22,83,65,0.00,0.0,0
1973-10-23,81,65,0.00,0.0,0
1973-10-24,81,58,0.00,0.0,0
1973-10-25,81,55,0.00,0.0,0
1973-10-26,82,55,0.00,0.0,0
1973-10-27,79,54,0.00,0.0,0
1973-10-28,75,58,0.10,0.0,0
1973-10-29,66,45,0.00,0.0,0
1973-10-30,72,40,0.00,0.0,0
1973-10-31,73,59,0.56,0.0,0
1973-11-01,75,50,0.00,0.0,0
1973-11-02,83,58,0.00,0.0,0
1973-11-03,82,59,0.00,0.0,0
1973-11-04,82,63,0.13,0.0,0
1973-11-05,71,61,1.62,0.0,0
1973-11-06,64,54,0.00,0.0,0
1973-11-07,77,53,0.00,0.0,0
1973-11-08,83,62,0.00,0.0,0
1973-11-09,80,60,0.09,0.0,0
1973-11-10,63,51,0.00,0.0,0
1973-11-11,68,44,0.00,0.0,0
1973-11-12,72,44,0.00,0.0,0
1973-11-13,80,50,0.00,0.0,0
1973-11-14,82,65,0.00,0.0,0
1973-11-15,84,70,0.02,0.0,0
1973-11-16,71,54,0.00,0.0,0
1973-11-17,71,46,0.00,0.0,0
1973-11-18,78,46,0.00,0.0,0
1973-11-19,81,58,0.00,0.0,0
1973-11-20,82,61,0.50,0.0,0
1973-11-21,71,51,0.45,0.0,0
1973-11-22,86,59,0.00,0.0,0
1973-11-23,85,72,0.00,0.0,0
1973-11-24,83,72,0.00,0.0,0
1973-11-25,83,73,0.10,0.0,0
1973-11-26,83,72,0.20,0.0,0
1973-11-27,84,62,0.93,0.0,0
1973-11-28,63,54,0.00,0.0,0
1973-11-29,63,39,0.00,0.0,0
1973-11-30,68,36,0.00,0.0,0
1973-12-01,69,36,0.00,0.0,0
1973-12-02,74,39,0.00,0.0,0
1973-12-03,81,64,0.05,0.0,0
1973-12-04,74,56,0.21,0.0,0
1973-12-05,60,48,0.00,0.0,0
1973-12-06,62,48,0.00,0.0,0
1973-12-07,53,40,0.00,0.0,0
1973-12-08,48,33,0.00,0.0,0
1973-12-09,54,29,0.00,0.0,0
1973-12-10,54,30,0.00,0.0,0
1973-12-11,57,27,0.00,0.0,0
1973-12-12,74,50,T,0.0,0
1973-12-13,79,53,T,0.0,0
1973-12-14,67,47,0.00,0.0,0
1973-12-15,67,46,0.15,0.0,0
1973-12-16,50,34,0.00,0.0,0
1973-12-17,46,30,0.00,0.0,0
1973-12-18,66,28,0.00,0.0,0
1973-12-19,73,49,2.20,0.0,0
1973-12-20,49,36,T,T,0
1973-12-21,47,27,0.00,0.0,0
1973-12-22,61,24,0.00,0.0,0
1973-12-23,71,54,0.09,0.0,0
1973-12-24,72,62,0.02,0.0,0
1973-12-25,70,62,4.01,0.0,0
1973-12-26,71,47,0.84,0.0,0
1973-12-27,61,36,0.00,0.0,0
1973-12-28,67,31,0.00,0.0,0
1973-12-29,76,62,0.15,0.0,0
1973-12-30,79,67,0.13,0.0,0
1973-12-31,81,48,0.46,0.0,0
1974-01-01,48,43,0.04,0.0,0
1974-01-02,68,45,T,0.0,0
1974-01-03,69,46,0.43,0.0,0
1974-01-04,47,41,T,0.0,0
1974-01-05,58,46,T,0.0,0
1974-01-06,73,55,0.04,0.0,0
1974-01-07,67,51,0.39,0.0,0
1974-01-08,76,58,T,0.0,0
1974-01-09,80,67,T,0.0,0
1974-01-10,81,69,T,0.0,0
1974-01-11,73,53,T,0.0,0
1974-01-12,55,47,0.00,0.0,0
1974-01-13,62,49,0.00,0.0,0
1974-01-14,78,54,0.00,0.0,0
1974-01-15,77,64,0.00,0.0,0
1974-01-16,77,63,0.00,0.0,0
1974-01-17,79,65,0.00,0.0,0
1974-01-18,79,66,T,0.0,0
1974-01-19,76,63,0.55,0.0,0
1974-01-20,75,54,1.49,0.0,0
1974-01-21,71,44,0.00,0.0,0
1974-01-22,77,49,T,0.0,0
1974-01-23,80,67,2.03,0.0,0
1974-01-24,77,64,0.27,0.0,0
1974-01-25,66,63,2.32,0.0,0
1974-01-26,70,59,0.03,0.0,0
1974-01-27,72,57,0.01,0.0,0
1974-01-28,76,59,0.59,0.0,0
1974-01-29,67,60,0.18,0.0,0
1974-01-30,72,52,0.00,0.0,0
1974-01-31,68,54,0.09,0.0,0
1974-02-01,78,66,0.02,0.0,0
1974-02-02,78,64,3.75,0.0,0
1974-02-03,73,45,0.00,0.0,0
1974-02-04,61,40,0.00,0.0,0
1974-02-05,70,35,0.00,0.0,0
1974-02-06,79,62,0.14,0.0,0
1974-02-07,73,47,0.91,0.0,0
1974-02-08,48,37,T,0.0,0
1974-02-09,58,31,0.00,0.0,0
1974-02-10,60,33,0.00,0.0,0
1974-02-11,65,34,0.00,0.0,0
1974-02-12,73,37,0.00,0.0,0
1974-02-13,78,56,0.00,0.0,0
1974-02-14,78,62,T,0.0,0
1974-02-15,76,55,0.38,0.0,0
1974-02-16,64,52,0.00,0.0,0
1974-02-17,62,41,0.00,0.0,0
1974-02-18,70,38,0.01,0.0,0
1974-02-19,70,44,0.13,0.0,0
1974-02-20,70,39,0.00,0.0,0
1974-02-21,76,53,0.19,0.0,0
1974-02-22,61,45,0.00,0.0,0
1974-02-23,62,38,0.00,0.0,0
1974-02-24,68,41,0.00,0.0,0
1974-02-25,51,36,0.00,0.0,0
1974-02-26,54,31,0.00,0.0,0
1974-02-27,65,24,0.00,0.0,0
1974-02-28,72,52,0.00,0.0,0
1974-03-01,75,46,0.00,0.0,0
1974-03-02,79,59,0.00,0.0,0
1974-03-03,80,58,0.00,0.0,0
1974-03-04,82,66,0.00,0.0,0
1974-03-05,81,65,0.00,0.0,0
1974-03-06,83,63,T,0.0,0
1974-03-07,83,65,0.00,0.0,0
1974-03-08,83,62,0.00,0.0,0
1974-03-09,79,62,0.00,0.0,0
1974-03-10,82,68,0.00,0.0,0
1974-03-11,84,69,T,0.0,0
1974-03-12,86,63,0.10,0.0,0
1974-03-13,70,53,0.00,0.0,0
1974-03-14,71,48,0.00,0.0,0
1974-03-15,75,57,1.14,0.0,0
1974-03-16,74,53,0.00,0.0,0
1974-03-17,67,39,0.00,0.0,0
1974-03-18,76,46,0.00,0.0,0
1974-03-19,81,66,T,0.0,0
1974-03-20,84,70,0.00,0.0,0
1974-03-21,75,48,0.05,0.0,0
1974-03-22,63,45,0.00,0.0,0
1974-03-23,79,54,0.00,0.0,0
1974-03-24,64,48,0.16,0.0,0
1974-03-25,59,47,0.05,0.0,0
1974-03-26,63,54,4.24,0.0,0
1974-03-27,66,61,0.90,0.0,0
1974-03-28,82,63,T,0.0,0
1974-03-29,82,68,T,0.0,0
1974-03-30,86,60,0.00,0.0,0
1974-03-31,86,62,0.00,0.0,0
1974-04-01,82,71,0.02,0.0,0
1974-04-02,85,63,0.34,0.0,0
1974-04-03,86,74,T,0.0,0
1974-04-04,76,59,T,0.0,0
1974-04-05,69,53,0.00,0.0,0
1974-04-06,71,50,0.00,0.0,0
1974-04-07,77,53,T,0.0,0
1974-04-08,80,63,0.40,0.0,0
1974-04-09,68,54,0.00,0.0,0
1974-04-10,75,55,0.00,0.0,0
1974-04-11,79,64,0.00,0.0,0
1974-04-12,78,72,0.26,0.0,0
1974-04-13,77,67,0.49,0.0,0
1974-04-14,81,68,1.58,0.0,0
1974-04-15,69,58,2.34,0.0,0
1974-04-16,74,58,T,0.0,0
1974-04-17,73,58,0.00,0.0,0
1974-04-18,81,54,0.00,0.0,0
1974-04-19,79,56,0.00,0.0,0
1974-04-20,80,60,0.00,0.0,0
1974-04-21,84,66,0.00,0.0,0
1974-04-22,84,64,0.06,0.0,0
1974-04-23,76,59,0.03,0.0,0
1974-04-24,80,59,0.00,0.0,0
1974-04-25,75,50,0.00,0.0,0
1974-04-26,80,47,0.00,0.0,0
1974-04-27,81,54,0.00,0.0,0
1974-04-28,82,57,0.00,0.0,0
1974-04-29,82,62,0.00,0.0,0
1974-04-30,83,65,0.00,0.0,0
1974-05-01,83,63,0.00,0.0,0
1974-05-02,85,70,0.00,0.0,0
1974-05-03,87,67,0.00,0.0,0
1974-05-04,85,65,T,0.0,0
1974-05-05,80,64,0.91,0.0,0
1974-05-06,77,64,0.01,0.0,0
1974-05-07,82,57,0.00,0.0,0
1974-05-08,83,57,T,0.0,0
1974-05-09,86,63,0.00,0.0,0
1974-05-10,83,68,0.48,0.0,0
1974-05-11,83,68,2.54,0.0,0
1974-05-12,85,61,0.00,0.0,0
1974-05-13,85,58,0.00,0.0,0
1974-05-14,85,67,0.00,0.0,0
1974-05-15,86,76,0.00,0.0,0
1974-05-16,87,76,0.00,0.0,0
1974-05-17,87,74,0.00,0.0,0
1974-05-18,87,68,0.00,0.0,0
1974-05-19,86,66,1.33,0.0,0
1974-05-20,86,68,T,0.0,0
1974-05-21,77,73,2.35,0.0,0
1974-05-22,83,74,0.85,0.0,0
1974-05-23,81,70,0.00,0.0,0
1974-05-24,87,68,0.00,0.0,0
1974-05-25,88,69,0.00,0.0,0
1974-05-26,76,67,1.27,0.0,0
1974-05-27,79,66,0.00,0.0,0
1974-05-28,85,62,0.00,0.0,0
1974-05-29,89,71,0.00,0.0,0
1974-05-30,88,76,0.10,0.0,0
1974-05-31,87,78,0.00,0.0,0
1974-06-01,85,75,0.01,0.0,0
1974-06-02,84,70,0.00,0.0,0
1974-06-03,87,69,0.00,0.0,0
1974-06-04,89,68,T,0.0,0
1974-06-05,90,71,0.00,0.0,0
1974-06-06,89,76,0.00,0.0,0
1974-06-07,89,79,T,0.0,0
1974-06-08,88,79,0.00,0.0,0
1974-06-09,90,78,T,0.0,0
1974-06-10,90,74,0.20,0.0,0
1974-06-11,87,71,0.00,0.0,0
1974-06-12,91,67,1.39,0.0,0
1974-06-13,86,67,T,0.0,0
1974-06-14,86,67,T,0.0,0
1974-06-15,89,66,0.00,0.0,0
1974-06-16,89,71,0.00,0.0,0
1974-06-17,89,72,0.09,0.0,0
1974-06-18,84,69,0.19,0.0,0
1974-06-19,86,68,1.05,0.0,0
1974-06-20,89,67,0.07,0.0,0
1974-06-21,89,67,0.00,0.0,0
1974-06-22,91,67,0.55,0.0,0
1974-06-23,88,73,0.28,0.0,0
1974-06-24,80,70,0.00,0.0,0
1974-06-25,81,64,0.00,0.0,0
1974-06-26,83,68,0.00,0.0,0
1974-06-27,83,62,0.00,0.0,0
1974-06-28,85,58,0.00,0.0,0
1974-06-29,87,62,0.00,0.0,0
1974-06-30,87,62,0.00,0.0,0
1974-07-01,89,66,0.00,0.0,0
1974-07-02,89,67,0.02,0.0,0
1974-07-03,89,71,0.40,0.0,0
1974-07-04,91,68,0.00,0.0,0
1974-07-05,88,70,0.25,0.0,0
1974-07-06,82,71,1.21,0.0,0
1974-07-07,85,66,0.00,0.0,0
1974-07-08,89,67,0.55,0.0,0
1974-07-09,91,70,0.00,0.0,0
1974-07-10,92,75,0.00,0.0,0
1974-07-11,91,71,0.00,0.0,0
1974-07-12,96,73,0.18,0.0,0
1974-07-13,94,71,0.77,0.0,0
1974-07-14,92,71,0.00,0.0,0
1974-07-15,91,70,0.00,0.0,0
1974-07-16,90,69,T,0.0,0
1974-07-17,90,69,1.05,0.0,0
1974-07-18,89,69,0.00,0.0,0
1974-07-19,91,66,0.00,0.0,0
1974-07-20,92,71,0.05,0.0,0
1974-07-21,83,71,0.09,0.0,0
1974-07-22,92,71,0.14,0.0,0
1974-07-23,91,72,0.67,0.0,0
1974-07-24,87,74,0.10,0.0,0
1974-07-25,89,70,T,0.0,0
1974-07-26,87,76,T,0.0,0
1974-07-27,91,76,0.05,0.0,0
1974-07-28,91,73,0.13,0.0,0
1974-07-29,92,73,0.00,0.0,0
1974-07-30,91,75,0.00,0.0,0
1974-07-31,90,70,0.00,0.0,0
1974-08-01,90,70,0.09,0.0,0
1974-08-02,90,70,0.58,0.0,0
1974-08-03,84,69,0.03,0.0,0
1974-08-04,86,67,T,0.0,0
1974-08-05,88,67,0.00,0.0,0
1974-08-06,88,70,1.80,0.0,0
1974-08-07,80,71,0.06,0.0,0
1974-08-08,89,71,0.01,0.0,0
1974-08-09,92,71,0.00,0.0,0
1974-08-10,92,71,0.16,0.0,0
1974-08-11,91,71,0.00,0.0,0
1974-08-12,89,74,0.76,0.0,0
1974-08-13,90,70,0.64,0.0,0
1974-08-14,90,72,0.00,0.0,0
1974-08-15,91,71,T,0.0,0
1974-08-16,92,72,0.00,0.0,0
1974-08-17,93,72,T,0.0,0
1974-08-18,92,70,0.77,0.0,0
1974-08-19,91,71,0.00,0.0,0
1974-08-20,94,72,0.00,0.0,0
1974-08-21,92,70,0.00,0.0,0
1974-08-22,90,71,0.01,0.0,0
1974-08-23,90,71,0.00,0.0,0
1974-08-24,91,71,0.00,0.0,0
1974-08-25,88,75,0.03,0.0,0
1974-08-26,89,73,0.81,0.0,0
1974-08-27,90,71,0.57,0.0,0
1974-08-28,88,72,0.08,0.0,0
1974-08-29,92,75,0.00,0.0,0
1974-08-30,92,70,0.30,0.0,0
1974-08-31,90,70,0.00,0.0,0
1974-09-01,91,71,0.00,0.0,0
1974-09-02,92,71,1.10,0.0,0
1974-09-03,80,68,0.00,0.0,0
1974-09-04,76,63,0.00,0.0,0
1974-09-05,83,63,0.00,0.0,0
1974-09-06,80,73,0.00,0.0,0
1974-09-07,76,70,2.86,0.0,0
1974-09-08,82,73,0.89,0.0,0
1974-09-09,86,75,T,0.0,0
1974-09-10,89,74,0.00,0.0,0
1974-09-11,89,71,T,0.0,0
1974-09-12,89,78,T,0.0,0
1974-09-13,89,74,T,0.0,0
1974-09-14,88,71,0.00,0.0,0
1974-09-15,83,71,0.00,0.0,0
1974-09-16,87,69,0.00,0.0,0
1974-09-17,88,68,0.00,0.0,0
1974-09-18,86,73,0.00,0.0,0
1974-09-19,87,67,0.00,0.0,0
1974-09-20,88,67,1.10,0.0,0
1974-09-21,90,69,T,0.0,0
1974-09-22,80,70,T,0.0,0
1974-09-23,78,62,0.00,0.0,0
1974-09-24,81,68,0.00,0.0,0
1974-09-25,83,74,1.59,0.0,0
1974-09-26,80,72,T,0.0,0
1974-09-27,84,67,T,0.0,0
1974-09-28,91,65,0.04,0.0,0
1974-09-29,80,67,0.00,0.0,0
1974-09-30,78,61,0.00,0.0,0
1974-10-01,81,57,0.00,0.0,0
1974-10-02,78,63,0.00,0.0,0
1974-10-03,71,48,0.00,0.0,0
1974-10-04,76,49,0.00,0.0,0
1974-10-05,78,51,0.00,0.0,0
1974-10-06,80,50,0.00,0.0,0
1974-10-07,81,52,0.00,0.0,0
1974-10-08,80,61,0.00,0.0,0
1974-10-09,80,59,0.00,0.0,0
1974-10-10,81,54,0.00,0.0,0
1974-10-11,82,51,0.00,0.0,0
1974-10-12,86,59,0.00,0.0,0
1974-10-13,85,56,0.00,0.0,0
1974-10-14,85,61,0.00,0.0,0
1974-10-15,75,57,0.37,0.0,0
1974-10-16,70,53,0.00,0.0,0
1974-10-17,74,45,0.00,0.0,0
1974-10-18,81,48,0.00,0.0,0
1974-10-19,81,50,0.00,0.0,0
1974-10-20,75,51,0.00,0.0,0
1974-10-21,76,54,0.00,0.0,0
1974-10-22,76,61,0.00,0.0,0
1974-10-23,77,51,0.00,0.0,0
1974-10-24,76,49,0.00,0.0,0
1974-10-25,77,47,0.00,0.0,0
1974-10-26,79,50,0.00,0.0,0
1974-10-27,80,48,0.00,0.0,0
1974-10-28,81,60,1.15,0.0,0
1974-10-29,81,69,0.74,0.0,0
1974-10-30,83,69,0.00,0.0,0
1974-10-31,83,67,0.00,0.0,0
1974-11-01,83,65,0.00,0.0,0
1974-11-02,83,63,0.00,0.0,0
1974-11-03,82,60,0.00,0.0,0
1974-11-04,82,60,T,0.0,0
1974-11-05,72,60,0.02,0.0,0
1974-11-06,63,56,0.62,0.0,0
1974-11-07,66,54,T,0.0,0
1974-11-08,59,54,0.16,0.0,0
1974-11-09,71,57,0.00,0.0,0
1974-11-10,78,58,0.13,0.0,0
1974-11-11,69,58,0.32,0.0,0
1974-11-12,64,43,0.00,0.0,0
1974-11-13,66,36,0.00,0.0,0
1974-11-14,73,44,0.08,0.0,0
1974-11-15,55,36,0.00,0.0,0
1974-11-16,68,38,0.00,0.0,0
1974-11-17,72,57,1.40,0.0,0
1974-11-18,75,57,T,0.0,0
1974-11-19,82,66,T,0.0,0
1974-11-20,75,48,0.66,0.0,0
1974-11-21,71,42,0.00,0.0,0
1974-11-22,71,38,0.00,0.0,0
1974-11-23,75,44,0.00,0.0,0
1974-11-24,79,55,0.92,0.0,0
1974-11-25,58,48,0.13,0.0,0
1974-11-26,58,33,0.00,0.0,0
1974-11-27,65,29,0.00,0.0,0
1974-11-28,63,41,0.00,0.0,0
1974-11-29,68,45,0.07,0.0,0
1974-11-30,61,36,1.37,0.0,0
1974-12-01,47,31,0.00,0.0,0
1974-12-02,51,33,0.00,0.0,0
1974-12-03,56,25,0.00,0.0,0
1974-12-04,57,30,0.00,0.0,0
1974-12-05,64,28,0.00,0.0,0
1974-12-06,71,52,1.35,0.0,0
1974-12-07,65,54,0.51,0.0,0
1974-12-08,54,38,0.00,0.0,0
1974-12-09,47,32,0.00,0.0,0
1974-12-10,58,31,0.01,0.0,0
1974-12-11,68,50,0.16,0.0,0
1974-12-12,54,42,0.00,0.0,0
1974-12-13,61,38,0.00,0.0,0
1974-12-14,69,39,T,0.0,0
1974-12-15,67,44,1.14,0.0,0
1974-12-16,62,36,0.00,0.0,0
1974-12-17,56,36,0.00,0.0,0
1974-12-18,66,34,0.00,0.0,0
1974-12-19,66,52,T,0.0,0
1974-12-20,63,50,1.67,0.0,0
1974-12-21,63,40,0.00,0.0,0
1974-12-22,69,41,0.00,0.0,0
1974-12-23,72,60,0.05,0.0,0
1974-12-24,79,67,0.00,0.0,0
1974-12-25,72,52,T,0.0,0
1974-12-26,63,50,0.00,0.0,0
1974-12-27,78,63,T,0.0,0
1974-12-28,82,62,T,0.0,0
1974-12-29,81,67,0.00,0.0,0
1974-12-30,79,66,0.00,0.0,0
1974-12-31,80,61,0.00,0.0,0
1975-01-01,71,56,T,0.0,0
1975-01-02,66,51,0.01,0.0,0
1975-01-03,75,50,0.38,0.0,0
1975-01-04,55,41,0.07,0.0,0
1975-01-05,60,34,0.00,0.0,0
1975-01-06,67,39,0.00,0.0,0
1975-01-07,67,49,0.87,0.0,0
1975-01-08,79,59,0.18,0.0,0
1975-01-09,77,57,0.00,0.0,0
1975-01-10,73,50,0.81,0.0,0
1975-01-11,65,39,0.00,0.0,0
1975-01-12,58,34,0.12,0.0,0
1975-01-13,42,30,0.00,0.0,0
1975-01-14,50,25,0.00,0.0,0
1975-01-15,62,27,0.00,0.0,0
1975-01-16,70,42,0.00,0.0,0
1975-01-17,70,48,0.00,0.0,0
1975-01-18,74,52,0.03,0.0,0
1975-01-19,78,48,0.03,0.0,0
1975-01-20,51,35,0.00,0.0,0
1975-01-21,56,34,0.00,0.0,0
1975-01-22,56,50,0.10,0.0,0
1975-01-23,59,48,0.02,0.0,0
1975-01-24,69,53,0.07,0.0,0
1975-01-25,71,53,0.26,0.0,0
1975-01-26,75,45,0.00,0.0,0
1975-01-27,79,58,0.00,0.0,0
1975-01-28,80,60,0.00,0.0,0
1975-01-29,80,65,0.00,0.0,0
1975-01-30,77,65,T,0.0,0
1975-01-31,75,64,T,0.0,0
1975-02-01,81,65,0.00,0.0,0
1975-02-02,80,65,T,0.0,0
1975-02-03,81,63,0.00,0.0,0
1975-02-04,71,61,0.08,0.0,0
1975-02-05,73,50,T,0.0,0
1975-02-06,59,38,T,0.0,0
1975-02-07,49,32,0.00,0.0,0
1975-02-08,63,30,0.00,0.0,0
1975-02-09,65,46,0.27,0.0,0
1975-02-10,64,46,0.00,0.0,0
1975-02-11,78,52,0.07,0.0,0
1975-02-12,69,50,0.03,0.0,0
1975-02-13,58,40,0.00,0.0,0
1975-02-14,66,37,0.00,0.0,0
1975-02-15,74,53,1.24,0.0,0
1975-02-16,77,63,T,0.0,0
1975-02-17,71,59,0.48,0.0,0
1975-02-18,81,66,T,0.0,0
1975-02-19,66,52,0.04,0.0,0
1975-02-20,59,47,0.00,0.0,0
1975-02-21,71,46,1.30,0.0,0
1975-02-22,79,64,0.01,0.0,0
1975-02-23,75,40,0.12,0.0,0
1975-02-24,54,33,0.00,0.0,0
1975-02-25,65,33,0.00,0.0,0
1975-02-26,69,34,0.00,0.0,0
1975-02-27,70,40,0.00,0.0,0
1975-02-28,75,46,0.00,0.0,0
1975-03-01,76,44,0.00,0.0,0
1975-03-02,65,49,0.00,0.0,0
1975-03-03,54,45,0.00,0.0,0
1975-03-04,51,42,1.82,0.0,0
1975-03-05,57,36,0.00,0.0,0
1975-03-06,73,37,0.00,0.0,0
1975-03-07,79,60,0.00,0.0,0
1975-03-08,63,48,0.00,0.0,0
1975-03-09,65,44,0.00,0.0,0
1975-03-10,81,62,T,0.0,0
1975-03-11,82,63,T,0.0,0
1975-03-12,83,71,0.00,0.0,0
1975-03-13,77,45,0.54,0.0,0
1975-03-14,57,38,0.00,0.0,0
1975-03-15,62,46,0.70,0.0,0
1975-03-16,71,52,0.08,0.0,0
1975-03-17,65,55,0.26,0.0,0
1975-03-18,76,60,1.57,0.0,0
1975-03-19,72,45,0.00,0.0,0
1975-03-20,73,41,0.00,0.0,0
1975-03-21,76,48,0.00,0.0,0
1975-03-22,83,67,0.00,0.0,0
1975-03-23,80,70,T,0.0,0
1975-03-24,82,58,T,0.0,0
1975-03-25,76,51,0.00,0.0,0
1975-03-26,74,47,0.00,0.0,0
1975-03-27,78,65,0.00,0.0,0
1975-03-28,79,72,0.00,0.0,0
1975-03-29,82,51,0.10,0.0,0
1975-03-30,56,44,0.24,0.0,0
1975-03-31,62,41,0.01,0.0,0
1975-04-01,70,55,0.00,0.0,0
1975-04-02,83,58,T,0.0,0
1975-04-03,60,42,0.00,0.0,0
1975-04-04,64,43,0.00,0.0,0
1975-04-05,69,44,0.00,0.0,0
1975-04-06,71,48,0.00,0.0,0
1975-04-07,73,46,0.00,0.0,0
1975-04-08,70,61,0.05,0.0,0
1975-04-09,79,68,0.07,0.0,0
1975-04-10,73,65,0.78,0.0,0
1975-04-11,71,57,0.00,0.0,0
1975-04-12,67,47,0.00,0.0,0
1975-04-13,67,47,0.56,0.0,0
1975-04-14,71,57,2.44,0.0,0
1975-04-15,71,49,0.00,0.0,0
1975-04-16,76,46,0.00,0.0,0
1975-04-17,79,51,0.00,0.0,0
1975-04-18,83,70,0.00,0.0,0
1975-04-19,77,65,T,0.0,0
1975-04-20,69,62,T,0.0,0
1975-04-21,70,58,T,0.0,0
1975-04-22,79,56,0.00,0.0,0
1975-04-23,81,62,0.00,0.0,0
1975-04-24,83,72,0.00,0.0,0
1975-04-25,85,72,0.00,0.0,0
1975-04-26,86,66,0.00,0.0,0
1975-04-27,84,68,0.00,0.0,0
1975-04-28,85,69,0.00,0.0,0
1975-04-29,85,74,0.00,0.0,0
1975-04-30,83,61,2.79,0.0,0
1975-05-01,77,63,0.00,0.0,0
1975-05-02,83,60,0.00,0.0,0
1975-05-03,85,64,T,0.0,0
1975-05-04,82,66,T,0.0,0
1975-05-05,85,72,0.00,0.0,0
1975-05-06,86,74,0.00,0.0,0
1975-05-07,86,74,0.10,0.0,0
1975-05-08,79,65,1.60,0.0,0
1975-05-09,87,64,T,0.0,0
1975-05-10,84,68,0.00,0.0,0
1975-05-11,85,64,0.00,0.0,0
1975-05-12,85,67,T,0.0,0
1975-05-13,83,63,0.91,0.0,0
1975-05-14,79,69,0.15,0.0,0
1975-05-15,84,63,T,0.0,0
1975-05-16,82,61,0.00,0.0,0
1975-05-17,80,63,0.00,0.0,0
1975-05-18,84,59,0.00,0.0,0
1975-05-19,84,64,0.00,0.0,0
1975-05-20,85,64,0.00,0.0,0
1975-05-21,87,69,0.00,0.0,0
1975-05-22,87,63,0.00,0.0,0
1975-05-23,89,65,0.00,0.0,0
1975-05-24,89,67,0.00,0.0,0
1975-05-25,89,70,0.00,0.0,0
1975-05-26,89,66,0.00,0.0,0
1975-05-27,94,67,0.87,0.0,0
1975-05-28,88,65,0.00,0.0,0
1975-05-29,79,69,2.22,0.0,0
1975-05-30,76,67,1.89,0.0,0
1975-05-31,82,68,0.29,0.0,0
1975-06-01,83,67,0.00,0.0,0
1975-06-02,87,67,0.00,0.0,0
1975-06-03,90,66,0.00,0.0,0
1975-06-04,89,67,0.00,0.0,0
1975-06-05,91,75,0.00,0.0,0
1975-06-06,91,74,0.15,0.0,0
1975-06-07,91,71,0.06,0.0,0
1975-06-08,84,71,2.14,0.0,0
1975-06-09,89,78,0.00,0.0,0
1975-06-10,88,73,2.20,0.0,0
1975-06-11,81,73,0.47,0.0,0
1975-06-12,85,73,0.60,0.0,0
1975-06-13,86,73,0.74,0.0,0
1975-06-14,87,72,0.06,0.0,0
1975-06-15,84,69,0.72,0.0,0
1975-06-16,89,67,0.00,0.0,0
1975-06-17,88,75,0.00,0.0,0
1975-06-18,90,75,0.01,0.0,0
1975-06-19,89,75,0.14,0.0,0
1975-06-20,92,73,T,0.0,0
1975-06-21,89,71,0.00,0.0,0
1975-06-22,89,70,0.63,0.0,0
1975-06-23,81,72,1.20,0.0,0
1975-06-24,86,72,T,0.0,0
1975-06-25,85,71,0.95,0.0,0
1975-06-26,88,69,T,0.0,0
1975-06-27,88,71,0.16,0.0,0
1975-06-28,88,71,0.52,0.0,0
1975-06-29,86,71,0.82,0.0,0
1975-06-30,88,70,0.71,0.0,0
1975-07-01,86,70,0.03,0.0,0
1975-07-02,86,72,0.53,0.0,0
1975-07-03,89,71,0.89,0.0,0
1975-07-04,90,70,T,0.0,0
1975-07-05,92,75,0.00,0.0,0
1975-07-06,89,75,0.57,0.0,0
1975-07-07,91,74,0.00,0.0,0
1975-07-08,90,75,0.05,0.0,0
1975-07-09,86,73,0.74,0.0,0
1975-07-10,86,74,0.51,0.0,0
1975-07-11,79,71,1.95,0.0,0
1975-07-12,88,69,0.00,0.0,0
1975-07-13,89,70,0.00,0.0,0
1975-07-14,83,71,T,0.0,0
1975-07-15,88,68,0.01,0.0,0
1975-07-16,88,71,0.00,0.0,0
1975-07-17,86,74,T,0.0,0
1975-07-18,90,74,0.39,0.0,0
1975-07-19,89,73,0.10,0.0,0
1975-07-20,90,71,0.00,0.0,0
1975-07-21,90,73,0.11,0.0,0
1975-07-22,88,72,T,0.0,0
1975-07-23,89,70,T,0.0,0
1975-07-24,85,72,0.14,0.0,0
1975-07-25,92,71,T,0.0,0
1975-07-26,90,74,0.35,0.0,0
1975-07-27,91,73,0.00,0.0,0
1975-07-28,91,75,0.00,0.0,0
1975-07-29,92,75,0.10,0.0,0
1975-07-30,87,75,1.11,0.0,0
1975-07-31,79,74,0.77,0.0,0
1975-08-01,79,72,4.82,0.0,0
1975-08-02,87,71,0.21,0.0,0
1975-08-03,87,70,0.00,0.0,0
1975-08-04,88,73,1.05,0.0,0
1975-08-05,81,73,0.17,0.0,0
1975-08-06,82,72,0.01,0.0,0
1975-08-07,89,69,0.39,0.0,0
1975-08-08,84,69,0.25,0.0,0
1975-08-09,80,72,0.60,0.0,0
1975-08-10,86,72,0.04,0.0,0
1975-08-11,86,69,1.00,0.0,0
1975-08-12,90,72,0.00,0.0,0
1975-08-13,92,75,0.00,0.0,0
1975-08-14,91,76,T,0.0,0
1975-08-15,92,75,T,0.0,0
1975-08-16,91,74,T,0.0,0
1975-08-17,91,72,0.00,0.0,0
1975-08-18,93,74,0.07,0.0,0
1975-08-19,92,75,T,0.0,0
1975-08-20,90,74,0.19,0.0,0
1975-08-21,90,73,T,0.0,0
1975-08-22,91,72,0.15,0.0,0
1975-08-23,88,74,0.01,0.0,0
1975-08-24,91,71,T,0.0,0
1975-08-25,93,74,0.00,0.0,0
1975-08-26,91,72,0.53,0.0,0
1975-08-27,92,73,0.00,0.0,0
1975-08-28,93,74,0.00,0.0,0
1975-08-29,89,71,0.60,0.0,0
1975-08-30,88,71,0.02,0.0,0
1975-08-31,90,71,0.00,0.0,0
1975-09-01,93,73,0.00,0.0,0
1975-09-02,93,74,0.00,0.0,0
1975-09-03,92,75,T,0.0,0
1975-09-04,88,74,1.00,0.0,0
1975-09-05,85,71,0.23,0.0,0
1975-09-06,84,74,0.05,0.0,0
1975-09-07,85,73,0.49,0.0,0
1975-09-08,90,71,1.18,0.0,0
1975-09-09,87,74,0.01,0.0,0
1975-09-10,88,74,0.01,0.0,0
1975-09-11,88,72,0.14,0.0,0
1975-09-12,91,73,0.01,0.0,0
1975-09-13,81,73,T,0.0,0
1975-09-14,83,67,0.00,0.0,0
1975-09-15,85,68,0.01,0.0,0
1975-09-16,78,73,0.16,0.0,0
1975-09-17,83,68,T,0.0,0
1975-09-18,86,66,0.00,0.0,0
1975-09-19,88,66,0.00,0.0,0
1975-09-20,89,66,0.00,0.0,0
1975-09-21,84,71,0.63,0.0,0
1975-09-22,71,64,T,0.0,0
1975-09-23,76,61,T,0.0,0
1975-09-24,75,55,0.00,0.0,0
1975-09-25,74,57,0.00,0.0,0
1975-09-26,74,50,0.00,0.0,0
1975-09-27,74,52,0.00,0.0,0
1975-09-28,76,51,0.00,0.0,0
1975-09-29,82,52,0.00,0.0,0
1975-09-30,82,59,0.05,0.0,0
1975-10-01,85,70,0.05,0.0,0
1975-10-02,76,62,0.00,0.0,0
1975-10-03,73,57,0.00,0.0,0
1975-10-04,78,63,0.00,0.0,0
1975-10-05,74,66,0.00,0.0,0
1975-10-06,77,65,0.00,0.0,0
1975-10-07,74,64,T,0.0,0
1975-10-08,81,67,0.00,0.0,0
1975-10-09,85,65,0.00,0.0,0
1975-10-10,86,63,0.00,0.0,0
1975-10-11,85,65,0.00,0.0,0
1975-10-12,85,59,0.00,0.0,0
1975-10-13,85,59,0.00,0.0,0
1975-10-14,86,59,0.00,0.0,0
1975-10-15,84,72,1.64,0.0,0
1975-10-16,76,68,2.30,0.0,0
1975-10-17,81,59,T,0.0,0
1975-10-18,72,58,0.00,0.0,0
1975-10-19,71,47,0.00,0.0,0
1975-10-20,76,49,0.00,0.0,0
1975-10-21,76,48,0.00,0.0,0
1975-10-22,76,49,0.00,0.0,0
1975-10-23,83,57,0.00,0.0,0
1975-10-24,84,63,0.00,0.0,0
1975-10-25,83,59,0.00,0.0,0
1975-10-26,68,63,0.01,0.0,0
1975-10-27,80,63,T,0.0,0
1975-10-28,82,62,0.00,0.0,0
1975-10-29,82,61,0.00,0.0,0
1975-10-30,77,62,0.00,0.0,0
1975-10-31,76,48,T,0.0,0
1975-11-01,80,67,0.00,0.0,0
1975-11-02,81,62,0.00,0.0,0
1975-11-03,83,67,0.00,0.0,0
1975-11-04,83,71,0.05,0.0,0
1975-11-05,78,68,M,0.0,0
1975-11-06,77,67,0.20,0.0,0
1975-11-07,79,65,0.00,0.0,0
1975-11-08,81,70,0.01,0.0,0
1975-11-09,81,69,1.22,0.0,0
1975-11-10,79,72,0.12,0.0,0
1975-11-11,80,70,T,0.0,0
1975-11-12,75,54,0.00,0.0,0
1975-11-13,57,47,0.00,0.0,0
1975-11-14,57,35,0.00,0.0,0
1975-11-15,64,34,0.00,0.0,0
1975-11-16,71,43,0.00,0.0,0
1975-11-17,71,44,0.00,0.0,0
1975-11-18,75,56,0.00,0.0,0
1975-11-19,77,61,0.00,0.0,0
1975-11-20,69,50,0.13,0.0,0
1975-11-21,55,40,0.00,0.0,0
1975-11-22,50,33,T,0.0,0
1975-11-23,46,30,0.00,0.0,0
1975-11-24,55,30,0.00,0.0,0
1975-11-25,61,30,0.00,0.0,0
1975-11-26,70,38,0.70,0.0,0
1975-11-27,51,36,0.00,0.0,0
1975-11-28,66,38,T,0.0,0
1975-11-29,78,65,0.00,0.0,0
1975-11-30,79,49,0.40,0.0,0
1975-12-01,53,42,0.02,0.0,0
1975-12-02,58,40,0.00,0.0,0
1975-12-03,63,41,0.00,0.0,0
1975-12-04,74,41,0.00,0.0,0
1975-12-05,78,50,0.00,0.0,0
1975-12-06,79,57,0.77,0.0,0
1975-12-07,66,56,0.00,0.0,0
1975-12-08,56,50,0.00,0.0,0
1975-12-09,60,40,0.00,0.0,0
1975-12-10,56,36,0.00,0.0,0
1975-12-11,67,32,0.00,0.0,0
1975-12-12,73,44,0.00,0.0,0
1975-12-13,76,55,0.00,0.0,0
1975-12-14,77,65,0.00,0.0,0
1975-12-15,76,66,0.41,0.0,0
1975-12-16,69,56,T,0.0,0
1975-12-17,59,40,T,0.0,0
1975-12-18,43,31,0.00,0.0,0
1975-12-19,40,27,0.00,0.0,0
1975-12-20,57,35,0.00,0.0,0
1975-12-21,50,39,0.00,0.0,0
1975-12-22,44,34,0.00,0.0,0
1975-12-23,52,32,0.00,0.0,0
1975-12-24,56,29,T,0.0,0
1975-12-25,59,42,0.73,0.0,0
1975-12-26,46,38,0.00,0.0,0
1975-12-27,57,29,0.00,0.0,0
1975-12-28,70,36,0.54,0.0,0
1975-12-29,64,54,0.60,0.0,0
1975-12-30,55,47,0.73,0.0,0
1975-12-31,60,40,0.01,0.0,0
1976-01-01,69,41,0.00,0.0,0
1976-01-02,74,58,0.04,0.0,0
1976-01-03,70,38,0.32,0.0,0
1976-01-04,43,34,0.00,0.0,0
1976-01-05,42,32,0.00,0.0,0
1976-01-06,63,36,0.03,0.0,0
1976-01-07,72,38,0.38,0.0,0
1976-01-08,41,29,0.00,0.0,0
1976-01-09,44,25,0.00,0.0,0
1976-01-10,55,25,0.00,0.0,0
1976-01-11,66,49,0.07,0.0,0
1976-01-12,72,52,0.00,0.0,0
1976-01-13,74,59,0.00,0.0,0
1976-01-14,65,45,0.03,0.0,0
1976-01-15,53,39,0.00,0.0,0
1976-01-16,69,41,0.00,0.0,0
1976-01-17,50,35,0.00,0.0,0
1976-01-18,52,32,0.00,0.0,0
1976-01-19,60,36,0.00,0.0,0
1976-01-20,67,41,T,0.0,0
1976-01-21,58,39,T,0.0,0
1976-01-22,61,29,0.00,0.0,0
1976-01-23,69,34,0.00,0.0,0
1976-01-24,72,54,0.00,0.0,0
1976-01-25,73,58,0.15,0.0,0
1976-01-26,63,42,0.02,0.0,0
1976-01-27,53,38,0.00,0.0,0
1976-01-28,54,26,0.00,0.0,0
1976-01-29,66,37,0.00,0.0,0
1976-01-30,71,39,0.00,0.0,0
1976-01-31,70,43,1.57,0.0,0
1976-02-01,62,44,0.96,0.0,0
1976-02-02,63,30,0.00,0.0,0
1976-02-03,73,41,0.00,0.0,0
1976-02-04,74,53,T,0.0,0
1976-02-05,76,60,T,0.0,0
1976-02-06,67,41,1.88,0.0,0
1976-02-07,47,34,0.00,0.0,0
1976-02-08,58,31,0.00,0.0,0
1976-02-09,65,36,0.00,0.0,0
1976-02-10,73,48,0.00,0.0,0
1976-02-11,73,50,0.00,0.0,0
1976-02-12,75,52,0.00,0.0,0
1976-02-13,75,49,0.00,0.0,0
1976-02-14,75,49,0.00,0.0,0
1976-02-15,76,53,0.00,0.0,0
1976-02-16,78,65,0.00,0.0,0
1976-02-17,78,67,0.00,0.0,0
1976-02-18,77,52,0.00,0.0,0
1976-02-19,77,43,0.00,0.0,0
1976-02-20,76,51,0.00,0.0,0
1976-02-21,74,55,1.01,0.0,0
1976-02-22,55,44,0.00,0.0,0
1976-02-23,62,33,0.00,0.0,0
1976-02-24,66,32,0.00,0.0,0
1976-02-25,74,36,0.00,0.0,0
1976-02-26,72,47,0.00,0.0,0
1976-02-27,75,47,0.00,0.0,0
1976-02-28,76,43,0.00,0.0,0
1976-02-29,76,43,0.00,0.0,0
1976-03-01,80,52,0.00,0.0,0
1976-03-02,80,64,T,0.0,0
1976-03-03,79,69,T,0.0,0
1976-03-04,79,68,0.00,0.0,0
1976-03-05,82,71,0.02,0.0,0
1976-03-06,77,59,T,0.0,0
1976-03-07,66,55,0.00,0.0,0
1976-03-08,74,53,0.17,0.0,0
1976-03-09,62,50,0.00,0.0,0
1976-03-10,63,48,0.00,0.0,0
1976-03-11,72,40,T,0.0,0
1976-03-12,82,66,T,0.0,0
1976-03-13,72,60,T,0.0,0
1976-03-14,61,53,0.01,0.0,0
1976-03-15,81,61,T,0.0,0
1976-03-16,70,49,T,0.0,0
1976-03-17,62,39,0.00,0.0,0
1976-03-18,71,37,0.00,0.0,0
1976-03-19,74,59,T,0.0,0
1976-03-20,81,67,T,0.0,0
1976-03-21,73,52,0.04,0.0,0
1976-03-22,65,44,0.28,0.0,0
1976-03-23,71,42,0.00,0.0,0
1976-03-24,78,41,0.90,0.0,0
1976-03-25,68,61,0.68,0.0,0
1976-03-26,81,62,T,0.0,0
1976-03-27,73,52,0.35,0.0,0
1976-03-28,76,59,T,0.0,0
1976-03-29,81,73,0.00,0.0,0
1976-03-30,78,72,T,0.0,0
1976-03-31,73,54,0.63,0.0,0
1976-04-01,74,40,0.00,0.0,0
1976-04-02,75,45,0.00,0.0,0
1976-04-03,75,53,0.00,0.0,0
1976-04-04,77,46,0.00,0.0,0
1976-04-05,75,60,0.10,0.0,0
1976-04-06,76,56,T,0.0,0
1976-04-07,79,53,0.00,0.0,0
1976-04-08,81,62,0.00,0.0,0
1976-04-09,76,51,0.00,0.0,0
1976-04-10,77,49,0.00,0.0,0
1976-04-11,80,47,0.00,0.0,0
1976-04-12,83,54,0.00,0.0,0
1976-04-13,81,57,T,0.0,0
1976-04-14,82,58,0.00,0.0,0
1976-04-15,83,59,0.00,0.0,0
1976-04-16,83,69,0.00,0.0,0
1976-04-17,82,69,0.00,0.0,0
1976-04-18,83,64,0.00,0.0,0
1976-04-19,81,58,0.00,0.0,0
1976-04-20,83,66,0.00,0.0,0
1976-04-21,86,60,T,0.0,0
1976-04-22,84,54,0.00,0.0,0
1976-04-23,84,55,0.00,0.0,0
1976-04-24,84,70,T,0.0,0
1976-04-25,83,60,0.08,0.0,0
1976-04-26,74,60,0.00,0.0,0
1976-04-27,76,53,0.00,0.0,0
1976-04-28,83,50,0.00,0.0,0
1976-04-29,83,60,T,0.0,0
1976-04-30,81,65,0.10,0.0,0
1976-05-01,74,64,0.00,0.0,0
1976-05-02,78,55,0.00,0.0,0
1976-05-03,84,52,0.00,0.0,0
1976-05-04,80,60,0.00,0.0,0
1976-05-05,82,56,0.00,0.0,0
1976-05-06,87,71,T,0.0,0
1976-05-07,80,68,1.33,0.0,0
1976-05-08,80,67,0.00,0.0,0
1976-05-09,79,64,0.00,0.0,0
1976-05-10,77,66,1.11,0.0,0
1976-05-11,83,66,0.00,0.0,0
1976-05-12,87,65,0.82,0.0,0
1976-05-13,81,69,0.50,0.0,0
1976-05-14,79,68,0.10,0.0,0
1976-05-15,80,57,T,0.0,0
1976-05-16,85,58,0.00,0.0,0
1976-05-17,83,64,0.00,0.0,0
1976-05-18,77,61,0.00,0.0,0
1976-05-19,77,55,0.00,0.0,0
1976-05-20,79,55,0.00,0.0,0
1976-05-21,82,59,0.00,0.0,0
1976-05-22,75,69,0.95,0.0,0
1976-05-23,85,67,0.00,0.0,0
1976-05-24,87,65,0.24,0.0,0
1976-05-25,82,63,0.00,0.0,0
1976-05-26,79,66,0.00,0.0,0
1976-05-27,86,69,0.38,0.0,0
1976-05-28,81,63,0.00,0.0,0
1976-05-29,83,61,0.00,0.0,0
1976-05-30,85,64,0.00,0.0,0
1976-05-31,87,73,0.15,0.0,0
1976-06-01,88,69,0.00,0.0,0
1976-06-02,88,68,0.00,0.0,0
1976-06-03,86,66,0.00,0.0,0
1976-06-04,85,67,T,0.0,0
1976-06-05,85,66,0.46,0.0,0
1976-06-06,81,69,0.13,0.0,0
1976-06-07,83,65,0.00,0.0,0
1976-06-08,86,62,0.00,0.0,0
1976-06-09,89,63,0.00,0.0,0
1976-06-10,90,65,0.00,0.0,0
1976-06-11,89,68,0.00,0.0,0
1976-06-12,88,65,0.00,0.0,0
1976-06-13,88,64,0.00,0.0,0
1976-06-14,89,67,0.00,0.0,0
1976-06-15,89,74,0.00,0.0,0
1976-06-16,85,75,1.09,0.0,0
1976-06-17,90,77,0.00,0.0,0
1976-06-18,91,71,0.03,0.0,0
1976-06-19,87,72,0.46,0.0,0
1976-06-20,87,72,0.00,0.0,0
1976-06-21,85,68,0.00,0.0,0
1976-06-22,87,63,0.00,0.0,0
1976-06-23,88,70,T,0.0,0
1976-06-24,91,71,0.00,0.0,0
1976-06-25,88,70,T,0.0,0
1976-06-26,88,71,0.02,0.0,0
1976-06-27,91,70,0.00,0.0,0
1976-06-28,92,73,0.00,0.0,0
1976-06-29,89,72,0.50,0.0,0
1976-06-30,88,70,0.67,0.0,0
1976-07-01,87,71,T,0.0,0
1976-07-02,89,72,0.00,0.0,0
1976-07-03,88,73,0.95,0.0,0
1976-07-04,90,77,0.00,0.0,0
1976-07-05,88,74,0.13,0.0,0
1976-07-06,81,73,0.89,0.0,0
1976-07-07,85,71,0.13,0.0,0
1976-07-08,88,70,0.38,0.0,0
1976-07-09,88,71,T,0.0,0
1976-07-10,89,72,0.01,0.0,0
1976-07-11,91,73,0.59,0.0,0
1976-07-12,92,70,0.00,0.0,0
1976-07-13,91,71,0.00,0.0,0
1976-07-14,90,73,0.16,0.0,0
1976-07-15,92,75,0.00,0.0,0
1976-07-16,94,74,0.00,0.0,0
1976-07-17,82,70,0.02,0.0,0
1976-07-18,90,70,0.00,0.0,0
1976-07-19,92,72,0.00,0.0,0
1976-07-20,90,70,0.29,0.0,0
1976-07-21,89,70,0.45,0.0,0
1976-07-22,91,70,0.00,0.0,0
1976-07-23,93,73,0.01,0.0,0
1976-07-24,93,74,T,0.0,0
1976-07-25,92,72,0.10,0.0,0
1976-07-26,93,73,T,0.0,0
1976-07-27,93,75,0.00,0.0,0
1976-07-28,91,73,0.00,0.0,0
1976-07-29,92,73,0.90,0.0,0
1976-07-30,93,75,0.06,0.0,0
1976-07-31,94,75,0.60,0.0,0
1976-08-01,93,76,0.01,0.0,0
1976-08-02,89,75,T,0.0,0
1976-08-03,88,76,0.00,0.0,0
1976-08-04,90,71,0.00,0.0,0
1976-08-05,92,74,1.40,0.0,0
1976-08-06,92,75,0.00,0.0,0
1976-08-07,94,76,0.00,0.0,0
1976-08-08,89,75,0.00,0.0,0
1976-08-09,87,66,0.00,0.0,0
1976-08-10,90,62,0.00,0.0,0
1976-08-11,90,64,0.00,0.0,0
1976-08-12,92,73,0.00,0.0,0
1976-08-13,92,71,0.00,0.0,0
1976-08-14,92,70,0.20,0.0,0
1976-08-15,94,70,0.00,0.0,0
1976-08-16,95,71,T,0.0,0
1976-08-17,95,75,T,0.0,0
1976-08-18,90,71,0.00,0.0,0
1976-08-19,88,70,0.00,0.0,0
1976-08-20,89,70,0.00,0.0,0
1976-08-21,90,69,0.00,0.0,0
1976-08-22,91,75,T,0.0,0
1976-08-23,93,71,0.00,0.0,0
1976-08-24,94,72,T,0.0,0
1976-08-25,95,73,0.00,0.0,0
1976-08-26,92,74,T,0.0,0
1976-08-27,90,72,0.07,0.0,0
1976-08-28,89,72,T,0.0,0
1976-08-29,91,72,0.00,0.0,0
1976-08-30,93,70,0.00,0.0,0
1976-08-31,91,72,0.01,0.0,0
1976-09-01,93,71,0.00,0.0,0
1976-09-02,92,72,T,0.0,0
1976-09-03,94,72,0.05,0.0,0
1976-09-04,83,71,0.13,0.0,0
1976-09-05,87,70,T,0.0,0
1976-09-06,89,73,0.00,0.0,0
1976-09-07,87,73,0.00,0.0,0
1976-09-08,91,70,0.00,0.0,0
1976-09-09,94,70,0.44,0.0,0
1976-09-10,84,72,0.00,0.0,0
1976-09-11,82,59,0.00,0.0,0
1976-09-12,89,58,0.00,0.0,0
1976-09-13,88,69,0.00,0.0,0
1976-09-14,88,67,0.00,0.0,0
1976-09-15,89,63,0.00,0.0,0
1976-09-16,88,64,0.00,0.0,0
1976-09-17,89,63,0.00,0.0,0
1976-09-18,87,62,0.00,0.0,0
1976-09-19,87,66,0.00,0.0,0
1976-09-20,86,67,0.00,0.0,0
1976-09-21,82,72,0.51,0.0,0
1976-09-22,84,61,0.00,0.0,0
1976-09-23,86,61,0.06,0.0,0
1976-09-24,89,77,T,0.0,0
1976-09-25,89,76,0.00,0.0,0
1976-09-26,90,75,0.00,0.0,0
1976-09-27,87,72,0.13,0.0,0
1976-09-28,80,72,0.25,0.0,0
1976-09-29,80,69,0.00,0.0,0
1976-09-30,79,65,0.00,0.0,0
1976-10-01,82,58,0.00,0.0,0
1976-10-02,87,56,0.00,0.0,0
1976-10-03,88,61,0.00,0.0,0
1976-10-04,86,59,0.00,0.0,0
1976-10-05,87,71,T,0.0,0
1976-10-06,73,63,T,0.0,0
1976-10-07,70,60,T,0.0,0
1976-10-08,65,52,0.00,0.0,0
1976-10-09,69,45,0.00,0.0,0
1976-10-10,75,43,0.00,0.0,0
1976-10-11,78,45,0.00,0.0,0
1976-10-12,79,46,0.00,0.0,0
1976-10-13,80,51,0.00,0.0,0
1976-10-14,82,53,0.00,0.0,0
1976-10-15,82,51,0.00,0.0,0
1976-10-16,73,61,1.56,0.0,0
1976-10-17,69,56,0.00,0.0,0
1976-10-18,69,52,0.00,0.0,0
1976-10-19,77,61,0.52,0.0,0
1976-10-20,63,51,0.00,0.0,0
1976-10-21,66,44,0.00,0.0,0
1976-10-22,74,39,0.00,0.0,0
1976-10-23,79,49,0.00,0.0,0
1976-10-24,80,61,T,0.0,0
1976-10-25,75,61,0.33,0.0,0
1976-10-26,67,54,0.00,0.0,0
1976-10-27,59,51,0.00,0.0,0
1976-10-28,61,53,0.00,0.0,0
1976-10-29,72,53,2.11,0.0,0
1976-10-30,71,53,0.56,0.0,0
1976-10-31,64,49,0.00,0.0,0
1976-11-01,63,43,0.00,0.0,0
1976-11-02,67,42,0.00,0.0,0
1976-11-03,71,40,0.00,0.0,0
1976-11-04,68,40,0.00,0.0,0
1976-11-05,60,35,0.00,0.0,0
1976-11-06,70,33,0.00,0.0,0
1976-11-07,75,38,0.00,0.0,0
1976-11-08,62,35,0.00,0.0,0
1976-11-09,72,33,0.00,0.0,0
1976-11-10,75,47,T,0.0,0
1976-11-11,80,58,T,0.0,0
1976-11-12,59,46,0.13,0.0,0
1976-11-13,51,41,0.01,0.0,0
1976-11-14,50,47,0.87,0.0,0
1976-11-15,54,44,T,0.0,0
1976-11-16,51,49,T,0.0,0
1976-11-17,57,43,0.31,0.0,0
1976-11-18,63,44,0.00,0.0,0
1976-11-19,58,53,1.95,0.0,0
1976-11-20,62,54,0.09,0.0,0
1976-11-21,66,49,T,0.0,0
1976-11-22,55,41,0.00,0.0,0
1976-11-23,56,29,0.00,0.0,0
1976-11-24,63,31,0.00,0.0,0
1976-11-25,73,37,T,0.0,0
1976-11-26,73,60,0.25,0.0,0
1976-11-27,76,68,1.03,0.0,0
1976-11-28,71,35,1.14,0.0,0
1976-11-29,41,30,0.02,0.0,0
1976-11-30,45,29,0.00,0.0,0
1976-12-01,57,25,0.00,0.0,0
1976-12-02,53,33,0.00,0.0,0
1976-12-03,60,28,0.00,0.0,0
1976-12-04,61,30,0.00,0.0,0
1976-12-05,65,31,0.00,0.0,0
1976-12-06,63,44,1.60,0.0,0
1976-12-07,60,42,T,0.0,0
1976-12-08,59,35,0.00,0.0,0
1976-12-09,60,37,0.00,0.0,0
1976-12-10,61,50,0.25,0.0,0
1976-12-11,70,57,0.06,0.0,0
1976-12-12,69,57,0.36,0.0,0
1976-12-13,57,48,0.13,0.0,0
1976-12-14,57,47,2.04,0.0,0
1976-12-15,58,51,0.68,0.0,0
1976-12-16,66,37,0.00,0.0,0
1976-12-17,66,33,0.00,0.0,0
1976-12-18,67,39,0.00,0.0,0
1976-12-19,75,45,0.09,0.0,0
1976-12-20,65,40,0.92,0.0,0
1976-12-21,43,30,0.00,0.0,0
1976-12-22,47,36,T,0.0,0
1976-12-23,49,29,0.20,0.0,0
1976-12-24,63,26,0.00,0.0,0
1976-12-25,68,56,2.43,0.0,0
1976-12-26,56,41,0.00,0.0,0
1976-12-27,64,35,0.00,0.0,0
1976-12-28,73,52,0.00,0.0,0
1976-12-29,63,38,0.00,0.0,0
1976-12-30,73,37,0.03,0.0,0
1976-12-31,65,35,0.02,0.0,0
1977-01-01,42,32,T,0.0,0
1977-01-02,41,35,1.08,0.0,0
1977-01-03,43,37,T,0.0,0
1977-01-04,57,43,T,0.0,0
1977-01-05,64,48,0.04,0.0,0
1977-01-06,73,46,0.85,0.0,0
1977-01-07,51,38,0.00,0.0,0
1977-01-08,60,38,0.00,0.0,0
1977-01-09,72,37,0.37,0.0,0
1977-01-10,38,24,0.00,0.0,0
1977-01-11,41,27,0.00,0.0,0
1977-01-12,48,35,0.00,0.0,0
1977-01-13,61,42,0.60,0.0,0
1977-01-14,65,48,1.10,0.0,0
1977-01-15,48,32,0.00,0.0,0
1977-01-16,48,28,0.00,0.0,0
1977-01-17,35,23,0.00,0.0,0
1977-01-18,39,25,0.00,0.0,0
1977-01-19,33,19,0.00,0.0,0
1977-01-20,57,24,0.00,0.0,0
1977-01-21,60,25,0.00,0.0,0
1977-01-22,54,29,0.00,0.0,0
1977-01-23,57,43,0.36,0.0,0
1977-01-24,59,37,T,0.0,0
1977-01-25,56,31,0.00,0.0,0
1977-01-26,61,33,0.00,0.0,0
1977-01-27,70,50,T,0.0,0
1977-01-28,69,35,0.00,0.0,0
1977-01-29,43,28,0.00,0.0,0
1977-01-30,40,35,0.89,T,0
1977-01-31,44,34,0.33,0.0,0
1977-02-01,40,31,0.00,0.0,0
1977-02-02,56,34,T,0.0,0
1977-02-03,58,46,1.25,0.0,0
1977-02-04,54,43,0.04,0.0,0
1977-02-05,56,41,0.00,0.0,0
1977-02-06,50,33,0.00,0.0,0
1977-02-07,54,30,0.00,0.0,0
1977-02-08,52,39,0.00,0.0,0
1977-02-09,63,37,0.00,0.0,0
1977-02-10,67,37,0.00,0.0,0
1977-02-11,73,45,0.00,0.0,0
1977-02-12,66,61,0.10,0.0,0
1977-02-13,68,47,0.00,0.0,0
1977-02-14,74,38,0.00,0.0,0
1977-02-15,57,44,0.00,0.0,0
1977-02-16,53,34,0.00,0.0,0
1977-02-17,70,37,0.00,0.0,0
1977-02-18,75,53,0.00,0.0,0
1977-02-19,75,53,T,0.0,0
1977-02-20,62,43,0.00,0.0,0
1977-02-21,69,35,0.00,0.0,0
1977-02-22,76,42,0.04,0.0,0
1977-02-23,77,61,0.12,0.0,0
1977-02-24,78,51,0.00,0.0,0
1977-02-25,79,46,0.00,0.0,0
1977-02-26,83,59,1.10,0.0,0
1977-02-27,60,46,0.10,0.0,0
1977-02-28,60,40,0.00,0.0,0
1977-03-01,67,35,0.00,0.0,0
1977-03-02,70,44,0.00,0.0,0
1977-03-03,75,65,0.02,0.0,0
1977-03-04,73,54,1.32,0.0,0
1977-03-05,61,50,0.75,0.0,0
1977-03-06,54,50,0.10,0.0,0
1977-03-07,64,39,0.00,0.0,0
1977-03-08,66,35,0.00,0.0,0
1977-03-09,66,34,T,0.0,0
1977-03-10,79,55,0.00,0.0,0
1977-03-11,80,69,0.01,0.0,0
1977-03-12,75,55,0.53,0.0,0
1977-03-13,78,43,0.00,0.0,0
1977-03-14,77,41,0.00,0.0,0
1977-03-15,80,66,0.02,0.0,0
1977-03-16,80,67,0.00,0.0,0
1977-03-17,81,69,T,0.0,0
1977-03-18,84,70,0.00,0.0,0
1977-03-19,81,69,0.00,0.0,0
1977-03-20,73,61,T,0.0,0
1977-03-21,81,67,0.16,0.0,0
1977-03-22,70,52,0.00,0.0,0
1977-03-23,68,46,0.00,0.0,0
1977-03-24,65,49,0.01,0.0,0
1977-03-25,73,56,0.04,0.0,0
1977-03-26,79,57,T,0.0,0
1977-03-27,81,70,T,0.0,0
1977-03-28,76,61,0.44,0.0,0
1977-03-29,80,67,T,0.0,0
1977-03-30,84,75,0.14,0.0,0
1977-03-31,76,61,0.42,0.0,0
1977-04-01,82,63,0.00,0.0,0
1977-04-02,84,75,0.00,0.0,0
1977-04-03,84,74,0.00,0.0,0
1977-04-04,80,60,0.27,0.0,0
1977-04-05,66,50,0.00,0.0,0
1977-04-06,76,41,0.00,0.0,0
1977-04-07,80,47,0.00,0.0,0
1977-04-08,82,50,0.00,0.0,0
1977-04-09,84,55,0.00,0.0,0
1977-04-10,84,52,0.00,0.0,0
1977-04-11,82,50,0.00,0.0,0
1977-04-12,81,53,0.00,0.0,0
1977-04-13,82,55,0.00,0.0,0
1977-04-14,81,52,T,0.0,0
1977-04-15,84,59,0.00,0.0,0
1977-04-16,84,59,0.00,0.0,0
1977-04-17,81,67,0.12,0.0,0
1977-04-18,82,67,0.30,0.0,0
1977-04-19,84,71,0.09,0.0,0
1977-04-20,77,66,3.88,0.0,0
1977-04-21,80,65,1.72,0.0,0
1977-04-22,81,64,T,0.0,0
1977-04-23,79,64,0.00,0.0,0
1977-04-24,76,58,0.00,0.0,0
1977-04-25,79,55,0.00,0.0,0
1977-04-26,75,49,0.00,0.0,0
1977-04-27,79,48,0.00,0.0,0
1977-04-28,80,52,0.00,0.0,0
1977-04-29,80,51,0.00,0.0,0
1977-04-30,84,52,0.00,0.0,0
1977-05-01,81,68,0.65,0.0,0
1977-05-02,81,65,1.19,0.0,0
1977-05-03,82,67,T,0.0,0
1977-05-04,84,63,0.00,0.0,0
1977-05-05,85,65,0.00,0.0,0
1977-05-06,85,70,0.00,0.0,0
1977-05-07,85,68,T,0.0,0
1977-05-08,89,70,T,0.0,0
1977-05-09,85,66,0.00,0.0,0
1977-05-10,80,68,0.00,0.0,0
1977-05-11,84,63,T,0.0,0
1977-05-12,84,63,T,0.0,0
1977-05-13,86,60,0.00,0.0,0
1977-05-14,83,62,0.00,0.0,0
1977-05-15,85,58,0.00,0.0,0
1977-05-16,86,58,0.00,0.0,0
1977-05-17,86,60,0.00,0.0,0
1977-05-18,86,68,0.00,0.0,0
1977-05-19,86,62,0.00,0.0,0
1977-05-20,86,61,0.00,0.0,0
1977-05-21,85,66,0.00,0.0,0
1977-05-22,87,65,0.03,0.0,0
1977-05-23,87,64,0.00,0.0,0
1977-05-24,88,64,0.00,0.0,0
1977-05-25,88,67,T,0.0,0
1977-05-26,88,67,0.00,0.0,0
1977-05-27,92,68,0.00,0.0,0
1977-05-28,92,68,0.00,0.0,0
1977-05-29,92,70,0.00,0.0,0
1977-05-30,95,71,0.00,0.0,0
1977-05-31,93,72,0.72,0.0,0
1977-06-01,91,70,0.01,0.0,0
1977-06-02,92,70,0.00,0.0,0
1977-06-03,94,70,0.00,0.0,0
1977-06-04,95,70,0.00,0.0,0
1977-06-05,95,70,0.00,0.0,0
1977-06-06,95,73,0.00,0.0,0
1977-06-07,88,74,T,0.0,0
1977-06-08,87,66,0.00,0.0,0
1977-06-09,91,69,0.00,0.0,0
1977-06-10,92,66,0.00,0.0,0
1977-06-11,95,67,0.00,0.0,0
1977-06-12,88,68,T,0.0,0
1977-06-13,88,77,T,0.0,0
1977-06-14,90,74,0.34,0.0,0
1977-06-15,92,73,0.00,0.0,0
1977-06-16,93,72,0.00,0.0,0
1977-06-17,92,72,0.00,0.0,0
1977-06-18,92,72,0.20,0.0,0
1977-06-19,93,75,T,0.0,0
1977-06-20,92,72,1.00,0.0,0
1977-06-21,95,72,0.00,0.0,0
1977-06-22,93,73,0.00,0.0,0
1977-06-23,94,73,0.00,0.0,0
1977-06-24,96,75,0.00,0.0,0
1977-06-25,94,74,0.00,0.0,0
1977-06-26,94,77,0.00,0.0,0
1977-06-27,93,75,0.00,0.0,0
1977-06-28,90,78,0.19,0.0,0
1977-06-29,95,77,0.00,0.0,0
1977-06-30,94,78,0.00,0.0,0
1977-07-01,97,73,0.59,0.0,0
1977-07-02,95,73,0.13,0.0,0
1977-07-03,92,71,0.00,0.0,0
1977-07-04,93,74,0.00,0.0,0
1977-07-05,92,75,0.03,0.0,0
1977-07-06,94,73,0.00,0.0,0
1977-07-07,95,75,0.00,0.0,0
1977-07-08,94,75,T,0.0,0
1977-07-09,91,76,0.05,0.0,0
1977-07-10,90,74,0.42,0.0,0
1977-07-11,90,75,0.33,0.0,0
1977-07-12,93,73,0.00,0.0,0
1977-07-13,94,74,0.19,0.0,0
1977-07-14,95,72,0.00,0.0,0
1977-07-15,95,73,T,0.0,0
1977-07-16,91,73,0.29,0.0,0
1977-07-17,93,72,0.00,0.0,0
1977-07-18,91,72,T,0.0,0
1977-07-19,94,75,0.02,0.0,0
1977-07-20,88,74,0.04,0.0,0
1977-07-21,93,73,T,0.0,0
1977-07-22,95,74,0.00,0.0,0
1977-07-23,96,74,0.00,0.0,0
1977-07-24,96,75,T,0.0,0
1977-07-25,94,75,T,0.0,0
1977-07-26,94,77,0.59,0.0,0
1977-07-27,92,76,0.20,0.0,0
1977-07-28,93,76,0.02,0.0,0
1977-07-29,91,80,0.01,0.0,0
1977-07-30,95,78,0.00,0.0,0
1977-07-31,96,75,0.00,0.0,0
1977-08-01,96,76,0.81,0.0,0
1977-08-02,92,75,0.96,0.0,0
1977-08-03,91,75,0.10,0.0,0
1977-08-04,81,76,0.55,0.0,0
1977-08-05,91,74,0.76,0.0,0
1977-08-06,93,76,0.00,0.0,0
1977-08-07,92,75,0.42,0.0,0
1977-08-08,91,74,0.21,0.0,0
1977-08-09,92,74,0.20,0.0,0
1977-08-10,87,73,0.06,0.0,0
1977-08-11,83,73,0.25,0.0,0
1977-08-12,91,72,T,0.0,0
1977-08-13,91,74,T,0.0,0
1977-08-14,92,75,0.49,0.0,0
1977-08-15,90,75,0.00,0.0,0
1977-08-16,90,75,0.19,0.0,0
1977-08-17,89,74,0.04,0.0,0
1977-08-18,89,76,0.07,0.0,0
1977-08-19,90,76,0.09,0.0,0
1977-08-20,86,75,1.13,0.0,0
1977-08-21,90,75,1.51,0.0,0
1977-08-22,77,73,3.16,0.0,0
1977-08-23,88,72,0.63,0.0,0
1977-08-24,79,74,2.09,0.0,0
1977-08-25,91,75,0.82,0.0,0
1977-08-26,90,73,0.07,0.0,0
1977-08-27,91,77,0.11,0.0,0
1977-08-28,89,79,0.07,0.0,0
1977-08-29,86,75,0.76,0.0,0
1977-08-30,87,76,0.47,0.0,0
1977-08-31,89,79,0.10,0.0,0
1977-09-01,89,74,0.00,0.0,0
1977-09-02,90,72,0.00,0.0,0
1977-09-03,84,77,T,0.0,0
1977-09-04,88,77,0.20,0.0,0
1977-09-05,83,74,4.98,0.0,0
1977-09-06,86,78,0.01,0.0,0
1977-09-07,88,77,0.30,0.0,0
1977-09-08,89,73,0.15,0.0,0
1977-09-09,87,72,0.75,0.0,0
1977-09-10,84,72,0.21,0.0,0
1977-09-11,90,73,0.06,0.0,0
1977-09-12,83,71,0.27,0.0,0
1977-09-13,86,74,0.25,0.0,0
1977-09-14,85,72,1.45,0.0,0
1977-09-15,76,70,2.83,0.0,0
1977-09-16,87,71,T,0.0,0
1977-09-17,89,72,0.55,0.0,0
1977-09-18,90,74,0.35,0.0,0
1977-09-19,90,72,0.96,0.0,0
1977-09-20,86,70,0.00,0.0,0
1977-09-21,87,70,0.00,0.0,0
1977-09-22,89,70,0.00,0.0,0
1977-09-23,88,68,0.00,0.0,0
1977-09-24,90,70,0.00,0.0,0
1977-09-25,91,71,T,0.0,0
1977-09-26,92,74,T,0.0,0
1977-09-27,92,74,0.02,0.0,0
1977-09-28,91,74,0.00,0.0,0
1977-09-29,91,73,0.00,0.0,0
1977-09-30,91,73,0.14,0.0,0
1977-10-01,92,81,T,0.0,0
1977-10-02,91,70,0.20,0.0,0
1977-10-03,73,62,0.00,0.0,0
1977-10-04,75,54,0.00,0.0,0
1977-10-05,81,54,0.00,0.0,0
1977-10-06,83,64,0.00,0.0,0
1977-10-07,83,60,0.00,0.0,0
1977-10-08,88,73,T,0.0,0
1977-10-09,79,65,0.52,0.0,0
1977-10-10,80,59,0.05,0.0,0
1977-10-11,72,61,2.03,0.0,0
1977-10-12,66,56,0.00,0.0,0
1977-10-13,66,47,0.00,0.0,0
1977-10-14,70,42,0.00,0.0,0
1977-10-15,77,45,0.00,0.0,0
1977-10-16,70,46,0.00,0.0,0
1977-10-17,70,43,0.00,0.0,0
1977-10-18,79,44,0.00,0.0,0
1977-10-19,83,58,0.00,0.0,0
1977-10-20,77,63,0.00,0.0,0
1977-10-21,80,60,0.00,0.0,0
1977-10-22,80,61,0.00,0.0,0
1977-10-23,78,70,T,0.0,0
1977-10-24,73,68,1.53,0.0,0
1977-10-25,77,67,T,0.0,0
1977-10-26,79,59,0.00,0.0,0
1977-10-27,75,55,0.00,0.0,0
1977-10-28,75,59,0.00,0.0,0
1977-10-29,77,55,0.00,0.0,0
1977-10-30,78,57,0.00,0.0,0
1977-10-31,82,62,0.00,0.0,0
1977-11-01,78,69,0.17,0.0,0
1977-11-02,73,57,1.70,0.0,0
1977-11-03,70,49,0.20,0.0,0
1977-11-04,68,53,0.57,0.0,0
1977-11-05,70,57,0.02,0.0,0
1977-11-06,70,54,0.00,0.0,0
1977-11-07,76,50,0.00,0.0,0
1977-11-08,79,62,0.18,0.0,0
1977-11-09,77,49,0.20,0.0,0
1977-11-10,59,46,0.00,0.0,0
1977-11-11,64,42,0.00,0.0,0
1977-11-12,70,45,0.00,0.0,0
1977-11-13,65,43,0.00,0.0,0
1977-11-14,69,39,0.00,0.0,0
1977-11-15,75,45,0.00,0.0,0
1977-11-16,82,57,0.00,0.0,0
1977-11-17,82,63,0.01,0.0,0
1977-11-18,64,55,0.48,0.0,0
1977-11-19,68,59,0.15,0.0,0
1977-11-20,81,68,0.03,0.0,0
1977-11-21,75,64,1.02,0.0,0
1977-11-22,67,62,0.03,0.0,0
1977-11-23,68,56,0.00,0.0,0
1977-11-24,72,56,0.00,0.0,0
1977-11-25,64,51,T,0.0,0
1977-11-26,56,44,0.00,0.0,0
1977-11-27,75,47,0.88,0.0,0
1977-11-28,80,66,0.96,0.0,0
1977-11-29,78,62,1.29,0.0,0
1977-11-30,69,57,0.88,0.0,0
1977-12-01,64,50,0.00,0.0,0
1977-12-02,68,47,0.00,0.0,0
1977-12-03,77,54,0.00,0.0,0
1977-12-04,79,65,T,0.0,0
1977-12-05,82,61,0.00,0.0,0
1977-12-06,61,40,0.00,0.0,0
1977-12-07,54,32,0.00,0.0,0
1977-12-08,68,45,0.00,0.0,0
1977-12-09,66,42,T,0.0,0
1977-12-10,47,33,0.00,0.0,0
1977-12-11,54,34,0.00,0.0,0
1977-12-12,65,44,0.00,0.0,0
1977-12-13,72,56,0.79,0.0,0
1977-12-14,67,46,0.01,0.0,0
1977-12-15,71,40,0.00,0.0,0
1977-12-16,76,54,0.00,0.0,0
1977-12-17,75,49,0.54,0.0,0
1977-12-18,70,39,0.00,0.0,0
1977-12-19,77,53,0.00,0.0,0
1977-12-20,67,44,0.12,0.0,0
1977-12-21,47,35,0.00,0.0,0
1977-12-22,52,27,0.00,0.0,0
1977-12-23,67,41,0.00,0.0,0
1977-12-24,71,61,0.12,0.0,0
1977-12-25,67,40,0.01,0.0,0
1977-12-26,46,29,0.00,0.0,0
1977-12-27,56,25,0.00,0.0,0
1977-12-28,45,38,T,0.0,0
1977-12-29,62,43,2.55,0.0,0
1977-12-30,62,48,T,0.0,0
1977-12-31,63,48,0.01,0.0,0
1978-01-01,60,48,T,0.0,0
1978-01-02,48,37,0.11,0.0,0
1978-01-03,44,31,0.00,0.0,0
1978-01-04,58,27,0.00,0.0,0
1978-01-05,70,42,0.00,0.0,0
1978-01-06,79,59,0.05,0.0,0
1978-01-07,71,61,0.40,0.0,0
1978-01-08,63,40,1.85,0.0,0
1978-01-09,40,30,0.00,0.0,0
1978-01-10,38,30,0.00,0.0,0
1978-01-11,46,32,0.00,0.0,0
1978-01-12,60,41,0.77,0.0,0
1978-01-13,46,36,0.00,0.0,0
1978-01-14,40,33,0.00,0.0,0
1978-01-15,44,29,0.00,0.0,0
1978-01-16,61,38,0.75,0.0,0
1978-01-17,56,36,0.01,0.0,0
1978-01-18,40,34,1.44,0.0,0
1978-01-19,40,33,0.01,T,0
1978-01-20,36,33,0.00,0.0,0
1978-01-21,39,33,0.00,0.0,0
1978-01-22,44,38,0.01,0.0,0
1978-01-23,53,42,0.46,0.0,0
1978-01-24,60,49,4.60,0.0,0
1978-01-25,60,43,2.13,0.0,0
1978-01-26,47,37,0.00,0.0,0
1978-01-27,46,29,0.01,0.0,0
1978-01-28,45,36,0.06,0.0,0
1978-01-29,48,36,T,0.0,0
1978-01-30,41,39,0.70,0.0,0
1978-01-31,40,38,0.27,0.0,0
1978-02-01,52,39,0.53,0.0,0
1978-02-02,46,44,0.30,0.0,0
1978-02-03,44,40,T,0.0,0
1978-02-04,53,36,0.00,0.0,0
1978-02-05,54,35,0.00,0.0,0
1978-02-06,44,34,0.00,0.0,0
1978-02-07,39,31,T,0.0,0
1978-02-08,42,33,0.02,T,0
1978-02-09,43,33,0.04,0.0,0
1978-02-10,50,34,0.00,0.0,0
1978-02-11,57,30,0.00,0.0,0
1978-02-12,61,41,0.48,0.0,0
1978-02-13,65,45,0.00,0.0,0
1978-02-14,50,38,0.00,0.0,0
1978-02-15,47,35,0.00,0.0,0
1978-02-16,59,38,T,0.0,0
1978-02-17,60,38,0.52,0.0,0
1978-02-18,49,35,0.00,0.0,0
1978-02-19,41,31,0.00,0.0,0
1978-02-20,52,26,0.00,0.0,0
1978-02-21,43,31,0.00,0.0,0
1978-02-22,49,26,0.00,0.0,0
1978-02-23,61,37,0.00,0.0,0
1978-02-24,70,31,0.00,0.0,0
1978-02-25,70,41,0.00,0.0,0
1978-02-26,58,44,0.01,0.0,0
1978-02-27,63,41,0.01,0.0,0
1978-02-28,73,57,0.62,0.0,0
1978-03-01,62,53,T,0.0,0
1978-03-02,67,53,0.40,0.0,0
1978-03-03,58,39,0.03,0.0,0
1978-03-04,47,38,0.00,0.0,0
1978-03-05,56,33,0.00,0.0,0
1978-03-06,70,42,0.00,0.0,0
1978-03-07,63,59,1.60,0.0,0
1978-03-08,61,50,T,0.0,0
1978-03-09,50,44,T,0.0,0
1978-03-10,62,41,0.00,0.0,0
1978-03-11,71,42,0.00,0.0,0
1978-03-12,71,59,0.00,0.0,0
1978-03-13,77,63,0.08,0.0,0
1978-03-14,82,63,0.04,0.0,0
1978-03-15,83,56,0.00,0.0,0
1978-03-16,67,46,0.00,0.0,0
1978-03-17,67,41,0.00,0.0,0
1978-03-18,74,44,0.00,0.0,0
1978-03-19,74,46,0.00,0.0,0
1978-03-20,74,51,0.00,0.0,0
1978-03-21,80,60,0.24,0.0,0
1978-03-22,78,53,0.00,0.0,0
1978-03-23,77,63,0.00,0.0,0
1978-03-24,77,60,0.28,0.0,0
1978-03-25,65,59,0.00,0.0,0
1978-03-26,66,47,0.00,0.0,0
1978-03-27,67,40,0.00,0.0,0
1978-03-28,71,48,0.00,0.0,0
1978-03-29,78,50,0.00,0.0,0
1978-03-30,81,55,0.00,0.0,0
1978-03-31,84,51,0.00,0.0,0
1978-04-01,84,52,0.00,0.0,0
1978-04-02,84,62,0.00,0.0,0
1978-04-03,83,58,0.00,0.0,0
1978-04-04,80,65,0.00,0.0,0
1978-04-05,84,61,0.00,0.0,0
1978-04-06,78,67,0.00,0.0,0
1978-04-07,86,65,0.00,0.0,0
1978-04-08,84,63,0.00,0.0,0
1978-04-09,85,64,0.00,0.0,0
1978-04-10,83,68,0.00,0.0,0
1978-04-11,76,60,1.02,0.0,0
1978-04-12,66,59,2.40,0.0,0
1978-04-13,76,57,0.01,0.0,0
1978-04-14,81,54,0.00,0.0,0
1978-04-15,83,51,0.00,0.0,0
1978-04-16,83,64,0.00,0.0,0
1978-04-17,86,70,0.00,0.0,0
1978-04-18,86,75,0.00,0.0,0
1978-04-19,86,61,0.00,0.0,0
1978-04-20,75,55,0.00,0.0,0
1978-04-21,80,49,0.00,0.0,0
1978-04-22,85,56,0.00,0.0,0
1978-04-23,82,68,0.01,0.0,0
1978-04-24,86,64,0.00,0.0,0
1978-04-25,84,63,0.00,0.0,0
1978-04-26,76,59,0.00,0.0,0
1978-04-27,81,59,0.00,0.0,0
1978-04-28,84,52,0.00,0.0,0
1978-04-29,84,60,0.00,0.0,0
1978-04-30,88,64,0.00,0.0,0
1978-05-01,91,76,0.00,0.0,0
1978-05-02,84,73,0.55,0.0,0
1978-05-03,78,65,6.25,0.0,0
1978-05-04,74,58,T,0.0,0
1978-05-05,83,54,0.00,0.0,0
1978-05-06,85,70,T,0.0,0
1978-05-07,80,75,0.23,0.0,0
1978-05-08,82,76,T,0.0,0
1978-05-09,85,66,0.35,0.0,0
1978-05-10,86,59,0.00,0.0,0
1978-05-11,83,58,0.00,0.0,0
1978-05-12,86,70,0.00,0.0,0
1978-05-13,86,65,0.00,0.0,0
1978-05-14,83,62,0.00,0.0,0
1978-05-15,92,63,0.00,0.0,0
1978-05-16,88,65,0.00,0.0,0
1978-05-17,83,68,0.85,0.0,0
1978-05-18,86,70,0.03,0.0,0
1978-05-19,87,67,0.00,0.0,0
1978-05-20,88,67,0.00,0.0,0
1978-05-21,89,64,0.00,0.0,0
1978-05-22,91,70,0.00,0.0,0
1978-05-23,90,68,0.00,0.0,0
1978-05-24,91,70,0.00,0.0,0
1978-05-25,90,72,1.10,0.0,0
1978-05-26,90,69,0.00,0.0,0
1978-05-27,94,73,T,0.0,0
1978-05-28,89,72,0.35,0.0,0
1978-05-29,90,66,0.00,0.0,0
1978-05-30,88,67,T,0.0,0
1978-05-31,90,68,0.01,0.0,0
1978-06-01,88,70,0.50,0.0,0
1978-06-02,83,72,0.05,0.0,0
1978-06-03,81,71,0.76,0.0,0
1978-06-04,86,71,T,0.0,0
1978-06-05,88,68,0.12,0.0,0
1978-06-06,87,74,T,0.0,0
1978-06-07,89,76,0.40,0.0,0
1978-06-08,91,76,0.30,0.0,0
1978-06-09,89,74,0.00,0.0,0
1978-06-10,89,74,0.57,0.0,0
1978-06-11,91,73,0.24,0.0,0
1978-06-12,92,73,0.00,0.0,0
1978-06-13,93,74,0.00,0.0,0
1978-06-14,88,74,0.00,0.0,0
1978-06-15,91,64,0.00,0.0,0
1978-06-16,92,72,0.80,0.0,0
1978-06-17,90,72,0.00,0.0,0
1978-06-18,89,72,0.00,0.0,0
1978-06-19,89,69,0.00,0.0,0
1978-06-20,90,68,0.00,0.0,0
1978-06-21,91,69,0.00,0.0,0
1978-06-22,93,72,0.00,0.0,0
1978-06-23,93,73,0.00,0.0,0
1978-06-24,94,75,0.00,0.0,0
1978-06-25,93,76,T,0.0,0
1978-06-26,94,74,0.20,0.0,0
1978-06-27,92,73,1.45,0.0,0
1978-06-28,95,72,0.00,0.0,0
1978-06-29,91,70,2.43,0.0,0
1978-06-30,91,75,T,0.0,0
1978-07-01,93,73,0.00,0.0,0
1978-07-02,92,74,T,0.0,0
1978-07-03,92,75,0.00,0.0,0
1978-07-04,93,76,0.00,0.0,0
1978-07-05,91,76,2.02,0.0,0
1978-07-06,90,75,0.07,0.0,0
1978-07-07,90,74,0.31,0.0,0
1978-07-08,92,74,0.00,0.0,0
1978-07-09,92,75,0.00,0.0,0
1978-07-10,91,73,0.05,0.0,0
1978-07-11,90,75,3.35,0.0,0
1978-07-12,90,74,0.95,0.0,0
1978-07-13,91,74,T,0.0,0
1978-07-14,92,76,T,0.0,0
1978-07-15,91,74,0.09,0.0,0
1978-07-16,92,73,0.01,0.0,0
1978-07-17,91,77,0.00,0.0,0
1978-07-18,91,73,0.20,0.0,0
1978-07-19,89,77,0.31,0.0,0
1978-07-20,89,73,0.39,0.0,0
1978-07-21,88,73,0.50,0.0,0
1978-07-22,88,73,0.08,0.0,0
1978-07-23,87,74,T,0.0,0
1978-07-24,90,74,1.75,0.0,0
1978-07-25,91,73,0.00,0.0,0
1978-07-26,88,73,0.05,0.0,0
1978-07-27,83,75,0.12,0.0,0
1978-07-28,90,74,0.00,0.0,0
1978-07-29,94,77,0.02,0.0,0
1978-07-30,95,79,0.05,0.0,0
1978-07-31,93,76,0.02,0.0,0
1978-08-01,96,76,0.00,0.0,0
1978-08-02,96,77,0.00,0.0,0
1978-08-03,97,77,0.00,0.0,0
1978-08-04,96,80,0.00,0.0,0
1978-08-05,93,79,0.00,0.0,0
1978-08-06,93,78,0.00,0.0,0
1978-08-07,90,76,0.10,0.0,0
1978-08-08,80,75,0.80,0.0,0
1978-08-09,86,74,0.40,0.0,0
1978-08-10,90,77,0.00,0.0,0
1978-08-11,91,77,T,0.0,0
1978-08-12,90,77,0.00,0.0,0
1978-08-13,92,73,0.38,0.0,0
1978-08-14,87,70,2.64,0.0,0
1978-08-15,92,71,0.00,0.0,0
1978-08-16,93,74,0.04,0.0,0
1978-08-17,92,75,0.05,0.0,0
1978-08-18,93,75,0.00,0.0,0
1978-08-19,93,75,0.00,0.0,0
1978-08-20,94,75,1.30,0.0,0
1978-08-21,93,73,0.00,0.0,0
1978-08-22,92,76,4.77,0.0,0
1978-08-23,91,73,0.00,0.0,0
1978-08-24,92,76,0.00,0.0,0
1978-08-25,92,72,0.00,0.0,0
1978-08-26,91,70,0.02,0.0,0
1978-08-27,89,77,0.63,0.0,0
1978-08-28,89,76,1.71,0.0,0
1978-08-29,88,74,1.78,0.0,0
1978-08-30,87,75,0.06,0.0,0
1978-08-31,89,75,0.00,0.0,0
1978-09-01,90,74,0.00,0.0,0
1978-09-02,90,75,0.00,0.0,0
1978-09-03,88,72,0.00,0.0,0
1978-09-04,89,73,0.00,0.0,0
1978-09-05,92,69,0.00,0.0,0
1978-09-06,91,71,T,0.0,0
1978-09-07,89,73,0.02,0.0,0
1978-09-08,85,72,0.01,0.0,0
1978-09-09,83,74,0.26,0.0,0
1978-09-10,88,74,0.01,0.0,0
1978-09-11,91,74,0.00,0.0,0
1978-09-12,90,77,0.11,0.0,0
1978-09-13,93,79,0.00,0.0,0
1978-09-14,89,75,0.35,0.0,0
1978-09-15,90,73,0.08,0.0,0
1978-09-16,88,72,0.00,0.0,0
1978-09-17,92,72,T,0.0,0
1978-09-18,92,76,0.00,0.0,0
1978-09-19,93,75,0.00,0.0,0
1978-09-20,92,72,0.38,0.0,0
1978-09-21,91,70,0.00,0.0,0
1978-09-22,90,71,0.00,0.0,0
1978-09-23,89,77,0.04,0.0,0
1978-09-24,89,77,0.00,0.0,0
1978-09-25,87,76,0.00,0.0,0
1978-09-26,86,75,1.26,0.0,0
1978-09-27,85,73,0.46,0.0,0
1978-09-28,81,74,T,0.0,0
1978-09-29,80,72,T,0.0,0
1978-09-30,85,71,0.00,0.0,0
1978-10-01,85,65,0.00,0.0,0
1978-10-02,86,61,0.00,0.0,0
1978-10-03,86,65,0.00,0.0,0
1978-10-04,85,68,0.00,0.0,0
1978-10-05,87,66,0.00,0.0,0
1978-10-06,78,67,0.00,0.0,0
1978-10-07,73,59,0.00,0.0,0
1978-10-08,73,52,0.00,0.0,0
1978-10-09,78,50,0.00,0.0,0
1978-10-10,83,56,0.00,0.0,0
1978-10-11,86,60,0.00,0.0,0
1978-10-12,88,67,0.00,0.0,0
1978-10-13,86,61,0.00,0.0,0
1978-10-14,73,61,0.00,0.0,0
1978-10-15,72,54,0.00,0.0,0
1978-10-16,83,48,0.00,0.0,0
1978-10-17,68,46,0.00,0.0,0
1978-10-18,77,46,0.00,0.0,0
1978-10-19,80,55,0.00,0.0,0
1978-10-20,83,52,0.00,0.0,0
1978-10-21,84,53,0.00,0.0,0
1978-10-22,82,55,0.00,0.0,0
1978-10-23,81,58,0.00,0.0,0
1978-10-24,81,57,0.00,0.0,0
1978-10-25,84,56,0.00,0.0,0
1978-10-26,84,58,0.00,0.0,0
1978-10-27,82,64,0.00,0.0,0
1978-10-28,81,65,0.00,0.0,0
1978-10-29,82,58,0.00,0.0,0
1978-10-30,83,56,0.00,0.0,0
1978-10-31,83,63,0.00,0.0,0
1978-11-01,83,59,0.00,0.0,0
1978-11-02,83,55,0.00,0.0,0
1978-11-03,83,53,0.00,0.0,0
1978-11-04,84,51,0.00,0.0,0
1978-11-05,82,54,0.00,0.0,0
1978-11-06,84,60,0.20,0.0,0
1978-11-07,67,54,0.00,0.0,0
1978-11-08,65,51,0.00,0.0,0
1978-11-09,71,40,0.00,0.0,0
1978-11-10,80,54,0.00,0.0,0
1978-11-11,82,61,0.00,0.0,0
1978-11-12,82,55,0.00,0.0,0
1978-11-13,81,50,0.00,0.0,0
1978-11-14,82,57,0.00,0.0,0
1978-11-15,84,70,T,0.0,0
1978-11-16,85,72,0.00,0.0,0
1978-11-17,77,61,0.35,0.0,0
1978-11-18,69,56,0.00,0.0,0
1978-11-19,73,61,0.01,0.0,0
1978-11-20,75,57,0.01,0.0,0
1978-11-21,77,56,0.00,0.0,0
1978-11-22,80,57,0.00,0.0,0
1978-11-23,83,60,0.00,0.0,0
1978-11-24,78,62,0.00,0.0,0
1978-11-25,77,63,0.00,0.0,0
1978-11-26,82,65,2.05,0.0,0
1978-11-27,67,61,1.99,0.0,0
1978-11-28,61,56,0.01,0.0,0
1978-11-29,68,57,0.05,0.0,0
1978-11-30,63,50,0.00,0.0,0
1978-12-01,69,44,0.00,0.0,0
1978-12-02,78,52,T,0.0,0
1978-12-03,84,75,0.00,0.0,0
1978-12-04,77,42,2.58,0.0,0
1978-12-05,60,34,0.00,0.0,0
1978-12-06,76,43,0.00,0.0,0
1978-12-07,82,73,T,0.0,0
1978-12-08,82,51,0.15,0.0,0
1978-12-09,51,35,0.34,0.0,0
1978-12-10,45,32,0.00,0.0,0
1978-12-11,49,34,0.00,0.0,0
1978-12-12,55,34,0.00,0.0,0
1978-12-13,63,32,0.00,0.0,0
1978-12-14,53,44,T,0.0,0
1978-12-15,62,43,T,0.0,0
1978-12-16,77,58,0.12,0.0,0
1978-12-17,59,35,0.00,0.0,0
1978-12-18,71,34,0.00,0.0,0
1978-12-19,77,61,0.00,0.0,0
1978-12-20,80,61,0.00,0.0,0
1978-12-21,71,42,0.47,0.0,0
1978-12-22,58,38,0.00,0.0,0
1978-12-23,62,37,0.01,0.0,0
1978-12-24,66,50,0.69,0.0,0
1978-12-25,54,38,0.00,0.0,0
1978-12-26,61,32,0.00,0.0,0
1978-12-27,55,46,0.00,0.0,0
1978-12-28,59,41,0.00,0.0,0
1978-12-29,59,53,T,0.0,0
1978-12-30,76,54,T,0.0,0
1978-12-31,74,68,0.06,0.0,0
1979-01-01,74,37,1.35,0.0,0
1979-01-02,37,26,T,T,0
1979-01-03,39,23,0.00,0.0,0
1979-01-04,47,31,0.00,0.0,0
1979-01-05,63,45,0.00,0.0,0
1979-01-06,72,50,0.80,0.0,0
1979-01-07,67,39,1.00,0.0,0
1979-01-08,41,30,0.00,0.0,0
1979-01-09,40,26,0.00,0.0,0
1979-01-10,53,34,0.00,0.0,0
1979-01-11,47,41,0.02,0.0,0
1979-01-12,51,45,0.20,0.0,0
1979-01-13,65,42,T,0.0,0
1979-01-14,42,27,0.00,0.0,0
1979-01-15,48,25,0.00,0.0,0
1979-01-16,67,43,0.00,0.0,0
1979-01-17,72,49,0.01,0.0,0
1979-01-18,73,54,0.00,0.0,0
1979-01-19,72,58,0.00,0.0,0
1979-01-20,69,46,0.96,0.0,0
1979-01-21,46,37,0.00,0.0,0
1979-01-22,51,29,0.00,0.0,0
1979-01-23,63,37,0.50,0.0,0
1979-01-24,46,31,0.00,0.0,0
1979-01-25,43,30,T,0.0,0
1979-01-26,55,43,0.11,0.0,0
1979-01-27,56,41,0.01,0.0,0
1979-01-28,47,33,0.00,0.0,0
1979-01-29,41,37,0.02,T,0
1979-01-30,47,40,0.57,0.0,0
1979-01-31,45,34,0.00,0.0,0
1979-02-01,43,31,0.00,0.0,0
1979-02-02,57,39,0.00,0.0,0
1979-02-03,68,55,0.46,0.0,0
1979-02-04,57,46,0.54,0.0,0
1979-02-05,46,43,2.11,0.0,0
1979-02-06,53,43,4.15,0.0,0
1979-02-07,47,42,0.00,0.0,0
1979-02-08,55,40,0.00,0.0,0
1979-02-09,50,33,0.00,0.0,0
1979-02-10,49,24,0.00,0.0,0
1979-02-11,63,27,0.00,0.0,0
1979-02-12,71,35,0.00,0.0,0
1979-02-13,70,48,0.01,0.0,0
1979-02-14,77,59,T,0.0,0
1979-02-15,79,58,0.00,0.0,0
1979-02-16,73,48,T,0.0,0
1979-02-17,49,43,T,0.0,0
1979-02-18,53,39,0.47,0.0,0
1979-02-19,53,39,T,0.0,0
1979-02-20,59,46,1.85,0.0,0
1979-02-21,72,53,0.00,0.0,0
1979-02-22,76,62,0.57,0.0,0
1979-02-23,76,60,1.45,0.0,0
1979-02-24,72,53,0.88,0.0,0
1979-02-25,58,44,0.00,0.0,0
1979-02-26,59,40,0.00,0.0,0
1979-02-27,65,35,0.00,0.0,0
1979-02-28,75,50,0.00,0.0,0
1979-03-01,71,55,0.00,0.0,0
1979-03-02,73,60,0.63,0.0,0
1979-03-03,75,62,0.38,0.0,0
1979-03-04,67,51,0.00,0.0,0
1979-03-05,60,47,0.00,0.0,0
1979-03-06,67,41,0.00,0.0,0
1979-03-07,74,51,T,0.0,0
1979-03-08,66,47,0.00,0.0,0
1979-03-09,72,45,0.00,0.0,0
1979-03-10,77,48,0.28,0.0,0
1979-03-11,60,44,T,0.0,0
1979-03-12,69,42,0.00,0.0,0
1979-03-13,73,46,0.00,0.0,0
1979-03-14,75,57,0.00,0.0,0
1979-03-15,65,51,T,0.0,0
1979-03-16,67,54,0.00,0.0,0
1979-03-17,77,57,0.00,0.0,0
1979-03-18,75,63,0.00,0.0,0
1979-03-19,81,61,0.00,0.0,0
1979-03-20,82,60,0.00,0.0,0
1979-03-21,80,57,0.00,0.0,0
1979-03-22,80,67,2.02,0.0,0
1979-03-23,74,55,0.00,0.0,0
1979-03-24,64,44,0.00,0.0,0
1979-03-25,63,38,0.00,0.0,0
1979-03-26,71,40,0.00,0.0,0
1979-03-27,75,42,0.00,0.0,0
1979-03-28,77,48,0.00,0.0,0
1979-03-29,80,64,0.00,0.0,0
1979-03-30,81,67,0.00,0.0,0
1979-03-31,81,66,0.00,0.0,0
1979-04-01,81,68,0.00,0.0,0
1979-04-02,80,70,0.24,0.0,0
1979-04-03,75,62,0.94,0.0,0
1979-04-04,73,61,0.34,0.0,0
1979-04-05,72,49,0.00,0.0,0
1979-04-06,78,46,0.00,0.0,0
1979-04-07,80,47,0.00,0.0,0
1979-04-08,82,66,0.00,0.0,0
1979-04-09,76,68,T,0.0,0
1979-04-10,79,64,T,0.0,0
1979-04-11,83,74,0.00,0.0,0
1979-04-12,81,76,T,0.0,0
1979-04-13,85,70,0.03,0.0,0
1979-04-14,83,64,0.00,0.0,0
1979-04-15,83,61,0.00,0.0,0
1979-04-16,85,54,0.00,0.0,0
1979-04-17,84,52,0.00,0.0,0
1979-04-18,85,65,0.00,0.0,0
1979-04-19,81,59,0.00,0.0,0
1979-04-20,81,63,T,0.0,0
1979-04-21,78,72,0.05,0.0,0
1979-04-22,77,69,2.40,0.0,0
1979-04-23,76,69,0.05,0.0,0
1979-04-24,77,68,0.72,0.0,0
1979-04-25,82,65,T,0.0,0
1979-04-26,84,68,0.10,0.0,0
1979-04-27,76,60,0.00,0.0,0
1979-04-28,76,54,0.00,0.0,0
1979-04-29,73,56,0.03,0.0,0
1979-04-30,79,60,0.00,0.0,0
1979-05-01,84,61,0.00,0.0,0
1979-05-02,85,70,0.02,0.0,0
1979-05-03,86,74,0.00,0.0,0
1979-05-04,82,66,0.56,0.0,0
1979-05-05,78,64,0.06,0.0,0
1979-05-06,78,60,0.00,0.0,0
1979-05-07,86,70,0.05,0.0,0
1979-05-08,86,64,0.00,0.0,0
1979-05-09,87,67,0.00,0.0,0
1979-05-10,90,72,0.00,0.0,0
1979-05-11,90,72,0.00,0.0,0
1979-05-12,84,72,0.25,0.0,0
1979-05-13,73,63,0.22,0.0,0
1979-05-14,81,60,0.00,0.0,0
1979-05-15,85,58,0.00,0.0,0
1979-05-16,90,61,0.00,0.0,0
1979-05-17,88,67,0.00,0.0,0
1979-05-18,85,63,0.13,0.0,0
1979-05-19,85,63,0.00,0.0,0
1979-05-20,86,65,0.00,0.0,0
1979-05-21,86,63,0.00,0.0,0
1979-05-22,86,69,0.42,0.0,0
1979-05-23,85,70,0.77,0.0,0
1979-05-24,84,67,0.00,0.0,0
1979-05-25,77,62,0.00,0.0,0
1979-05-26,77,48,0.00,0.0,0
1979-05-27,83,56,0.00,0.0,0
1979-05-28,86,68,0.00,0.0,0
1979-05-29,88,69,0.45,0.0,0
1979-05-30,79,68,1.45,0.0,0
1979-05-31,86,66,T,0.0,0
1979-06-01,87,77,0.01,0.0,0
1979-06-02,89,74,0.00,0.0,0
1979-06-03,90,73,0.00,0.0,0
1979-06-04,90,75,0.00,0.0,0
1979-06-05,90,74,0.00,0.0,0
1979-06-06,91,72,0.17,0.0,0
1979-06-07,92,75,0.00,0.0,0
1979-06-08,94,71,0.00,0.0,0
1979-06-09,94,73,T,0.0,0
1979-06-10,91,70,T,0.0,0
1979-06-11,85,73,T,0.0,0
1979-06-12,86,69,0.00,0.0,0
1979-06-13,88,64,0.00,0.0,0
1979-06-14,87,64,0.00,0.0,0
1979-06-15,88,65,0.00,0.0,0
1979-06-16,89,66,0.00,0.0,0
1979-06-17,90,68,0.00,0.0,0
1979-06-18,92,75,0.00,0.0,0
1979-06-19,92,72,0.00,0.0,0
1979-06-20,91,69,0.00,0.0,0
1979-06-21,91,69,0.00,0.0,0
1979-06-22,92,72,T,0.0,0
1979-06-23,92,73,0.05,0.0,0
1979-06-24,93,72,0.00,0.0,0
1979-06-25,92,73,0.00,0.0,0
1979-06-26,90,75,0.00,0.0,0
1979-06-27,91,73,0.00,0.0,0
1979-06-28,92,69,0.00,0.0,0
1979-06-29,93,74,0.00,0.0,0
1979-06-30,94,78,0.00,0.0,0
1979-07-01,96,75,T,0.0,0
1979-07-02,95,75,0.00,0.0,0
1979-07-03,94,72,0.00,0.0,0
1979-07-04,95,74,0.00,0.0,0
1979-07-05,97,77,0.00,0.0,0
1979-07-06,95,76,0.00,0.0,0
1979-07-07,95,79,0.00,0.0,0
1979-07-08,93,75,1.53,0.0,0
1979-07-09,84,75,0.13,0.0,0
1979-07-10,79,73,0.85,0.0,0
1979-07-11,83,73,1.78,0.0,0
1979-07-12,89,70,0.40,0.0,0
1979-07-13,94,78,0.13,0.0,0
1979-07-14,91,77,0.13,0.0,0
1979-07-15,93,75,T,0.0,0
1979-07-16,95,77,0.00,0.0,0
1979-07-17,96,75,0.04,0.0,0
1979-07-18,88,76,0.58,0.0,0
1979-07-19,90,75,0.71,0.0,0
1979-07-20,88,76,0.04,0.0,0
1979-07-21,92,74,0.55,0.0,0
1979-07-22,91,77,0.15,0.0,0
1979-07-23,85,78,0.92,0.0,0
1979-07-24,90,80,0.35,0.0,0
1979-07-25,89,74,1.52,0.0,0
1979-07-26,90,81,0.04,0.0,0
1979-07-27,91,79,0.05,0.0,0
1979-07-28,92,81,T,0.0,0
1979-07-29,92,75,0.45,0.0,0
1979-07-30,92,76,0.00,0.0,0
1979-07-31,93,74,1.08,0.0,0
1979-08-01,93,79,0.02,0.0,0
1979-08-02,93,78,0.00,0.0,0
1979-08-03,93,75,0.00,0.0,0
1979-08-04,94,76,0.00,0.0,0
1979-08-05,95,77,T,0.0,0
1979-08-06,95,73,0.25,0.0,0
1979-08-07,92,74,T,0.0,0
1979-08-08,90,74,T,0.0,0
1979-08-09,91,74,0.00,0.0,0
1979-08-10,91,74,0.05,0.0,0
1979-08-11,92,76,0.00,0.0,0
1979-08-12,88,74,0.10,0.0,0
1979-08-13,94,73,0.00,0.0,0
1979-08-14,91,73,0.00,0.0,0
1979-08-15,91,71,T,0.0,0
1979-08-16,92,73,0.00,0.0,0
1979-08-17,92,74,0.00,0.0,0
1979-08-18,91,75,0.05,0.0,0
1979-08-19,92,72,0.00,0.0,0
1979-08-20,91,75,0.05,0.0,0
1979-08-21,88,74,0.11,0.0,0
1979-08-22,91,74,0.15,0.0,0
1979-08-23,89,73,T,0.0,0
1979-08-24,90,71,0.30,0.0,0
1979-08-25,89,72,T,0.0,0
1979-08-26,88,74,1.41,0.0,0
1979-08-27,88,73,0.70,0.0,0
1979-08-28,90,75,0.50,0.0,0
1979-08-29,92,75,0.80,0.0,0
1979-08-30,94,77,0.08,0.0,0
1979-08-31,93,74,T,0.0,0
1979-09-01,94,74,0.30,0.0,0
1979-09-02,88,75,1.21,0.0,0
1979-09-03,87,74,T,0.0,0
1979-09-04,92,74,0.00,0.0,0
1979-09-05,93,76,T,0.0,0
1979-09-06,93,74,0.18,0.0,0
1979-09-07,91,74,0.00,0.0,0
1979-09-08,90,74,0.00,0.0,0
1979-09-09,88,72,0.00,0.0,0
1979-09-10,87,76,0.00,0.0,0
1979-09-11,88,77,0.00,0.0,0
1979-09-12,85,77,0.05,0.0,0
1979-09-13,90,77,T,0.0,0
1979-09-14,82,75,0.02,0.0,0
1979-09-15,83,69,0.00,0.0,0
1979-09-16,79,68,0.25,0.0,0
1979-09-17,87,75,0.26,0.0,0
1979-09-18,89,77,T,0.0,0
1979-09-19,83,77,0.18,0.0,0
1979-09-20,86,78,2.09,0.0,0
1979-09-21,81,70,T,0.0,0
1979-09-22,84,67,0.00,0.0,0
1979-09-23,83,68,0.00,0.0,0
1979-09-24,82,67,0.00,0.0,0
1979-09-25,79,67,0.00,0.0,0
1979-09-26,78,70,0.01,0.0,0
1979-09-27,82,68,0.00,0.0,0
1979-09-28,86,65,0.00,0.0,0
1979-09-29,88,66,0.00,0.0,0
1979-09-30,87,68,0.00,0.0,0
1979-10-01,89,66,0.00,0.0,0
1979-10-02,88,65,0.00,0.0,0
1979-10-03,87,61,0.00,0.0,0
1979-10-04,84,53,T,0.0,0
1979-10-05,81,51,0.00,0.0,0
1979-10-06,85,54,0.00,0.0,0
1979-10-07,87,61,0.00,0.0,0
1979-10-08,85,59,0.00,0.0,0
1979-10-09,90,64,0.00,0.0,0
1979-10-10,75,48,T,0.0,0
1979-10-11,77,46,0.00,0.0,0
1979-10-12,83,54,0.00,0.0,0
1979-10-13,85,58,0.00,0.0,0
1979-10-14,74,54,0.00,0.0,0
1979-10-15,80,58,0.00,0.0,0
1979-10-16,85,59,0.00,0.0,0
1979-10-17,84,62,0.00,0.0,0
1979-10-18,88,61,0.00,0.0,0
1979-10-19,88,67,0.00,0.0,0
1979-10-20,87,72,0.00,0.0,0
1979-10-21,90,75,T,0.0,0
1979-10-22,83,69,0.60,0.0,0
1979-10-23,72,57,0.00,0.0,0
1979-10-24,73,57,0.00,0.0,0
1979-10-25,73,49,0.00,0.0,0
1979-10-26,79,47,0.00,0.0,0
1979-10-27,84,50,0.00,0.0,0
1979-10-28,82,59,0.00,0.0,0
1979-10-29,84,62,T,0.0,0
1979-10-30,87,70,T,0.0,0
1979-10-31,78,65,0.89,0.0,0
1979-11-01,71,62,0.00,0.0,0
1979-11-02,73,58,0.00,0.0,0
1979-11-03,70,56,0.00,0.0,0
1979-11-04,68,43,0.00,0.0,0
1979-11-05,72,44,0.00,0.0,0
1979-11-06,75,48,0.00,0.0,0
1979-11-07,69,48,0.00,0.0,0
1979-11-08,77,47,0.00,0.0,0
1979-11-09,86,67,0.25,0.0,0
1979-11-10,68,56,0.20,0.0,0
1979-11-11,57,53,1.07,0.0,0
1979-11-12,65,49,0.00,0.0,0
1979-11-13,61,50,0.00,0.0,0
1979-11-14,60,45,0.00,0.0,0
1979-11-15,63,39,0.00,0.0,0
1979-11-16,70,34,0.00,0.0,0
1979-11-17,71,34,0.00,0.0,0
1979-11-18,75,40,0.00,0.0,0
1979-11-19,80,50,0.00,0.0,0
1979-11-20,79,49,0.00,0.0,0
1979-11-21,81,65,T,0.0,0
1979-11-22,79,54,T,0.0,0
1979-11-23,54,44,0.63,0.0,0
1979-11-24,56,44,0.25,0.0,0
1979-11-25,59,43,1.79,0.0,0
1979-11-26,74,42,0.00,0.0,0
1979-11-27,80,50,0.00,0.0,0
1979-11-28,68,44,0.08,0.0,0
1979-11-29,49,36,0.00,0.0,0
1979-11-30,46,28,0.00,0.0,0
1979-12-01,54,27,0.00,0.0,0
1979-12-02,55,32,0.00,0.0,0
1979-12-03,49,37,0.00,0.0,0
1979-12-04,59,31,0.00,0.0,0
1979-12-05,68,33,T,0.0,0
1979-12-06,68,50,0.43,0.0,0
1979-12-07,64,35,0.00,0.0,0
1979-12-08,67,34,0.00,0.0,0
1979-12-09,62,36,0.00,0.0,0
1979-12-10,73,34,0.00,0.0,0
1979-12-11,81,54,T,0.0,0
1979-12-12,81,63,0.00,0.0,0
1979-12-13,77,52,0.78,0.0,0
1979-12-14,57,51,T,0.0,0
1979-12-15,54,47,0.05,0.0,0
1979-12-16,62,50,0.02,0.0,0
1979-12-17,50,33,0.00,0.0,0
1979-12-18,47,26,0.00,0.0,0
1979-12-19,60,27,0.00,0.0,0
1979-12-20,70,42,0.00,0.0,0
1979-12-21,72,51,0.00,0.0,0
1979-12-22,65,56,0.65,0.0,0
1979-12-23,76,65,0.28,0.0,0
1979-12-24,71,49,0.54,0.0,0
1979-12-25,65,37,0.00,0.0,0
1979-12-26,64,32,0.00,0.0,0
1979-12-27,66,33,0.00,0.0,0
1979-12-28,62,34,0.00,0.0,0
1979-12-29,63,48,0.32,0.0,0
1979-12-30,55,45,0.00,0.0,0
1979-12-31,54,37,0.00,0.0,0
1980-01-01,60,33,0.00,0.0,0
1980-01-02,64,30,0.00,0.0,0
1980-01-03,69,45,T,0.0,0
1980-01-04,50,37,T,0.0,0
1980-01-05,53,27,0.00,0.0,0
1980-01-06,65,29,0.00,0.0,0
1980-01-07,75,58,0.12,0.0,0
1980-01-08,62,52,0.00,0.0,0
1980-01-09,64,56,0.96,0.0,0
1980-01-10,74,57,T,0.0,0
1980-01-11,79,59,2.35,0.0,0
1980-01-12,60,49,0.00,0.0,0
1980-01-13,66,48,0.03,0.0,0
1980-01-14,66,55,0.00,0.0,0
1980-01-15,74,55,0.00,0.0,0
1980-01-16,76,60,0.03,0.0,0
1980-01-17,67,61,1.95,0.0,0
1980-01-18,68,52,0.00,0.0,0
1980-01-19,68,50,0.00,0.0,0
1980-01-20,70,50,0.00,0.0,0
1980-01-21,70,57,0.00,0.0,0
1980-01-22,75,50,0.60,0.0,0
1980-01-23,52,35,0.00,0.0,0
1980-01-24,63,33,0.00,0.0,0
1980-01-25,59,52,0.13,0.0,0
1980-01-26,62,57,0.04,0.0,0
1980-01-27,58,48,0.00,0.0,0
1980-01-28,52,39,0.00,0.0,0
1980-01-29,65,38,0.00,0.0,0
1980-01-30,75,50,0.15,0.0,0
1980-01-31,66,30,0.01,0.0,0
1980-02-01,43,27,0.00,0.0,0
1980-02-02,41,31,0.00,0.0,0
1980-02-03,53,33,0.00,0.0,0
1980-02-04,57,29,0.00,0.0,0
1980-02-05,69,38,0.18,0.0,0
1980-02-06,61,40,0.00,0.0,0
1980-02-07,53,37,0.00,0.0,0
1980-02-08,69,45,0.00,0.0,0
1980-02-09,66,39,0.51,0.0,0
1980-02-10,47,35,0.00,0.0,0
1980-02-11,48,27,0.00,0.0,0
1980-02-12,47,41,0.00,0.0,0
1980-02-13,52,43,T,0.0,0
1980-02-14,66,48,0.00,0.0,0
1980-02-15,75,46,T,0.0,0
1980-02-16,64,36,0.12,0.0,0
1980-02-17,44,28,0.00,0.0,0
1980-02-18,57,34,0.00,0.0,0
1980-02-19,74,50,0.00,0.0,0
1980-02-20,79,58,0.00,0.0,0
1980-02-21,79,55,0.00,0.0,0
1980-02-22,78,62,2.27,0.0,0
1980-02-23,71,62,0.00,0.0,0
1980-02-24,68,59,0.00,0.0,0
1980-02-25,68,48,0.00,0.0,0
1980-02-26,51,36,0.00,0.0,0
1980-02-27,66,35,0.00,0.0,0
1980-02-28,74,42,0.00,0.0,0
1980-02-29,75,54,0.01,0.0,0
1980-03-01,64,27,0.28,0.0,0
1980-03-02,42,25,T,T,0
1980-03-03,51,25,0.00,0.0,0
1980-03-04,65,42,0.12,0.0,0
1980-03-05,80,53,T,0.0,0
1980-03-06,64,49,0.00,0.0,0
1980-03-07,78,62,T,0.0,0
1980-03-08,84,69,T,0.0,0
1980-03-09,76,66,1.06,0.0,0
1980-03-10,82,66,0.02,0.0,0
1980-03-11,73,64,T,0.0,0
1980-03-12,81,67,T,0.0,0
1980-03-13,79,60,0.00,0.0,0
1980-03-14,66,51,0.00,0.0,0
1980-03-15,71,52,0.00,0.0,0
1980-03-16,78,61,T,0.0,0
1980-03-17,77,52,1.99,0.0,0
1980-03-18,62,46,0.00,0.0,0
1980-03-19,69,48,0.03,0.0,0
1980-03-20,79,64,0.53,0.0,0
1980-03-21,69,53,0.00,0.0,0
1980-03-22,68,49,0.00,0.0,0
1980-03-23,73,50,0.00,0.0,0
1980-03-24,78,58,T,0.0,0
1980-03-25,67,52,0.10,0.0,0
1980-03-26,63,57,1.02,0.0,0
1980-03-27,72,58,0.24,0.0,0
1980-03-28,71,62,1.44,0.0,0
1980-03-29,71,60,3.25,0.0,0
1980-03-30,70,52,0.00,0.0,0
1980-03-31,73,47,0.00,0.0,0
1980-04-01,75,54,0.00,0.0,0
1980-04-02,72,64,4.85,0.0,0
1980-04-03,80,65,0.00,0.0,0
1980-04-04,72,59,T,0.0,0
1980-04-05,71,55,0.00,0.0,0
1980-04-06,74,53,0.82,0.0,0
1980-04-07,71,61,0.16,0.0,0
1980-04-08,81,60,0.11,0.0,0
1980-04-09,75,51,0.00,0.0,0
1980-04-10,78,45,0.00,0.0,0
1980-04-11,80,58,0.00,0.0,0
1980-04-12,75,63,5.27,0.0,0
1980-04-13,72,49,3.28,0.0,0
1980-04-14,64,44,0.00,0.0,0
1980-04-15,75,52,0.00,0.0,0
1980-04-16,75,50,0.00,0.0,0
1980-04-17,76,47,0.00,0.0,0
1980-04-18,73,53,0.70,0.0,0
1980-04-19,73,54,0.00,0.0,0
1980-04-20,80,51,0.00,0.0,0
1980-04-21,84,55,0.00,0.0,0
1980-04-22,85,62,0.00,0.0,0
1980-04-23,83,62,0.00,0.0,0
1980-04-24,82,53,0.00,0.0,0
1980-04-25,84,67,0.92,0.0,0
1980-04-26,85,62,0.01,0.0,0
1980-04-27,67,52,0.00,0.0,0
1980-04-28,77,50,0.00,0.0,0
1980-04-29,83,56,0.00,0.0,0
1980-04-30,79,64,0.00,0.0,0
1980-05-01,83,66,T,0.0,0
1980-05-02,83,68,0.00,0.0,0
1980-05-03,84,64,T,0.0,0
1980-05-04,83,62,0.00,0.0,0
1980-05-05,86,57,0.00,0.0,0
1980-05-06,91,68,0.00,0.0,0
1980-05-07,87,70,T,0.0,0
1980-05-08,89,70,0.31,0.0,0
1980-05-09,82,62,0.11,0.0,0
1980-05-10,86,60,0.00,0.0,0
1980-05-11,88,73,0.00,0.0,0
1980-05-12,89,74,0.00,0.0,0
1980-05-13,85,75,0.02,0.0,0
1980-05-14,86,73,0.49,0.0,0
1980-05-15,86,74,0.28,0.0,0
1980-05-16,81,70,4.49,0.0,0
1980-05-17,83,69,1.30,0.0,0
1980-05-18,87,70,2.23,0.0,0
1980-05-19,81,72,0.30,0.0,0
1980-05-20,84,70,0.00,0.0,0
1980-05-21,82,66,0.11,0.0,0
1980-05-22,87,68,0.01,0.0,0
1980-05-23,89,71,0.00,0.0,0
1980-05-24,89,67,T,0.0,0
1980-05-25,92,72,0.00,0.0,0
1980-05-26,93,75,0.00,0.0,0
1980-05-27,91,72,T,0.0,0
1980-05-28,90,73,0.00,0.0,0
1980-05-29,89,69,0.00,0.0,0
1980-05-30,90,75,0.00,0.0,0
1980-05-31,89,71,0.00,0.0,0
1980-06-01,89,67,0.00,0.0,0
1980-06-02,89,74,0.00,0.0,0
1980-06-03,93,70,0.00,0.0,0
1980-06-04,92,69,0.00,0.0,0
1980-06-05,93,70,0.00,0.0,0
1980-06-06,94,75,0.00,0.0,0
1980-06-07,95,78,0.00,0.0,0
1980-06-08,96,74,T,0.0,0
1980-06-09,87,77,0.00,0.0,0
1980-06-10,88,68,0.00,0.0,0
1980-06-11,93,65,0.00,0.0,0
1980-06-12,95,67,0.00,0.0,0
1980-06-13,95,66,0.00,0.0,0
1980-06-14,93,69,0.00,0.0,0
1980-06-15,93,77,0.00,0.0,0
1980-06-16,93,67,0.00,0.0,0
1980-06-17,95,70,1.49,0.0,0
1980-06-18,94,77,0.31,0.0,0
1980-06-19,95,75,0.45,0.0,0
1980-06-20,91,74,0.22,0.0,0
1980-06-21,93,71,0.00,0.0,0
1980-06-22,92,74,0.05,0.0,0
1980-06-23,93,74,0.98,0.0,0
1980-06-24,95,75,0.19,0.0,0
1980-06-25,96,76,0.00,0.0,0
1980-06-26,96,81,0.00,0.0,0
1980-06-27,92,80,T,0.0,0
1980-06-28,95,79,0.00,0.0,0
1980-06-29,96,80,0.00,0.0,0
1980-06-30,97,79,0.00,0.0,0
1980-07-01,99,81,0.00,0.0,0
1980-07-02,96,74,0.00,0.0,0
1980-07-03,94,73,0.00,0.0,0
1980-07-04,96,78,0.00,0.0,0
1980-07-05,96,75,T,0.0,0
1980-07-06,96,76,0.00,0.0,0
1980-07-07,100,78,0.04,0.0,0
1980-07-08,97,75,0.00,0.0,0
1980-07-09,95,77,0.02,0.0,0
1980-07-10,95,75,0.00,0.0,0
1980-07-11,98,75,0.00,0.0,0
1980-07-12,99,80,0.00,0.0,0
1980-07-13,97,80,0.00,0.0,0
1980-07-14,99,79,0.00,0.0,0
1980-07-15,100,81,0.00,0.0,0
1980-07-16,101,81,T,0.0,0
1980-07-17,97,76,0.00,0.0,0
1980-07-18,95,76,0.75,0.0,0
1980-07-19,94,75,1.84,0.0,0
1980-07-20,91,75,0.70,0.0,0
1980-07-21,92,77,0.07,0.0,0
1980-07-22,90,76,T,0.0,0
1980-07-23,89,78,0.16,0.0,0
1980-07-24,93,79,0.12,0.0,0
1980-07-25,92,77,0.87,0.0,0
1980-07-26,86,75,0.00,0.0,0
1980-07-27,92,79,0.18,0.0,0
1980-07-28,86,76,0.09,0.0,0
1980-07-29,94,71,0.00,0.0,0
1980-07-30,97,75,0.00,0.0,0
1980-07-31,96,75,0.00,0.0,0
1980-08-01,93,73,T,0.0,0
1980-08-02,94,74,0.00,0.0,0
1980-08-03,94,80,0.00,0.0,0
1980-08-04,96,79,0.00,0.0,0
1980-08-05,94,76,0.15,0.0,0
1980-08-06,95,74,0.14,0.0,0
1980-08-07,96,80,0.00,0.0,0
1980-08-08,96,80,0.00,0.0,0
1980-08-09,95,79,0.00,0.0,0
1980-08-10,94,77,T,0.0,0
1980-08-11,94,77,0.43,0.0,0
1980-08-12,95,77,0.00,0.0,0
1980-08-13,93,78,0.17,0.0,0
1980-08-14,93,77,0.05,0.0,0
1980-08-15,95,77,0.00,0.0,0
1980-08-16,90,78,T,0.0,0
1980-08-17,96,76,0.00,0.0,0
1980-08-18,97,75,0.00,0.0,0
1980-08-19,96,75,0.00,0.0,0
1980-08-20,97,76,0.00,0.0,0
1980-08-21,99,79,0.00,0.0,0
1980-08-22,102,78,0.00,0.0,0
1980-08-23,97,75,0.00,0.0,0
1980-08-24,95,77,T,0.0,0
1980-08-25,97,75,0.00,0.0,0
1980-08-26,92,73,T,0.0,0
1980-08-27,92,71,0.20,0.0,0
1980-08-28,93,69,0.00,0.0,0
1980-08-29,94,72,0.00,0.0,0
1980-08-30,94,75,0.54,0.0,0
1980-08-31,96,74,0.00,0.0,0
1980-09-01,95,75,0.09,0.0,0
1980-09-02,94,73,T,0.0,0
1980-09-03,93,77,0.02,0.0,0
1980-09-04,82,77,1.16,0.0,0
1980-09-05,84,78,0.50,0.0,0
1980-09-06,89,78,0.09,0.0,0
1980-09-07,94,77,0.00,0.0,0
1980-09-08,96,75,0.00,0.0,0
1980-09-09,98,75,0.00,0.0,0
1980-09-10,101,73,0.00,0.0,0
1980-09-11,98,79,0.00,0.0,0
1980-09-12,93,75,0.01,0.0,0
1980-09-13,94,72,0.00,0.0,0
1980-09-14,97,72,0.00,0.0,0
1980-09-15,96,73,0.00,0.0,0
1980-09-16,93,73,0.50,0.0,0
1980-09-17,83,72,0.43,0.0,0
1980-09-18,85,70,0.00,0.0,0
1980-09-19,92,75,0.10,0.0,0
1980-09-20,92,78,0.04,0.0,0
1980-09-21,95,75,0.00,0.0,0
1980-09-22,93,75,0.00,0.0,0
1980-09-23,91,75,2.77,0.0,0
1980-09-24,93,73,0.05,0.0,0
1980-09-25,93,76,0.13,0.0,0
1980-09-26,90,75,0.00,0.0,0
1980-09-27,88,76,0.00,0.0,0
1980-09-28,94,74,0.00,0.0,0
1980-09-29,94,78,0.04,0.0,0
1980-09-30,82,71,0.38,0.0,0
1980-10-01,83,65,0.00,0.0,0
1980-10-02,87,62,0.00,0.0,0
1980-10-03,83,57,0.00,0.0,0
1980-10-04,83,52,0.00,0.0,0
1980-10-05,78,63,0.00,0.0,0
1980-10-06,76,59,0.00,0.0,0
1980-10-07,79,53,0.00,0.0,0
1980-10-08,84,48,0.00,0.0,0
1980-10-09,86,51,0.00,0.0,0
1980-10-10,88,55,0.00,0.0,0
1980-10-11,91,62,0.00,0.0,0
1980-10-12,80,50,0.00,0.0,0
1980-10-13,78,50,0.00,0.0,0
1980-10-14,84,49,0.00,0.0,0
1980-10-15,86,56,0.00,0.0,0
1980-10-16,90,70,0.00,0.0,0
1980-10-17,91,78,0.00,0.0,0
1980-10-18,82,72,1.71,0.0,0
1980-10-19,76,67,0.13,0.0,0
1980-10-20,69,61,0.00,0.0,0
1980-10-21,74,56,0.00,0.0,0
1980-10-22,81,57,0.00,0.0,0
1980-10-23,83,68,1.44,0.0,0
1980-10-24,83,59,0.00,0.0,0
1980-10-25,68,45,0.00,0.0,0
1980-10-26,77,42,0.00,0.0,0
1980-10-27,84,67,0.07,0.0,0
1980-10-28,78,61,1.51,0.0,0
1980-10-29,61,54,1.01,0.0,0
1980-10-30,65,52,T,0.0,0
1980-10-31,68,46,0.00,0.0,0
1980-11-01,71,43,0.00,0.0,0
1980-11-02,72,48,0.00,0.0,0
1980-11-03,80,54,0.00,0.0,0
1980-11-04,82,56,0.00,0.0,0
1980-11-05,75,45,0.00,0.0,0
1980-11-06,79,45,0.00,0.0,0
1980-11-07,80,53,0.00,0.0,0
1980-11-08,81,56,0.00,0.0,0
1980-11-09,82,55,0.00,0.0,0
1980-11-10,79,53,0.00,0.0,0
1980-11-11,77,64,0.00,0.0,0
1980-11-12,70,60,0.00,0.0,0
1980-11-13,76,61,T,0.0,0
1980-11-14,83,70,T,0.0,0
1980-11-15,81,64,T,0.0,0
1980-11-16,73,65,0.00,0.0,0
1980-11-17,75,52,0.10,0.0,0
1980-11-18,52,45,0.00,0.0,0
1980-11-19,53,41,0.00,0.0,0
1980-11-20,57,38,0.00,0.0,0
1980-11-21,59,41,0.00,0.0,0
1980-11-22,57,47,1.33,0.0,0
1980-11-23,68,57,0.04,0.0,0
1980-11-24,65,47,0.00,0.0,0
1980-11-25,58,48,T,0.0,0
1980-11-26,57,42,2.38,0.0,0
1980-11-27,54,41,0.00,0.0,0
1980-11-28,58,39,0.00,0.0,0
1980-11-29,69,36,0.00,0.0,0
1980-11-30,71,37,0.00,0.0,0
1980-12-01,76,42,T,0.0,0
1980-12-02,78,56,0.00,0.0,0
1980-12-03,63,45,0.00,0.0,0
1980-12-04,71,41,0.00,0.0,0
1980-12-05,76,50,0.00,0.0,0
1980-12-06,79,52,0.00,0.0,0
1980-12-07,80,52,0.00,0.0,0
1980-12-08,80,63,0.00,0.0,0
1980-12-09,82,60,0.83,0.0,0
1980-12-10,60,47,0.22,0.0,0
1980-12-11,56,40,0.00,0.0,0
1980-12-12,63,35,0.00,0.0,0
1980-12-13,64,37,0.00,0.0,0
1980-12-14,65,39,0.00,0.0,0
1980-12-15,69,37,0.12,0.0,0
1980-12-16,67,52,0.03,0.0,0
1980-12-17,57,40,0.00,0.0,0
1980-12-18,70,38,0.00,0.0,0
1980-12-19,75,44,0.00,0.0,0
1980-12-20,51,37,0.00,0.0,0
1980-12-21,49,34,0.00,0.0,0
1980-12-22,57,36,0.00,0.0,0
1980-12-23,74,51,0.00,0.0,0
1980-12-24,71,40,0.34,0.0,0
1980-12-25,44,33,0.00,0.0,0
1980-12-26,52,27,0.00,0.0,0
1980-12-27,52,31,0.00,0.0,0
1980-12-28,55,38,0.00,0.0,0
1980-12-29,67,35,0.00,0.0,0
1980-12-30,58,33,0.00,0.0,0
1980-12-31,65,31,0.00,0.0,0
1981-01-01,68,37,0.00,0.0,0
1981-01-02,56,36,0.00,0.0,0
1981-01-03,65,31,0.00,0.0,0
1981-01-04,62,45,0.00,0.0,0
1981-01-05,51,37,0.00,0.0,0
1981-01-06,68,44,0.41,0.0,0
1981-01-07,55,40,0.01,0.0,0
1981-01-08,53,29,0.00,0.0,0
1981-01-09,58,33,T,0.0,0
1981-01-10,55,32,0.00,0.0,0
1981-01-11,50,34,0.00,0.0,0
1981-01-12,40,22,0.00,0.0,0
1981-01-13,53,17,0.00,0.0,0
1981-01-14,56,35,0.02,0.0,0
1981-01-15,62,40,0.00,0.0,0
1981-01-16,56,42,0.00,0.0,0
1981-01-17,49,36,0.00,0.0,0
1981-01-18,53,33,0.00,0.0,0
1981-01-19,51,32,T,0.0,0
1981-01-20,49,40,0.35,0.0,0
1981-01-21,47,44,0.00,0.0,0
1981-01-22,53,41,0.00,0.0,0
1981-01-23,59,40,0.00,0.0,0
1981-01-24,67,31,0.00,0.0,0
1981-01-25,73,42,0.00,0.0,0
1981-01-26,73,47,0.00,0.0,0
1981-01-27,74,47,0.01,0.0,0
1981-01-28,67,46,0.00,0.0,0
1981-01-29,76,36,0.00,0.0,0
1981-01-30,72,52,0.00,0.0,0
1981-01-31,67,48,0.14,0.0,0
1981-02-01,75,47,1.00,0.0,0
1981-02-02,51,37,0.00,0.0,0
1981-02-03,50,35,0.00,0.0,0
1981-02-04,56,37,0.00,0.0,0
1981-02-05,48,43,0.75,0.0,0
1981-02-06,53,44,1.29,0.0,0
1981-02-07,57,50,T,0.0,0
1981-02-08,62,43,0.00,0.0,0
1981-02-09,71,42,0.09,0.0,0
1981-02-10,76,61,4.33,0.0,0
1981-02-11,62,29,0.00,0.0,0
1981-02-12,42,26,0.00,0.0,0
1981-02-13,45,37,T,0.0,0
1981-02-14,50,41,0.01,0.0,0
1981-02-15,56,48,0.78,0.0,0
1981-02-16,64,55,0.03,0.0,0
1981-02-17,68,56,T,0.0,0
1981-02-18,68,50,0.02,0.0,0
1981-02-19,74,45,0.00,0.0,0
1981-02-20,79,60,0.00,0.0,0
1981-02-21,74,59,0.00,0.0,0
1981-02-22,71,50,0.04,0.0,0
1981-02-23,74,48,0.00,0.0,0
1981-02-24,78,41,0.00,0.0,0
1981-02-25,76,50,0.00,0.0,0
1981-02-26,78,46,0.00,0.0,0
1981-02-27,81,46,0.00,0.0,0
1981-02-28,79,52,0.00,0.0,0
1981-03-01,76,62,0.03,0.0,0
1981-03-02,71,56,0.00,0.0,0
1981-03-03,70,52,0.00,0.0,0
1981-03-04,77,58,0.04,0.0,0
1981-03-05,75,55,0.00,0.0,0
1981-03-06,65,50,0.00,0.0,0
1981-03-07,64,55,0.00,0.0,0
1981-03-08,65,46,0.03,0.0,0
1981-03-09,70,46,0.00,0.0,0
1981-03-10,67,48,0.00,0.0,0
1981-03-11,72,49,0.00,0.0,0
1981-03-12,68,50,0.00,0.0,0
1981-03-13,65,49,0.03,0.0,0
1981-03-14,75,41,0.00,0.0,0
1981-03-15,79,44,0.00,0.0,0
1981-03-16,73,50,0.00,0.0,0
1981-03-17,75,43,0.00,0.0,0
1981-03-18,81,48,T,0.0,0
1981-03-19,64,46,0.00,0.0,0
1981-03-20,68,41,0.00,0.0,0
1981-03-21,70,46,1.12,0.0,0
1981-03-22,74,53,0.06,0.0,0
1981-03-23,69,52,0.00,0.0,0
1981-03-24,73,46,0.00,0.0,0
1981-03-25,71,46,0.00,0.0,0
1981-03-26,73,51,0.00,0.0,0
1981-03-27,76,55,0.00,0.0,0
1981-03-28,76,61,0.00,0.0,0
1981-03-29,75,67,1.18,0.0,0
1981-03-30,84,64,0.20,0.0,0
1981-03-31,80,65,0.01,0.0,0
1981-04-01,74,60,0.06,0.0,0
1981-04-02,78,60,0.00,0.0,0
1981-04-03,81,67,0.00,0.0,0
1981-04-04,82,71,0.04,0.0,0
1981-04-05,74,52,0.07,0.0,0
1981-04-06,74,44,0.00,0.0,0
1981-04-07,75,46,0.00,0.0,0
1981-04-08,79,63,0.00,0.0,0
1981-04-09,81,65,0.00,0.0,0
1981-04-10,80,58,0.00,0.0,0
1981-04-11,82,64,0.00,0.0,0
1981-04-12,83,68,0.00,0.0,0
1981-04-13,83,61,0.00,0.0,0
1981-04-14,82,60,0.00,0.0,0
1981-04-15,86,58,0.00,0.0,0
1981-04-16,84,62,0.30,0.0,0
1981-04-17,85,68,0.00,0.0,0
1981-04-18,84,63,0.00,0.0,0
1981-04-19,84,68,0.00,0.0,0
1981-04-20,86,61,0.00,0.0,0
1981-04-21,84,64,0.00,0.0,0
1981-04-22,84,65,0.00,0.0,0
1981-04-23,82,64,0.16,0.0,0
1981-04-24,78,61,0.00,0.0,0
1981-04-25,78,61,0.00,0.0,0
1981-04-26,81,54,0.00,0.0,0
1981-04-27,82,54,0.00,0.0,0
1981-04-28,87,60,0.00,0.0,0
1981-04-29,85,66,0.21,0.0,0
1981-04-30,88,69,1.44,0.0,0
1981-05-01,86,67,0.00,0.0,0
1981-05-02,80,67,0.00,0.0,0
1981-05-03,83,62,0.00,0.0,0
1981-05-04,82,69,0.40,0.0,0
1981-05-05,86,68,2.79,0.0,0
1981-05-06,76,67,T,0.0,0
1981-05-07,74,66,0.00,0.0,0
1981-05-08,81,57,0.00,0.0,0
1981-05-09,85,61,0.00,0.0,0
1981-05-10,79,64,0.37,0.0,0
1981-05-11,78,60,0.00,0.0,0
1981-05-12,79,57,0.00,0.0,0
1981-05-13,83,55,0.00,0.0,0
1981-05-14,87,67,0.30,0.0,0
1981-05-15,79,63,0.00,0.0,0
1981-05-16,83,61,0.00,0.0,0
1981-05-17,88,73,0.00,0.0,0
1981-05-18,90,76,T,0.0,0
1981-05-19,90,67,0.14,0.0,0
1981-05-20,73,63,0.00,0.0,0
1981-05-21,82,53,0.00,0.0,0
1981-05-22,85,57,0.00,0.0,0
1981-05-23,86,65,0.00,0.0,0
1981-05-24,88,63,0.00,0.0,0
1981-05-25,86,73,1.35,0.0,0
1981-05-26,87,72,0.00,0.0,0
1981-05-27,89,71,0.00,0.0,0
1981-05-28,90,68,0.00,0.0,0
1981-05-29,92,74,0.00,0.0,0
1981-05-30,92,76,0.00,0.0,0
1981-05-31,89,68,0.00,0.0,0
1981-06-01,89,73,1.30,0.0,0
1981-06-02,91,73,0.00,0.0,0
1981-06-03,91,75,0.00,0.0,0
1981-06-04,89,77,0.07,0.0,0
1981-06-05,88,80,T,0.0,0
1981-06-06,93,80,0.00,0.0,0
1981-06-07,89,76,1.05,0.0,0
1981-06-08,93,76,0.18,0.0,0
1981-06-09,94,78,0.00,0.0,0
1981-06-10,94,73,3.25,0.0,0
1981-06-11,92,75,0.03,0.0,0
1981-06-12,93,80,T,0.0,0
1981-06-13,93,80,0.00,0.0,0
1981-06-14,93,79,0.00,0.0,0
1981-06-15,93,80,0.00,0.0,0
1981-06-16,93,73,0.00,0.0,0
1981-06-17,95,77,0.00,0.0,0
1981-06-18,94,78,0.00,0.0,0
1981-06-19,95,76,0.00,0.0,0
1981-06-20,95,76,0.00,0.0,0
1981-06-21,96,75,0.00,0.0,0
1981-06-22,95,75,0.45,0.0,0
1981-06-23,87,74,0.03,0.0,0
1981-06-24,87,72,1.38,0.0,0
1981-06-25,90,73,0.64,0.0,0
1981-06-26,92,74,0.04,0.0,0
1981-06-27,91,74,0.00,0.0,0
1981-06-28,93,71,0.00,0.0,0
1981-06-29,87,74,0.05,0.0,0
1981-06-30,91,70,0.00,0.0,0
1981-07-01,89,71,0.05,0.0,0
1981-07-02,80,73,0.31,0.0,0
1981-07-03,88,71,0.03,0.0,0
1981-07-04,91,75,0.05,0.0,0
1981-07-05,90,75,0.47,0.0,0
1981-07-06,93,75,T,0.0,0
1981-07-07,95,77,T,0.0,0
1981-07-08,94,74,0.00,0.0,0
1981-07-09,96,79,0.07,0.0,0
1981-07-10,96,75,T,0.0,0
1981-07-11,86,73,0.04,0.0,0
1981-07-12,92,75,0.01,0.0,0
1981-07-13,94,73,0.00,0.0,0
1981-07-14,95,77,0.00,0.0,0
1981-07-15,95,78,0.00,0.0,0
1981-07-16,96,78,0.00,0.0,0
1981-07-17,94,79,0.00,0.0,0
1981-07-18,96,77,0.00,0.0,0
1981-07-19,95,79,0.00,0.0,0
1981-07-20,96,77,0.00,0.0,0
1981-07-21,97,79,0.00,0.0,0
1981-07-22,99,78,0.00,0.0,0
1981-07-23,101,77,0.00,0.0,0
1981-07-24,98,79,0.00,0.0,0
1981-07-25,94,78,0.04,0.0,0
1981-07-26,96,79,T,0.0,0
1981-07-27,96,77,0.05,0.0,0
1981-07-28,94,74,0.00,0.0,0
1981-07-29,96,73,0.80,0.0,0
1981-07-30,94,76,T,0.0,0
1981-07-31,94,75,0.00,0.0,0
1981-08-01,94,74,0.00,0.0,0
1981-08-02,92,72,0.40,0.0,0
1981-08-03,92,74,0.00,0.0,0
1981-08-04,90,74,1.57,0.0,0
1981-08-05,90,74,0.00,0.0,0
1981-08-06,93,74,0.00,0.0,0
1981-08-07,92,75,0.00,0.0,0
1981-08-08,92,75,0.00,0.0,0
1981-08-09,93,75,0.00,0.0,0
1981-08-10,92,72,1.97,0.0,0
1981-08-11,93,72,0.00,0.0,0
1981-08-12,94,72,0.00,0.0,0
1981-08-13,92,73,0.38,0.0,0
1981-08-14,94,73,0.00,0.0,0
1981-08-15,97,75,0.00,0.0,0
1981-08-16,95,78,0.25,0.0,0
1981-08-17,96,78,0.30,0.0,0
1981-08-18,97,77,T,0.0,0
1981-08-19,94,76,0.11,0.0,0
1981-08-20,90,78,0.00,0.0,0
1981-08-21,90,74,0.00,0.0,0
1981-08-22,90,73,0.00,0.0,0
1981-08-23,91,73,0.16,0.0,0
1981-08-24,89,73,1.38,0.0,0
1981-08-25,91,72,0.00,0.0,0
1981-08-26,92,71,0.00,0.0,0
1981-08-27,90,72,0.15,0.0,0
1981-08-28,87,73,0.64,0.0,0
1981-08-29,87,75,1.65,0.0,0
1981-08-30,90,75,2.14,0.0,0
1981-08-31,94,74,0.00,0.0,0
1981-09-01,89,74,0.94,0.0,0
1981-09-02,90,77,T,0.0,0
1981-09-03,92,73,1.92,0.0,0
1981-09-04,88,73,0.00,0.0,0
1981-09-05,90,77,0.00,0.0,0
1981-09-06,89,75,0.00,0.0,0
1981-09-07,92,72,0.00,0.0,0
1981-09-08,92,77,0.00,0.0,0
1981-09-09,86,73,0.00,0.0,0
1981-09-10,86,65,0.00,0.0,0
1981-09-11,91,65,0.00,0.0,0
1981-09-12,92,71,0.00,0.0,0
1981-09-13,93,74,0.05,0.0,0
1981-09-14,92,72,1.17,0.0,0
1981-09-15,86,74,0.70,0.0,0
1981-09-16,87,71,0.00,0.0,0
1981-09-17,82,68,0.00,0.0,0
1981-09-18,76,63,0.00,0.0,0
1981-09-19,75,58,0.00,0.0,0
1981-09-20,79,52,0.00,0.0,0
1981-09-21,84,59,0.00,0.0,0
1981-09-22,84,58,0.00,0.0,0
1981-09-23,89,60,0.00,0.0,0
1981-09-24,89,63,0.00,0.0,0
1981-09-25,89,67,0.00,0.0,0
1981-09-26,91,68,0.00,0.0,0
1981-09-27,89,67,0.00,0.0,0
1981-09-28,91,66,0.00,0.0,0
1981-09-29,89,64,0.00,0.0,0
1981-09-30,92,64,0.00,0.0,0
1981-10-01,90,70,0.02,0.0,0
1981-10-02,85,68,0.00,0.0,0
1981-10-03,81,64,0.00,0.0,0
1981-10-04,88,60,0.00,0.0,0
1981-10-05,90,64,0.00,0.0,0
1981-10-06,88,65,0.00,0.0,0
1981-10-07,87,68,0.65,0.0,0
1981-10-08,83,69,0.00,0.0,0
1981-10-09,91,70,0.33,0.0,0
1981-10-10,91,74,T,0.0,0
1981-10-11,85,73,0.00,0.0,0
1981-10-12,84,74,0.00,0.0,0
1981-10-13,84,70,0.00,0.0,0
1981-10-14,84,63,0.00,0.0,0
1981-10-15,85,68,0.00,0.0,0
1981-10-16,85,64,0.00,0.0,0
1981-10-17,86,63,0.00,0.0,0
1981-10-18,77,63,0.10,0.0,0
1981-10-19,68,53,0.00,0.0,0
1981-10-20,73,46,0.00,0.0,0
1981-10-21,81,53,0.00,0.0,0
1981-10-22,86,59,0.00,0.0,0
1981-10-23,74,56,0.10,0.0,0
1981-10-24,62,52,T,0.0,0
1981-10-25,71,59,0.82,0.0,0
1981-10-26,72,53,0.01,0.0,0
1981-10-27,63,52,0.00,0.0,0
1981-10-28,72,44,0.00,0.0,0
1981-10-29,77,47,0.00,0.0,0
1981-10-30,81,51,0.00,0.0,0
1981-10-31,77,69,0.00,0.0,0
1981-11-01,80,68,T,0.0,0
1981-11-02,81,66,0.00,0.0,0
1981-11-03,82,64,0.05,0.0,0
1981-11-04,81,64,0.20,0.0,0
1981-11-05,79,61,0.00,0.0,0
1981-11-06,80,56,0.00,0.0,0
1981-11-07,70,46,0.00,0.0,0
1981-11-08,77,42,0.00,0.0,0
1981-11-09,72,62,0.63,0.0,0
1981-11-10,71,59,0.00,0.0,0
1981-11-11,71,49,0.00,0.0,0
1981-11-12,66,40,0.00,0.0,0
1981-11-13,73,45,0.00,0.0,0
1981-11-14,72,49,0.00,0.0,0
1981-11-15,76,41,0.00,0.0,0
1981-11-16,79,55,0.00,0.0,0
1981-11-17,80,48,0.00,0.0,0
1981-11-18,81,51,0.00,0.0,0
1981-11-19,85,62,T,0.0,0
1981-11-20,62,47,0.00,0.0,0
1981-11-21,56,36,0.00,0.0,0
1981-11-22,68,36,0.00,0.0,0
1981-11-23,79,55,0.00,0.0,0
1981-11-24,70,46,0.07,0.0,0
1981-11-25,78,41,0.00,0.0,0
1981-11-26,83,66,T,0.0,0
1981-11-27,85,67,0.00,0.0,0
1981-11-28,77,61,0.00,0.0,0
1981-11-29,82,61,T,0.0,0
1981-11-30,84,70,0.15,0.0,0
1981-12-01,78,53,0.40,0.0,0
1981-12-02,64,43,0.00,0.0,0
1981-12-03,75,43,0.00,0.0,0
1981-12-04,65,51,0.00,0.0,0
1981-12-05,60,40,0.00,0.0,0
1981-12-06,61,42,0.00,0.0,0
1981-12-07,76,45,0.00,0.0,0
1981-12-08,77,53,0.00,0.0,0
1981-12-09,66,42,0.00,0.0,0
1981-12-10,58,43,0.00,0.0,0
1981-12-11,63,40,0.00,0.0,0
1981-12-12,64,49,0.38,0.0,0
1981-12-13,57,49,0.33,0.0,0
1981-12-14,63,47,0.82,0.0,0
1981-12-15,56,36,0.00,0.0,0
1981-12-16,67,34,0.00,0.0,0
1981-12-17,77,43,0.66,0.0,0
1981-12-18,46,32,0.00,0.0,0
1981-12-19,39,27,0.00,0.0,0
1981-12-20,52,31,T,0.0,0
1981-12-21,72,50,0.04,0.0,0
1981-12-22,76,63,0.00,0.0,0
1981-12-23,68,47,0.05,0.0,0
1981-12-24,47,45,0.81,0.0,0
1981-12-25,53,43,0.00,0.0,0
1981-12-26,68,40,T,0.0,0
1981-12-27,67,40,0.00,0.0,0
1981-12-28,81,61,0.32,0.0,0
1981-12-29,61,51,0.44,0.0,0
1981-12-30,56,49,0.10,0.0,0
1981-12-31,76,54,1.15,0.0,0
1982-01-01,60,53,0.00,0.0,0
1982-01-02,74,57,0.13,0.0,0
1982-01-03,77,67,0.03,0.0,0
1982-01-04,74,40,0.00,0.0,0
1982-01-05,68,36,0.00,0.0,0
1982-01-06,79,60,0.00,0.0,0
1982-01-07,83,44,0.00,0.0,0
1982-01-08,53,41,T,0.0,0
1982-01-09,57,34,0.00,0.0,0
1982-01-10,45,21,0.00,0.0,0
1982-01-11,30,15,0.00,0.0,0
1982-01-12,50,23,1.61,0.0,0
1982-01-13,43,32,0.61,0.0,0
1982-01-14,38,27,T,T,T
1982-01-15,62,29,0.00,0.0,0
1982-01-16,65,34,T,0.0,0
1982-01-17,43,28,0.00,0.0,0
1982-01-18,76,38,0.00,0.0,0
1982-01-19,80,63,0.00,0.0,0
1982-01-20,82,63,0.00,0.0,0
1982-01-21,82,64,0.00,0.0,0
1982-01-22,80,57,0.02,0.0,0
1982-01-23,73,48,0.25,0.0,0
1982-01-24,59,39,0.00,0.0,0
1982-01-25,75,39,0.00,0.0,0
1982-01-26,55,41,0.00,0.0,0
1982-01-27,69,36,0.00,0.0,0
1982-01-28,74,54,T,0.0,0
1982-01-29,75,58,0.00,0.0,0
1982-01-30,79,64,0.06,0.0,0
1982-01-31,70,43,0.05,0.0,0
1982-02-01,53,39,T,0.0,0
1982-02-02,57,46,3.83,0.0,0
1982-02-03,59,48,0.09,0.0,0
1982-02-04,52,42,0.00,0.0,0
1982-02-05,56,47,T,0.0,0
1982-02-06,53,36,T,0.0,0
1982-02-07,50,35,0.00,0.0,0
1982-02-08,73,47,0.00,0.0,0
1982-02-09,67,39,0.88,0.0,0
1982-02-10,48,36,0.00,0.0,0
1982-02-11,62,47,T,0.0,0
1982-02-12,57,48,1.10,0.0,0
1982-02-13,50,42,0.00,0.0,0
1982-02-14,57,39,0.13,0.0,0
1982-02-15,66,55,1.05,0.0,0
1982-02-16,77,59,0.00,0.0,0
1982-02-17,78,52,0.00,0.0,0
1982-02-18,74,47,0.00,0.0,0
1982-02-19,69,57,0.00,0.0,0
1982-02-20,74,49,0.00,0.0,0
1982-02-21,75,57,0.00,0.0,0
1982-02-22,78,44,0.00,0.0,0
1982-02-23,81,49,0.00,0.0,0
1982-02-24,81,52,0.00,0.0,0
1982-02-25,71,56,0.00,0.0,0
1982-02-26,61,47,0.80,0.0,0
1982-02-27,50,45,T,0.0,0
1982-02-28,50,43,0.00,0.0,0
1982-03-01,62,44,0.00,0.0,0
1982-03-02,70,40,0.00,0.0,0
1982-03-03,76,42,0.00,0.0,0
1982-03-04,81,53,0.00,0.0,0
1982-03-05,72,54,T,0.0,0
1982-03-06,63,43,0.88,0.0,0
1982-03-07,57,40,0.00,0.0,0
1982-03-08,62,36,0.00,0.0,0
1982-03-09,70,37,0.00,0.0,0
1982-03-10,77,50,0.00,0.0,0
1982-03-11,80,57,0.00,0.0,0
1982-03-12,84,64,0.00,0.0,0
1982-03-13,85,68,T,0.0,0
1982-03-14,84,67,T,0.0,0
1982-03-15,87,72,0.00,0.0,0
1982-03-16,84,72,T,0.0,0
1982-03-17,87,72,0.00,0.0,0
1982-03-18,89,72,0.00,0.0,0
1982-03-19,87,71,0.00,0.0,0
1982-03-20,88,68,0.00,0.0,0
1982-03-21,87,65,0.23,0.0,0
1982-03-22,67,59,0.42,0.0,0
1982-03-23,71,57,0.33,0.0,0
1982-03-24,74,64,0.08,0.0,0
1982-03-25,82,64,0.00,0.0,0
1982-03-26,65,51,0.00,0.0,0
1982-03-27,58,45,0.26,0.0,0
1982-03-28,58,47,T,0.0,0
1982-03-29,67,51,0.00,0.0,0
1982-03-30,78,64,T,0.0,0
1982-03-31,80,64,0.36,0.0,0
1982-04-01,80,63,0.00,0.0,0
1982-04-02,83,68,0.02,0.0,0
1982-04-03,78,56,0.23,0.0,0
1982-04-04,73,51,T,0.0,0
1982-04-05,86,70,T,0.0,0
1982-04-06,74,53,0.00,0.0,0
1982-04-07,71,50,0.01,0.0,0
1982-04-08,86,65,0.09,0.0,0
1982-04-09,72,56,0.17,0.0,0
1982-04-10,64,54,0.19,0.0,0
1982-04-11,70,51,0.00,0.0,0
1982-04-12,76,44,0.00,0.0,0
1982-04-13,83,62,0.00,0.0,0
1982-04-14,84,69,0.00,0.0,0
1982-04-15,86,69,0.01,0.0,0
1982-04-16,85,70,0.00,0.0,0
1982-04-17,83,69,0.25,0.0,0
1982-04-18,73,63,0.01,0.0,0
1982-04-19,84,70,T,0.0,0
1982-04-20,86,69,0.15,0.0,0
1982-04-21,73,64,0.01,0.0,0
1982-04-22,64,55,0.51,0.0,0
1982-04-23,71,59,T,0.0,0
1982-04-24,77,61,2.71,0.0,0
1982-04-25,81,66,1.50,0.0,0
1982-04-26,84,66,0.00,0.0,0
1982-04-27,80,63,0.00,0.0,0
1982-04-28,79,64,0.00,0.0,0
1982-04-29,82,59,0.00,0.0,0
1982-04-30,82,59,0.00,0.0,0
1982-05-01,79,62,T,0.0,0
1982-05-02,82,65,0.00,0.0,0
1982-05-03,84,61,0.00,0.0,0
1982-05-04,87,60,0.00,0.0,0
1982-05-05,87,61,0.00,0.0,0
1982-05-06,85,71,0.00,0.0,0
1982-05-07,83,64,0.68,0.0,0
1982-05-08,78,60,0.00,0.0,0
1982-05-09,81,53,0.00,0.0,0
1982-05-10,87,54,0.00,0.0,0
1982-05-11,85,63,0.00,0.0,0
1982-05-12,85,61,0.00,0.0,0
1982-05-13,86,71,T,0.0,0
1982-05-14,84,72,0.01,0.0,0
1982-05-15,87,67,0.01,0.0,0
1982-05-16,88,62,0.00,0.0,0
1982-05-17,88,61,T,0.0,0
1982-05-18,87,66,T,0.0,0
1982-05-19,90,65,0.00,0.0,0
1982-05-20,89,64,0.00,0.0,0
1982-05-21,88,66,T,0.0,0
1982-05-22,90,69,0.00,0.0,0
1982-05-23,88,65,0.00,0.0,0
1982-05-24,90,67,0.05,0.0,0
1982-05-25,88,70,0.15,0.0,0
1982-05-26,91,68,0.07,0.0,0
1982-05-27,94,71,0.00,0.0,0
1982-05-28,93,77,0.00,0.0,0
1982-05-29,91,77,0.00,0.0,0
1982-05-30,88,77,0.22,0.0,0
1982-05-31,95,77,0.00,0.0,0
1982-06-01,92,77,0.00,0.0,0
1982-06-02,92,77,0.15,0.0,0
1982-06-03,90,71,0.15,0.0,0
1982-06-04,92,71,0.00,0.0,0
1982-06-05,93,76,0.00,0.0,0
1982-06-06,91,71,0.00,0.0,0
1982-06-07,93,68,0.00,0.0,0
1982-06-08,93,68,0.00,0.0,0
1982-06-09,94,68,0.00,0.0,0
1982-06-10,92,74,0.00,0.0,0
1982-06-11,93,75,0.00,0.0,0
1982-06-12,93,76,0.00,0.0,0
1982-06-13,93,73,0.31,0.0,0
1982-06-14,92,72,0.00,0.0,0
1982-06-15,92,72,0.00,0.0,0
1982-06-16,88,69,1.21,0.0,0
1982-06-17,89,66,0.00,0.0,0
1982-06-18,91,69,0.00,0.0,0
1982-06-19,92,69,0.00,0.0,0
1982-06-20,93,74,0.00,0.0,0
1982-06-21,91,74,0.06,0.0,0
1982-06-22,91,70,0.35,0.0,0
1982-06-23,90,71,0.72,0.0,0
1982-06-24,91,69,0.00,0.0,0
1982-06-25,87,70,1.12,0.0,0
1982-06-26,86,72,0.55,0.0,0
1982-06-27,85,76,0.05,0.0,0
1982-06-28,90,73,0.45,0.0,0
1982-06-29,92,76,0.00,0.0,0
1982-06-30,90,72,0.31,0.0,0
1982-07-01,91,67,0.00,0.0,0
1982-07-02,93,74,0.00,0.0,0
1982-07-03,93,76,0.00,0.0,0
1982-07-04,93,76,0.00,0.0,0
1982-07-05,93,75,T,0.0,0
1982-07-06,91,73,T,0.0,0
1982-07-07,93,72,0.00,0.0,0
1982-07-08,92,70,0.10,0.0,0
1982-07-09,93,71,1.79,0.0,0
1982-07-10,89,74,T,0.0,0
1982-07-11,92,73,1.13,0.0,0
1982-07-12,89,71,0.86,0.0,0
1982-07-13,87,69,0.00,0.0,0
1982-07-14,89,70,0.02,0.0,0
1982-07-15,88,73,0.04,0.0,0
1982-07-16,91,71,1.61,0.0,0
1982-07-17,89,71,0.01,0.0,0
1982-07-18,90,71,T,0.0,0
1982-07-19,90,71,0.00,0.0,0
1982-07-20,91,71,1.05,0.0,0
1982-07-21,90,71,0.91,0.0,0
1982-07-22,92,73,1.82,0.0,0
1982-07-23,90,74,0.54,0.0,0
1982-07-24,88,75,0.06,0.0,0
1982-07-25,88,73,0.13,0.0,0
1982-07-26,90,70,0.51,0.0,0
1982-07-27,92,71,0.00,0.0,0
1982-07-28,92,75,0.00,0.0,0
1982-07-29,92,75,0.31,0.0,0
1982-07-30,88,76,0.46,0.0,0
1982-07-31,81,75,1.72,0.0,0
1982-08-01,88,73,0.01,0.0,0
1982-08-02,87,72,0.44,0.0,0
1982-08-03,90,70,0.00,0.0,0
1982-08-04,92,73,0.00,0.0,0
1982-08-05,92,73,0.00,0.0,0
1982-08-06,88,75,0.01,0.0,0
1982-08-07,87,73,T,0.0,0
1982-08-08,89,73,0.06,0.0,0
1982-08-09,91,71,0.05,0.0,0
1982-08-10,91,72,0.97,0.0,0
1982-08-11,88,71,T,0.0,0
1982-08-12,89,72,0.01,0.0,0
1982-08-13,91,72,0.00,0.0,0
1982-08-14,90,75,0.06,0.0,0
1982-08-15,90,75,0.00,0.0,0
1982-08-16,90,74,0.01,0.0,0
1982-08-17,90,72,0.00,0.0,0
1982-08-18,91,74,0.12,0.0,0
1982-08-19,92,74,T,0.0,0
1982-08-20,89,71,T,0.0,0
1982-08-21,92,69,0.00,0.0,0
1982-08-22,93,72,0.00,0.0,0
1982-08-23,93,74,0.00,0.0,0
1982-08-24,95,79,0.00,0.0,0
1982-08-25,95,73,0.00,0.0,0
1982-08-26,96,73,0.00,0.0,0
1982-08-27,92,77,0.00,0.0,0
1982-08-28,93,75,0.00,0.0,0
1982-08-29,93,75,0.00,0.0,0
1982-08-30,93,74,0.15,0.0,0
1982-08-31,93,75,0.03,0.0,0
1982-09-01,91,71,0.00,0.0,0
1982-09-02,92,73,0.00,0.0,0
1982-09-03,91,73,0.00,0.0,0
1982-09-04,87,74,0.00,0.0,0
1982-09-05,88,69,0.00,0.0,0
1982-09-06,90,71,0.00,0.0,0
1982-09-07,86,73,0.00,0.0,0
1982-09-08,81,72,0.37,0.0,0
1982-09-09,79,73,0.01,0.0,0
1982-09-10,89,72,0.00,0.0,0
1982-09-11,81,73,0.85,0.0,0
1982-09-12,91,74,2.27,0.0,0
1982-09-13,91,73,0.00,0.0,0
1982-09-14,91,72,1.30,0.0,0
1982-09-15,91,72,0.00,0.0,0
1982-09-16,91,73,0.00,0.0,0
1982-09-17,92,73,0.00,0.0,0
1982-09-18,90,71,0.00,0.0,0
1982-09-19,90,73,T,0.0,0
1982-09-20,85,71,0.60,0.0,0
1982-09-21,80,64,0.00,0.0,0
1982-09-22,73,59,0.00,0.0,0
1982-09-23,77,60,0.00,0.0,0
1982-09-24,79,61,0.00,0.0,0
1982-09-25,80,60,T,0.0,0
1982-09-26,77,58,0.00,0.0,0
1982-09-27,78,57,0.00,0.0,0
1982-09-28,85,55,0.00,0.0,0
1982-09-29,86,62,0.00,0.0,0
1982-09-30,84,61,0.00,0.0,0
1982-10-01,84,73,0.00,0.0,0
1982-10-02,80,70,0.65,0.0,0
1982-10-03,85,69,0.02,0.0,0
1982-10-04,83,73,T,0.0,0
1982-10-05,87,74,0.55,0.0,0
1982-10-06,84,73,1.23,0.0,0
1982-10-07,85,73,0.76,0.0,0
1982-10-08,88,73,0.00,0.0,0
1982-10-09,89,72,0.00,0.0,0
1982-10-10,89,70,0.00,0.0,0
1982-10-11,83,71,T,0.0,0
1982-10-12,74,69,0.54,0.0,0
1982-10-13,73,62,0.02,0.0,0
1982-10-14,77,60,0.00,0.0,0
1982-10-15,77,52,0.00,0.0,0
1982-10-16,79,55,0.00,0.0,0
1982-10-17,73,54,0.00,0.0,0
1982-10-18,77,54,0.00,0.0,0
1982-10-19,82,55,0.00,0.0,0
1982-10-20,81,61,0.00,0.0,0
1982-10-21,74,59,0.00,0.0,0
1982-10-22,69,58,0.00,0.0,0
1982-10-23,71,52,0.00,0.0,0
1982-10-24,70,48,0.00,0.0,0
1982-10-25,71,45,0.00,0.0,0
1982-10-26,71,42,0.00,0.0,0
1982-10-27,77,42,0.00,0.0,0
1982-10-28,79,53,0.00,0.0,0
1982-10-29,80,61,0.00,0.0,0
1982-10-30,83,66,0.07,0.0,0
1982-10-31,84,65,0.00,0.0,0
1982-11-01,85,64,0.00,0.0,0
1982-11-02,78,65,1.54,0.0,0
1982-11-03,66,55,0.48,0.0,0
1982-11-04,60,48,0.00,0.0,0
1982-11-05,61,46,0.00,0.0,0
1982-11-06,63,39,0.00,0.0,0
1982-11-07,66,45,0.00,0.0,0
1982-11-08,71,50,0.00,0.0,0
1982-11-09,74,52,0.00,0.0,0
1982-11-10,76,49,0.00,0.0,0
1982-11-11,79,61,0.00,0.0,0
1982-11-12,80,55,0.07,0.0,0
1982-11-13,58,38,0.00,0.0,0
1982-11-14,63,37,0.00,0.0,0
1982-11-15,60,41,0.00,0.0,0
1982-11-16,69,39,0.00,0.0,0
1982-11-17,65,58,0.04,0.0,0
1982-11-18,77,62,0.16,0.0,0
1982-11-19,82,67,0.02,0.0,0
1982-11-20,76,65,1.10,0.0,0
1982-11-21,78,64,0.00,0.0,0
1982-11-22,79,65,0.00,0.0,0
1982-11-23,79,64,0.00,0.0,0
1982-11-24,67,50,0.00,0.0,0
1982-11-25,59,47,0.00,0.0,0
1982-11-26,77,58,0.10,0.0,0
1982-11-27,73,67,1.43,0.0,0
1982-11-28,69,51,0.46,0.0,0
1982-11-29,69,48,T,0.0,0
1982-11-30,75,63,0.05,0.0,0
1982-12-01,79,70,0.00,0.0,0
1982-12-02,82,74,0.00,0.0,0
1982-12-03,79,67,3.55,0.0,0
1982-12-04,69,57,2.16,0.0,0
1982-12-05,69,50,0.00,0.0,0
1982-12-06,71,48,0.00,0.0,0
1982-12-07,66,47,0.00,0.0,0
1982-12-08,71,47,0.00,0.0,0
1982-12-09,65,57,0.00,0.0,0
1982-12-10,61,55,0.08,0.0,0
1982-12-11,70,44,1.56,0.0,0
1982-12-12,47,36,0.00,0.0,0
1982-12-13,47,30,0.00,0.0,0
1982-12-14,64,47,0.03,0.0,0
1982-12-15,66,52,0.67,0.0,0
1982-12-16,58,46,0.00,0.0,0
1982-12-17,58,40,0.00,0.0,0
1982-12-18,64,36,0.00,0.0,0
1982-12-19,67,41,0.05,0.0,0
1982-12-20,67,34,0.00,0.0,0
1982-12-21,70,45,0.00,0.0,0
1982-12-22,76,57,T,0.0,0
1982-12-23,77,61,0.00,0.0,0
1982-12-24,77,66,0.03,0.0,0
1982-12-25,78,71,0.02,0.0,0
1982-12-26,77,70,T,0.0,0
1982-12-27,78,58,0.24,0.0,0
1982-12-28,62,54,0.03,0.0,0
1982-12-29,56,49,0.04,0.0,0
1982-12-30,55,45,0.00,0.0,0
1982-12-31,55,45,1.80,0.0,0
1983-01-01,56,49,1.04,0.0,0
1983-01-02,54,44,0.05,0.0,0
1983-01-03,46,39,0.00,0.0,0
1983-01-04,55,30,0.00,0.0,0
1983-01-05,61,37,0.01,0.0,0
1983-01-06,66,39,0.00,0.0,0
1983-01-07,71,47,0.00,0.0,0
1983-01-08,70,55,0.08,0.0,0
1983-01-09,72,54,0.01,0.0,0
1983-01-10,66,51,T,0.0,0
1983-01-11,64,39,0.00,0.0,0
1983-01-12,57,36,0.00,0.0,0
1983-01-13,67,31,0.00,0.0,0
1983-01-14,71,40,0.00,0.0,0
1983-01-15,57,40,0.00,0.0,0
1983-01-16,52,33,0.00,0.0,0
1983-01-17,59,29,0.00,0.0,0
1983-01-18,48,42,0.00,0.0,0
1983-01-19,43,37,1.38,0.0,0
1983-01-20,46,39,0.47,0.0,0
1983-01-21,44,38,T,0.0,0
1983-01-22,51,30,0.00,0.0,0
1983-01-23,56,34,0.00,0.0,0
1983-01-24,58,30,0.00,0.0,0
1983-01-25,62,44,0.17,0.0,0
1983-01-26,66,51,0.08,0.0,0
1983-01-27,54,47,0.00,0.0,0
1983-01-28,56,44,0.00,0.0,0
1983-01-29,72,46,0.00,0.0,0
1983-01-30,67,45,0.00,0.0,0
1983-01-31,71,50,0.02,0.0,0
1983-02-01,71,53,4.85,0.0,0
1983-02-02,53,41,0.00,0.0,0
1983-02-03,55,36,0.00,0.0,0
1983-02-04,51,42,0.00,0.0,0
1983-02-05,64,47,3.35,0.0,0
1983-02-06,55,43,0.00,0.0,0
1983-02-07,56,38,0.00,0.0,0
1983-02-08,61,36,0.00,0.0,0
1983-02-09,70,49,2.19,0.0,0
1983-02-10,62,50,0.22,0.0,0
1983-02-11,54,47,0.00,0.0,0
1983-02-12,53,47,0.00,0.0,0
1983-02-13,61,42,0.00,0.0,0
1983-02-14,64,37,0.00,0.0,0
1983-02-15,67,40,0.39,0.0,0
1983-02-16,57,50,0.49,0.0,0
1983-02-17,71,49,0.00,0.0,0
1983-02-18,70,44,0.00,0.0,0
1983-02-19,71,43,0.00,0.0,0
1983-02-20,75,49,0.00,0.0,0
1983-02-21,69,59,0.94,0.0,0
1983-02-22,65,53,0.00,0.0,0
1983-02-23,64,51,0.00,0.0,0
1983-02-24,72,49,0.00,0.0,0
1983-02-25,62,51,0.00,0.0,0
1983-02-26,53,45,0.04,0.0,0
1983-02-27,51,45,0.08,0.0,0
1983-02-28,50,46,0.04,0.0,0
1983-03-01,72,48,0.00,0.0,0
1983-03-02,80,48,0.00,0.0,0
1983-03-03,79,57,0.00,0.0,0
1983-03-04,74,64,0.14,0.0,0
1983-03-05,77,61,0.46,0.0,0
1983-03-06,81,56,0.00,0.0,0
1983-03-07,81,50,0.00,0.0,0
1983-03-08,73,52,0.00,0.0,0
1983-03-09,68,47,0.00,0.0,0
1983-03-10,58,39,0.00,0.0,0
1983-03-11,55,35,0.00,0.0,0
1983-03-12,63,35,0.00,0.0,0
1983-03-13,69,39,0.00,0.0,0
1983-03-14,73,52,0.00,0.0,0
1983-03-15,66,53,T,0.0,0
1983-03-16,64,51,0.03,0.0,0
1983-03-17,67,57,0.03,0.0,0
1983-03-18,73,50,0.00,0.0,0
1983-03-19,75,44,0.00,0.0,0
1983-03-20,75,47,T,0.0,0
1983-03-21,56,41,0.00,0.0,0
1983-03-22,60,37,0.00,0.0,0
1983-03-23,60,45,1.34,0.0,0
1983-03-24,56,41,0.02,0.0,0
1983-03-25,65,40,0.00,0.0,0
1983-03-26,68,55,1.59,0.0,0
1983-03-27,73,51,0.00,0.0,0
1983-03-28,65,48,0.00,0.0,0
1983-03-29,65,46,0.00,0.0,0
1983-03-30,58,51,1.27,0.0,0
1983-03-31,70,50,0.00,0.0,0
1983-04-01,73,55,0.27,0.0,0
1983-04-02,63,48,0.00,0.0,0
1983-04-03,72,44,0.00,0.0,0
1983-04-04,73,50,T,0.0,0
1983-04-05,81,66,0.00,0.0,0
1983-04-06,76,66,1.40,0.0,0
1983-04-07,70,65,6.41,0.0,0
1983-04-08,70,57,T,0.0,0
1983-04-09,66,47,0.00,0.0,0
1983-04-10,74,47,0.00,0.0,0
1983-04-11,80,56,0.00,0.0,0
1983-04-12,78,56,0.00,0.0,0
1983-04-13,78,62,0.00,0.0,0
1983-04-14,73,58,1.47,0.0,0
1983-04-15,65,52,0.00,0.0,0
1983-04-16,69,47,0.00,0.0,0
1983-04-17,74,41,0.00,0.0,0
1983-04-18,76,51,T,0.0,0
1983-04-19,64,45,0.00,0.0,0
1983-04-20,64,51,T,0.0,0
1983-04-21,76,48,0.00,0.0,0
1983-04-22,75,64,5.31,0.0,0
1983-04-23,77,61,T,0.0,0
1983-04-24,73,55,0.00,0.0,0
1983-04-25,74,50,0.00,0.0,0
1983-04-26,76,48,0.00,0.0,0
1983-04-27,78,55,0.00,0.0,0
1983-04-28,81,59,0.00,0.0,0
1983-04-29,85,67,0.00,0.0,0
1983-04-30,83,68,0.00,0.0,0
1983-05-01,82,67,0.00,0.0,0
1983-05-02,82,72,0.00,0.0,0
1983-05-03,76,55,0.03,0.0,0
1983-05-04,77,51,0.00,0.0,0
1983-05-05,80,50,0.00,0.0,0
1983-05-06,81,54,0.00,0.0,0
1983-05-07,81,65,0.32,0.0,0
1983-05-08,83,68,0.68,0.0,0
1983-05-09,81,61,0.00,0.0,0
1983-05-10,74,64,0.06,0.0,0
1983-05-11,83,65,0.00,0.0,0
1983-05-12,84,67,0.00,0.0,0
1983-05-13,84,66,0.00,0.0,0
1983-05-14,84,71,0.00,0.0,0
1983-05-15,82,71,1.73,0.0,0
1983-05-16,80,65,0.00,0.0,0
1983-05-17,79,65,0.00,0.0,0
1983-05-18,81,72,T,0.0,0
1983-05-19,83,76,0.07,0.0,0
1983-05-20,85,75,T,0.0,0
1983-05-21,85,74,0.00,0.0,0
1983-05-22,85,68,0.63,0.0,0
1983-05-23,87,60,0.00,0.0,0
1983-05-24,86,66,0.00,0.0,0
1983-05-25,86,62,0.00,0.0,0
1983-05-26,86,62,0.00,0.0,0
1983-05-27,88,64,0.00,0.0,0
1983-05-28,87,67,0.00,0.0,0
1983-05-29,86,64,0.00,0.0,0
1983-05-30,85,63,0.11,0.0,0
1983-05-31,85,68,0.08,0.0,0
1983-06-01,83,65,0.00,0.0,0
1983-06-02,87,71,0.00,0.0,0
1983-06-03,89,73,T,0.0,0
1983-06-04,89,69,0.08,0.0,0
1983-06-05,87,69,0.51,0.0,0
1983-06-06,75,71,0.62,0.0,0
1983-06-07,82,70,0.10,0.0,0
1983-06-08,82,66,0.00,0.0,0
1983-06-09,83,63,0.00,0.0,0
1983-06-10,88,61,0.00,0.0,0
1983-06-11,86,66,0.00,0.0,0
1983-06-12,87,66,T,0.0,0
1983-06-13,89,67,0.00,0.0,0
1983-06-14,87,70,0.00,0.0,0
1983-06-15,86,69,0.05,0.0,0
1983-06-16,89,70,T,0.0,0
1983-06-17,87,71,0.00,0.0,0
1983-06-18,81,70,0.15,0.0,0
1983-06-19,85,68,0.65,0.0,0
1983-06-20,84,68,0.02,0.0,0
1983-06-21,82,73,0.01,0.0,0
1983-06-22,85,70,2.41,0.0,0
1983-06-23,88,74,0.04,0.0,0
1983-06-24,81,73,0.79,0.0,0
1983-06-25,87,72,0.02,0.0,0
1983-06-26,86,74,0.04,0.0,0
1983-06-27,87,74,1.37,0.0,0
1983-06-28,87,73,1.66,0.0,0
1983-06-29,87,75,0.35,0.0,0
1983-06-30,90,71,1.77,0.0,0
1983-07-01,90,71,0.00,0.0,0
1983-07-02,90,71,0.05,0.0,0
1983-07-03,92,73,0.09,0.0,0
1983-07-04,89,77,0.11,0.0,0
1983-07-05,93,73,0.08,0.0,0
1983-07-06,89,72,T,0.0,0
1983-07-07,88,74,0.00,0.0,0
1983-07-08,90,74,0.00,0.0,0
1983-07-09,89,72,0.00,0.0,0
1983-07-10,88,69,T,0.0,0
1983-07-11,91,68,0.00,0.0,0
1983-07-12,91,71,0.00,0.0,0
1983-07-13,90,72,0.00,0.0,0
1983-07-14,91,71,0.00,0.0,0
1983-07-15,90,72,0.00,0.0,0
1983-07-16,89,72,0.06,0.0,0
1983-07-17,89,72,0.30,0.0,0
1983-07-18,89,74,T,0.0,0
1983-07-19,92,74,0.03,0.0,0
1983-07-20,92,73,0.00,0.0,0
1983-07-21,90,73,0.81,0.0,0
1983-07-22,93,73,0.00,0.0,0
1983-07-23,93,72,0.00,0.0,0
1983-07-24,93,73,0.00,0.0,0
1983-07-25,94,77,0.00,0.0,0
1983-07-26,94,76,0.00,0.0,0
1983-07-27,91,75,0.00,0.0,0
1983-07-28,88,74,0.00,0.0,0
1983-07-29,89,71,0.00,0.0,0
1983-07-30,90,74,0.40,0.0,0
1983-07-31,81,71,1.02,0.0,0
1983-08-01,85,74,0.82,0.0,0
1983-08-02,82,72,1.09,0.0,0
1983-08-03,90,73,0.96,0.0,0
1983-08-04,90,71,T,0.0,0
1983-08-05,91,73,0.45,0.0,0
1983-08-06,90,73,0.00,0.0,0
1983-08-07,91,76,T,0.0,0
1983-08-08,89,74,0.98,0.0,0
1983-08-09,87,73,0.00,0.0,0
1983-08-10,92,73,T,0.0,0
1983-08-11,89,73,0.04,0.0,0
1983-08-12,87,73,0.85,0.0,0
1983-08-13,87,73,T,0.0,0
1983-08-14,91,74,0.00,0.0,0
1983-08-15,90,74,0.33,0.0,0
1983-08-16,90,74,0.16,0.0,0
1983-08-17,88,77,0.23,0.0,0
1983-08-18,91,78,0.00,0.0,0
1983-08-19,91,75,0.07,0.0,0
1983-08-20,93,78,0.00,0.0,0
1983-08-21,94,78,0.00,0.0,0
1983-08-22,93,77,0.00,0.0,0
1983-08-23,93,76,0.00,0.0,0
1983-08-24,90,74,T,0.0,0
1983-08-25,93,71,0.00,0.0,0
1983-08-26,90,76,0.00,0.0,0
1983-08-27,92,76,0.09,0.0,0
1983-08-28,93,73,0.00,0.0,0
1983-08-29,94,74,0.22,0.0,0
1983-08-30,94,73,0.00,0.0,0
1983-08-31,94,74,0.00,0.0,0
1983-09-01,90,74,0.00,0.0,0
1983-09-02,89,71,0.00,0.0,0
1983-09-03,88,71,0.00,0.0,0
1983-09-04,87,70,0.00,0.0,0
1983-09-05,81,74,0.63,0.0,0
1983-09-06,81,70,2.74,0.0,0
1983-09-07,84,73,0.07,0.0,0
1983-09-08,91,72,0.00,0.0,0
1983-09-09,91,70,0.00,0.0,0
1983-09-10,88,73,0.07,0.0,0
1983-09-11,78,72,0.53,0.0,0
1983-09-12,83,72,0.28,0.0,0
1983-09-13,85,72,0.49,0.0,0
1983-09-14,86,72,0.00,0.0,0
1983-09-15,85,65,0.00,0.0,0
1983-09-16,86,64,0.00,0.0,0
1983-09-17,87,67,0.00,0.0,0
1983-09-18,88,71,0.15,0.0,0
1983-09-19,88,71,0.21,0.0,0
1983-09-20,89,72,0.54,0.0,0
1983-09-21,74,59,0.01,0.0,0
1983-09-22,72,56,0.00,0.0,0
1983-09-23,78,55,0.00,0.0,0
1983-09-24,80,59,0.00,0.0,0
1983-09-25,82,59,0.00,0.0,0
1983-09-26,83,63,0.00,0.0,0
1983-09-27,80,60,0.00,0.0,0
1983-09-28,80,57,0.00,0.0,0
1983-09-29,80,56,0.00,0.0,0
1983-09-30,82,58,0.00,0.0,0
1983-10-01,83,59,0.00,0.0,0
1983-10-02,82,58,0.00,0.0,0
1983-10-03,84,58,0.58,0.0,0
1983-10-04,89,71,0.00,0.0,0
1983-10-05,86,70,T,0.0,0
1983-10-06,79,66,0.00,0.0,0
1983-10-07,80,61,0.00,0.0,0
1983-10-08,82,59,0.00,0.0,0
1983-10-09,80,66,0.00,0.0,0
1983-10-10,76,69,0.80,0.0,0
1983-10-11,84,69,0.04,0.0,0
1983-10-12,73,63,2.84,0.0,0
1983-10-13,68,53,0.00,0.0,0
1983-10-14,70,50,0.00,0.0,0
1983-10-15,77,50,T,0.0,0
1983-10-16,81,69,0.00,0.0,0
1983-10-17,84,69,0.00,0.0,0
1983-10-18,80,67,0.00,0.0,0
1983-10-19,84,67,0.00,0.0,0
1983-10-20,85,68,0.00,0.0,0
1983-10-21,85,69,0.00,0.0,0
1983-10-22,82,63,0.62,0.0,0
1983-10-23,63,58,0.00,0.0,0
1983-10-24,69,59,0.00,0.0,0
1983-10-25,68,58,0.00,0.0,0
1983-10-26,68,50,0.00,0.0,0
1983-10-27,71,47,0.00,0.0,0
1983-10-28,75,43,0.00,0.0,0
1983-10-29,75,51,0.00,0.0,0
1983-10-30,78,51,0.00,0.0,0
1983-10-31,77,55,0.00,0.0,0
1983-11-01,80,63,0.00,0.0,0
1983-11-02,80,61,0.00,0.0,0
1983-11-03,77,56,0.00,0.0,0
1983-11-04,80,59,1.74,0.0,0
1983-11-05,69,53,0.00,0.0,0
1983-11-06,71,51,0.06,0.0,0
1983-11-07,67,61,0.10,0.0,0
1983-11-08,73,56,0.00,0.0,0
1983-11-09,75,54,0.00,0.0,0
1983-11-10,66,48,T,0.0,0
1983-11-11,50,47,0.00,0.0,0
1983-11-12,56,42,0.00,0.0,0
1983-11-13,78,44,0.00,0.0,0
1983-11-14,81,65,0.00,0.0,0
1983-11-15,71,52,0.50,0.0,0
1983-11-16,61,41,0.00,0.0,0
1983-11-17,65,38,0.00,0.0,0
1983-11-18,77,50,0.00,0.0,0
1983-11-19,78,59,2.17,0.0,0
1983-11-20,64,46,0.08,0.0,0
1983-11-21,72,43,0.00,0.0,0
1983-11-22,80,66,0.00,0.0,0
1983-11-23,78,55,1.00,0.0,0
1983-11-24,58,47,T,0.0,0
1983-11-25,60,35,0.00,0.0,0
1983-11-26,72,43,0.01,0.0,0
1983-11-27,76,52,0.66,0.0,0
1983-11-28,61,42,0.00,0.0,0
1983-11-29,55,33,0.00,0.0,0
1983-11-30,68,39,0.00,0.0,0
1983-12-01,67,55,0.00,0.0,0
1983-12-02,78,57,0.00,0.0,0
1983-12-03,78,58,0.89,0.0,0
1983-12-04,71,48,0.00,0.0,0
1983-12-05,78,53,0.01,0.0,0
1983-12-06,74,45,0.47,0.0,0
1983-12-07,55,39,0.00,0.0,0
1983-12-08,64,36,0.00,0.0,0
1983-12-09,72,42,0.00,0.0,0
1983-12-10,74,50,T,0.0,0
1983-12-11,77,58,0.93,0.0,0
1983-12-12,58,42,0.00,0.0,0
1983-12-13,63,38,0.30,0.0,0
1983-12-14,56,42,0.00,0.0,0
1983-12-15,62,39,0.00,0.0,0
1983-12-16,64,39,0.01,0.0,0
1983-12-17,56,46,0.00,0.0,0
1983-12-18,57,51,0.01,0.0,0
1983-12-19,53,46,0.01,0.0,0
1983-12-20,50,42,0.00,0.0,0
1983-12-21,71,50,0.11,0.0,0
1983-12-22,69,36,0.07,0.0,0
1983-12-23,42,32,T,0.0,0
1983-12-24,32,17,0.00,0.0,0
1983-12-25,27,14,0.00,0.0,0
1983-12-26,40,18,0.07,0.0,0
1983-12-27,68,40,3.93,0.0,0
1983-12-28,67,36,1.89,0.0,0
1983-12-29,36,24,0.45,0.0,0
1983-12-30,34,20,0.00,0.0,0
1983-12-31,40,23,0.00,0.0,0
1984-01-01,51,21,0.00,0.0,0
1984-01-02,57,25,0.00,0.0,0
1984-01-03,54,35,0.00,0.0,0
1984-01-04,62,31,0.00,0.0,0
1984-01-05,65,46,0.00,0.0,0
1984-01-06,69,41,0.00,0.0,0
1984-01-07,56,39,0.00,0.0,0
1984-01-08,66,38,0.00,0.0,0
1984-01-09,70,49,0.90,0.0,0
1984-01-10,62,36,0.00,0.0,0
1984-01-11,45,29,0.00,0.0,0
1984-01-12,53,28,0.00,0.0,0
1984-01-13,53,47,0.12,0.0,0
1984-01-14,54,47,0.03,0.0,0
1984-01-15,49,42,0.48,0.0,0
1984-01-16,47,42,T,0.0,0
1984-01-17,50,42,0.39,0.0,0
1984-01-18,51,33,0.55,0.0,0
1984-01-19,38,28,0.00,0.0,0
1984-01-20,38,28,0.00,0.0,0
1984-01-21,42,29,0.00,0.0,0
1984-01-22,52,29,0.00,0.0,0
1984-01-23,61,45,0.72,0.0,0
1984-01-24,59,53,0.50,0.0,0
1984-01-25,54,44,0.29,0.0,0
1984-01-26,50,41,0.12,0.0,0
1984-01-27,63,41,T,0.0,0
1984-01-28,64,39,0.00,0.0,0
1984-01-29,68,42,0.00,0.0,0
1984-01-30,62,44,0.00,0.0,0
1984-01-31,51,38,0.00,0.0,0
1984-02-01,56,32,0.00,0.0,0
1984-02-02,67,34,0.00,0.0,0
1984-02-03,60,44,0.86,0.0,0
1984-02-04,66,35,0.00,0.0,0
1984-02-05,59,35,0.00,0.0,0
1984-02-06,44,28,0.00,0.0,0
1984-02-07,54,27,0.00,0.0,0
1984-02-08,58,33,0.00,0.0,0
1984-02-09,69,40,0.00,0.0,0
1984-02-10,75,58,0.00,0.0,0
1984-02-11,75,59,T,0.0,0
1984-02-12,73,55,1.06,0.0,0
1984-02-13,68,54,0.02,0.0,0
1984-02-14,70,40,0.00,0.0,0
1984-02-15,70,41,0.00,0.0,0
1984-02-16,70,60,0.75,0.0,0
1984-02-17,71,52,0.00,0.0,0
1984-02-18,74,59,0.00,0.0,0
1984-02-19,71,52,0.42,0.0,0
1984-02-20,54,50,0.16,0.0,0
1984-02-21,57,47,0.67,0.0,0
1984-02-22,64,45,0.00,0.0,0
1984-02-23,69,43,0.00,0.0,0
1984-02-24,72,45,0.00,0.0,0
1984-02-25,66,48,0.00,0.0,0
1984-02-26,68,47,1.32,0.0,0
1984-02-27,59,40,T,0.0,0
1984-02-28,44,37,0.01,0.0,0
1984-02-29,50,32,0.00,0.0,0
1984-03-01,55,31,0.00,0.0,0
1984-03-02,67,40,0.00,0.0,0
1984-03-03,72,47,0.00,0.0,0
1984-03-04,73,55,0.00,0.0,0
1984-03-05,69,50,1.27,0.0,0
1984-03-06,50,42,0.07,0.0,0
1984-03-07,58,31,0.00,0.0,0
1984-03-08,67,40,0.00,0.0,0
1984-03-09,61,42,0.00,0.0,0
1984-03-10,66,40,0.00,0.0,0
1984-03-11,69,45,0.00,0.0,0
1984-03-12,66,49,1.05,0.0,0
1984-03-13,76,55,0.00,0.0,0
1984-03-14,83,62,T,0.0,0
1984-03-15,78,61,0.00,0.0,0
1984-03-16,78,59,0.00,0.0,0
1984-03-17,78,54,0.00,0.0,0
1984-03-18,76,53,0.00,0.0,0
1984-03-19,76,57,2.31,0.0,0
1984-03-20,62,45,T,0.0,0
1984-03-21,70,47,0.00,0.0,0
1984-03-22,73,47,0.00,0.0,0
1984-03-23,76,58,0.00,0.0,0
1984-03-24,78,58,0.02,0.0,0
1984-03-25,72,51,0.00,0.0,0
1984-03-26,67,49,0.17,0.0,0
1984-03-27,79,61,0.01,0.0,0
1984-03-28,70,51,0.00,0.0,0
1984-03-29,65,45,0.00,0.0,0
1984-03-30,67,42,0.00,0.0,0
1984-03-31,71,44,0.00,0.0,0
1984-04-01,72,48,0.00,0.0,0
1984-04-02,71,58,0.58,0.0,0
1984-04-03,80,67,0.08,0.0,0
1984-04-04,70,50,0.00,0.0,0
1984-04-05,65,45,0.00,0.0,0
1984-04-06,75,43,0.00,0.0,0
1984-04-07,74,51,0.00,0.0,0
1984-04-08,74,62,0.86,0.0,0
1984-04-09,77,54,0.00,0.0,0
1984-04-10,77,51,0.00,0.0,0
1984-04-11,75,60,T,0.0,0
1984-04-12,77,55,0.00,0.0,0
1984-04-13,81,64,0.00,0.0,0
1984-04-14,80,54,0.00,0.0,0
1984-04-15,69,48,0.00,0.0,0
1984-04-16,68,45,T,0.0,0
1984-04-17,73,48,0.00,0.0,0
1984-04-18,80,52,0.00,0.0,0
1984-04-19,81,64,0.00,0.0,0
1984-04-20,82,65,0.00,0.0,0
1984-04-21,84,74,0.00,0.0,0
1984-04-22,75,62,0.02,0.0,0
1984-04-23,74,53,0.00,0.0,0
1984-04-24,83,52,0.00,0.0,0
1984-04-25,80,51,0.00,0.0,0
1984-04-26,80,70,0.18,0.0,0
1984-04-27,82,73,0.00,0.0,0
1984-04-28,86,74,0.00,0.0,0
1984-04-29,83,72,0.00,0.0,0
1984-04-30,82,72,0.00,0.0,0
1984-05-01,80,70,0.00,0.0,0
1984-05-02,81,73,0.00,0.0,0
1984-05-03,84,71,0.00,0.0,0
1984-05-04,85,62,0.00,0.0,0
1984-05-05,86,67,0.00,0.0,0
1984-05-06,85,77,0.00,0.0,0
1984-05-07,88,76,0.00,0.0,0
1984-05-08,77,62,0.34,0.0,0
1984-05-09,78,50,0.00,0.0,0
1984-05-10,81,54,0.00,0.0,0
1984-05-11,80,56,0.00,0.0,0
1984-05-12,83,55,0.00,0.0,0
1984-05-13,87,59,0.00,0.0,0
1984-05-14,89,62,0.00,0.0,0
1984-05-15,86,70,0.00,0.0,0
1984-05-16,84,68,0.00,0.0,0
1984-05-17,85,68,0.00,0.0,0
1984-05-18,82,62,0.00,0.0,0
1984-05-19,81,66,0.00,0.0,0
1984-05-20,74,67,2.30,0.0,0
1984-05-21,85,72,0.49,0.0,0
1984-05-22,77,67,0.28,0.0,0
1984-05-23,86,65,0.00,0.0,0
1984-05-24,83,70,0.05,0.0,0
1984-05-25,86,67,0.00,0.0,0
1984-05-26,86,71,0.08,0.0,0
1984-05-27,88,67,0.00,0.0,0
1984-05-28,87,66,0.00,0.0,0
1984-05-29,77,63,0.00,0.0,0
1984-05-30,72,57,0.00,0.0,0
1984-05-31,75,52,0.00,0.0,0
1984-06-01,80,50,0.00,0.0,0
1984-06-02,80,53,0.00,0.0,0
1984-06-03,83,55,0.00,0.0,0
1984-06-04,85,61,0.00,0.0,0
1984-06-05,86,64,0.00,0.0,0
1984-06-06,85,73,T,0.0,0
1984-06-07,86,74,T,0.0,0
1984-06-08,85,71,0.00,0.0,0
1984-06-09,87,70,0.01,0.0,0
1984-06-10,87,70,0.00,0.0,0
1984-06-11,85,68,1.42,0.0,0
1984-06-12,85,67,M,0.0,0
1984-06-13,86,67,T,0.0,0
1984-06-14,90,67,0.00,0.0,0
1984-06-15,90,70,0.45,0.0,0
1984-06-16,84,73,0.71,0.0,0
1984-06-17,84,69,0.00,0.0,0
1984-06-18,84,70,0.26,0.0,0
1984-06-19,93,68,0.00,0.0,0
1984-06-20,94,74,T,0.0,0
1984-06-21,92,74,T,0.0,0
1984-06-22,93,77,0.00,0.0,0
1984-06-23,91,76,T,0.0,0
1984-06-24,87,73,1.05,0.0,0
1984-06-25,90,73,0.00,0.0,0
1984-06-26,90,69,0.00,0.0,0
1984-06-27,88,69,0.26,0.0,0
1984-06-28,80,69,0.20,0.0,0
1984-06-29,83,71,0.13,0.0,0
1984-06-30,79,67,0.27,0.0,0
1984-07-01,81,65,T,0.0,0
1984-07-02,87,67,0.46,0.0,0
1984-07-03,89,71,0.00,0.0,0
1984-07-04,89,69,0.25,0.0,0
1984-07-05,87,69,0.10,0.0,0
1984-07-06,89,68,T,0.0,0
1984-07-07,90,71,T,0.0,0
1984-07-08,89,71,1.01,0.0,0
1984-07-09,91,70,T,0.0,0
1984-07-10,89,71,0.00,0.0,0
1984-07-11,89,72,0.00,0.0,0
1984-07-12,89,71,0.16,0.0,0
1984-07-13,86,71,T,0.0,0
1984-07-14,89,70,0.02,0.0,0
1984-07-15,89,71,0.36,0.0,0
1984-07-16,89,71,0.00,0.0,0
1984-07-17,89,73,0.02,0.0,0
1984-07-18,89,73,0.19,0.0,0
1984-07-19,89,70,T,0.0,0
1984-07-20,89,69,0.00,0.0,0
1984-07-21,92,68,0.00,0.0,0
1984-07-22,91,70,0.00,0.0,0
1984-07-23,86,72,0.13,0.0,0
1984-07-24,85,73,0.20,0.0,0
1984-07-25,83,70,0.60,0.0,0
1984-07-26,87,68,0.10,0.0,0
1984-07-27,89,70,0.00,0.0,0
1984-07-28,87,70,0.20,0.0,0
1984-07-29,85,70,0.05,0.0,0
1984-07-30,82,70,0.00,0.0,0
1984-07-31,82,67,0.01,0.0,0
1984-08-01,82,69,0.00,0.0,0
1984-08-02,79,69,0.10,0.0,0
1984-08-03,77,71,3.33,0.0,0
1984-08-04,85,71,0.68,0.0,0
1984-08-05,87,71,0.75,0.0,0
1984-08-06,86,70,0.81,0.0,0
1984-08-07,87,72,0.35,0.0,0
1984-08-08,89,73,T,0.0,0
1984-08-09,88,71,0.06,0.0,0
1984-08-10,90,71,0.11,0.0,0
1984-08-11,87,74,0.06,0.0,0
1984-08-12,86,71,0.00,0.0,0
1984-08-13,83,70,0.12,0.0,0
1984-08-14,84,71,T,0.0,0
1984-08-15,88,70,0.00,0.0,0
1984-08-16,91,72,0.00,0.0,0
1984-08-17,91,73,0.08,0.0,0
1984-08-18,91,73,0.00,0.0,0
1984-08-19,90,71,0.00,0.0,0
1984-08-20,87,74,T,0.0,0
1984-08-21,96,74,0.00,0.0,0
1984-08-22,89,72,0.41,0.0,0
1984-08-23,87,73,0.79,0.0,0
1984-08-24,89,73,0.00,0.0,0
1984-08-25,89,71,0.04,0.0,0
1984-08-26,89,72,0.04,0.0,0
1984-08-27,85,73,0.03,0.0,0
1984-08-28,88,70,0.91,0.0,0
1984-08-29,86,71,0.57,0.0,0
1984-08-30,84,70,0.27,0.0,0
1984-08-31,88,68,0.00,0.0,0
1984-09-01,89,69,0.00,0.0,0
1984-09-02,87,67,T,0.0,0
1984-09-03,89,72,0.00,0.0,0
1984-09-04,80,71,0.74,0.0,0
1984-09-05,81,70,0.00,0.0,0
1984-09-06,84,63,0.00,0.0,0
1984-09-07,86,63,0.00,0.0,0
1984-09-08,86,69,1.60,0.0,0
1984-09-09,86,71,0.00,0.0,0
1984-09-10,87,70,0.00,0.0,0
1984-09-11,87,67,0.00,0.0,0
1984-09-12,90,69,0.00,0.0,0
1984-09-13,91,73,0.00,0.0,0
1984-09-14,91,73,0.01,0.0,0
1984-09-15,88,71,T,0.0,0
1984-09-16,82,69,0.00,0.0,0
1984-09-17,80,71,0.00,0.0,0
1984-09-18,81,66,0.00,0.0,0
1984-09-19,79,70,T,0.0,0
1984-09-20,84,71,0.00,0.0,0
1984-09-21,80,73,1.43,0.0,0
1984-09-22,84,76,0.01,0.0,0
1984-09-23,86,73,0.00,0.0,0
1984-09-24,87,68,0.00,0.0,0
1984-09-25,85,65,0.00,0.0,0
1984-09-26,86,65,0.00,0.0,0
1984-09-27,85,67,0.00,0.0,0
1984-09-28,81,65,0.00,0.0,0
1984-09-29,74,60,0.00,0.0,0
1984-09-30,70,56,0.00,0.0,0
1984-10-01,69,53,0.00,0.0,0
1984-10-02,72,47,0.00,0.0,0
1984-10-03,74,45,0.00,0.0,0
1984-10-04,78,51,0.00,0.0,0
1984-10-05,84,60,0.00,0.0,0
1984-10-06,82,69,T,0.0,0
1984-10-07,82,67,0.00,0.0,0
1984-10-08,83,68,0.01,0.0,0
1984-10-09,78,67,0.97,0.0,0
1984-10-10,84,67,0.09,0.0,0
1984-10-11,84,64,0.00,0.0,0
1984-10-12,84,63,0.00,0.0,0
1984-10-13,83,61,0.00,0.0,0
1984-10-14,82,66,0.48,0.0,0
1984-10-15,86,69,0.20,0.0,0
1984-10-16,87,75,0.13,0.0,0
1984-10-17,78,67,0.86,0.0,0
1984-10-18,84,69,0.00,0.0,0
1984-10-19,83,71,0.02,0.0,0
1984-10-20,83,70,0.07,0.0,0
1984-10-21,85,76,T,0.0,0
1984-10-22,83,74,0.00,0.0,0
1984-10-23,82,70,T,0.0,0
1984-10-24,86,69,0.00,0.0,0
1984-10-25,85,64,0.00,0.0,0
1984-10-26,83,61,0.00,0.0,0
1984-10-27,85,66,0.00,0.0,0
1984-10-28,83,64,0.00,0.0,0
1984-10-29,83,65,0.00,0.0,0
1984-10-30,82,67,0.01,0.0,0
1984-10-31,85,67,0.00,0.0,0
1984-11-01,85,67,0.05,0.0,0
1984-11-02,73,61,0.01,0.0,0
1984-11-03,63,59,0.00,0.0,0
1984-11-04,74,50,0.00,0.0,0
1984-11-05,74,61,0.00,0.0,0
1984-11-06,70,49,0.00,0.0,0
1984-11-07,71,47,0.00,0.0,0
1984-11-08,75,56,0.00,0.0,0
1984-11-09,76,57,0.00,0.0,0
1984-11-10,78,55,0.22,0.0,0
1984-11-11,59,46,0.00,0.0,0
1984-11-12,60,44,0.00,0.0,0
1984-11-13,62,41,0.00,0.0,0
1984-11-14,73,35,0.00,0.0,0
1984-11-15,79,54,0.00,0.0,0
1984-11-16,70,59,0.00,0.0,0
1984-11-17,73,53,T,0.0,0
1984-11-18,81,63,0.51,0.0,0
1984-11-19,63,52,0.00,0.0,0
1984-11-20,53,45,0.00,0.0,0
1984-11-21,55,41,0.00,0.0,0
1984-11-22,56,42,0.00,0.0,0
1984-11-23,57,39,0.00,0.0,0
1984-11-24,62,32,0.00,0.0,0
1984-11-25,75,41,0.00,0.0,0
1984-11-26,76,59,T,0.0,0
1984-11-27,72,47,1.23,0.0,0
1984-11-28,55,34,0.00,0.0,0
1984-11-29,63,31,0.00,0.0,0
1984-11-30,74,48,0.78,0.0,0
1984-12-01,62,45,0.10,0.0,0
1984-12-02,80,59,0.54,0.0,0
1984-12-03,62,53,0.00,0.0,0
1984-12-04,53,41,1.00,0.0,0
1984-12-05,53,42,0.08,0.0,0
1984-12-06,51,34,0.00,0.0,0
1984-12-07,48,27,0.00,0.0,0
1984-12-08,65,27,0.00,0.0,0
1984-12-09,69,43,0.00,0.0,0
1984-12-10,75,54,0.00,0.0,0
1984-12-11,70,56,0.00,0.0,0
1984-12-12,78,58,0.00,0.0,0
1984-12-13,78,61,0.00,0.0,0
1984-12-14,79,56,0.00,0.0,0
1984-12-15,78,57,0.00,0.0,0
1984-12-16,80,59,0.00,0.0,0
1984-12-17,74,57,0.00,0.0,0
1984-12-18,72,55,0.00,0.0,0
1984-12-19,75,59,0.00,0.0,0
1984-12-20,78,60,0.00,0.0,0
1984-12-21,79,62,0.00,0.0,0
1984-12-22,72,58,0.05,0.0,0
1984-12-23,70,54,0.00,0.0,0
1984-12-24,77,60,0.00,0.0,0
1984-12-25,66,54,0.00,0.0,0
1984-12-26,67,52,0.00,0.0,0
1984-12-27,78,64,0.00,0.0,0
1984-12-28,80,61,0.00,0.0,0
1984-12-29,80,62,0.00,0.0,0
1984-12-30,80,64,0.01,0.0,0
1984-12-31,77,63,0.75,0.0,0
1985-01-01,70,53,0.60,0.0,0
1985-01-02,53,43,0.25,0.0,0
1985-01-03,43,32,0.14,0.0,0
1985-01-04,47,29,0.00,0.0,0
1985-01-05,52,28,0.00,0.0,0
1985-01-06,58,31,0.00,0.0,0
1985-01-07,64,39,0.00,0.0,0
1985-01-08,58,34,0.00,0.0,0
1985-01-09,61,34,0.00,0.0,0
1985-01-10,72,45,T,0.0,0
1985-01-11,53,36,0.00,0.0,0
1985-01-12,40,33,0.00,0.0,0
1985-01-13,39,35,0.07,0.0,0
1985-01-14,49,33,0.12,0.0,0
1985-01-15,53,30,0.00,0.0,0
1985-01-16,67,35,1.12,0.0,0
1985-01-17,56,40,0.56,0.0,0
1985-01-18,60,33,0.00,0.0,0
1985-01-19,61,36,0.00,0.0,0
1985-01-20,53,15,0.09,0.4,0
1985-01-21,31,14,0.00,0.0,T
1985-01-22,45,22,0.00,0.0,0
1985-01-23,45,26,0.00,0.0,0
1985-01-24,52,40,0.15,0.0,0
1985-01-25,65,40,0.00,0.0,0
1985-01-26,50,32,0.00,0.0,0
1985-01-27,65,35,1.71,0.0,0
1985-01-28,57,40,T,0.0,0
1985-01-29,58,35,0.00,0.0,0
1985-01-30,76,50,0.01,0.0,0
1985-01-31,75,47,0.01,0.0,0
1985-02-01,48,32,0.30,0.0,0
1985-02-02,33,26,0.00,0.0,0
1985-02-03,41,28,T,0.0,0
1985-02-04,60,36,0.20,0.0,0
1985-02-05,67,46,3.64,0.0,0
1985-02-06,54,40,0.06,0.0,0
1985-02-07,50,36,0.00,0.0,0
1985-02-08,54,35,0.00,0.0,0
1985-02-09,61,31,0.00,0.0,0
1985-02-10,68,46,0.00,0.0,0
1985-02-11,62,39,1.11,0.0,0
1985-02-12,52,33,0.00,0.0,0
1985-02-13,60,29,0.00,0.0,0
1985-02-14,56,38,T,0.0,0
1985-02-15,53,32,0.00,0.0,0
1985-02-16,59,32,0.00,0.0,0
1985-02-17,71,44,0.00,0.0,0
1985-02-18,73,54,0.00,0.0,0
1985-02-19,62,49,0.00,0.0,0
1985-02-20,71,48,0.00,0.0,0
1985-02-21,73,57,0.00,0.0,0
1985-02-22,74,61,0.00,0.0,0
1985-02-23,78,65,0.01,0.0,0
1985-02-24,70,58,3.15,0.0,0
1985-02-25,66,58,0.10,0.0,0
1985-02-26,64,58,0.04,0.0,0
1985-02-27,62,56,0.67,0.0,0
1985-02-28,65,53,0.00,0.0,0
1985-03-01,69,55,1.54,0.0,0
1985-03-02,72,62,T,0.0,0
1985-03-03,74,55,0.00,0.0,0
1985-03-04,81,62,0.19,0.0,0
1985-03-05,64,56,0.06,0.0,0
1985-03-06,68,51,0.00,0.0,0
1985-03-07,77,49,0.00,0.0,0
1985-03-08,79,65,0.00,0.0,0
1985-03-09,81,63,0.00,0.0,0
1985-03-10,80,58,0.00,0.0,0
1985-03-11,79,61,0.00,0.0,0
1985-03-12,78,61,0.00,0.0,0
1985-03-13,82,59,0.00,0.0,0
1985-03-14,81,56,0.35,0.0,0
1985-03-15,67,55,0.01,0.0,0
1985-03-16,61,55,0.78,0.0,0
1985-03-17,69,57,T,0.0,0
1985-03-18,65,47,0.00,0.0,0
1985-03-19,71,42,0.00,0.0,0
1985-03-20,68,62,2.87,0.0,0
1985-03-21,73,56,0.00,0.0,0
1985-03-22,65,51,0.00,0.0,0
1985-03-23,73,46,0.00,0.0,0
1985-03-24,77,53,0.00,0.0,0
1985-03-25,78,48,0.00,0.0,0
1985-03-26,78,54,0.00,0.0,0
1985-03-27,76,62,1.16,0.0,0
1985-03-28,79,68,0.00,0.0,0
1985-03-29,80,65,0.00,0.0,0
1985-03-30,80,67,0.00,0.0,0
1985-03-31,73,51,0.11,0.0,0
1985-04-01,70,50,0.00,0.0,0
1985-04-02,67,48,T,0.0,0
1985-04-03,76,47,0.00,0.0,0
1985-04-04,76,60,0.00,0.0,0
1985-04-05,75,61,0.10,0.0,0
1985-04-06,73,57,0.00,0.0,0
1985-04-07,80,54,0.00,0.0,0
1985-04-08,70,56,0.00,0.0,0
1985-04-09,69,50,0.00,0.0,0
1985-04-10,73,44,0.00,0.0,0
1985-04-11,75,58,0.00,0.0,0
1985-04-12,67,62,0.30,0.0,0
1985-04-13,74,58,0.00,0.0,0
1985-04-14,77,55,0.20,0.0,0
1985-04-15,82,55,0.28,0.0,0
1985-04-16,79,63,0.00,0.0,0
1985-04-17,80,60,0.00,0.0,0
1985-04-18,81,56,0.00,0.0,0
1985-04-19,79,58,0.16,0.0,0
1985-04-20,82,61,0.00,0.0,0
1985-04-21,82,65,0.00,0.0,0
1985-04-22,82,66,T,0.0,0
1985-04-23,84,66,T,0.0,0
1985-04-24,85,67,0.85,0.0,0
1985-04-25,85,65,0.00,0.0,0
1985-04-26,83,72,0.18,0.0,0
1985-04-27,83,71,0.04,0.0,0
1985-04-28,85,69,0.00,0.0,0
1985-04-29,87,68,0.00,0.0,0
1985-04-30,87,69,0.00,0.0,0
1985-05-01,86,71,0.00,0.0,0
1985-05-02,82,67,0.02,0.0,0
1985-05-03,73,58,T,0.0,0
1985-05-04,79,55,0.00,0.0,0
1985-05-05,82,66,T,0.0,0
1985-05-06,85,71,0.00,0.0,0
1985-05-07,82,70,0.03,0.0,0
1985-05-08,84,65,0.11,0.0,0
1985-05-09,83,64,0.00,0.0,0
1985-05-10,84,64,0.15,0.0,0
1985-05-11,86,66,0.00,0.0,0
1985-05-12,87,69,0.00,0.0,0
1985-05-13,84,71,T,0.0,0
1985-05-14,87,73,T,0.0,0
1985-05-15,83,69,0.00,0.0,0
1985-05-16,87,58,0.00,0.0,0
1985-05-17,84,68,0.00,0.0,0
1985-05-18,77,65,0.01,0.0,0
1985-05-19,85,58,0.00,0.0,0
1985-05-20,87,63,0.00,0.0,0
1985-05-21,84,67,0.66,0.0,0
1985-05-22,89,67,0.00,0.0,0
1985-05-23,78,66,0.18,0.0,0
1985-05-24,83,66,0.00,0.0,0
1985-05-25,83,58,0.00,0.0,0
1985-05-26,86,58,0.00,0.0,0
1985-05-27,84,62,0.00,0.0,0
1985-05-28,86,64,0.00,0.0,0
1985-05-29,88,65,0.00,0.0,0
1985-05-30,89,68,0.00,0.0,0
1985-05-31,91,73,0.00,0.0,0
1985-06-01,91,71,0.00,0.0,0
1985-06-02,93,71,0.00,0.0,0
1985-06-03,91,70,0.00,0.0,0
1985-06-04,91,70,0.00,0.0,0
1985-06-05,94,68,0.00,0.0,0
1985-06-06,93,69,0.00,0.0,0
1985-06-07,93,72,0.02,0.0,0
1985-06-08,89,73,T,0.0,0
1985-06-09,90,75,1.78,0.0,0
1985-06-10,85,71,0.09,0.0,0
1985-06-11,85,71,0.27,0.0,0
1985-06-12,86,70,0.19,0.0,0
1985-06-13,82,65,0.00,0.0,0
1985-06-14,87,66,0.02,0.0,0
1985-06-15,84,72,0.06,0.0,0
1985-06-16,89,72,0.00,0.0,0
1985-06-17,87,72,0.07,0.0,0
1985-06-18,89,71,0.05,0.0,0
1985-06-19,83,69,0.00,0.0,0
1985-06-20,84,73,0.00,0.0,0
1985-06-21,84,71,0.41,0.0,0
1985-06-22,89,74,0.00,0.0,0
1985-06-23,90,66,0.00,0.0,0
1985-06-24,88,70,0.18,0.0,0
1985-06-25,90,69,0.00,0.0,0
1985-06-26,91,70,0.00,0.0,0
1985-06-27,92,71,1.42,0.0,0
1985-06-28,86,71,T,0.0,0
1985-06-29,84,74,0.00,0.0,0
1985-06-30,89,63,0.00,0.0,0
1985-07-01,90,68,0.06,0.0,0
1985-07-02,92,70,T,0.0,0
1985-07-03,87,72,0.00,0.0,0
1985-07-04,84,69,0.66,0.0,0
1985-07-05,78,70,1.64,0.0,0
1985-07-06,81,71,0.14,0.0,0
1985-07-07,78,71,T,0.0,0
1985-07-08,91,70,0.00,0.0,0
1985-07-09,89,74,0.00,0.0,0
1985-07-10,92,73,0.00,0.0,0
1985-07-11,91,73,0.00,0.0,0
1985-07-12,88,73,0.00,0.0,0
1985-07-13,90,71,0.00,0.0,0
1985-07-14,90,71,0.53,0.0,0
1985-07-15,89,72,T,0.0,0
1985-07-16,85,69,0.12,0.0,0
1985-07-17,87,69,0.00,0.0,0
1985-07-18,89,73,0.00,0.0,0
1985-07-19,86,73,T,0.0,0
1985-07-20,88,72,T,0.0,0
1985-07-21,91,72,0.00,0.0,0
1985-07-22,91,75,0.15,0.0,0
1985-07-23,92,73,2.73,0.0,0
1985-07-24,91,72,0.00,0.0,0
1985-07-25,91,74,0.54,0.0,0
1985-07-26,89,75,0.03,0.0,0
1985-07-27,90,73,0.32,0.0,0
1985-07-28,88,73,0.00,0.0,0
1985-07-29,88,75,0.00,0.0,0
1985-07-30,90,73,T,0.0,0
1985-07-31,91,75,0.00,0.0,0
1985-08-01,93,74,0.01,0.0,0
1985-08-02,93,74,T,0.0,0
1985-08-03,91,74,0.01,0.0,0
1985-08-04,89,73,0.00,0.0,0
1985-08-05,90,73,0.00,0.0,0
1985-08-06,91,73,0.00,0.0,0
1985-08-07,87,72,0.69,0.0,0
1985-08-08,90,69,0.00,0.0,0
1985-08-09,92,75,0.00,0.0,0
1985-08-10,93,76,0.00,0.0,0
1985-08-11,92,73,2.90,0.0,0
1985-08-12,88,72,0.02,0.0,0
1985-08-13,91,73,0.00,0.0,0
1985-08-14,85,74,0.25,0.0,0
1985-08-15,83,73,2.23,0.0,0
1985-08-16,90,78,0.00,0.0,0
1985-08-17,91,78,0.00,0.0,0
1985-08-18,92,76,0.00,0.0,0
1985-08-19,92,74,0.00,0.0,0
1985-08-20,90,74,0.00,0.0,0
1985-08-21,91,73,0.03,0.0,0
1985-08-22,90,74,0.00,0.0,0
1985-08-23,91,73,0.00,0.0,0
1985-08-24,92,73,0.09,0.0,0
1985-08-25,85,69,0.06,0.0,0
1985-08-26,86,68,0.01,0.0,0
1985-08-27,83,72,0.06,0.0,0
1985-08-28,87,76,T,0.0,0
1985-08-29,88,75,0.01,0.0,0
1985-08-30,89,76,0.00,0.0,0
1985-08-31,92,71,0.00,0.0,0
1985-09-01,90,77,0.00,0.0,0
1985-09-02,81,69,1.46,0.0,0
1985-09-03,80,72,0.59,0.0,0
1985-09-04,89,75,0.00,0.0,0
1985-09-05,87,72,T,0.0,0
1985-09-06,86,71,0.64,0.0,0
1985-09-07,88,71,0.00,0.0,0
1985-09-08,89,71,0.04,0.0,0
1985-09-09,88,70,0.00,0.0,0
1985-09-10,87,70,1.23,0.0,0
1985-09-11,89,70,0.00,0.0,0
1985-09-12,91,72,0.00,0.0,0
1985-09-13,87,74,0.00,0.0,0
1985-09-14,80,72,0.00,0.0,0
1985-09-15,78,66,0.00,0.0,0
1985-09-16,83,70,0.00,0.0,0
1985-09-17,85,66,0.00,0.0,0
1985-09-18,85,66,0.00,0.0,0
1985-09-19,86,66,0.00,0.0,0
1985-09-20,86,70,0.00,0.0,0
1985-09-21,86,70,0.00,0.0,0
1985-09-22,86,71,0.21,0.0,0
1985-09-23,84,74,0.11,0.0,0
1985-09-24,80,70,0.00,0.0,0
1985-09-25,88,70,0.00,0.0,0
1985-09-26,79,67,T,0.0,0
1985-09-27,74,58,0.00,0.0,0
1985-09-28,80,58,0.00,0.0,0
1985-09-29,87,65,0.46,0.0,0
1985-09-30,83,65,1.00,0.0,0
1985-10-01,66,59,0.01,0.0,0
1985-10-02,69,58,0.00,0.0,0
1985-10-03,77,63,0.00,0.0,0
1985-10-04,86,64,0.00,0.0,0
1985-10-05,73,59,0.00,0.0,0
1985-10-06,71,49,0.00,0.0,0
1985-10-07,76,48,0.00,0.0,0
1985-10-08,82,58,0.03,0.0,0
1985-10-09,83,67,0.00,0.0,0
1985-10-10,83,65,0.03,0.0,0
1985-10-11,86,63,0.00,0.0,0
1985-10-12,87,66,T,0.0,0
1985-10-13,86,66,0.00,0.0,0
1985-10-14,86,66,1.68,0.0,0
1985-10-15,85,67,0.04,0.0,0
1985-10-16,80,68,0.37,0.0,0
1985-10-17,86,71,0.00,0.0,0
1985-10-18,86,73,1.28,0.0,0
1985-10-19,86,70,0.00,0.0,0
1985-10-20,83,69,0.00,0.0,0
1985-10-21,83,66,T,0.0,0
1985-10-22,84,71,0.00,0.0,0
1985-10-23,86,71,0.00,0.0,0
1985-10-24,81,71,0.04,0.0,0
1985-10-25,77,72,T,0.0,0
1985-10-26,74,69,1.91,0.0,0
1985-10-27,75,65,4.20,0.0,0
1985-10-28,79,69,1.34,0.0,0
1985-10-29,76,70,2.01,0.0,0
1985-10-30,76,68,0.13,0.0,0
1985-10-31,69,59,0.13,0.0,0
1985-11-01,73,59,0.00,0.0,0
1985-11-02,65,59,0.06,0.0,0
1985-11-03,63,54,0.04,0.0,0
1985-11-04,65,43,0.00,0.0,0
1985-11-05,67,42,0.00,0.0,0
1985-11-06,71,42,0.00,0.0,0
1985-11-07,77,55,0.00,0.0,0
1985-11-08,70,50,0.00,0.0,0
1985-11-09,77,54,0.00,0.0,0
1985-11-10,81,57,0.00,0.0,0
1985-11-11,78,57,0.00,0.0,0
1985-11-12,80,67,0.00,0.0,0
1985-11-13,80,68,0.00,0.0,0
1985-11-14,81,63,0.00,0.0,0
1985-11-15,82,67,0.00,0.0,0
1985-11-16,82,65,0.01,0.0,0
1985-11-17,82,64,0.00,0.0,0
1985-11-18,82,66,0.00,0.0,0
1985-11-19,83,64,0.00,0.0,0
1985-11-20,74,60,0.00,0.0,0
1985-11-21,67,57,0.00,0.0,0
1985-11-22,71,55,0.00,0.0,0
1985-11-23,76,52,0.00,0.0,0
1985-11-24,77,54,0.00,0.0,0
1985-11-25,82,63,0.00,0.0,0
1985-11-26,84,71,0.00,0.0,0
1985-11-27,80,73,0.56,0.0,0
1985-11-28,73,65,0.22,0.0,0
1985-11-29,67,65,0.06,0.0,0
1985-11-30,71,65,0.01,0.0,0
1985-12-01,79,49,0.31,0.0,0
1985-12-02,54,42,0.00,0.0,0
1985-12-03,52,37,0.00,0.0,0
1985-12-04,68,39,0.00,0.0,0
1985-12-05,60,47,0.00,0.0,0
1985-12-06,61,45,0.00,0.0,0
1985-12-07,66,40,0.00,0.0,0
1985-12-08,72,46,0.00,0.0,0
1985-12-09,73,49,0.00,0.0,0
1985-12-10,76,63,0.00,0.0,0
1985-12-11,81,65,0.37,0.0,0
1985-12-12,72,57,2.94,0.0,0
1985-12-13,59,39,0.08,0.0,0
1985-12-14,43,29,0.00,0.0,0
1985-12-15,46,25,0.00,0.0,0
1985-12-16,52,27,0.00,0.0,0
1985-12-17,59,29,0.00,0.0,0
1985-12-18,56,41,0.00,0.0,0
1985-12-19,49,33,0.00,0.0,0
1985-12-20,56,29,0.00,0.0,0
1985-12-21,50,35,0.00,0.0,0
1985-12-22,63,32,0.00,0.0,0
1985-12-23,72,49,0.00,0.0,0
1985-12-24,65,43,0.00,0.0,0
1985-12-25,47,29,0.00,0.0,0
1985-12-26,47,23,0.00,0.0,0
1985-12-27,63,47,0.13,0.0,0
1985-12-28,60,46,0.85,0.0,0
1985-12-29,60,38,0.00,0.0,0
1985-12-30,67,35,0.00,0.0,0
1985-12-31,71,51,0.10,0.0,0
1986-01-01,55,42,0.00,0.0,0
1986-01-02,65,44,0.00,0.0,0
1986-01-03,67,51,0.00,0.0,0
1986-01-04,60,50,0.70,0.0,0
1986-01-05,52,32,0.00,0.0,0
1986-01-06,52,28,0.05,0.0,0
1986-01-07,51,48,0.44,0.0,0
1986-01-08,53,40,0.00,0.0,0
1986-01-09,46,42,0.43,0.0,0
1986-01-10,47,42,0.46,0.0,0
1986-01-11,58,35,0.00,0.0,0
1986-01-12,64,32,0.00,0.0,0
1986-01-13,57,37,0.00,0.0,0
1986-01-14,65,30,0.00,0.0,0
1986-01-15,69,34,0.00,0.0,0
1986-01-16,66,35,0.00,0.0,0
1986-01-17,68,52,0.09,0.0,0
1986-01-18,67,49,0.00,0.0,0
1986-01-19,67,41,0.00,0.0,0
1986-01-20,74,39,0.00,0.0,0
1986-01-21,76,50,0.00,0.0,0
1986-01-22,75,49,0.00,0.0,0
1986-01-23,57,40,0.00,0.0,0
1986-01-24,67,39,0.00,0.0,0
1986-01-25,69,49,1.32,0.0,0
1986-01-26,54,39,0.00,0.0,0
1986-01-27,44,27,0.00,0.0,0
1986-01-28,59,26,0.00,0.0,0
1986-01-29,73,44,0.00,0.0,0
1986-01-30,65,46,0.00,0.0,0
1986-01-31,73,45,0.00,0.0,0
1986-02-01,76,54,0.00,0.0,0
1986-02-02,76,49,0.00,0.0,0
1986-02-03,75,58,0.00,0.0,0
1986-02-04,77,63,1.48,0.0,0
1986-02-05,77,58,0.22,0.0,0
1986-02-06,70,52,0.02,0.0,0
1986-02-07,69,48,0.31,0.0,0
1986-02-08,70,54,0.54,0.0,0
1986-02-09,64,54,T,0.0,0
1986-02-10,62,37,0.23,0.0,0
1986-02-11,40,32,0.00,0.0,0
1986-02-12,46,29,0.00,0.0,0
1986-02-13,48,32,0.00,0.0,0
1986-02-14,71,42,0.07,0.0,0
1986-02-15,63,40,0.00,0.0,0
1986-02-16,73,42,T,0.0,0
1986-02-17,76,63,0.01,0.0,0
1986-02-18,77,64,0.00,0.0,0
1986-02-19,77,64,0.00,0.0,0
1986-02-20,80,63,0.00,0.0,0
1986-02-21,74,63,0.00,0.0,0
1986-02-22,64,47,0.05,0.0,0
1986-02-23,66,43,0.00,0.0,0
1986-02-24,73,44,0.00,0.0,0
1986-02-25,67,47,0.00,0.0,0
1986-02-26,78,53,0.00,0.0,0
1986-02-27,76,56,T,0.0,0
1986-02-28,59,37,0.00,0.0,0
1986-03-01,54,33,0.00,0.0,0
1986-03-02,69,34,0.00,0.0,0
1986-03-03,76,52,0.01,0.0,0
1986-03-04,69,51,0.20,0.0,0
1986-03-05,67,40,0.00,0.0,0
1986-03-06,69,51,0.00,0.0,0
1986-03-07,72,39,0.00,0.0,0
1986-03-08,72,43,0.00,0.0,0
1986-03-09,77,55,0.00,0.0,0
1986-03-10,82,59,0.00,0.0,0
1986-03-11,79,65,T,0.0,0
1986-03-12,77,60,0.74,0.0,0
1986-03-13,74,54,0.01,0.0,0
1986-03-14,75,54,0.00,0.0,0
1986-03-15,77,52,0.00,0.0,0
1986-03-16,78,55,0.00,0.0,0
1986-03-17,79,53,0.00,0.0,0
1986-03-18,81,65,T,0.0,0
1986-03-19,73,54,0.60,0.0,0
1986-03-20,62,49,0.32,0.0,0
1986-03-21,53,40,0.00,0.0,0
1986-03-22,57,36,0.00,0.0,0
1986-03-23,65,34,0.00,0.0,0
1986-03-24,73,38,0.00,0.0,0
1986-03-25,74,42,0.00,0.0,0
1986-03-26,75,46,0.00,0.0,0
1986-03-27,79,52,0.00,0.0,0
1986-03-28,79,55,0.00,0.0,0
1986-03-29,79,46,0.00,0.0,0
1986-03-30,78,48,0.00,0.0,0
1986-03-31,78,47,0.00,0.0,0
1986-04-01,77,47,0.00,0.0,0
1986-04-02,79,51,0.00,0.0,0
1986-04-03,79,56,0.00,0.0,0
1986-04-04,80,65,0.00,0.0,0
1986-04-05,77,66,0.00,0.0,0
1986-04-06,82,63,0.00,0.0,0
1986-04-07,86,62,0.00,0.0,0
1986-04-08,84,64,0.00,0.0,0
1986-04-09,73,63,0.00,0.0,0
1986-04-10,66,47,0.01,0.0,0
1986-04-11,75,41,0.00,0.0,0
1986-04-12,75,61,0.26,0.0,0
1986-04-13,82,56,0.00,0.0,0
1986-04-14,80,59,0.00,0.0,0
1986-04-15,79,57,T,0.0,0
1986-04-16,74,57,0.00,0.0,0
1986-04-17,75,53,0.00,0.0,0
1986-04-18,80,52,0.00,0.0,0
1986-04-19,79,59,0.51,0.0,0
1986-04-20,77,55,0.72,0.0,0
1986-04-21,81,50,0.00,0.0,0
1986-04-22,74,48,0.00,0.0,0
1986-04-23,73,54,0.00,0.0,0
1986-04-24,79,47,0.00,0.0,0
1986-04-25,77,49,0.00,0.0,0
1986-04-26,80,53,0.00,0.0,0
1986-04-27,81,59,0.00,0.0,0
1986-04-28,82,61,0.00,0.0,0
1986-04-29,85,58,0.00,0.0,0
1986-04-30,83,63,0.00,0.0,0
1986-05-01,86,69,0.00,0.0,0
1986-05-02,80,67,0.00,0.0,0
1986-05-03,79,65,0.00,0.0,0
1986-05-04,84,60,0.00,0.0,0
1986-05-05,83,66,0.00,0.0,0
1986-05-06,85,66,0.00,0.0,0
1986-05-07,87,73,0.00,0.0,0
1986-05-08,87,67,0.00,0.0,0
1986-05-09,91,69,0.00,0.0,0
1986-05-10,87,65,0.02,0.0,0
1986-05-11,83,68,0.11,0.0,0
1986-05-12,88,68,0.00,0.0,0
1986-05-13,90,70,0.00,0.0,0
1986-05-14,87,69,T,0.0,0
1986-05-15,85,70,T,0.0,0
1986-05-16,86,69,T,0.0,0
1986-05-17,82,73,0.05,0.0,0
1986-05-18,86,69,0.70,0.0,0
1986-05-19,81,66,0.01,0.0,0
1986-05-20,80,66,0.00,0.0,0
1986-05-21,81,57,0.00,0.0,0
1986-05-22,83,60,0.00,0.0,0
1986-05-23,87,70,0.00,0.0,0
1986-05-24,89,68,0.00,0.0,0
1986-05-25,88,69,0.05,0.0,0
1986-05-26,85,70,0.24,0.0,0
1986-05-27,86,67,0.43,0.0,0
1986-05-28,89,71,T,0.0,0
1986-05-29,87,70,0.00,0.0,0
1986-05-30,88,72,0.00,0.0,0
1986-05-31,91,72,0.00,0.0,0
1986-06-01,88,71,0.19,0.0,0
1986-06-02,91,70,0.00,0.0,0
1986-06-03,90,72,1.09,0.0,0
1986-06-04,90,73,0.02,0.0,0
1986-06-05,90,73,0.00,0.0,0
1986-06-06,90,74,0.00,0.0,0
1986-06-07,91,74,0.00,0.0,0
1986-06-08,90,73,0.00,0.0,0
1986-06-09,87,73,2.92,0.0,0
1986-06-10,89,73,0.24,0.0,0
1986-06-11,91,75,0.00,0.0,0
1986-06-12,89,75,0.31,0.0,0
1986-06-13,89,74,0.00,0.0,0
1986-06-14,88,71,0.00,0.0,0
1986-06-15,86,71,0.24,0.0,0
1986-06-16,90,70,T,0.0,0
1986-06-17,89,71,T,0.0,0
1986-06-18,91,69,0.00,0.0,0
1986-06-19,91,73,0.61,0.0,0
1986-06-20,89,71,T,0.0,0
1986-06-21,92,72,0.00,0.0,0
1986-06-22,91,72,0.12,0.0,0
1986-06-23,92,70,0.42,0.0,0
1986-06-24,92,71,0.00,0.0,0
1986-06-25,89,75,0.30,0.0,0
1986-06-26,89,76,0.00,0.0,0
1986-06-27,92,74,0.00,0.0,0
1986-06-28,90,73,1.70,0.0,0
1986-06-29,80,72,0.71,0.0,0
1986-06-30,90,74,0.00,0.0,0
1986-07-01,91,72,0.07,0.0,0
1986-07-02,91,73,0.16,0.0,0
1986-07-03,92,73,0.01,0.0,0
1986-07-04,92,71,0.00,0.0,0
1986-07-05,90,73,0.00,0.0,0
1986-07-06,91,70,1.37,0.0,0
1986-07-07,90,72,0.05,0.0,0
1986-07-08,91,70,0.00,0.0,0
1986-07-09,90,73,0.01,0.0,0
1986-07-10,91,76,0.00,0.0,0
1986-07-11,92,77,0.00,0.0,0
1986-07-12,92,78,0.00,0.0,0
1986-07-13,93,71,0.00,0.0,0
1986-07-14,93,71,0.76,0.0,0
1986-07-15,93,72,0.00,0.0,0
1986-07-16,92,71,T,0.0,0
1986-07-17,90,73,0.00,0.0,0
1986-07-18,92,73,0.00,0.0,0
1986-07-19,94,75,0.00,0.0,0
1986-07-20,94,76,0.00,0.0,0
1986-07-21,94,74,0.01,0.0,0
1986-07-22,92,75,0.00,0.0,0
1986-07-23,93,75,T,0.0,0
1986-07-24,92,74,0.00,0.0,0
1986-07-25,92,73,0.19,0.0,0
1986-07-26,91,73,0.97,0.0,0
1986-07-27,92,74,T,0.0,0
1986-07-28,94,76,0.00,0.0,0
1986-07-29,97,78,0.00,0.0,0
1986-07-30,100,78,0.00,0.0,0
1986-07-31,97,80,0.00,0.0,0
1986-08-01,97,79,0.00,0.0,0
1986-08-02,96,73,0.31,0.0,0
1986-08-03,94,71,0.00,0.0,0
1986-08-04,93,74,0.00,0.0,0
1986-08-05,92,71,0.11,0.0,0
1986-08-06,91,70,T,0.0,0
1986-08-07,91,71,0.00,0.0,0
1986-08-08,92,72,T,0.0,0
1986-08-09,91,72,0.00,0.0,0
1986-08-10,94,73,0.16,0.0,0
1986-08-11,89,72,1.64,0.0,0
1986-08-12,87,70,0.00,0.0,0
1986-08-13,89,72,1.73,0.0,0
1986-08-14,88,72,0.00,0.0,0
1986-08-15,92,73,0.31,0.0,0
1986-08-16,93,74,0.03,0.0,0
1986-08-17,93,76,0.00,0.0,0
1986-08-18,92,78,0.00,0.0,0
1986-08-19,93,78,0.00,0.0,0
1986-08-20,93,73,0.00,0.0,0
1986-08-21,83,70,0.05,0.0,0
1986-08-22,89,71,T,0.0,0
1986-08-23,91,72,0.00,0.0,0
1986-08-24,94,71,0.00,0.0,0
1986-08-25,97,75,0.00,0.0,0
1986-08-26,92,74,1.83,0.0,0
1986-08-27,89,74,0.00,0.0,0
1986-08-28,88,73,0.41,0.0,0
1986-08-29,82,71,0.00,0.0,0
1986-08-30,75,71,0.16,0.0,0
1986-08-31,81,70,T,0.0,0
1986-09-01,86,73,0.01,0.0,0
1986-09-02,90,74,0.02,0.0,0
1986-09-03,89,74,0.00,0.0,0
1986-09-04,92,73,T,0.0,0
1986-09-05,92,74,0.00,0.0,0
1986-09-06,93,71,0.00,0.0,0
1986-09-07,85,70,0.00,0.0,0
1986-09-08,91,71,0.00,0.0,0
1986-09-09,89,69,0.08,0.0,0
1986-09-10,90,72,0.00,0.0,0
1986-09-11,91,74,T,0.0,0
1986-09-12,91,73,0.38,0.0,0
1986-09-13,87,73,0.00,0.0,0
1986-09-14,89,69,0.00,0.0,0
1986-09-15,90,67,0.00,0.0,0
1986-09-16,90,68,0.00,0.0,0
1986-09-17,90,69,0.00,0.0,0
1986-09-18,91,73,0.00,0.0,0
1986-09-19,92,73,T,0.0,0
1986-09-20,89,75,0.23,0.0,0
1986-09-21,87,74,0.00,0.0,0
1986-09-22,86,73,0.10,0.0,0
1986-09-23,90,70,0.00,0.0,0
1986-09-24,91,70,0.00,0.0,0
1986-09-25,91,74,0.00,0.0,0
1986-09-26,92,73,0.18,0.0,0
1986-09-27,91,74,0.28,0.0,0
1986-09-28,92,72,0.00,0.0,0
1986-09-29,91,72,0.09,0.0,0
1986-09-30,90,75,0.05,0.0,0
1986-10-01,92,75,0.00,0.0,0
1986-10-02,91,73,0.02,0.0,0
1986-10-03,91,76,0.00,0.0,0
1986-10-04,92,73,0.00,0.0,0
1986-10-05,92,75,0.00,0.0,0
1986-10-06,90,71,T,0.0,0
1986-10-07,82,68,0.00,0.0,0
1986-10-08,80,72,T,0.0,0
1986-10-09,82,68,0.49,0.0,0
1986-10-10,82,69,T,0.0,0
1986-10-11,84,69,0.01,0.0,0
1986-10-12,85,73,0.72,0.0,0
1986-10-13,78,66,0.58,0.0,0
1986-10-14,71,55,0.00,0.0,0
1986-10-15,77,54,0.00,0.0,0
1986-10-16,71,55,0.00,0.0,0
1986-10-17,72,48,0.00,0.0,0
1986-10-18,76,48,0.00,0.0,0
1986-10-19,77,55,0.00,0.0,0
1986-10-20,74,50,0.00,0.0,0
1986-10-21,75,50,0.00,0.0,0
1986-10-22,79,55,0.00,0.0,0
1986-10-23,75,68,0.83,0.0,0
1986-10-24,78,65,0.22,0.0,0
1986-10-25,74,59,0.00,0.0,0
1986-10-26,74,53,0.00,0.0,0
1986-10-27,74,51,0.00,0.0,0
1986-10-28,74,51,0.00,0.0,0
1986-10-29,75,49,0.00,0.0,0
1986-10-30,76,49,0.00,0.0,0
1986-10-31,78,49,0.00,0.0,0
1986-11-01,75,59,0.00,0.0,0
1986-11-02,76,59,0.00,0.0,0
1986-11-03,77,56,0.00,0.0,0
1986-11-04,78,59,T,0.0,0
1986-11-05,75,60,0.28,0.0,0
1986-11-06,72,58,0.00,0.0,0
1986-11-07,86,66,T,0.0,0
1986-11-08,85,75,T,0.0,0
1986-11-09,87,69,0.02,0.0,0
1986-11-10,77,65,0.02,0.0,0
1986-11-11,73,61,2.84,0.0,0
1986-11-12,67,57,0.00,0.0,0
1986-11-13,57,43,0.00,0.0,0
1986-11-14,56,39,0.00,0.0,0
1986-11-15,64,56,T,0.0,0
1986-11-16,82,56,0.00,0.0,0
1986-11-17,81,70,0.33,0.0,0
1986-11-18,85,71,T,0.0,0
1986-11-19,74,66,0.00,0.0,0
1986-11-20,84,60,0.26,0.0,0
1986-11-21,65,53,0.00,0.0,0
1986-11-22,78,56,T,0.0,0
1986-11-23,83,69,0.03,0.0,0
1986-11-24,81,66,1.11,0.0,0
1986-11-25,75,63,0.78,0.0,0
1986-11-26,65,55,0.00,0.0,0
1986-11-27,57,53,0.48,0.0,0
1986-11-28,57,52,0.70,0.0,0
1986-11-29,60,55,1.02,0.0,0
1986-11-30,60,56,0.03,0.0,0
1986-12-01,65,55,0.02,0.0,0
1986-12-02,58,46,0.00,0.0,0
1986-12-03,58,44,0.00,0.0,0
1986-12-04,59,47,0.00,0.0,0
1986-12-05,59,47,0.00,0.0,0
1986-12-06,61,37,0.00,0.0,0
1986-12-07,73,40,0.00,0.0,0
1986-12-08,77,57,0.00,0.0,0
1986-12-09,80,63,0.00,0.0,0
1986-12-10,63,44,0.85,0.0,0
1986-12-11,49,44,0.08,0.0,0
1986-12-12,56,44,T,0.0,0
1986-12-13,57,43,0.00,0.0,0
1986-12-14,60,44,0.04,0.0,0
1986-12-15,56,51,1.30,0.0,0
1986-12-16,61,55,0.09,0.0,0
1986-12-17,69,58,T,0.0,0
1986-12-18,63,52,0.14,0.0,0
1986-12-19,54,48,0.09,0.0,0
1986-12-20,59,43,0.00,0.0,0
1986-12-21,56,50,0.05,0.0,0
1986-12-22,57,49,2.31,0.0,0
1986-12-23,67,48,0.08,0.0,0
1986-12-24,55,43,T,0.0,0
1986-12-25,59,39,0.00,0.0,0
1986-12-26,57,38,0.00,0.0,0
1986-12-27,57,46,0.00,0.0,0
1986-12-28,55,40,0.00,0.0,0
1986-12-29,58,37,0.00,0.0,0
1986-12-30,52,42,0.00,0.0,0
1986-12-31,49,42,0.00,0.0,0
1987-01-01,56,36,0.00,0.0,0
1987-01-02,55,32,0.00,0.0,0
1987-01-03,64,36,1.21,0.0,0
1987-01-04,55,42,0.43,0.0,0
1987-01-05,59,37,0.00,0.0,0
1987-01-06,68,32,0.00,0.0,0
1987-01-07,73,43,0.00,0.0,0
1987-01-08,62,49,0.00,0.0,0
1987-01-09,69,49,0.07,0.0,0
1987-01-10,54,43,0.00,0.0,0
1987-01-11,50,34,0.00,0.0,0
1987-01-12,58,28,0.00,0.0,0
1987-01-13,59,34,T,0.0,0
1987-01-14,51,47,1.22,0.0,0
1987-01-15,59,50,0.01,0.0,0
1987-01-16,59,53,1.36,0.0,0
1987-01-17,57,53,0.48,0.0,0
1987-01-18,75,52,0.03,0.0,0
1987-01-19,52,40,T,0.0,0
1987-01-20,44,40,0.11,0.0,0
1987-01-21,42,37,1.85,0.0,0
1987-01-22,51,34,T,0.0,0
1987-01-23,52,28,0.00,0.0,0
1987-01-24,64,36,1.57,0.0,0
1987-01-25,62,43,0.54,0.0,0
1987-01-26,51,37,0.00,0.0,0
1987-01-27,56,26,0.00,0.0,0
1987-01-28,69,40,0.00,0.0,0
1987-01-29,76,59,0.00,0.0,0
1987-01-30,73,47,T,0.0,0
1987-01-31,67,37,0.00,0.0,0
1987-02-01,70,46,0.20,0.0,0
1987-02-02,70,48,0.07,0.0,0
1987-02-03,71,47,0.00,0.0,0
1987-02-04,60,54,0.25,0.0,0
1987-02-05,56,51,0.13,0.0,0
1987-02-06,53,50,0.24,0.0,0
1987-02-07,66,49,0.12,0.0,0
1987-02-08,73,42,0.00,0.0,0
1987-02-09,54,37,0.00,0.0,0
1987-02-10,64,32,0.00,0.0,0
1987-02-11,70,41,0.00,0.0,0
1987-02-12,76,49,0.00,0.0,0
1987-02-13,76,52,0.00,0.0,0
1987-02-14,76,51,0.00,0.0,0
1987-02-15,71,58,1.58,0.0,0
1987-02-16,64,52,0.00,0.0,0
1987-02-17,54,48,0.00,0.0,0
1987-02-18,48,40,0.00,0.0,0
1987-02-19,55,41,0.00,0.0,0
1987-02-20,60,50,0.35,0.0,0
1987-02-21,58,52,0.72,0.0,0
1987-02-22,60,48,1.37,0.0,0
1987-02-23,57,46,T,0.0,0
1987-02-24,54,48,0.44,0.0,0
1987-02-25,58,54,1.67,0.0,0
1987-02-26,73,57,T,0.0,0
1987-02-27,73,64,0.06,0.0,0
1987-02-28,72,54,0.18,0.0,0
1987-03-01,65,51,0.00,0.0,0
1987-03-02,66,46,0.00,0.0,0
1987-03-03,70,46,0.00,0.0,0
1987-03-04,70,53,0.00,0.0,0
1987-03-05,71,48,0.00,0.0,0
1987-03-06,67,45,0.00,0.0,0
1987-03-07,59,51,0.20,0.0,0
1987-03-08,58,51,0.01,0.0,0
1987-03-09,76,49,0.00,0.0,0
1987-03-10,69,49,0.00,0.0,0
1987-03-11,49,44,0.03,0.0,0
1987-03-12,62,42,0.00,0.0,0
1987-03-13,65,36,0.00,0.0,0
1987-03-14,69,37,0.00,0.0,0
1987-03-15,75,50,0.00,0.0,0
1987-03-16,78,58,T,0.0,0
1987-03-17,76,63,0.50,0.0,0
1987-03-18,77,51,0.00,0.0,0
1987-03-19,78,50,0.00,0.0,0
1987-03-20,77,58,0.00,0.0,0
1987-03-21,80,51,0.00,0.0,0
1987-03-22,78,57,0.00,0.0,0
1987-03-23,78,58,1.81,0.0,0
1987-03-24,77,49,0.00,0.0,0
1987-03-25,76,57,0.00,0.0,0
1987-03-26,77,61,0.00,0.0,0
1987-03-27,74,57,0.09,0.0,0
1987-03-28,82,57,0.00,0.0,0
1987-03-29,70,56,1.69,0.0,0
1987-03-30,56,41,0.06,0.0,0
1987-03-31,58,34,0.00,0.0,0
1987-04-01,66,37,0.00,0.0,0
1987-04-02,73,48,0.12,0.0,0
1987-04-03,56,39,0.18,0.0,0
1987-04-04,59,42,0.00,0.0,0
1987-04-05,64,43,0.00,0.0,0
1987-04-06,68,49,0.01,0.0,0
1987-04-07,72,47,0.00,0.0,0
1987-04-08,75,44,0.00,0.0,0
1987-04-09,77,52,0.00,0.0,0
1987-04-10,79,51,0.00,0.0,0
1987-04-11,78,53,0.00,0.0,0
1987-04-12,83,57,0.00,0.0,0
1987-04-13,73,67,1.70,0.0,0
1987-04-14,73,57,0.26,0.0,0
1987-04-15,75,55,0.00,0.0,0
1987-04-16,76,55,0.00,0.0,0
1987-04-17,84,51,0.00,0.0,0
1987-04-18,91,57,0.00,0.0,0
1987-04-19,90,54,0.00,0.0,0
1987-04-20,90,58,0.00,0.0,0
1987-04-21,92,61,0.00,0.0,0
1987-04-22,86,67,0.00,0.0,0
1987-04-23,83,58,0.00,0.0,0
1987-04-24,78,58,0.00,0.0,0
1987-04-25,79,60,0.00,0.0,0
1987-04-26,83,61,0.00,0.0,0
1987-04-27,89,54,0.00,0.0,0
1987-04-28,91,65,0.00,0.0,0
1987-04-29,85,56,0.00,0.0,0
1987-04-30,88,60,0.00,0.0,0
1987-05-01,88,59,0.00,0.0,0
1987-05-02,84,64,0.00,0.0,0
1987-05-03,84,68,0.00,0.0,0
1987-05-04,87,68,0.15,0.0,0
1987-05-05,82,65,0.16,0.0,0
1987-05-06,82,66,0.25,0.0,0
1987-05-07,80,67,T,0.0,0
1987-05-08,85,67,0.00,0.0,0
1987-05-09,85,65,0.60,0.0,0
1987-05-10,82,64,0.14,0.0,0
1987-05-11,84,64,0.49,0.0,0
1987-05-12,86,65,0.17,0.0,0
1987-05-13,83,65,T,0.0,0
1987-05-14,86,67,0.03,0.0,0
1987-05-15,88,70,T,0.0,0
1987-05-16,85,68,0.03,0.0,0
1987-05-17,88,67,T,0.0,0
1987-05-18,88,68,0.00,0.0,0
1987-05-19,88,67,0.00,0.0,0
1987-05-20,88,69,0.13,0.0,0
1987-05-21,90,70,T,0.0,0
1987-05-22,88,70,T,0.0,0
1987-05-23,88,69,0.11,0.0,0
1987-05-24,85,72,T,0.0,0
1987-05-25,86,69,1.20,0.0,0
1987-05-26,88,67,T,0.0,0
1987-05-27,88,70,0.00,0.0,0
1987-05-28,88,72,0.00,0.0,0
1987-05-29,89,71,0.00,0.0,0
1987-05-30,89,69,0.00,0.0,0
1987-05-31,90,68,0.00,0.0,0
1987-06-01,88,68,0.00,0.0,0
1987-06-02,90,72,0.00,0.0,0
1987-06-03,85,72,0.79,0.0,0
1987-06-04,89,71,2.37,0.0,0
1987-06-05,86,73,0.18,0.0,0
1987-06-06,85,73,0.04,0.0,0
1987-06-07,84,71,1.13,0.0,0
1987-06-08,87,68,0.04,0.0,0
1987-06-09,87,69,0.00,0.0,0
1987-06-10,88,69,T,0.0,0
1987-06-11,82,73,0.77,0.0,0
1987-06-12,83,74,2.08,0.0,0
1987-06-13,88,73,1.06,0.0,0
1987-06-14,87,74,1.00,0.0,0
1987-06-15,90,74,0.76,0.0,0
1987-06-16,86,72,0.20,0.0,0
1987-06-17,85,72,0.04,0.0,0
1987-06-18,78,71,1.46,0.0,0
1987-06-19,89,71,0.00,0.0,0
1987-06-20,90,73,0.02,0.0,0
1987-06-21,88,74,2.37,0.0,0
1987-06-22,90,75,T,0.0,0
1987-06-23,93,74,0.00,0.0,0
1987-06-24,91,74,0.02,0.0,0
1987-06-25,90,75,0.23,0.0,0
1987-06-26,93,76,0.00,0.0,0
1987-06-27,89,78,0.00,0.0,0
1987-06-28,88,68,0.00,0.0,0
1987-06-29,86,68,0.20,0.0,0
1987-06-30,89,74,0.25,0.0,0
1987-07-01,90,72,1.16,0.0,0
1987-07-02,90,75,0.11,0.0,0
1987-07-03,92,78,0.45,0.0,0
1987-07-04,92,78,1.43,0.0,0
1987-07-05,89,76,T,0.0,0
1987-07-06,85,75,0.07,0.0,0
1987-07-07,89,74,0.17,0.0,0
1987-07-08,88,72,0.43,0.0,0
1987-07-09,93,71,0.00,0.0,0
1987-07-10,92,74,0.00,0.0,0
1987-07-11,96,73,0.00,0.0,0
1987-07-12,95,75,0.00,0.0,0
1987-07-13,95,77,0.00,0.0,0
1987-07-14,93,77,0.48,0.0,0
1987-07-15,91,74,0.00,0.0,0
1987-07-16,92,73,0.00,0.0,0
1987-07-17,92,73,1.40,0.0,0
1987-07-18,92,71,0.00,0.0,0
1987-07-19,89,73,0.00,0.0,0
1987-07-20,89,72,0.01,0.0,0
1987-07-21,88,75,0.01,0.0,0
1987-07-22,89,75,0.00,0.0,0
1987-07-23,90,73,0.49,0.0,0
1987-07-24,94,71,0.00,0.0,0
1987-07-25,93,73,0.00,0.0,0
1987-07-26,95,74,0.07,0.0,0
1987-07-27,94,72,0.00,0.0,0
1987-07-28,93,72,0.00,0.0,0
1987-07-29,95,75,0.00,0.0,0
1987-07-30,96,75,0.10,0.0,0
1987-07-31,96,74,0.00,0.0,0
1987-08-01,95,75,0.00,0.0,0
1987-08-02,96,78,0.00,0.0,0
1987-08-03,90,78,0.00,0.0,0
1987-08-04,82,78,0.25,0.0,0
1987-08-05,86,75,0.19,0.0,0
1987-08-06,91,73,1.06,0.0,0
1987-08-07,90,74,0.00,0.0,0
1987-08-08,94,74,0.50,0.0,0
1987-08-09,88,78,0.33,0.0,0
1987-08-10,90,77,0.58,0.0,0
1987-08-11,90,78,0.35,0.0,0
1987-08-12,86,78,0.37,0.0,0
1987-08-13,86,78,0.03,0.0,0
1987-08-14,93,78,0.01,0.0,0
1987-08-15,93,76,0.01,0.0,0
1987-08-16,94,76,0.00,0.0,0
1987-08-17,95,76,0.00,0.0,0
1987-08-18,94,76,0.00,0.0,0
1987-08-19,94,77,0.00,0.0,0
1987-08-20,95,74,0.00,0.0,0
1987-08-21,96,74,0.00,0.0,0
1987-08-22,92,75,0.05,0.0,0
1987-08-23,93,73,0.00,0.0,0
1987-08-24,94,73,0.00,0.0,0
1987-08-25,92,72,0.00,0.0,0
1987-08-26,93,77,0.35,0.0,0
1987-08-27,94,75,0.95,0.0,0
1987-08-28,93,74,T,0.0,0
1987-08-29,91,73,T,0.0,0
1987-08-30,91,75,0.01,0.0,0
1987-08-31,83,76,0.01,0.0,0
1987-09-01,84,75,0.00,0.0,0
1987-09-02,90,74,0.00,0.0,0
1987-09-03,93,67,0.00,0.0,0
1987-09-04,91,66,0.00,0.0,0
1987-09-05,89,71,0.00,0.0,0
1987-09-06,89,69,0.00,0.0,0
1987-09-07,92,74,0.00,0.0,0
1987-09-08,93,73,0.00,0.0,0
1987-09-09,93,73,0.00,0.0,0
1987-09-10,92,70,0.00,0.0,0
1987-09-11,88,73,0.11,0.0,0
1987-09-12,90,70,0.03,0.0,0
1987-09-13,93,70,0.00,0.0,0
1987-09-14,93,70,0.00,0.0,0
1987-09-15,93,71,0.00,0.0,0
1987-09-16,90,75,T,0.0,0
1987-09-17,89,73,0.16,0.0,0
1987-09-18,89,72,0.08,0.0,0
1987-09-19,86,74,0.01,0.0,0
1987-09-20,86,65,0.00,0.0,0
1987-09-21,86,61,0.00,0.0,0
1987-09-22,88,64,0.00,0.0,0
1987-09-23,81,60,0.00,0.0,0
1987-09-24,83,57,0.00,0.0,0
1987-09-25,85,57,0.00,0.0,0
1987-09-26,85,57,0.00,0.0,0
1987-09-27,85,60,0.00,0.0,0
1987-09-28,85,67,T,0.0,0
1987-09-29,80,71,0.90,0.0,0
1987-09-30,82,69,0.00,0.0,0
1987-10-01,82,57,0.00,0.0,0
1987-10-02,85,55,0.00,0.0,0
1987-10-03,72,60,0.00,0.0,0
1987-10-04,72,50,0.00,0.0,0
1987-10-05,77,46,0.00,0.0,0
1987-10-06,83,52,0.00,0.0,0
1987-10-07,78,52,0.00,0.0,0
1987-10-08,76,51,0.00,0.0,0
1987-10-09,79,49,0.00,0.0,0
1987-10-10,81,54,0.00,0.0,0
1987-10-11,83,55,0.00,0.0,0
1987-10-12,73,57,0.00,0.0,0
1987-10-13,72,49,0.00,0.0,0
1987-10-14,75,45,0.00,0.0,0
1987-10-15,75,45,0.00,0.0,0
1987-10-16,76,45,0.00,0.0,0
1987-10-17,81,44,0.00,0.0,0
1987-10-18,84,53,0.00,0.0,0
1987-10-19,83,55,0.00,0.0,0
1987-10-20,82,57,0.00,0.0,0
1987-10-21,68,57,0.00,0.0,0
1987-10-22,67,48,0.00,0.0,0
1987-10-23,77,52,T,0.0,0
1987-10-24,77,63,T,0.0,0
1987-10-25,79,60,0.00,0.0,0
1987-10-26,76,58,0.72,0.0,0
1987-10-27,74,60,0.00,0.0,0
1987-10-28,71,45,0.00,0.0,0
1987-10-29,73,41,0.00,0.0,0
1987-10-30,75,46,0.00,0.0,0
1987-10-31,79,49,0.00,0.0,0
1987-11-01,80,50,0.00,0.0,0
1987-11-02,80,54,0.00,0.0,0
1987-11-03,74,60,T,0.0,0
1987-11-04,73,62,0.13,0.0,0
1987-11-05,81,60,0.00,0.0,0
1987-11-06,68,43,0.00,0.0,0
1987-11-07,75,44,0.00,0.0,0
1987-11-08,80,63,0.15,0.0,0
1987-11-09,77,64,0.60,0.0,0
1987-11-10,64,48,T,0.0,0
1987-11-11,59,41,0.00,0.0,0
1987-11-12,62,39,0.00,0.0,0
1987-11-13,64,39,0.00,0.0,0
1987-11-14,75,51,0.00,0.0,0
1987-11-15,78,60,T,0.0,0
1987-11-16,81,63,1.50,0.0,0
1987-11-17,71,49,0.00,0.0,0
1987-11-18,67,50,0.00,0.0,0
1987-11-19,68,52,T,0.0,0
1987-11-20,65,49,0.00,0.0,0
1987-11-21,60,39,0.00,0.0,0
1987-11-22,72,36,0.00,0.0,0
1987-11-23,79,48,0.00,0.0,0
1987-11-24,78,61,0.00,0.0,0
1987-11-25,78,60,0.00,0.0,0
1987-11-26,78,62,0.36,0.0,0
1987-11-27,76,58,0.04,0.0,0
1987-11-28,61,47,0.14,0.0,0
1987-11-29,60,44,0.00,0.0,0
1987-11-30,65,50,T,0.0,0
1987-12-01,64,39,0.00,0.0,0
1987-12-02,65,36,0.00,0.0,0
1987-12-03,74,40,0.00,0.0,0
1987-12-04,70,51,0.00,0.0,0
1987-12-05,64,43,0.00,0.0,0
1987-12-06,71,51,0.00,0.0,0
1987-12-07,71,59,0.50,0.0,0
1987-12-08,75,53,0.00,0.0,0
1987-12-09,62,49,0.00,0.0,0
1987-12-10,68,45,0.00,0.0,0
1987-12-11,76,47,0.00,0.0,0
1987-12-12,70,60,T,0.0,0
1987-12-13,74,60,T,0.0,0
1987-12-14,78,69,0.04,0.0,0
1987-12-15,74,44,0.03,0.0,0
1987-12-16,51,39,0.00,0.0,0
1987-12-17,50,37,0.00,0.0,0
1987-12-18,57,38,0.00,0.0,0
1987-12-19,72,52,0.00,0.0,0
1987-12-20,68,59,0.04,0.0,0
1987-12-21,59,55,1.86,0.0,0
1987-12-22,66,49,T,0.0,0
1987-12-23,73,45,0.02,0.0,0
1987-12-24,78,68,T,0.0,0
1987-12-25,79,69,T,0.0,0
1987-12-26,80,71,0.00,0.0,0
1987-12-27,77,59,0.22,0.0,0
1987-12-28,59,44,T,0.0,0
1987-12-29,51,38,0.00,0.0,0
1987-12-30,54,40,0.00,0.0,0
1987-12-31,62,54,0.17,0.0,0
1988-01-01,64,45,0.64,0.0,0
1988-01-02,51,42,0.14,0.0,0
1988-01-03,52,47,T,0.0,0
1988-01-04,53,43,T,0.0,0
1988-01-05,52,37,0.00,0.0,0
1988-01-06,47,38,0.00,0.0,0
1988-01-07,50,38,0.49,0.0,0
1988-01-08,38,34,T,0.0,0
1988-01-09,42,35,0.01,0.0,0
1988-01-10,49,32,0.00,0.0,0
1988-01-11,51,32,0.00,0.0,0
1988-01-12,69,39,0.00,0.0,0
1988-01-13,60,38,0.07,0.0,0
1988-01-14,48,33,0.00,0.0,0
1988-01-15,56,29,0.00,0.0,0
1988-01-16,64,40,0.19,0.0,0
1988-01-17,76,57,0.40,0.0,0
1988-01-18,78,62,T,0.0,0
1988-01-19,75,61,0.10,0.0,0
1988-01-20,64,45,0.00,0.0,0
1988-01-21,52,39,0.00,0.0,0
1988-01-22,54,32,0.00,0.0,0
1988-01-23,61,33,0.00,0.0,0
1988-01-24,56,46,1.67,0.0,0
1988-01-25,53,36,0.00,0.0,0
1988-01-26,55,29,0.00,0.0,0
1988-01-27,53,35,0.00,0.0,0
1988-01-28,61,30,0.00,0.0,0
1988-01-29,67,40,0.00,0.0,0
1988-01-30,74,51,0.00,0.0,0
1988-01-31,76,62,0.03,0.0,0
1988-02-01,74,62,1.15,0.0,0
1988-02-02,75,65,0.51,0.0,0
1988-02-03,76,67,2.25,0.0,0
1988-02-04,68,47,0.43,0.0,0
1988-02-05,47,34,0.78,T,0
1988-02-06,41,33,T,T,0
1988-02-07,38,25,T,0.0,0
1988-02-08,56,36,T,0.0,0
1988-02-09,60,37,0.00,0.0,0
1988-02-10,65,35,T,0.0,0
1988-02-11,61,32,0.30,0.0,0
1988-02-12,50,29,0.00,0.0,0
1988-02-13,65,32,0.00,0.0,0
1988-02-14,70,45,0.68,0.0,0
1988-02-15,63,38,0.91,0.0,0
1988-02-16,59,33,0.00,0.0,0
1988-02-17,58,47,0.43,0.0,0
1988-02-18,59,53,3.79,0.0,0
1988-02-19,59,52,T,0.0,0
1988-02-20,56,48,0.08,0.0,0
1988-02-21,67,41,0.00,0.0,0
1988-02-22,69,45,0.00,0.0,0
1988-02-23,74,55,0.00,0.0,0
1988-02-24,60,48,0.00,0.0,0
1988-02-25,65,37,0.00,0.0,0
1988-02-26,70,40,0.00,0.0,0
1988-02-27,71,44,0.00,0.0,0
1988-02-28,72,50,0.00,0.0,0
1988-02-29,73,52,0.00,0.0,0
1988-03-01,72,53,0.00,0.0,0
1988-03-02,73,52,0.52,0.0,0
1988-03-03,73,62,2.96,0.0,0
1988-03-04,67,54,T,0.0,0
1988-03-05,58,51,T,0.0,0
1988-03-06,73,46,0.00,0.0,0
1988-03-07,75,46,0.00,0.0,0
1988-03-08,66,62,0.38,0.0,0
1988-03-09,65,51,0.40,0.0,0
1988-03-10,68,44,0.00,0.0,0
1988-03-11,72,45,0.00,0.0,0
1988-03-12,78,62,T,0.0,0
1988-03-13,68,53,0.00,0.0,0
1988-03-14,54,44,0.00,0.0,0
1988-03-15,58,40,0.00,0.0,0
1988-03-16,59,38,0.00,0.0,0
1988-03-17,66,37,0.35,0.0,0
1988-03-18,57,45,0.78,0.0,0
1988-03-19,57,40,0.00,0.0,0
1988-03-20,69,37,0.00,0.0,0
1988-03-21,73,48,0.00,0.0,0
1988-03-22,73,46,0.00,0.0,0
1988-03-23,76,58,0.00,0.0,0
1988-03-24,73,64,0.38,0.0,0
1988-03-25,78,68,0.54,0.0,0
1988-03-26,81,62,0.31,0.0,0
1988-03-27,76,56,0.00,0.0,0
1988-03-28,79,51,0.00,0.0,0
1988-03-29,81,62,0.08,0.0,0
1988-03-30,81,68,0.54,0.0,0
1988-03-31,72,62,1.66,0.0,0
1988-04-01,80,58,3.75,0.0,0
1988-04-02,73,65,4.33,0.0,0
1988-04-03,72,59,0.09,0.0,0
1988-04-04,81,55,0.00,0.0,0
1988-04-05,82,62,0.00,0.0,0
1988-04-06,73,58,0.00,0.0,0
1988-04-07,75,52,0.00,0.0,0
1988-04-08,78,56,0.00,0.0,0
1988-04-09,77,56,0.00,0.0,0
1988-04-10,79,57,0.05,0.0,0
1988-04-11,59,47,T,0.0,0
1988-04-12,73,49,0.00,0.0,0
1988-04-13,80,48,0.00,0.0,0
1988-04-14,80,51,0.00,0.0,0
1988-04-15,79,50,0.00,0.0,0
1988-04-16,77,51,0.00,0.0,0
1988-04-17,80,65,0.00,0.0,0
1988-04-18,81,69,0.07,0.0,0
1988-04-19,73,59,0.00,0.0,0
1988-04-20,78,50,0.00,0.0,0
1988-04-21,84,61,0.00,0.0,0
1988-04-22,83,71,T,0.0,0
1988-04-23,85,72,0.00,0.0,0
1988-04-24,90,71,0.00,0.0,0
1988-04-25,85,71,T,0.0,0
1988-04-26,85,63,0.00,0.0,0
1988-04-27,82,58,0.00,0.0,0
1988-04-28,79,60,0.00,0.0,0
1988-04-29,76,57,0.60,0.0,0
1988-04-30,64,59,0.36,0.0,0
1988-05-01,78,57,0.00,0.0,0
1988-05-02,81,50,0.00,0.0,0
1988-05-03,81,51,0.00,0.0,0
1988-05-04,83,65,0.00,0.0,0
1988-05-05,82,56,0.00,0.0,0
1988-05-06,85,51,0.00,0.0,0
1988-05-07,84,55,0.00,0.0,0
1988-05-08,82,60,0.00,0.0,0
1988-05-09,84,70,0.00,0.0,0
1988-05-10,85,68,0.00,0.0,0
1988-05-11,87,61,0.00,0.0,0
1988-05-12,75,56,T,0.0,0
1988-05-13,85,53,0.00,0.0,0
1988-05-14,89,62,0.00,0.0,0
1988-05-15,90,66,0.00,0.0,0
1988-05-16,90,67,0.00,0.0,0
1988-05-17,92,68,0.00,0.0,0
1988-05-18,90,63,0.00,0.0,0
1988-05-19,90,62,0.00,0.0,0
1988-05-20,89,65,0.00,0.0,0
1988-05-21,80,65,0.74,0.0,0
1988-05-22,85,67,0.00,0.0,0
1988-05-23,88,66,0.00,0.0,0
1988-05-24,84,67,0.94,0.0,0
1988-05-25,84,68,0.00,0.0,0
1988-05-26,81,60,0.00,0.0,0
1988-05-27,83,60,0.00,0.0,0
1988-05-28,85,58,0.00,0.0,0
1988-05-29,85,59,0.00,0.0,0
1988-05-30,88,65,0.00,0.0,0
1988-05-31,89,66,0.00,0.0,0
1988-06-01,85,63,0.00,0.0,0
1988-06-02,90,65,0.00,0.0,0
1988-06-03,85,68,T,0.0,0
1988-06-04,83,70,0.08,0.0,0
1988-06-05,79,69,1.97,0.0,0
1988-06-06,83,69,T,0.0,0
1988-06-07,89,67,T,0.0,0
1988-06-08,93,68,0.00,0.0,0
1988-06-09,90,70,4.10,0.0,0
1988-06-10,83,68,3.30,0.0,0
1988-06-11,83,63,0.00,0.0,0
1988-06-12,85,60,0.00,0.0,0
1988-06-13,82,65,0.04,0.0,0
1988-06-14,86,63,0.00,0.0,0
1988-06-15,88,64,0.00,0.0,0
1988-06-16,91,68,0.00,0.0,0
1988-06-17,93,72,0.00,0.0,0
1988-06-18,89,73,0.00,0.0,0
1988-06-19,86,69,0.94,0.0,0
1988-06-20,85,67,0.11,0.0,0
1988-06-21,86,68,0.00,0.0,0
1988-06-22,87,71,T,0.0,0
1988-06-23,85,72,0.05,0.0,0
1988-06-24,84,73,0.69,0.0,0
1988-06-25,89,75,0.00,0.0,0
1988-06-26,91,73,T,0.0,0
1988-06-27,94,75,0.00,0.0,0
1988-06-28,96,78,T,0.0,0
1988-06-29,93,78,0.00,0.0,0
1988-06-30,93,77,0.00,0.0,0
1988-07-01,95,74,0.00,0.0,0
1988-07-02,93,75,0.00,0.0,0
1988-07-03,92,74,0.01,0.0,0
1988-07-04,89,72,T,0.0,0
1988-07-05,88,72,0.77,0.0,0
1988-07-06,83,71,1.00,0.0,0
1988-07-07,86,73,T,0.0,0
1988-07-08,86,75,0.00,0.0,0
1988-07-09,85,75,0.14,0.0,0
1988-07-10,87,78,0.14,0.0,0
1988-07-11,88,77,0.57,0.0,0
1988-07-12,90,78,0.00,0.0,0
1988-07-13,91,74,0.00,0.0,0
1988-07-14,92,78,0.00,0.0,0
1988-07-15,92,73,1.72,0.0,0
1988-07-16,93,73,0.00,0.0,0
1988-07-17,90,73,1.72,0.0,0
1988-07-18,87,73,T,0.0,0
1988-07-19,87,74,0.49,0.0,0
1988-07-20,90,75,0.05,0.0,0
1988-07-21,89,74,0.01,0.0,0
1988-07-22,85,73,0.07,0.0,0
1988-07-23,91,71,0.00,0.0,0
1988-07-24,91,71,0.00,0.0,0
1988-07-25,93,74,0.00,0.0,0
1988-07-26,90,73,0.00,0.0,0
1988-07-27,91,72,0.08,0.0,0
1988-07-28,89,69,0.00,0.0,0
1988-07-29,91,73,0.00,0.0,0
1988-07-30,91,72,T,0.0,0
1988-07-31,93,72,0.01,0.0,0
1988-08-01,91,73,0.45,0.0,0
1988-08-02,91,71,T,0.0,0
1988-08-03,90,74,0.09,0.0,0
1988-08-04,89,73,0.33,0.0,0
1988-08-05,87,74,0.58,0.0,0
1988-08-06,85,75,0.33,0.0,0
1988-08-07,83,76,0.42,0.0,0
1988-08-08,83,75,0.22,0.0,0
1988-08-09,79,73,0.58,0.0,0
1988-08-10,87,75,0.97,0.0,0
1988-08-11,91,75,0.00,0.0,0
1988-08-12,92,74,T,0.0,0
1988-08-13,90,76,0.00,0.0,0
1988-08-14,90,73,0.21,0.0,0
1988-08-15,95,73,0.00,0.0,0
1988-08-16,86,76,T,0.0,0
1988-08-17,88,76,0.00,0.0,0
1988-08-18,88,74,1.95,0.0,0
1988-08-19,91,73,0.68,0.0,0
1988-08-20,92,74,0.01,0.0,0
1988-08-21,86,74,0.24,0.0,0
1988-08-22,89,73,T,0.0,0
1988-08-23,92,73,0.20,0.0,0
1988-08-24,92,74,T,0.0,0
1988-08-25,92,74,0.00,0.0,0
1988-08-26,94,71,0.00,0.0,0
1988-08-27,92,72,0.00,0.0,0
1988-08-28,90,73,0.00,0.0,0
1988-08-29,87,73,0.22,0.0,0
1988-08-30,89,74,0.03,0.0,0
1988-08-31,88,75,0.02,0.0,0
1988-09-01,86,76,0.50,0.0,0
1988-09-02,84,76,0.18,0.0,0
1988-09-03,85,75,0.76,0.0,0
1988-09-04,82,75,1.20,0.0,0
1988-09-05,82,70,0.00,0.0,0
1988-09-06,82,71,0.00,0.0,0
1988-09-07,78,65,0.00,0.0,0
1988-09-08,83,69,0.00,0.0,0
1988-09-09,81,69,0.70,0.0,0
1988-09-10,84,71,0.30,0.0,0
1988-09-11,89,71,0.15,0.0,0
1988-09-12,89,75,0.16,0.0,0
1988-09-13,89,74,0.00,0.0,0
1988-09-14,89,75,0.00,0.0,0
1988-09-15,85,76,1.31,0.0,0
1988-09-16,84,76,0.42,0.0,0
1988-09-17,88,78,0.00,0.0,0
1988-09-18,89,75,0.00,0.0,0
1988-09-19,89,77,0.08,0.0,0
1988-09-20,91,72,0.00,0.0,0
1988-09-21,93,73,0.00,0.0,0
1988-09-22,91,74,0.00,0.0,0
1988-09-23,91,74,0.00,0.0,0
1988-09-24,89,73,0.00,0.0,0
1988-09-25,89,73,0.05,0.0,0
1988-09-26,89,72,0.00,0.0,0
1988-09-27,87,73,0.00,0.0,0
1988-09-28,87,69,0.00,0.0,0
1988-09-29,85,71,0.00,0.0,0
1988-09-30,88,69,0.05,0.0,0
1988-10-01,76,70,0.89,0.0,0
1988-10-02,78,65,0.62,0.0,0
1988-10-03,80,65,0.00,0.0,0
1988-10-04,76,62,0.00,0.0,0
1988-10-05,76,60,0.00,0.0,0
1988-10-06,73,58,0.00,0.0,0
1988-10-07,76,59,0.00,0.0,0
1988-10-08,73,54,0.00,0.0,0
1988-10-09,76,57,T,0.0,0
1988-10-10,74,56,0.00,0.0,0
1988-10-11,79,51,0.00,0.0,0
1988-10-12,74,58,0.00,0.0,0
1988-10-13,70,50,0.00,0.0,0
1988-10-14,74,49,0.00,0.0,0
1988-10-15,77,48,0.00,0.0,0
1988-10-16,82,53,0.00,0.0,0
1988-10-17,82,57,0.00,0.0,0
1988-10-18,85,60,0.00,0.0,0
1988-10-19,82,64,0.00,0.0,0
1988-10-20,83,64,0.00,0.0,0
1988-10-21,81,63,0.27,0.0,0
1988-10-22,77,52,0.00,0.0,0
1988-10-23,81,54,0.54,0.0,0
1988-10-24,75,52,0.00,0.0,0
1988-10-25,78,51,0.00,0.0,0
1988-10-26,80,57,0.55,0.0,0
1988-10-27,83,62,0.00,0.0,0
1988-10-28,83,62,0.00,0.0,0
1988-10-29,76,66,0.00,0.0,0
1988-10-30,75,65,0.00,0.0,0
1988-10-31,72,62,0.00,0.0,0
1988-11-01,72,52,0.00,0.0,0
1988-11-02,75,47,0.00,0.0,0
1988-11-03,81,58,0.00,0.0,0
1988-11-04,83,69,0.02,0.0,0
1988-11-05,76,57,0.00,0.0,0
1988-11-06,71,49,0.00,0.0,0
1988-11-07,79,47,0.00,0.0,0
1988-11-08,84,69,0.00,0.0,0
1988-11-09,81,68,0.00,0.0,0
1988-11-10,84,63,T,0.0,0
1988-11-11,75,61,0.00,0.0,0
1988-11-12,82,65,0.01,0.0,0
1988-11-13,76,67,0.08,0.0,0
1988-11-14,78,69,T,0.0,0
1988-11-15,82,69,0.00,0.0,0
1988-11-16,79,58,0.62,0.0,0
1988-11-17,66,56,0.00,0.0,0
1988-11-18,81,57,0.00,0.0,0
1988-11-19,81,73,0.42,0.0,0
1988-11-20,75,51,0.00,0.0,0
1988-11-21,61,49,0.00,0.0,0
1988-11-22,67,50,0.00,0.0,0
1988-11-23,68,45,0.00,0.0,0
1988-11-24,72,41,T,0.0,0
1988-11-25,78,53,0.00,0.0,0
1988-11-26,79,68,T,0.0,0
1988-11-27,75,51,0.10,0.0,0
1988-11-28,58,38,0.00,0.0,0
1988-11-29,64,38,0.00,0.0,0
1988-11-30,65,50,0.01,0.0,0
1988-12-01,65,35,0.00,0.0,0
1988-12-02,58,37,0.00,0.0,0
1988-12-03,63,33,0.00,0.0,0
1988-12-04,72,40,0.00,0.0,0
1988-12-05,60,38,0.00,0.0,0
1988-12-06,65,35,0.00,0.0,0
1988-12-07,72,44,0.00,0.0,0
1988-12-08,68,56,0.00,0.0,0
1988-12-09,61,49,T,0.0,0
1988-12-10,52,48,0.05,0.0,0
1988-12-11,50,46,0.54,0.0,0
1988-12-12,53,40,T,0.0,0
1988-12-13,63,30,0.00,0.0,0
1988-12-14,64,34,0.00,0.0,0
1988-12-15,78,49,0.19,0.0,0
1988-12-16,53,38,T,0.0,0
1988-12-17,56,31,0.00,0.0,0
1988-12-18,57,29,0.00,0.0,0
1988-12-19,70,31,0.00,0.0,0
1988-12-20,77,59,0.00,0.0,0
1988-12-21,77,58,0.00,0.0,0
1988-12-22,81,56,0.00,0.0,0
1988-12-23,74,65,2.20,0.0,0
1988-12-24,75,57,0.69,0.0,0
1988-12-25,65,52,0.00,0.0,0
1988-12-26,77,48,0.00,0.0,0
1988-12-27,77,65,0.00,0.0,0
1988-12-28,72,46,0.21,0.0,0
1988-12-29,53,42,0.01,0.0,0
1988-12-30,76,53,0.03,0.0,0
1988-12-31,79,66,0.02,0.0,0
1989-01-01,69,56,0.56,0.0,0
1989-01-02,74,53,0.00,0.0,0
1989-01-03,80,58,0.00,0.0,0
1989-01-04,62,45,0.00,0.0,0
1989-01-05,72,44,0.00,0.0,0
1989-01-06,79,67,T,0.0,0
1989-01-07,79,68,0.00,0.0,0
1989-01-08,69,56,0.00,0.0,0
1989-01-09,56,47,T,0.0,0
1989-01-10,62,53,0.10,0.0,0
1989-01-11,79,62,0.00,0.0,0
1989-01-12,80,67,0.01,0.0,0
1989-01-13,69,51,T,0.0,0
1989-01-14,73,51,0.22,0.0,0
1989-01-15,59,45,0.00,0.0,0
1989-01-16,50,37,0.00,0.0,0
1989-01-17,61,33,0.00,0.0,0
1989-01-18,66,47,0.06,0.0,0
1989-01-19,67,56,0.75,0.0,0
1989-01-20,58,48,0.55,0.0,0
1989-01-21,53,42,0.00,0.0,0
1989-01-22,61,42,0.00,0.0,0
1989-01-23,70,38,0.00,0.0,0
1989-01-24,73,46,0.00,0.0,0
1989-01-25,75,49,0.00,0.0,0
1989-01-26,78,61,0.00,0.0,0
1989-01-27,68,57,0.00,0.0,0
1989-01-28,73,51,0.21,0.0,0
1989-01-29,78,62,0.01,0.0,0
1989-01-30,73,54,T,0.0,0
1989-01-31,71,49,0.00,0.0,0
1989-02-01,81,65,0.00,0.0,0
1989-02-02,80,63,0.00,0.0,0
1989-02-03,80,46,0.00,0.0,0
1989-02-04,46,43,0.02,0.0,0
1989-02-05,50,44,T,0.0,0
1989-02-06,49,37,0.02,0.0,0
1989-02-07,44,36,T,0.0,0
1989-02-08,53,37,0.00,0.0,0
1989-02-09,51,39,0.00,0.0,0
1989-02-10,56,35,0.00,0.0,0
1989-02-11,63,34,0.00,0.0,0
1989-02-12,69,42,0.00,0.0,0
1989-02-13,79,54,0.00,0.0,0
1989-02-14,82,60,0.00,0.0,0
1989-02-15,82,67,0.00,0.0,0
1989-02-16,78,62,0.00,0.0,0
1989-02-17,72,59,T,0.0,0
1989-02-18,59,53,0.02,0.0,0
1989-02-19,60,51,T,0.0,0
1989-02-20,80,57,T,0.0,0
1989-02-21,72,50,0.09,0.0,0
1989-02-22,56,40,0.00,0.0,0
1989-02-23,44,31,0.00,0.0,0
1989-02-24,49,28,0.00,0.0,0
1989-02-25,59,31,0.00,0.0,0
1989-02-26,73,49,0.00,0.0,0
1989-02-27,76,49,T,0.0,0
1989-02-28,68,56,0.00,0.0,0
1989-03-01,62,54,T,0.0,0
1989-03-02,64,52,0.19,0.0,0
1989-03-03,68,56,0.00,0.0,0
1989-03-04,80,62,T,0.0,0
1989-03-05,73,37,0.49,0.0,0
1989-03-06,38,33,0.00,0.0,0
1989-03-07,39,35,T,T,0
1989-03-08,58,37,0.00,0.0,0
1989-03-09,65,38,0.00,0.0,0
1989-03-10,73,42,0.00,0.0,0
1989-03-11,80,44,0.00,0.0,0
1989-03-12,80,46,0.00,0.0,0
1989-03-13,79,58,0.00,0.0,0
1989-03-14,81,60,0.00,0.0,0
1989-03-15,81,59,0.06,0.0,0
1989-03-16,79,59,0.00,0.0,0
1989-03-17,83,66,0.00,0.0,0
1989-03-18,83,64,0.00,0.0,0
1989-03-19,79,62,T,0.0,0
1989-03-20,82,65,0.00,0.0,0
1989-03-21,80,52,3.11,0.0,0
1989-03-22,53,49,1.89,0.0,0
1989-03-23,61,48,0.02,0.0,0
1989-03-24,68,52,0.00,0.0,0
1989-03-25,76,53,0.00,0.0,0
1989-03-26,79,62,T,0.0,0
1989-03-27,79,63,0.00,0.0,0
1989-03-28,83,68,0.00,0.0,0
1989-03-29,79,62,1.39,0.0,0
1989-03-30,82,59,0.00,0.0,0
1989-03-31,70,59,0.00,0.0,0
1989-04-01,69,50,0.00,0.0,0
1989-04-02,76,50,0.00,0.0,0
1989-04-03,80,68,0.00,0.0,0
1989-04-04,84,64,0.24,0.0,0
1989-04-05,73,56,0.17,0.0,0
1989-04-06,75,45,0.00,0.0,0
1989-04-07,75,61,0.00,0.0,0
1989-04-08,83,65,0.00,0.0,0
1989-04-09,70,52,0.05,0.0,0
1989-04-10,52,48,0.03,0.0,0
1989-04-11,59,40,0.00,0.0,0
1989-04-12,65,40,T,0.0,0
1989-04-13,72,55,0.00,0.0,0
1989-04-14,73,55,T,0.0,0
1989-04-15,75,59,0.01,0.0,0
1989-04-16,77,53,0.00,0.0,0
1989-04-17,83,50,0.00,0.0,0
1989-04-18,82,60,T,0.0,0
1989-04-19,83,63,0.51,0.0,0
1989-04-20,79,62,0.00,0.0,0
1989-04-21,83,56,0.00,0.0,0
1989-04-22,83,54,0.00,0.0,0
1989-04-23,82,58,0.00,0.0,0
1989-04-24,83,58,0.00,0.0,0
1989-04-25,86,59,0.00,0.0,0
1989-04-26,87,60,0.00,0.0,0
1989-04-27,85,59,0.93,0.0,0
1989-04-28,85,69,0.05,0.0,0
1989-04-29,84,64,0.05,0.0,0
1989-04-30,79,61,1.16,0.0,0
1989-05-01,82,67,0.18,0.0,0
1989-05-02,81,58,0.00,0.0,0
1989-05-03,80,60,T,0.0,0
1989-05-04,82,60,0.72,0.0,0
1989-05-05,84,59,0.51,0.0,0
1989-05-06,86,59,0.00,0.0,0
1989-05-07,81,61,0.00,0.0,0
1989-05-08,84,63,0.00,0.0,0
1989-05-09,84,71,0.00,0.0,0
1989-05-10,75,63,T,0.0,0
1989-05-11,78,62,0.00,0.0,0
1989-05-12,80,58,T,0.0,0
1989-05-13,78,61,0.37,0.0,0
1989-05-14,83,69,0.05,0.0,0
1989-05-15,85,64,0.00,0.0,0
1989-05-16,86,69,0.00,0.0,0
1989-05-17,86,71,0.00,0.0,0
1989-05-18,87,69,1.05,0.0,0
1989-05-19,87,72,0.03,0.0,0
1989-05-20,87,74,0.04,0.0,0
1989-05-21,85,68,0.18,0.0,0
1989-05-22,89,69,T,0.0,0
1989-05-23,89,74,0.00,0.0,0
1989-05-24,89,74,0.00,0.0,0
1989-05-25,89,77,0.00,0.0,0
1989-05-26,91,76,0.00,0.0,0
1989-05-27,93,73,0.00,0.0,0
1989-05-28,93,73,0.00,0.0,0
1989-05-29,90,73,0.00,0.0,0
1989-05-30,91,73,0.00,0.0,0
1989-05-31,90,73,0.37,0.0,0
1989-06-01,89,73,0.00,0.0,0
1989-06-02,88,70,0.08,0.0,0
1989-06-03,87,70,0.32,0.0,0
1989-06-04,88,73,0.00,0.0,0
1989-06-05,82,69,1.38,0.0,0
1989-06-06,88,65,0.52,0.0,0
1989-06-07,87,68,0.01,0.0,0
1989-06-08,87,73,1.01,0.0,0
1989-06-09,87,67,0.00,0.0,0
1989-06-10,90,72,T,0.0,0
1989-06-11,89,76,0.05,0.0,0
1989-06-12,90,77,0.00,0.0,0
1989-06-13,90,74,0.00,0.0,0
1989-06-14,87,70,0.50,0.0,0
1989-06-15,83,71,0.06,0.0,0
1989-06-16,83,66,0.00,0.0,0
1989-06-17,88,62,0.00,0.0,0
1989-06-18,90,76,T,0.0,0
1989-06-19,83,73,T,0.0,0
1989-06-20,91,69,0.00,0.0,0
1989-06-21,86,75,0.49,0.0,0
1989-06-22,85,71,0.00,0.0,0
1989-06-23,85,70,0.09,0.0,0
1989-06-24,87,73,0.00,0.0,0
1989-06-25,88,70,1.29,0.0,0
1989-06-26,87,74,T,0.0,0
1989-06-27,87,77,0.68,0.0,0
1989-06-28,86,75,0.02,0.0,0
1989-06-29,89,76,0.42,0.0,0
1989-06-30,89,72,1.30,0.0,0
1989-07-01,89,73,0.01,0.0,0
1989-07-02,89,78,0.02,0.0,0
1989-07-03,88,72,0.75,0.0,0
1989-07-04,82,71,0.15,0.0,0
1989-07-05,88,71,0.41,0.0,0
1989-07-06,87,73,0.63,0.0,0
1989-07-07,91,73,0.47,0.0,0
1989-07-08,92,73,0.00,0.0,0
1989-07-09,91,73,0.12,0.0,0
1989-07-10,91,74,T,0.0,0
1989-07-11,91,72,T,0.0,0
1989-07-12,94,74,0.51,0.0,0
1989-07-13,93,74,0.02,0.0,0
1989-07-14,85,74,0.72,0.0,0
1989-07-15,91,76,0.05,0.0,0
1989-07-16,92,77,0.00,0.0,0
1989-07-17,93,75,T,0.0,0
1989-07-18,93,76,0.19,0.0,0
1989-07-19,92,77,0.00,0.0,0
1989-07-20,86,72,T,0.0,0
1989-07-21,90,69,0.00,0.0,0
1989-07-22,87,71,0.09,0.0,0
1989-07-23,83,69,2.65,0.0,0
1989-07-24,87,69,0.21,0.0,0
1989-07-25,81,72,0.83,0.0,0
1989-07-26,92,73,0.00,0.0,0
1989-07-27,93,75,0.00,0.0,0
1989-07-28,92,75,0.00,0.0,0
1989-07-29,93,73,0.00,0.0,0
1989-07-30,92,74,T,0.0,0
1989-07-31,84,73,0.51,0.0,0
1989-08-01,88,75,1.78,0.0,0
1989-08-02,91,77,0.00,0.0,0
1989-08-03,93,73,0.00,0.0,0
1989-08-04,94,74,0.00,0.0,0
1989-08-05,94,76,0.00,0.0,0
1989-08-06,95,76,0.00,0.0,0
1989-08-07,95,74,0.66,0.0,0
1989-08-08,80,73,0.01,0.0,0
1989-08-09,84,64,0.00,0.0,0
1989-08-10,87,63,0.00,0.0,0
1989-08-11,86,67,T,0.0,0
1989-08-12,87,69,0.00,0.0,0
1989-08-13,87,68,0.00,0.0,0
1989-08-14,89,69,0.00,0.0,0
1989-08-15,91,70,T,0.0,0
1989-08-16,91,68,0.00,0.0,0
1989-08-17,91,69,0.36,0.0,0
1989-08-18,90,70,0.06,0.0,0
1989-08-19,91,70,0.00,0.0,0
1989-08-20,90,72,T,0.0,0
1989-08-21,91,72,0.00,0.0,0
1989-08-22,93,78,0.00,0.0,0
1989-08-23,92,77,0.33,0.0,0
1989-08-24,91,75,0.00,0.0,0
1989-08-25,93,73,0.00,0.0,0
1989-08-26,96,73,0.00,0.0,0
1989-08-27,99,76,0.11,0.0,0
1989-08-28,94,75,T,0.0,0
1989-08-29,93,74,0.00,0.0,0
1989-08-30,94,74,T,0.0,0
1989-08-31,94,75,0.00,0.0,0
1989-09-01,95,76,0.00,0.0,0
1989-09-02,98,78,0.00,0.0,0
1989-09-03,94,80,0.00,0.0,0
1989-09-04,90,78,0.04,0.0,0
1989-09-05,84,74,0.36,0.0,0
1989-09-06,90,73,T,0.0,0
1989-09-07,89,73,T,0.0,0
1989-09-08,89,71,0.64,0.0,0
1989-09-09,92,71,0.59,0.0,0
1989-09-10,92,73,0.00,0.0,0
1989-09-11,89,75,0.01,0.0,0
1989-09-12,89,72,1.00,0.0,0
1989-09-13,91,72,0.00,0.0,0
1989-09-14,89,70,T,0.0,0
1989-09-15,80,70,0.00,0.0,0
1989-09-16,83,67,0.00,0.0,0
1989-09-17,84,68,0.00,0.0,0
1989-09-18,86,67,0.00,0.0,0
1989-09-19,87,65,0.00,0.0,0
1989-09-20,85,63,0.00,0.0,0
1989-09-21,86,63,0.00,0.0,0
1989-09-22,87,64,0.00,0.0,0
1989-09-23,82,61,0.00,0.0,0
1989-09-24,73,58,0.04,0.0,0
1989-09-25,74,64,0.01,0.0,0
1989-09-26,71,64,T,0.0,0
1989-09-27,80,69,T,0.0,0
1989-09-28,72,68,0.01,0.0,0
1989-09-29,72,66,1.25,0.0,0
1989-09-30,71,58,0.58,0.0,0
1989-10-01,82,58,0.00,0.0,0
1989-10-02,88,61,0.00,0.0,0
1989-10-03,87,63,0.00,0.0,0
1989-10-04,85,64,0.00,0.0,0
1989-10-05,85,61,0.00,0.0,0
1989-10-06,86,69,0.00,0.0,0
1989-10-07,88,65,0.00,0.0,0
1989-10-08,73,61,0.25,0.0,0
1989-10-09,74,56,0.00,0.0,0
1989-10-10,78,57,0.00,0.0,0
1989-10-11,81,56,0.00,0.0,0
1989-10-12,84,58,0.00,0.0,0
1989-10-13,77,68,0.04,0.0,0
1989-10-14,74,67,0.00,0.0,0
1989-10-15,86,69,T,0.0,0
1989-10-16,84,74,0.20,0.0,0
1989-10-17,80,70,0.02,0.0,0
1989-10-18,70,51,T,0.0,0
1989-10-19,57,45,0.00,0.0,0
1989-10-20,60,35,0.00,0.0,0
1989-10-21,73,39,0.00,0.0,0
1989-10-22,76,48,0.00,0.0,0
1989-10-23,78,55,0.00,0.0,0
1989-10-24,77,51,0.00,0.0,0
1989-10-25,77,47,0.00,0.0,0
1989-10-26,78,49,0.00,0.0,0
1989-10-27,78,49,0.00,0.0,0
1989-10-28,80,50,0.00,0.0,0
1989-10-29,80,50,0.00,0.0,0
1989-10-30,81,48,0.00,0.0,0
1989-10-31,74,58,0.00,0.0,0
1989-11-01,74,57,0.21,0.0,0
1989-11-02,70,58,0.29,0.0,0
1989-11-03,65,43,0.00,0.0,0
1989-11-04,71,41,0.00,0.0,0
1989-11-05,82,52,0.00,0.0,0
1989-11-06,84,67,1.79,0.0,0
1989-11-07,75,67,10.92,0.0,0
1989-11-08,83,66,1.66,0.0,0
1989-11-09,70,50,0.00,0.0,0
1989-11-10,78,45,0.00,0.0,0
1989-11-11,77,48,0.00,0.0,0
1989-11-12,77,52,0.00,0.0,0
1989-11-13,76,58,0.98,0.0,0
1989-11-14,82,69,0.80,0.0,0
1989-11-15,84,59,0.89,0.0,0
1989-11-16,59,46,0.00,0.0,0
1989-11-17,53,36,T,0.0,0
1989-11-18,63,46,0.03,0.0,0
1989-11-19,66,56,0.01,0.0,0
1989-11-20,77,53,0.00,0.0,0
1989-11-21,70,63,0.04,0.0,0
1989-11-22,79,54,0.75,0.0,0
1989-11-23,54,46,0.00,0.0,0
1989-11-24,59,39,0.00,0.0,0
1989-11-25,76,52,0.00,0.0,0
1989-11-26,78,63,0.00,0.0,0
1989-11-27,80,69,T,0.0,0
1989-11-28,73,52,1.44,0.0,0
1989-11-29,58,45,T,0.0,0
1989-11-30,54,40,0.00,0.0,0
1989-12-01,61,50,0.00,0.0,0
1989-12-02,60,51,T,0.0,0
1989-12-03,53,41,0.00,0.0,0
1989-12-04,54,32,0.00,0.0,0
1989-12-05,70,36,0.00,0.0,0
1989-12-06,76,59,1.79,0.0,0
1989-12-07,71,61,3.00,0.0,0
1989-12-08,61,37,0.15,0.0,0
1989-12-09,55,37,0.00,0.0,0
1989-12-10,61,31,0.00,0.0,0
1989-12-11,74,56,0.02,0.0,0
1989-12-12,56,34,0.24,0.0,0
1989-12-13,50,27,0.00,0.0,0
1989-12-14,58,27,0.00,0.0,0
1989-12-15,73,35,0.00,0.0,0
1989-12-16,40,27,0.00,0.0,0
1989-12-17,39,34,0.20,0.0,0
1989-12-18,48,37,0.04,0.0,0
1989-12-19,51,42,0.01,0.0,0
1989-12-20,42,39,T,0.0,0
1989-12-21,47,32,0.00,0.0,0
1989-12-22,33,15,0.06,0.5,0
1989-12-23,27,11,0.00,0.0,1
1989-12-24,34,15,0.00,0.0,T
1989-12-25,49,22,0.00,0.0,T
1989-12-26,64,33,0.00,0.0,0
1989-12-27,69,34,0.00,0.0,0
1989-12-28,72,40,T,0.0,0
1989-12-29,66,50,0.35,0.0,0
1989-12-30,73,61,0.08,0.0,0
1989-12-31,71,45,0.34,0.0,0
1990-01-01,57,39,0.00,0.0,0
1990-01-02,56,40,0.00,0.0,0
1990-01-03,64,50,0.01,0.0,0
1990-01-04,72,58,0.06,0.0,0
1990-01-05,71,55,2.82,0.0,0
1990-01-06,59,52,0.01,0.0,0
1990-01-07,55,48,0.65,0.0,0
1990-01-08,59,42,0.00,0.0,0
1990-01-09,71,37,0.00,0.0,0
1990-01-10,70,49,0.00,0.0,0
1990-01-11,72,44,0.00,0.0,0
1990-01-12,62,44,0.00,0.0,0
1990-01-13,53,35,0.00,0.0,0
1990-01-14,65,33,0.00,0.0,0
1990-01-15,73,46,0.00,0.0,0
1990-01-16,72,52,T,0.0,0
1990-01-17,78,62,T,0.0,0
1990-01-18,67,59,0.18,0.0,0
1990-01-19,79,61,T,0.0,0
1990-01-20,74,57,2.66,0.0,0
1990-01-21,64,50,T,0.0,0
1990-01-22,66,40,0.00,0.0,0
1990-01-23,69,40,T,0.0,0
1990-01-24,78,63,T,0.0,0
1990-01-25,72,44,0.59,0.0,0
1990-01-26,62,38,0.00,0.0,0
1990-01-27,69,44,0.00,0.0,0
1990-01-28,71,55,0.00,0.0,0
1990-01-29,66,45,0.57,0.0,0
1990-01-30,61,42,0.04,0.0,0
1990-01-31,71,45,0.00,0.0,0
1990-02-01,78,58,0.00,0.0,0
1990-02-02,78,64,0.00,0.0,0
1990-02-03,81,63,0.37,0.0,0
1990-02-04,63,45,0.00,0.0,0
1990-02-05,57,43,0.00,0.0,0
1990-02-06,61,47,0.75,0.0,0
1990-02-07,68,57,0.00,0.0,0
1990-02-08,67,54,1.61,0.0,0
1990-02-09,77,64,T,0.0,0
1990-02-10,71,54,0.14,0.0,0
1990-02-11,68,47,0.00,0.0,0
1990-02-12,74,43,0.00,0.0,0
1990-02-13,76,56,0.00,0.0,0
1990-02-14,79,64,2.59,0.0,0
1990-02-15,76,71,T,0.0,0
1990-02-16,73,59,0.41,0.0,0
1990-02-17,59,52,0.01,0.0,0
1990-02-18,56,51,1.77,0.0,0
1990-02-19,57,54,0.36,0.0,0
1990-02-20,67,52,0.00,0.0,0
1990-02-21,67,59,3.44,0.0,0
1990-02-22,71,57,T,0.0,0
1990-02-23,61,44,0.00,0.0,0
1990-02-24,73,44,0.00,0.0,0
1990-02-25,65,47,0.00,0.0,0
1990-02-26,67,43,0.00,0.0,0
1990-02-27,72,52,0.00,0.0,0
1990-02-28,74,54,T,0.0,0
1990-03-01,74,59,0.17,0.0,0
1990-03-02,67,50,0.89,0.0,0
1990-03-03,63,47,0.00,0.0,0
1990-03-04,68,39,0.00,0.0,0
1990-03-05,70,41,0.00,0.0,0
1990-03-06,73,50,0.00,0.0,0
1990-03-07,78,57,0.00,0.0,0
1990-03-08,77,63,T,0.0,0
1990-03-09,77,62,0.17,0.0,0
1990-03-10,80,60,0.00,0.0,0
1990-03-11,80,64,0.00,0.0,0
1990-03-12,79,64,0.00,0.0,0
1990-03-13,80,65,0.00,0.0,0
1990-03-14,80,66,0.00,0.0,0
1990-03-15,73,54,1.39,0.0,0
1990-03-16,59,52,1.56,0.0,0
1990-03-17,71,47,0.00,0.0,0
1990-03-18,75,46,0.00,0.0,0
1990-03-19,74,48,0.00,0.0,0
1990-03-20,61,43,0.00,0.0,0
1990-03-21,66,39,0.00,0.0,0
1990-03-22,74,44,0.00,0.0,0
1990-03-23,75,48,0.00,0.0,0
1990-03-24,79,50,0.00,0.0,0
1990-03-25,77,54,0.00,0.0,0
1990-03-26,73,56,0.00,0.0,0
1990-03-27,70,52,0.00,0.0,0
1990-03-28,75,54,0.03,0.0,0
1990-03-29,79,61,0.48,0.0,0
1990-03-30,70,59,1.29,0.0,0
1990-03-31,74,55,0.00,0.0,0
1990-04-01,78,55,0.90,0.0,0
1990-04-02,78,60,T,0.0,0
1990-04-03,68,55,0.00,0.0,0
1990-04-04,72,45,0.00,0.0,0
1990-04-05,78,50,0.00,0.0,0
1990-04-06,76,53,T,0.0,0
1990-04-07,65,47,0.00,0.0,0
1990-04-08,65,46,0.00,0.0,0
1990-04-09,76,48,0.00,0.0,0
1990-04-10,81,60,0.85,0.0,0
1990-04-11,71,56,0.00,0.0,0
1990-04-12,71,50,0.00,0.0,0
1990-04-13,74,46,0.00,0.0,0
1990-04-14,76,57,0.52,0.0,0
1990-04-15,76,54,0.00,0.0,0
1990-04-16,79,52,0.00,0.0,0
1990-04-17,82,57,0.00,0.0,0
1990-04-18,75,60,0.00,0.0,0
1990-04-19,79,58,0.00,0.0,0
1990-04-20,83,68,0.82,0.0,0
1990-04-21,82,62,T,0.0,0
1990-04-22,86,64,0.36,T,0
1990-04-23,81,63,T,0.0,0
1990-04-24,83,61,0.00,0.0,0
1990-04-25,81,68,0.15,0.0,0
1990-04-26,82,66,0.00,0.0,0
1990-04-27,77,64,0.99,0.0,0
1990-04-28,84,63,0.00,0.0,0
1990-04-29,84,67,0.00,0.0,0
1990-04-30,85,70,0.00,0.0,0
1990-05-01,86,73,0.00,0.0,0
1990-05-02,83,73,0.00,0.0,0
1990-05-03,85,73,0.00,0.0,0
1990-05-04,80,74,T,0.0,0
1990-05-05,79,66,0.02,0.0,0
1990-05-06,76,62,0.00,0.0,0
1990-05-07,79,55,0.00,0.0,0
1990-05-08,75,63,1.72,0.0,0
1990-05-09,85,69,0.03,0.0,0
1990-05-10,83,67,0.00,0.0,0
1990-05-11,78,61,0.00,0.0,0
1990-05-12,82,71,0.00,0.0,0
1990-05-13,77,70,2.55,0.0,0
1990-05-14,85,68,0.00,0.0,0
1990-05-15,85,72,0.00,0.0,0
1990-05-16,87,76,0.00,0.0,0
1990-05-17,87,74,0.00,0.0,0
1990-05-18,84,69,0.00,0.0,0
1990-05-19,86,70,0.00,0.0,0
1990-05-20,88,76,0.00,0.0,0
1990-05-21,91,73,0.00,0.0,0
1990-05-22,84,71,T,0.0,0
1990-05-23,80,64,0.00,0.0,0
1990-05-24,87,64,0.00,0.0,0
1990-05-25,86,62,0.00,0.0,0
1990-05-26,91,71,0.00,0.0,0
1990-05-27,91,68,0.12,0.0,0
1990-05-28,82,65,0.24,0.0,0
1990-05-29,85,66,0.00,0.0,0
1990-05-30,86,62,0.00,0.0,0
1990-05-31,89,71,1.19,0.0,0
1990-06-01,89,72,0.00,0.0,0
1990-06-02,90,79,0.00,0.0,0
1990-06-03,91,76,0.00,0.0,0
1990-06-04,93,74,0.00,0.0,0
1990-06-05,90,73,0.00,0.0,0
1990-06-06,91,75,T,0.0,0
1990-06-07,92,73,T,0.0,0
1990-06-08,90,72,T,0.0,0
1990-06-09,89,71,0.40,0.0,0
1990-06-10,90,71,T,0.0,0
1990-06-11,93,71,0.00,0.0,0
1990-06-12,92,72,0.00,0.0,0
1990-06-13,91,74,T,0.0,0
1990-06-14,90,74,0.00,0.0,0
1990-06-15,93,71,0.00,0.0,0
1990-06-16,94,75,0.00,0.0,0
1990-06-17,95,75,0.00,0.0,0
1990-06-18,96,75,0.00,0.0,0
1990-06-19,99,78,0.00,0.0,0
1990-06-20,97,78,0.01,0.0,0
1990-06-21,95,74,0.00,0.0,0
1990-06-22,88,77,0.01,0.0,0
1990-06-23,87,70,0.59,0.0,0
1990-06-24,92,65,0.00,0.0,0
1990-06-25,94,68,0.00,0.0,0
1990-06-26,93,71,0.00,0.0,0
1990-06-27,91,72,0.00,0.0,0
1990-06-28,93,70,0.00,0.0,0
1990-06-29,91,72,0.00,0.0,0
1990-06-30,95,74,0.00,0.0,0
1990-07-01,92,75,T,0.0,0
1990-07-02,96,77,T,0.0,0
1990-07-03,95,73,0.00,0.0,0
1990-07-04,85,73,0.49,0.0,0
1990-07-05,90,73,0.07,0.0,0
1990-07-06,95,73,0.00,0.0,0
1990-07-07,96,73,0.00,0.0,0
1990-07-08,96,76,0.24,0.0,0
1990-07-09,93,75,0.04,0.0,0
1990-07-10,90,73,0.09,0.0,0
1990-07-11,89,74,0.19,0.0,0
1990-07-12,92,76,0.06,0.0,0
1990-07-13,90,73,T,0.0,0
1990-07-14,86,65,0.00,0.0,0
1990-07-15,87,65,0.00,0.0,0
1990-07-16,83,70,0.52,0.0,0
1990-07-17,81,74,T,0.0,0
1990-07-18,90,75,0.00,0.0,0
1990-07-19,89,73,T,0.0,0
1990-07-20,87,73,0.01,0.0,0
1990-07-21,91,72,0.17,0.0,0
1990-07-22,92,72,0.38,0.0,0
1990-07-23,93,73,0.01,0.0,0
1990-07-24,93,70,0.00,0.0,0
1990-07-25,96,76,0.00,0.0,0
1990-07-26,94,77,0.00,0.0,0
1990-07-27,93,76,0.00,0.0,0
1990-07-28,90,76,0.00,0.0,0
1990-07-29,96,73,0.00,0.0,0
1990-07-30,96,73,0.00,0.0,0
1990-07-31,95,75,0.03,0.0,0
1990-08-01,95,74,0.00,0.0,0
1990-08-02,93,72,T,0.0,0
1990-08-03,90,74,0.09,0.0,0
1990-08-04,96,73,0.00,0.0,0
1990-08-05,100,74,0.00,0.0,0
1990-08-06,98,73,0.57,0.0,0
1990-08-07,90,76,0.00,0.0,0
1990-08-08,90,69,0.00,0.0,0
1990-08-09,88,70,0.00,0.0,0
1990-08-10,88,64,0.00,0.0,0
1990-08-11,93,66,0.00,0.0,0
1990-08-12,92,68,0.00,0.0,0
1990-08-13,94,70,0.00,0.0,0
1990-08-14,95,68,0.00,0.0,0
1990-08-15,94,70,0.00,0.0,0
1990-08-16,96,72,0.00,0.0,0
1990-08-17,93,72,T,0.0,0
1990-08-18,93,74,0.94,0.0,0
1990-08-19,98,73,0.00,0.0,0
1990-08-20,97,75,0.00,0.0,0
1990-08-21,93,73,0.00,0.0,0
1990-08-22,94,71,0.06,0.0,0
1990-08-23,94,73,0.00,0.0,0
1990-08-24,96,75,0.00,0.0,0
1990-08-25,97,73,0.04,0.0,0
1990-08-26,99,72,T,0.0,0
1990-08-27,91,75,0.54,0.0,0
1990-08-28,96,73,0.00,0.0,0
1990-08-29,96,73,0.00,0.0,0
1990-08-30,96,72,0.21,0.0,0
1990-08-31,96,70,0.00,0.0,0
1990-09-01,92,73,0.02,0.0,0
1990-09-02,90,73,0.26,0.0,0
1990-09-03,93,72,0.00,0.0,0
1990-09-04,96,73,0.54,0.0,0
1990-09-05,92,73,0.00,0.0,0
1990-09-06,93,70,0.00,0.0,0
1990-09-07,93,70,0.00,0.0,0
1990-09-08,93,72,0.00,0.0,0
1990-09-09,92,73,0.45,0.0,0
1990-09-10,92,71,0.00,0.0,0
1990-09-11,85,73,0.38,0.0,0
1990-09-12,78,72,2.25,0.0,0
1990-09-13,90,73,T,0.0,0
1990-09-14,93,74,T,0.0,0
1990-09-15,93,75,0.00,0.0,0
1990-09-16,96,75,0.00,0.0,0
1990-09-17,92,74,0.00,0.0,0
1990-09-18,92,73,0.00,0.0,0
1990-09-19,93,73,0.00,0.0,0
1990-09-20,93,74,0.00,0.0,0
1990-09-21,92,73,0.00,0.0,0
1990-09-22,93,72,0.65,0.0,0
1990-09-23,85,66,0.00,0.0,0
1990-09-24,76,57,0.00,0.0,0
1990-09-25,79,56,0.00,0.0,0
1990-09-26,85,53,0.00,0.0,0
1990-09-27,87,59,0.00,0.0,0
1990-09-28,86,59,0.00,0.0,0
1990-09-29,85,66,0.00,0.0,0
1990-09-30,87,71,0.00,0.0,0
1990-10-01,91,67,0.00,0.0,0
1990-10-02,90,67,0.00,0.0,0
1990-10-03,88,75,0.18,0.0,0
1990-10-04,90,77,0.05,0.0,0
1990-10-05,86,66,0.00,0.0,0
1990-10-06,90,62,0.00,0.0,0
1990-10-07,92,69,0.00,0.0,0
1990-10-08,90,70,0.00,0.0,0
1990-10-09,92,68,0.05,0.0,0
1990-10-10,69,53,0.03,0.0,0
1990-10-11,66,51,0.00,0.0,0
1990-10-12,77,54,0.00,0.0,0
1990-10-13,79,50,0.00,0.0,0
1990-10-14,81,53,0.00,0.0,0
1990-10-15,83,53,0.00,0.0,0
1990-10-16,84,53,0.00,0.0,0
1990-10-17,87,66,0.57,0.0,0
1990-10-18,75,62,T,0.0,0
1990-10-19,71,49,0.00,0.0,0
1990-10-20,79,45,0.00,0.0,0
1990-10-21,85,60,1.41,0.0,0
1990-10-22,70,59,0.09,0.0,0
1990-10-23,62,55,0.00,0.0,0
1990-10-24,71,56,0.00,0.0,0
1990-10-25,66,54,0.00,0.0,0
1990-10-26,67,46,0.00,0.0,0
1990-10-27,71,42,0.00,0.0,0
1990-10-28,77,43,0.00,0.0,0
1990-10-29,75,48,0.00,0.0,0
1990-10-30,75,43,0.00,0.0,0
1990-10-31,76,50,0.00,0.0,0
1990-11-01,77,48,0.00,0.0,0
1990-11-02,80,53,0.00,0.0,0
1990-11-03,84,63,0.00,0.0,0
1990-11-04,83,61,0.00,0.0,0
1990-11-05,72,48,0.26,0.0,0
1990-11-06,59,43,0.00,0.0,0
1990-11-07,71,41,0.00,0.0,0
1990-11-08,71,52,0.00,0.0,0
1990-11-09,70,50,1.84,0.0,0
1990-11-10,66,47,0.00,0.0,0
1990-11-11,71,47,0.00,0.0,0
1990-11-12,76,42,0.00,0.0,0
1990-11-13,76,47,0.00,0.0,0
1990-11-14,77,46,0.00,0.0,0
1990-11-15,77,50,0.00,0.0,0
1990-11-16,78,57,0.00,0.0,0
1990-11-17,71,52,0.00,0.0,0
1990-11-18,70,43,0.00,0.0,0
1990-11-19,74,46,0.00,0.0,0
1990-11-20,77,49,0.00,0.0,0
1990-11-21,78,57,0.00,0.0,0
1990-11-22,79,54,T,0.0,0
1990-11-23,68,50,0.24,0.0,0
1990-11-24,72,44,0.00,0.0,0
1990-11-25,76,47,0.00,0.0,0
1990-11-26,81,70,0.00,0.0,0
1990-11-27,81,70,0.00,0.0,0
1990-11-28,75,58,0.87,0.0,0
1990-11-29,61,47,0.00,0.0,0
1990-11-30,60,46,0.00,0.0,0
1990-12-01,71,53,0.00,0.0,0
1990-12-02,77,67,0.56,0.0,0
1990-12-03,72,50,6.47,0.0,0
1990-12-04,55,39,0.00,0.0,0
1990-12-05,55,39,0.00,0.0,0
1990-12-06,64,32,0.00,0.0,0
1990-12-07,56,43,0.27,0.0,0
1990-12-08,57,38,0.00,0.0,0
1990-12-09,63,34,0.00,0.0,0
1990-12-10,66,36,0.00,0.0,0
1990-12-11,68,36,0.00,0.0,0
1990-12-12,74,54,T,0.0,0
1990-12-13,79,57,0.00,0.0,0
1990-12-14,76,59,0.00,0.0,0
1990-12-15,77,56,0.00,0.0,0
1990-12-16,73,56,0.00,0.0,0
1990-12-17,79,66,0.00,0.0,0
1990-12-18,77,55,0.32,0.0,0
1990-12-19,66,51,T,0.0,0
1990-12-20,77,63,T,0.0,0
1990-12-21,80,70,0.00,0.0,0
1990-12-22,77,69,0.45,0.0,0
1990-12-23,74,35,0.76,0.0,0
1990-12-24,44,31,0.00,0.0,0
1990-12-25,42,30,0.00,0.0,0
1990-12-26,56,41,0.00,0.0,0
1990-12-27,76,48,0.00,0.0,0
1990-12-28,76,64,0.00,0.0,0
1990-12-29,77,67,0.00,0.0,0
1990-12-30,81,54,0.01,0.0,0
1990-12-31,54,42,0.83,0.0,0
1991-01-01,52,46,0.16,0.0,0
1991-01-02,58,51,0.08,0.0,0
1991-01-03,57,52,1.26,0.0,0
1991-01-04,53,43,T,0.0,0
1991-01-05,67,43,0.00,0.0,0
1991-01-06,70,63,3.58,0.0,0
1991-01-07,67,48,T,0.0,0
1991-01-08,52,45,T,0.0,0
1991-01-09,63,50,0.00,0.0,0
1991-01-10,67,60,3.47,0.0,0
1991-01-11,65,50,0.79,0.0,0
1991-01-12,50,40,0.00,0.0,0
1991-01-13,50,39,0.00,0.0,0
1991-01-14,60,33,0.00,0.0,0
1991-01-15,70,53,0.59,0.0,0
1991-01-16,64,47,0.00,0.0,0
1991-01-17,62,38,0.00,0.0,0
1991-01-18,58,47,1.36,0.0,0
1991-01-19,55,50,0.02,0.0,0
1991-01-20,62,47,0.00,0.0,0
1991-01-21,54,42,T,0.0,0
1991-01-22,48,36,0.00,0.0,0
1991-01-23,52,45,1.09,0.0,0
1991-01-24,52,46,1.50,0.0,0
1991-01-25,54,38,0.00,0.0,0
1991-01-26,59,36,0.00,0.0,0
1991-01-27,60,43,0.70,0.0,0
1991-01-28,60,55,T,0.0,0
1991-01-29,67,58,1.97,0.0,0
1991-01-30,68,51,2.68,0.0,0
1991-01-31,56,43,0.00,0.0,0
1991-02-01,59,40,0.00,0.0,0
1991-02-02,66,40,0.00,0.0,0
1991-02-03,69,47,0.00,0.0,0
1991-02-04,74,60,0.17,0.0,0
1991-02-05,68,62,1.80,0.0,0
1991-02-06,69,57,0.00,0.0,0
1991-02-07,66,51,0.00,0.0,0
1991-02-08,67,47,0.00,0.0,0
1991-02-09,66,43,0.00,0.0,0
1991-02-10,71,42,0.00,0.0,0
1991-02-11,69,45,0.00,0.0,0
1991-02-12,68,46,0.00,0.0,0
1991-02-13,74,48,T,0.0,0
1991-02-14,73,54,0.00,0.0,0
1991-02-15,57,38,0.00,0.0,0
1991-02-16,53,30,0.02,0.0,0
1991-02-17,73,50,T,0.0,0
1991-02-18,74,61,0.00,0.0,0
1991-02-19,77,66,0.14,0.0,0
1991-02-20,73,56,0.61,0.0,0
1991-02-21,69,56,1.75,0.0,0
1991-02-22,68,54,0.93,0.0,0
1991-02-23,65,49,T,0.0,0
1991-02-24,68,45,0.00,0.0,0
1991-02-25,68,50,T,0.0,0
1991-02-26,57,42,0.00,0.0,0
1991-02-27,62,39,0.00,0.0,0
1991-02-28,69,47,0.00,0.0,0
1991-03-01,69,60,2.61,0.0,0
1991-03-02,78,61,1.81,T,0
1991-03-03,63,47,0.00,0.0,0
1991-03-04,64,44,0.00,0.0,0
1991-03-05,73,47,0.00,0.0,0
1991-03-06,79,63,0.00,0.0,0
1991-03-07,78,65,0.00,0.0,0
1991-03-08,69,56,0.01,0.0,0
1991-03-09,68,51,0.00,0.0,0
1991-03-10,66,49,0.00,0.0,0
1991-03-11,68,39,0.00,0.0,0
1991-03-12,72,58,0.06,0.0,0
1991-03-13,79,57,T,0.0,0
1991-03-14,61,52,0.00,0.0,0
1991-03-15,56,47,0.06,0.0,0
1991-03-16,62,53,1.24,0.0,0
1991-03-17,67,58,0.48,0.0,0
1991-03-18,70,57,T,0.0,0
1991-03-19,71,52,0.00,0.0,0
1991-03-20,76,50,T,0.0,0
1991-03-21,80,66,0.00,0.0,0
1991-03-22,83,72,0.00,0.0,0
1991-03-23,80,64,0.00,0.0,0
1991-03-24,82,58,0.00,0.0,0
1991-03-25,83,55,0.00,0.0,0
1991-03-26,82,62,0.00,0.0,0
1991-03-27,84,72,0.00,0.0,0
1991-03-28,80,70,0.00,0.0,0
1991-03-29,75,51,T,0.0,0
1991-03-30,64,48,0.00,0.0,0
1991-03-31,68,47,0.00,0.0,0
1991-04-01,75,46,0.00,0.0,0
1991-04-02,76,45,0.00,0.0,0
1991-04-03,77,60,0.00,0.0,0
1991-04-04,79,60,T,0.0,0
1991-04-05,75,64,T,0.0,0
1991-04-06,81,63,T,0.0,0
1991-04-07,83,69,0.12,0.0,0
1991-04-08,78,69,0.10,0.0,0
1991-04-09,85,66,1.93,T,0
1991-04-10,74,66,0.03,0.0,0
1991-04-11,83,65,0.00,0.0,0
1991-04-12,82,73,0.00,0.0,0
1991-04-13,81,73,0.00,0.0,0
1991-04-14,82,66,2.50,0.0,0
1991-04-15,81,66,0.17,0.0,0
1991-04-16,73,64,0.29,0.0,0
1991-04-17,83,62,0.49,0.0,0
1991-04-18,76,63,2.40,0.0,0
1991-04-19,84,64,0.09,0.0,0
1991-04-20,75,61,0.00,0.0,0
1991-04-21,73,58,0.00,0.0,0
1991-04-22,78,57,0.00,0.0,0
1991-04-23,75,61,T,0.0,0
1991-04-24,81,59,0.00,0.0,0
1991-04-25,78,66,4.07,T,0
1991-04-26,74,66,1.19,0.0,0
1991-04-27,83,71,0.00,0.0,0
1991-04-28,82,76,T,0.0,0
1991-04-29,79,62,1.86,0.0,0
1991-04-30,79,67,0.05,0.0,0
1991-05-01,84,70,0.01,0.0,0
1991-05-02,84,73,T,0.0,0
1991-05-03,84,73,0.00,0.0,0
1991-05-04,86,75,0.00,0.0,0
1991-05-05,86,75,T,0.0,0
1991-05-06,78,67,0.00,0.0,0
1991-05-07,77,64,0.08,0.0,0
1991-05-08,80,66,3.38,0.0,0
1991-05-09,70,65,2.23,0.0,0
1991-05-10,85,66,T,0.0,0
1991-05-11,88,74,T,0.0,0
1991-05-12,90,69,0.00,0.0,0
1991-05-13,89,71,0.00,0.0,0
1991-05-14,91,71,0.07,0.0,0
1991-05-15,77,69,0.49,0.0,0
1991-05-16,86,68,0.00,0.0,0
1991-05-17,88,71,0.04,0.0,0
1991-05-18,75,68,1.49,0.0,0
1991-05-19,85,70,0.03,0.0,0
1991-05-20,79,72,2.02,0.0,0
1991-05-21,79,71,1.01,0.0,0
1991-05-22,81,73,0.05,0.0,0
1991-05-23,86,73,0.57,0.0,0
1991-05-24,85,73,0.12,0.0,0
1991-05-25,79,74,1.09,0.0,0
1991-05-26,86,73,0.21,0.0,0
1991-05-27,89,73,0.85,0.0,0
1991-05-28,89,75,0.00,0.0,0
1991-05-29,89,75,0.17,0.0,0
1991-05-30,89,74,0.37,0.0,0
1991-05-31,89,71,0.00,0.0,0
1991-06-01,91,73,0.00,0.0,0
1991-06-02,93,71,0.00,0.0,0
1991-06-03,93,75,0.00,0.0,0
1991-06-04,92,75,0.05,0.0,0
1991-06-05,97,74,0.02,0.0,0
1991-06-06,88,74,0.25,0.0,0
1991-06-07,87,67,0.00,0.0,0
1991-06-08,84,67,0.00,0.0,0
1991-06-09,87,70,0.11,0.0,0
1991-06-10,84,73,1.33,0.0,0
1991-06-11,82,73,0.89,0.0,0
1991-06-12,88,75,0.02,0.0,0
1991-06-13,88,74,0.28,0.0,0
1991-06-14,90,73,0.00,0.0,0
1991-06-15,89,71,1.28,0.0,0
1991-06-16,92,74,1.06,0.0,0
1991-06-17,90,73,0.11,0.0,0
1991-06-18,84,72,0.32,0.0,0
1991-06-19,90,71,0.00,0.0,0
1991-06-20,92,72,0.02,0.0,0
1991-06-21,91,70,1.83,0.0,0
1991-06-22,91,74,T,0.0,0
1991-06-23,93,74,0.00,0.0,0
1991-06-24,88,72,2.68,0.0,0
1991-06-25,93,71,T,0.0,0
1991-06-26,91,74,0.01,0.0,0
1991-06-27,89,73,0.45,0.0,0
1991-06-28,89,73,0.00,0.0,0
1991-06-29,95,73,0.00,0.0,0
1991-06-30,95,80,0.00,0.0,0
1991-07-01,94,78,0.00,0.0,0
1991-07-02,94,75,0.49,0.0,0
1991-07-03,90,74,0.00,0.0,0
1991-07-04,92,74,0.90,0.0,0
1991-07-05,89,74,0.42,0.0,0
1991-07-06,77,73,0.53,0.0,0
1991-07-07,78,72,3.33,0.0,0
1991-07-08,89,72,1.32,0.0,0
1991-07-09,95,73,0.06,0.0,0
1991-07-10,93,75,0.00,0.0,0
1991-07-11,95,77,0.00,0.0,0
1991-07-12,97,78,T,0.0,0
1991-07-13,98,79,0.00,0.0,0
1991-07-14,98,78,0.00,0.0,0
1991-07-15,98,74,1.21,0.0,0
1991-07-16,93,74,0.00,0.0,0
1991-07-17,95,76,0.00,0.0,0
1991-07-18,93,72,1.60,0.0,0
1991-07-19,91,74,0.01,0.0,0
1991-07-20,92,74,T,0.0,0
1991-07-21,89,73,0.17,0.0,0
1991-07-22,92,71,0.05,0.0,0
1991-07-23,93,74,0.00,0.0,0
1991-07-24,94,75,0.00,0.0,0
1991-07-25,93,75,0.00,0.0,0
1991-07-26,94,68,2.82,0.0,0
1991-07-27,93,69,0.00,0.0,0
1991-07-28,95,76,0.10,0.0,0
1991-07-29,94,75,T,0.0,0
1991-07-30,95,76,0.00,0.0,0
1991-07-31,96,77,0.14,0.0,0
1991-08-01,93,75,T,0.0,0
1991-08-02,94,74,0.00,0.0,0
1991-08-03,94,74,0.10,0.0,0
1991-08-04,94,74,T,0.0,0
1991-08-05,93,74,0.00,0.0,0
1991-08-06,92,73,0.00,0.0,0
1991-08-07,90,73,0.59,0.0,0
1991-08-08,92,73,0.10,0.0,0
1991-08-09,92,75,0.00,0.0,0
1991-08-10,92,74,0.16,0.0,0
1991-08-11,87,73,T,0.0,0
1991-08-12,93,72,0.00,0.0,0
1991-08-13,91,73,0.00,0.0,0
1991-08-14,87,72,0.08,0.0,0
1991-08-15,88,72,0.01,0.0,0
1991-08-16,89,69,0.00,0.0,0
1991-08-17,88,69,0.50,0.0,0
1991-08-18,93,73,0.00,0.0,0
1991-08-19,91,74,0.00,0.0,0
1991-08-20,95,71,0.00,0.0,0
1991-08-21,95,74,0.44,0.0,0
1991-08-22,90,72,0.00,0.0,0
1991-08-23,90,70,0.00,0.0,0
1991-08-24,91,70,0.00,0.0,0
1991-08-25,89,73,0.00,0.0,0
1991-08-26,91,71,0.00,0.0,0
1991-08-27,81,74,2.85,0.0,0
1991-08-28,89,72,0.41,0.0,0
1991-08-29,91,71,0.00,0.0,0
1991-08-30,93,73,1.11,0.0,0
1991-08-31,88,72,1.51,0.0,0
1991-09-01,85,73,T,0.0,0
1991-09-02,86,74,0.19,0.0,0
1991-09-03,88,72,0.49,0.0,0
1991-09-04,87,75,T,0.0,0
1991-09-05,88,73,1.15,0.0,0
1991-09-06,89,73,0.03,0.0,0
1991-09-07,89,72,0.05,0.0,0
1991-09-08,91,69,0.00,0.0,0
1991-09-09,90,72,T,0.0,0
1991-09-10,88,70,0.00,0.0,0
1991-09-11,90,73,0.00,0.0,0
1991-09-12,94,69,0.00,0.0,0
1991-09-13,95,71,0.00,0.0,0
1991-09-14,93,71,0.00,0.0,0
1991-09-15,91,72,0.45,0.0,0
1991-09-16,93,71,0.00,0.0,0
1991-09-17,93,72,0.00,0.0,0
1991-09-18,91,72,0.31,0.0,0
1991-09-19,83,70,T,0.0,0
1991-09-20,80,66,0.00,0.0,0
1991-09-21,84,66,0.00,0.0,0
1991-09-22,88,67,0.00,0.0,0
1991-09-23,89,72,0.48,0.0,0
1991-09-24,86,67,0.29,0.0,0
1991-09-25,78,65,T,0.0,0
1991-09-26,81,61,0.00,0.0,0
1991-09-27,77,62,0.00,0.0,0
1991-09-28,80,55,0.00,0.0,0
1991-09-29,81,62,0.00,0.0,0
1991-09-30,82,72,0.00,0.0,0
1991-10-01,84,69,0.00,0.0,0
1991-10-02,85,67,0.00,0.0,0
1991-10-03,88,63,0.00,0.0,0
1991-10-04,90,70,0.00,0.0,0
1991-10-05,90,66,0.00,0.0,0
1991-10-06,73,63,0.00,0.0,0
1991-10-07,68,45,0.00,0.0,0
1991-10-08,73,45,0.00,0.0,0
1991-10-09,80,48,0.00,0.0,0
1991-10-10,81,52,0.00,0.0,0
1991-10-11,85,56,0.00,0.0,0
1991-10-12,91,65,0.00,0.0,0
1991-10-13,88,61,0.00,0.0,0
1991-10-14,87,70,0.00,0.0,0
1991-10-15,79,62,0.00,0.0,0
1991-10-16,73,57,0.00,0.0,0
1991-10-17,75,46,0.00,0.0,0
1991-10-18,80,44,0.00,0.0,0
1991-10-19,80,50,0.00,0.0,0
1991-10-20,80,50,0.00,0.0,0
1991-10-21,83,57,0.00,0.0,0
1991-10-22,88,60,0.00,0.0,0
1991-10-23,84,71,0.22,0.0,0
1991-10-24,85,63,T,0.0,0
1991-10-25,85,67,0.30,0.0,0
1991-10-26,83,74,0.00,0.0,0
1991-10-27,83,73,0.04,0.0,0
1991-10-28,79,75,0.77,0.0,0
1991-10-29,83,71,0.08,0.0,0
1991-10-30,78,69,0.43,0.0,0
1991-10-31,80,69,0.04,0.0,0
1991-11-01,74,47,0.20,0.0,0
1991-11-02,60,43,T,0.0,0
1991-11-03,56,42,T,0.0,0
1991-11-04,51,36,0.00,0.0,0
1991-11-05,53,29,0.00,0.0,0
1991-11-06,62,32,0.00,0.0,0
1991-11-07,68,39,T,0.0,0
1991-11-08,56,35,T,0.0,0
1991-11-09,55,32,0.00,0.0,0
1991-11-10,62,31,0.00,0.0,0
1991-11-11,64,34,0.00,0.0,0
1991-11-12,69,37,0.00,0.0,0
1991-11-13,69,43,0.00,0.0,0
1991-11-14,75,41,0.00,0.0,0
1991-11-15,78,49,0.00,0.0,0
1991-11-16,82,59,0.00,0.0,0
1991-11-17,81,55,0.00,0.0,0
1991-11-18,82,66,0.01,0.0,0
1991-11-19,83,72,0.00,0.0,0
1991-11-20,75,55,1.31,0.0,0
1991-11-21,59,52,0.67,0.0,0
1991-11-22,65,40,0.00,0.0,0
1991-11-23,65,44,0.00,0.0,0
1991-11-24,56,34,0.00,0.0,0
1991-11-25,58,31,0.00,0.0,0
1991-11-26,63,32,0.00,0.0,0
1991-11-27,69,39,0.00,0.0,0
1991-11-28,76,47,0.00,0.0,0
1991-11-29,79,59,0.00,0.0,0
1991-11-30,82,71,T,0.0,0
1991-12-01,83,71,0.01,0.0,0
1991-12-02,81,56,0.50,0.0,0
1991-12-03,58,44,T,0.0,0
1991-12-04,58,37,0.00,0.0,0
1991-12-05,57,32,0.00,0.0,0
1991-12-06,64,36,0.00,0.0,0
1991-12-07,72,41,0.00,0.0,0
1991-12-08,73,46,0.00,0.0,0
1991-12-09,82,57,T,0.0,0
1991-12-10,68,57,0.00,0.0,0
1991-12-11,70,58,0.03,0.0,0
1991-12-12,78,65,0.00,0.0,0
1991-12-13,80,69,0.31,0.0,0
1991-12-14,72,50,0.15,0.0,0
1991-12-15,58,43,0.00,0.0,0
1991-12-16,61,36,0.00,0.0,0
1991-12-17,70,35,0.00,0.0,0
1991-12-18,67,47,0.00,0.0,0
1991-12-19,59,47,0.00,0.0,0
1991-12-20,65,53,0.00,0.0,0
1991-12-21,76,54,0.00,0.0,0
1991-12-22,78,55,0.01,0.0,0
1991-12-23,74,56,0.36,0.0,0
1991-12-24,58,46,0.00,0.0,0
1991-12-25,54,39,0.00,0.0,0
1991-12-26,64,35,0.00,0.0,0
1991-12-27,60,54,1.26,0.0,0
1991-12-28,61,52,0.00,0.0,0
1991-12-29,56,51,0.00,0.0,0
1991-12-30,58,40,0.00,0.0,0
1991-12-31,51,40,0.00,0.0,0
1992-01-01,60,39,0.00,0.0,0
1992-01-02,63,39,0.00,0.0,0
1992-01-03,59,38,0.00,0.0,0
1992-01-04,62,38,0.00,0.0,0
1992-01-05,61,43,0.00,0.0,0
1992-01-06,69,44,0.00,0.0,0
1992-01-07,67,42,0.00,0.0,0
1992-01-08,67,57,2.11,0.0,0
1992-01-09,63,55,T,0.0,0
1992-01-10,59,46,0.01,0.0,0
1992-01-11,50,41,0.02,0.0,0
1992-01-12,68,50,1.72,0.0,0
1992-01-13,73,47,0.40,0.0,0
1992-01-14,49,40,0.00,0.0,0
1992-01-15,51,36,0.00,0.0,0
1992-01-16,45,31,0.00,0.0,0
1992-01-17,48,33,T,0.0,0
1992-01-18,45,39,1.70,0.0,0
1992-01-19,50,38,0.01,0.0,0
1992-01-20,54,28,0.00,0.0,0
1992-01-21,59,27,0.00,0.0,0
1992-01-22,72,50,2.28,0.0,0
1992-01-23,59,48,T,0.0,0
1992-01-24,62,41,0.00,0.0,0
1992-01-25,66,35,0.00,0.0,0
1992-01-26,60,39,T,0.0,0
1992-01-27,57,51,1.16,0.0,0
1992-01-28,56,52,0.09,0.0,0
1992-01-29,55,52,0.44,0.0,0
1992-01-30,61,54,0.00,0.0,0
1992-01-31,70,50,0.00,0.0,0
1992-02-01,69,39,0.00,0.0,0
1992-02-02,63,46,0.00,0.0,0
1992-02-03,65,44,0.00,0.0,0
1992-02-04,61,54,3.00,0.0,0
1992-02-05,60,45,0.37,0.0,0
1992-02-06,60,45,T,0.0,0
1992-02-07,62,43,0.00,0.0,0
1992-02-08,58,38,0.00,0.0,0
1992-02-09,56,36,0.00,0.0,0
1992-02-10,62,33,0.00,0.0,0
1992-02-11,66,36,0.00,0.0,0
1992-02-12,71,49,0.00,0.0,0
1992-02-13,72,57,0.54,0.0,0
1992-02-14,73,60,0.02,0.0,0
1992-02-15,79,61,0.63,0.0,0
1992-02-16,71,56,0.24,0.0,0
1992-02-17,78,60,2.67,0.0,0
1992-02-18,79,60,0.00,0.0,0
1992-02-19,71,53,0.00,0.0,0
1992-02-20,62,49,0.00,0.0,0
1992-02-21,70,49,0.00,0.0,0
1992-02-22,66,60,1.21,0.0,0
1992-02-23,72,52,0.03,0.0,0
1992-02-24,71,60,0.02,0.0,0
1992-02-25,75,54,0.00,0.0,0
1992-02-26,54,45,0.00,0.0,0
1992-02-27,64,41,0.00,0.0,0
1992-02-28,70,45,0.00,0.0,0
1992-02-29,78,53,0.00,0.0,0
1992-03-01,79,45,0.00,0.0,0
1992-03-02,76,46,0.00,0.0,0
1992-03-03,72,53,0.00,0.0,0
1992-03-04,76,57,0.00,0.0,0
1992-03-05,72,59,3.11,0.0,0
1992-03-06,78,61,0.16,0.0,0
1992-03-07,79,64,T,0.0,0
1992-03-08,76,60,T,0.0,0
1992-03-09,78,68,0.00,0.0,0
1992-03-10,73,46,1.05,0.0,0
1992-03-11,49,41,0.00,0.0,0
1992-03-12,56,42,0.00,0.0,0
1992-03-13,61,42,0.00,0.0,0
1992-03-14,73,37,0.00,0.0,0
1992-03-15,77,53,0.00,0.0,0
1992-03-16,71,50,0.00,0.0,0
1992-03-17,76,54,T,0.0,0
1992-03-18,71,68,0.15,0.0,0
1992-03-19,80,55,0.00,0.0,0
1992-03-20,67,46,0.00,0.0,0
1992-03-21,61,48,0.20,0.0,0
1992-03-22,70,56,1.34,0.0,0
1992-03-23,62,46,0.00,0.0,0
1992-03-24,68,42,0.00,0.0,0
1992-03-25,73,52,0.38,T,0
1992-03-26,76,48,0.00,0.0,0
1992-03-27,80,53,0.00,0.0,0
1992-03-28,72,59,0.05,0.0,0
1992-03-29,76,60,0.25,0.0,0
1992-03-30,75,57,0.00,0.0,0
1992-03-31,67,53,0.00,0.0,0
1992-04-01,75,53,0.00,0.0,0
1992-04-02,59,48,0.00,0.0,0
1992-04-03,65,44,0.00,0.0,0
1992-04-04,72,38,0.00,0.0,0
1992-04-05,73,45,0.00,0.0,0
1992-04-06,70,57,0.71,0.0,0
1992-04-07,74,59,0.00,0.0,0
1992-04-08,77,57,0.00,0.0,0
1992-04-09,78,56,0.00,0.0,0
1992-04-10,77,55,T,0.0,0
1992-04-11,81,58,0.00,0.0,0
1992-04-12,85,58,0.00,0.0,0
1992-04-13,86,61,0.00,0.0,0
1992-04-14,79,60,0.00,0.0,0
1992-04-15,80,58,0.00,0.0,0
1992-04-16,81,60,0.28,0.0,0
1992-04-17,80,63,0.05,0.0,0
1992-04-18,79,67,0.61,0.0,0
1992-04-19,84,60,0.00,0.0,0
1992-04-20,82,65,0.66,0.0,0
1992-04-21,79,56,0.00,0.0,0
1992-04-22,84,51,0.00,0.0,0
1992-04-23,79,56,0.05,0.0,0
1992-04-24,84,64,0.00,0.0,0
1992-04-25,78,65,0.11,0.0,0
1992-04-26,74,51,0.00,0.0,0
1992-04-27,71,49,0.00,0.0,0
1992-04-28,73,44,0.00,0.0,0
1992-04-29,72,54,0.05,0.0,0
1992-04-30,80,58,0.00,0.0,0
1992-05-01,82,57,0.00,0.0,0
1992-05-02,83,58,0.00,0.0,0
1992-05-03,86,55,0.00,0.0,0
1992-05-04,84,56,0.00,0.0,0
1992-05-05,87,56,T,0.0,0
1992-05-06,72,60,0.00,0.0,0
1992-05-07,73,52,0.00,0.0,0
1992-05-08,78,48,0.00,0.0,0
1992-05-09,79,48,0.00,0.0,0
1992-05-10,83,53,0.00,0.0,0
1992-05-11,84,61,0.00,0.0,0
1992-05-12,84,63,0.00,0.0,0
1992-05-13,89,63,0.00,0.0,0
1992-05-14,90,63,0.00,0.0,0
1992-05-15,89,66,0.00,0.0,0
1992-05-16,84,65,0.03,0.0,0
1992-05-17,87,66,0.00,0.0,0
1992-05-18,87,65,0.02,0.0,0
1992-05-19,87,62,0.00,0.0,0
1992-05-20,88,61,0.00,0.0,0
1992-05-21,84,63,0.30,0.0,0
1992-05-22,87,64,0.00,0.0,0
1992-05-23,89,66,0.00,0.0,0
1992-05-24,91,68,0.25,0.0,0
1992-05-25,87,70,0.00,0.0,0
1992-05-26,90,66,0.04,0.0,0
1992-05-27,81,64,0.06,0.0,0
1992-05-28,83,67,0.11,0.0,0
1992-05-29,83,69,0.13,0.0,0
1992-05-30,79,64,0.00,0.0,0
1992-05-31,83,62,0.01,0.0,0
1992-06-01,85,69,T,0.0,0
1992-06-02,83,71,1.19,0.0,0
1992-06-03,88,70,0.00,0.0,0
1992-06-04,87,69,0.63,0.0,0
1992-06-05,90,66,0.00,0.0,0
1992-06-06,91,70,0.00,0.0,0
1992-06-07,89,74,0.20,0.0,0
1992-06-08,86,75,0.33,0.0,0
1992-06-09,88,72,0.51,0.0,0
1992-06-10,91,72,0.00,0.0,0
1992-06-11,81,71,3.25,0.0,0
1992-06-12,88,68,0.50,0.0,0
1992-06-13,87,69,0.62,0.0,0
1992-06-14,92,68,0.00,0.0,0
1992-06-15,94,74,0.00,0.0,0
1992-06-16,94,73,0.00,0.0,0
1992-06-17,93,73,0.00,0.0,0
1992-06-18,95,72,0.00,0.0,0
1992-06-19,95,75,0.00,0.0,0
1992-06-20,92,73,0.07,0.0,0
1992-06-21,94,74,0.00,0.0,0
1992-06-22,87,73,0.00,0.0,0
1992-06-23,90,69,T,0.0,0
1992-06-24,93,69,0.00,0.0,0
1992-06-25,94,72,0.00,0.0,0
1992-06-26,93,72,0.00,0.0,0
1992-06-27,93,68,0.00,0.0,0
1992-06-28,92,73,0.00,0.0,0
1992-06-29,92,71,0.09,0.0,0
1992-06-30,79,70,2.13,0.0,0
1992-07-01,90,77,0.20,0.0,0
1992-07-02,92,79,0.00,0.0,0
1992-07-03,95,75,0.05,0.0,0
1992-07-04,94,74,0.00,0.0,0
1992-07-05,95,74,0.00,0.0,0
1992-07-06,96,70,0.00,0.0,0
1992-07-07,96,72,0.00,0.0,0
1992-07-08,96,77,T,0.0,0
1992-07-09,95,76,0.00,0.0,0
1992-07-10,96,73,0.00,0.0,0
1992-07-11,97,73,0.00,0.0,0
1992-07-12,93,75,T,0.0,0
1992-07-13,92,74,0.90,0.0,0
1992-07-14,89,74,0.49,0.0,0
1992-07-15,87,73,0.66,0.0,0
1992-07-16,89,73,0.79,0.0,0
1992-07-17,92,73,0.21,0.0,0
1992-07-18,90,70,0.05,0.0,0
1992-07-19,93,72,0.00,0.0,0
1992-07-20,90,72,0.05,0.0,0
1992-07-21,91,74,0.09,0.0,0
1992-07-22,90,74,T,0.0,0
1992-07-23,89,74,T,0.0,0
1992-07-24,88,73,2.14,0.0,0
1992-07-25,91,71,0.04,0.0,0
1992-07-26,90,74,T,0.0,0
1992-07-27,90,77,0.00,0.0,0
1992-07-28,91,76,0.00,0.0,0
1992-07-29,93,74,0.00,0.0,0
1992-07-30,93,76,T,0.0,0
1992-07-31,94,73,0.08,0.0,0
1992-08-01,91,72,0.05,0.0,0
1992-08-02,91,68,0.00,0.0,0
1992-08-03,91,74,0.08,0.0,0
1992-08-04,90,72,0.00,0.0,0
1992-08-05,91,73,0.04,0.0,0
1992-08-06,93,74,0.03,0.0,0
1992-08-07,93,74,0.64,0.0,0
1992-08-08,90,73,0.02,0.0,0
1992-08-09,95,73,0.02,0.0,0
1992-08-10,95,75,0.24,0.0,0
1992-08-11,87,73,0.40,0.0,0
1992-08-12,87,73,1.71,0.0,0
1992-08-13,88,73,0.13,0.0,0
1992-08-14,90,73,0.09,0.0,0
1992-08-15,87,74,0.00,0.0,0
1992-08-16,84,68,0.00,0.0,0
1992-08-17,84,67,0.00,0.0,0
1992-08-18,85,70,0.02,0.0,0
1992-08-19,87,69,0.03,0.0,0
1992-08-20,84,67,0.09,0.0,0
1992-08-21,86,70,T,0.0,0
1992-08-22,86,69,0.35,0.0,0
1992-08-23,91,67,0.00,0.0,0
1992-08-24,91,72,T,0.0,0
1992-08-25,82,72,1.52,0.0,0
1992-08-26,83,75,4.18,0.0,0
1992-08-27,93,71,0.00,0.0,0
1992-08-28,85,72,0.00,0.0,0
1992-08-29,84,63,0.00,0.0,0
1992-08-30,88,62,0.00,0.0,0
1992-08-31,87,64,0.00,0.0,0
1992-09-01,90,71,0.37,0.0,0
1992-09-02,88,72,0.00,0.0,0
1992-09-03,89,71,0.90,0.0,0
1992-09-04,89,69,0.00,0.0,0
1992-09-05,89,71,0.00,0.0,0
1992-09-06,91,73,0.00,0.0,0
1992-09-07,90,73,0.00,0.0,0
1992-09-08,89,73,0.34,0.0,0
1992-09-09,92,70,0.16,0.0,0
1992-09-10,90,71,0.00,0.0,0
1992-09-11,92,73,0.03,0.0,0
1992-09-12,91,74,0.09,0.0,0
1992-09-13,88,72,0.15,0.0,0
1992-09-14,88,70,0.00,0.0,0
1992-09-15,82,73,0.29,0.0,0
1992-09-16,79,73,0.26,0.0,0
1992-09-17,81,73,0.46,0.0,0
1992-09-18,86,76,0.21,0.0,0
1992-09-19,87,73,0.01,0.0,0
1992-09-20,89,73,0.09,0.0,0
1992-09-21,90,72,0.03,0.0,0
1992-09-22,88,72,0.50,0.0,0
1992-09-23,77,73,0.00,0.0,0
1992-09-24,77,69,0.00,0.0,0
1992-09-25,74,70,0.35,0.0,0
1992-09-26,75,72,2.39,0.0,0
1992-09-27,80,72,T,0.0,0
1992-09-28,82,72,0.00,0.0,0
1992-09-29,78,67,0.00,0.0,0
1992-09-30,79,64,0.00,0.0,0
1992-10-01,74,64,0.00,0.0,0
1992-10-02,78,62,T,0.0,0
1992-10-03,77,64,T,0.0,0
1992-10-04,80,63,0.00,0.0,0
1992-10-05,82,57,0.00,0.0,0
1992-10-06,82,60,0.00,0.0,0
1992-10-07,80,57,0.00,0.0,0
1992-10-08,79,62,0.00,0.0,0
1992-10-09,77,62,0.00,0.0,0
1992-10-10,81,62,T,0.0,0
1992-10-11,78,59,0.05,0.0,0
1992-10-12,78,49,0.00,0.0,0
1992-10-13,84,52,0.00,0.0,0
1992-10-14,83,53,0.00,0.0,0
1992-10-15,84,58,0.00,0.0,0
1992-10-16,78,66,0.12,0.0,0
1992-10-17,70,65,0.00,0.0,0
1992-10-18,76,61,0.00,0.0,0
1992-10-19,74,54,0.00,0.0,0
1992-10-20,80,50,0.00,0.0,0
1992-10-21,79,60,0.00,0.0,0
1992-10-22,80,58,0.00,0.0,0
1992-10-23,82,55,0.00,0.0,0
1992-10-24,82,53,0.00,0.0,0
1992-10-25,85,57,0.00,0.0,0
1992-10-26,83,59,0.00,0.0,0
1992-10-27,79,62,0.01,0.0,0
1992-10-28,81,65,0.00,0.0,0
1992-10-29,83,58,0.00,0.0,0
1992-10-30,77,65,0.37,0.0,0
1992-10-31,85,65,0.00,0.0,0
1992-11-01,82,67,1.84,0.0,0
1992-11-02,75,50,0.00,0.0,0
1992-11-03,81,49,0.49,0.0,0
1992-11-04,73,47,3.44,0.0,0
1992-11-05,57,44,0.02,0.0,0
1992-11-06,56,41,0.00,0.0,0
1992-11-07,58,41,0.00,0.0,0
1992-11-08,63,42,0.00,0.0,0
1992-11-09,70,44,0.00,0.0,0
1992-11-10,70,60,T,0.0,0
1992-11-11,70,62,1.19,0.0,0
1992-11-12,76,53,1.82,0.0,0
1992-11-13,60,47,0.00,0.0,0
1992-11-14,66,43,0.00,0.0,0
1992-11-15,68,39,0.00,0.0,0
1992-11-16,68,45,0.00,0.0,0
1992-11-17,66,49,0.00,0.0,0
1992-11-18,74,52,0.00,0.0,0
1992-11-19,76,57,T,0.0,0
1992-11-20,73,62,1.97,0.0,0
1992-11-21,79,59,0.00,0.0,0
1992-11-22,73,48,0.55,0.0,0
1992-11-23,58,48,1.05,0.0,0
1992-11-24,73,56,2.90,0.0,0
1992-11-25,65,51,0.00,0.0,0
1992-11-26,55,44,0.00,0.0,0
1992-11-27,48,42,0.00,0.0,0
1992-11-28,45,40,0.00,0.0,0
1992-11-29,53,31,0.00,0.0,0
1992-11-30,66,31,0.00,0.0,0
1992-12-01,56,45,0.07,0.0,0
1992-12-02,62,40,0.00,0.0,0
1992-12-03,67,38,0.00,0.0,0
1992-12-04,77,58,0.24,0.0,0
1992-12-05,65,50,0.02,0.0,0
1992-12-06,70,50,0.25,0.0,0
1992-12-07,67,46,0.21,0.0,0
1992-12-08,53,42,0.00,0.0,0
1992-12-09,67,45,0.94,0.0,0
1992-12-10,70,47,0.00,0.0,0
1992-12-11,61,39,0.00,0.0,0
1992-12-12,63,35,0.00,0.0,0
1992-12-13,70,42,0.00,0.0,0
1992-12-14,71,57,0.00,0.0,0
1992-12-15,71,54,1.30,0.0,0
1992-12-16,56,54,2.25,0.0,0
1992-12-17,62,48,0.12,0.0,0
1992-12-18,54,47,0.00,0.0,0
1992-12-19,72,49,0.08,0.0,0
1992-12-20,74,61,0.03,0.0,0
1992-12-21,76,60,T,0.0,0
1992-12-22,73,61,T,0.0,0
1992-12-23,75,60,0.00,0.0,0
1992-12-24,64,50,0.04,0.0,0
1992-12-25,75,46,0.00,0.0,0
1992-12-26,59,51,0.02,0.0,0
1992-12-27,61,52,0.11,0.0,0
1992-12-28,63,59,T,0.0,0
1992-12-29,69,56,0.00,0.0,0
1992-12-30,72,53,0.00,0.0,0
1992-12-31,67,48,0.00,0.0,0
1993-01-01,60,53,0.00,0.0,0
1993-01-02,64,50,0.00,0.0,0
1993-01-03,72,62,0.01,0.0,0
1993-01-04,78,64,0.91,0.0,0
1993-01-05,69,54,T,0.0,0
1993-01-06,59,51,T,0.0,0
1993-01-07,60,55,0.85,0.0,0
1993-01-08,62,54,0.00,0.0,0
1993-01-09,59,53,T,0.0,0
1993-01-10,62,54,1.72,0.0,0
1993-01-11,68,59,0.58,0.0,0
1993-01-12,75,58,T,0.0,0
1993-01-13,59,51,0.00,0.0,0
1993-01-14,56,47,T,0.0,0
1993-01-15,50,47,0.76,0.0,0
1993-01-16,58,41,0.00,0.0,0
1993-01-17,65,36,0.00,0.0,0
1993-01-18,70,47,0.00,0.0,0
1993-01-19,73,57,0.20,0.0,0
1993-01-20,72,63,0.53,0.0,0
1993-01-21,70,49,0.00,0.0,0
1993-01-22,72,41,0.00,0.0,0
1993-01-23,77,44,0.00,0.0,0
1993-01-24,68,47,0.25,0.0,0
1993-01-25,57,43,0.00,0.0,0
1993-01-26,55,42,0.00,0.0,0
1993-01-27,61,41,0.00,0.0,0
1993-01-28,66,39,0.00,0.0,0
1993-01-29,57,51,0.38,0.0,0
1993-01-30,62,48,0.02,0.0,0
1993-01-31,63,42,0.00,0.0,0
1993-02-01,70,44,0.00,0.0,0
1993-02-02,60,41,0.00,0.0,0
1993-02-03,64,41,0.00,0.0,0
1993-02-04,64,44,0.00,0.0,0
1993-02-05,58,44,0.23,0.0,0
1993-02-06,53,46,0.13,0.0,0
1993-02-07,64,46,T,0.0,0
1993-02-08,68,37,0.00,0.0,0
1993-02-09,69,37,0.00,0.0,0
1993-02-10,66,51,0.86,0.0,0
1993-02-11,71,56,0.31,0.0,0
1993-02-12,61,46,0.00,0.0,0
1993-02-13,66,43,0.00,0.0,0
1993-02-14,63,45,0.00,0.0,0
1993-02-15,73,54,0.00,0.0,0
1993-02-16,70,45,0.51,0.0,0
1993-02-17,56,40,0.00,0.0,0
1993-02-18,50,38,0.00,0.0,0
1993-02-19,55,32,0.00,0.0,0
1993-02-20,74,51,0.00,0.0,0
1993-02-21,76,62,T,0.0,0
1993-02-22,69,51,0.00,0.0,0
1993-02-23,66,44,0.00,0.0,0
1993-02-24,62,41,0.00,0.0,0
1993-02-25,73,57,0.30,0.0,0
1993-02-26,62,42,0.00,0.0,0
1993-02-27,55,38,0.00,0.0,0
1993-02-28,60,50,0.00,0.0,0
1993-03-01,65,50,T,0.0,0
1993-03-02,71,59,1.56,0.0,0
1993-03-03,65,52,0.04,0.0,0
1993-03-04,64,47,0.00,0.0,0
1993-03-05,64,47,0.00,0.0,0
1993-03-06,64,44,0.00,0.0,0
1993-03-07,71,37,0.00,0.0,0
1993-03-08,75,40,0.00,0.0,0
1993-03-09,78,46,0.00,0.0,0
1993-03-10,76,53,0.00,0.0,0
1993-03-11,63,49,0.00,0.0,0
1993-03-12,52,34,1.17,T,0
1993-03-13,46,35,0.00,0.0,0
1993-03-14,53,31,0.00,0.0,0
1993-03-15,63,31,0.00,0.0,0
1993-03-16,61,53,1.61,0.0,0
1993-03-17,63,52,0.00,0.0,0
1993-03-18,66,46,0.00,0.0,0
1993-03-19,68,43,0.00,0.0,0
1993-03-20,60,56,0.84,0.0,0
1993-03-21,71,56,0.00,0.0,0
1993-03-22,74,59,T,0.0,0
1993-03-23,75,58,0.00,0.0,0
1993-03-24,74,57,0.00,0.0,0
1993-03-25,80,55,0.41,0.0,0
1993-03-26,70,57,T,0.0,0
1993-03-27,72,47,0.00,0.0,0
1993-03-28,78,46,0.00,0.0,0
1993-03-29,80,52,0.01,0.0,0
1993-03-30,83,69,0.01,0.0,0
1993-03-31,83,59,0.00,0.0,0
1993-04-01,74,52,0.00,0.0,0
1993-04-02,66,47,0.00,0.0,0
1993-04-03,69,48,0.03,0.0,0
1993-04-04,65,54,1.88,0.0,0
1993-04-05,61,54,0.00,0.0,0
1993-04-06,69,52,0.00,0.0,0
1993-04-07,75,50,0.00,0.0,0
1993-04-08,70,58,1.14,0.0,0
1993-04-09,66,47,0.00,0.0,0
1993-04-10,76,46,0.00,0.0,0
1993-04-11,79,47,0.00,0.0,0
1993-04-12,80,52,0.00,0.0,0
1993-04-13,80,55,0.00,0.0,0
1993-04-14,80,63,1.23,0.0,0
1993-04-15,66,53,0.09,0.0,0
1993-04-16,70,48,0.00,0.0,0
1993-04-17,73,49,0.00,0.0,0
1993-04-18,77,47,0.00,0.0,0
1993-04-19,79,60,0.00,0.0,0
1993-04-20,82,61,0.26,0.0,0
1993-04-21,68,55,0.00,0.0,0
1993-04-22,70,46,0.00,0.0,0
1993-04-23,73,46,0.00,0.0,0
1993-04-24,79,63,0.00,0.0,0
1993-04-25,83,63,0.01,0.0,0
1993-04-26,80,65,0.02,0.0,0
1993-04-27,78,56,0.00,0.0,0
1993-04-28,78,55,0.00,0.0,0
1993-04-29,79,58,0.00,0.0,0
1993-04-30,77,68,2.16,0.0,0
1993-05-01,75,66,2.20,0.0,0
1993-05-02,73,59,0.10,0.0,0
1993-05-03,77,58,0.00,0.0,0
1993-05-04,81,53,0.00,0.0,0
1993-05-05,84,57,0.00,0.0,0
1993-05-06,87,58,0.00,0.0,0
1993-05-07,83,58,0.00,0.0,0
1993-05-08,85,60,0.00,0.0,0
1993-05-09,85,69,0.18,0.0,0
1993-05-10,84,66,0.61,0.0,0
1993-05-11,81,61,0.57,0.0,0
1993-05-12,83,55,0.06,0.0,0
1993-05-13,78,60,0.00,0.0,0
1993-05-14,81,59,0.00,0.0,0
1993-05-15,84,56,0.00,0.0,0
1993-05-16,84,57,0.00,0.0,0
1993-05-17,85,60,0.00,0.0,0
1993-05-18,86,61,T,0.0,0
1993-05-19,82,67,0.03,0.0,0
1993-05-20,82,66,0.00,0.0,0
1993-05-21,79,63,0.00,0.0,0
1993-05-22,80,55,0.00,0.0,0
1993-05-23,81,50,0.00,0.0,0
1993-05-24,84,62,0.84,0.0,0
1993-05-25,85,68,0.00,0.0,0
1993-05-26,79,68,2.63,0.0,0
1993-05-27,85,68,T,0.0,0
1993-05-28,85,66,0.00,0.0,0
1993-05-29,85,61,0.01,0.0,0
1993-05-30,86,64,T,0.0,0
1993-05-31,91,66,0.00,0.0,0
1993-06-01,80,60,0.00,0.0,0
1993-06-02,87,56,0.00,0.0,0
1993-06-03,88,72,0.00,0.0,0
1993-06-04,90,71,0.00,0.0,0
1993-06-05,91,68,0.00,0.0,0
1993-06-06,91,69,0.00,0.0,0
1993-06-07,92,76,0.00,0.0,0
1993-06-08,91,74,0.00,0.0,0
1993-06-09,91,73,0.00,0.0,0
1993-06-10,91,71,0.00,0.0,0
1993-06-11,89,70,1.36,0.0,0
1993-06-12,92,68,0.00,0.0,0
1993-06-13,93,68,0.00,0.0,0
1993-06-14,94,72,0.00,0.0,0
1993-06-15,93,69,0.00,0.0,0
1993-06-16,92,70,0.04,0.0,0
1993-06-17,91,68,0.09,0.0,0
1993-06-18,88,74,0.58,0.0,0
1993-06-19,87,78,T,0.0,0
1993-06-20,86,75,0.71,0.0,0
1993-06-21,90,74,0.14,0.0,0
1993-06-22,81,71,0.93,0.0,0
1993-06-23,84,72,0.04,0.0,0
1993-06-24,89,72,0.58,0.0,0
1993-06-25,90,72,T,0.0,0
1993-06-26,93,73,T,0.0,0
1993-06-27,88,73,0.48,0.0,0
1993-06-28,91,73,0.01,0.0,0
1993-06-29,94,75,0.00,0.0,0
1993-06-30,94,76,0.00,0.0,0
1993-07-01,94,72,0.00,0.0,0
1993-07-02,94,73,0.00,0.0,0
1993-07-03,95,75,0.00,0.0,0
1993-07-04,89,74,0.07,0.0,0
1993-07-05,91,77,0.00,0.0,0
1993-07-06,93,73,0.00,0.0,0
1993-07-07,94,74,0.00,0.0,0
1993-07-08,93,73,0.19,0.0,0
1993-07-09,88,70,0.12,0.0,0
1993-07-10,84,72,0.15,0.0,0
1993-07-11,88,73,0.53,0.0,0
1993-07-12,87,73,0.05,0.0,0
1993-07-13,89,73,1.62,0.0,0
1993-07-14,91,73,0.00,0.0,0
1993-07-15,89,70,0.09,0.0,0
1993-07-16,93,70,0.00,0.0,0
1993-07-17,94,72,0.00,0.0,0
1993-07-18,95,74,0.00,0.0,0
1993-07-19,95,74,0.00,0.0,0
1993-07-20,95,76,1.62,0.0,0
1993-07-21,92,75,0.73,0.0,0
1993-07-22,92,73,0.54,0.0,0
1993-07-23,93,75,0.00,0.0,0
1993-07-24,90,77,0.00,0.0,0
1993-07-25,91,77,0.06,0.0,0
1993-07-26,92,77,0.00,0.0,0
1993-07-27,95,77,0.00,0.0,0
1993-07-28,98,75,0.00,0.0,0
1993-07-29,97,76,T,0.0,0
1993-07-30,94,76,0.00,0.0,0
1993-07-31,98,78,0.00,0.0,0
1993-08-01,96,76,0.05,0.0,0
1993-08-02,93,77,0.01,0.0,0
1993-08-03,93,77,0.04,0.0,0
1993-08-04,91,72,0.42,0.0,0
1993-08-05,91,74,0.00,0.0,0
1993-08-06,92,73,0.16,0.0,0
1993-08-07,91,76,0.20,0.0,0
1993-08-08,90,74,0.13,0.0,0
1993-08-09,94,73,0.00,0.0,0
1993-08-10,93,74,0.00,0.0,0
1993-08-11,92,72,0.00,0.0,0
1993-08-12,93,72,0.00,0.0,0
1993-08-13,95,72,0.00,0.0,0
1993-08-14,97,75,0.25,0.0,0
1993-08-15,96,75,0.14,0.0,0
1993-08-16,95,74,0.00,0.0,0
1993-08-17,96,75,0.00,0.0,0
1993-08-18,97,74,0.00,0.0,0
1993-08-19,97,76,0.00,0.0,0
1993-08-20,90,72,0.32,0.0,0
1993-08-21,91,70,0.11,0.0,0
1993-08-22,90,73,0.06,0.0,0
1993-08-23,95,76,0.00,0.0,0
1993-08-24,92,75,0.00,0.0,0
1993-08-25,93,74,0.00,0.0,0
1993-08-26,92,74,0.09,0.0,0
1993-08-27,94,73,0.17,0.0,0
1993-08-28,94,72,T,0.0,0
1993-08-29,95,73,0.00,0.0,0
1993-08-30,91,73,0.11,0.0,0
1993-08-31,93,73,0.00,0.0,0
1993-09-01,94,75,0.00,0.0,0
1993-09-02,91,76,T,0.0,0
1993-09-03,86,75,0.00,0.0,0
1993-09-04,90,73,T,0.0,0
1993-09-05,89,71,0.36,0.0,0
1993-09-06,89,73,0.36,0.0,0
1993-09-07,86,72,0.52,0.0,0
1993-09-08,89,70,0.00,0.0,0
1993-09-09,93,71,0.00,0.0,0
1993-09-10,90,71,0.35,0.0,0
1993-09-11,91,70,0.00,0.0,0
1993-09-12,90,68,0.00,0.0,0
1993-09-13,92,76,0.00,0.0,0
1993-09-14,91,76,0.07,0.0,0
1993-09-15,85,73,0.50,0.0,0
1993-09-16,82,72,0.00,0.0,0
1993-09-17,85,72,0.00,0.0,0
1993-09-18,88,73,0.26,0.0,0
1993-09-19,90,72,0.00,0.0,0
1993-09-20,93,73,T,0.0,0
1993-09-21,93,73,0.00,0.0,0
1993-09-22,92,72,0.04,0.0,0
1993-09-23,94,70,0.00,0.0,0
1993-09-24,91,72,0.00,0.0,0
1993-09-25,93,65,0.00,0.0,0
1993-09-26,93,73,T,0.0,0
1993-09-27,81,67,0.01,0.0,0
1993-09-28,81,56,0.00,0.0,0
1993-09-29,86,56,0.00,0.0,0
1993-09-30,81,57,0.00,0.0,0
1993-10-01,86,53,0.00,0.0,0
1993-10-02,86,56,0.00,0.0,0
1993-10-03,87,58,0.00,0.0,0
1993-10-04,86,67,0.00,0.0,0
1993-10-05,87,62,0.00,0.0,0
1993-10-06,87,61,0.00,0.0,0
1993-10-07,84,63,0.00,0.0,0
1993-10-08,84,64,0.00,0.0,0
1993-10-09,86,65,T,0.0,0
1993-10-10,74,59,0.00,0.0,0
1993-10-11,77,51,0.00,0.0,0
1993-10-12,78,56,0.00,0.0,0
1993-10-13,77,68,0.14,0.0,0
1993-10-14,81,66,0.00,0.0,0
1993-10-15,81,67,T,0.0,0
1993-10-16,85,65,0.00,0.0,0
1993-10-17,87,68,0.00,0.0,0
1993-10-18,84,65,0.00,0.0,0
1993-10-19,89,65,0.00,0.0,0
1993-10-20,88,73,0.00,0.0,0
1993-10-21,77,65,0.56,0.0,0
1993-10-22,65,55,0.01,0.0,0
1993-10-23,74,58,0.09,0.0,0
1993-10-24,75,64,0.00,0.0,0
1993-10-25,74,62,0.03,0.0,0
1993-10-26,81,61,0.00,0.0,0
1993-10-27,79,62,0.00,0.0,0
1993-10-28,73,50,0.00,0.0,0
1993-10-29,74,62,2.66,0.0,0
1993-10-30,67,41,0.18,0.0,0
1993-10-31,50,35,0.00,0.0,0
1993-11-01,56,31,0.00,0.0,0
1993-11-02,68,36,0.00,0.0,0
1993-11-03,76,50,T,0.0,0
1993-11-04,78,63,0.11,0.0,0
1993-11-05,83,60,0.41,0.0,0
1993-11-06,60,45,0.00,0.0,0
1993-11-07,53,38,0.00,0.0,0
1993-11-08,57,41,0.01,0.0,0
1993-11-09,56,50,0.47,0.0,0
1993-11-10,69,44,0.00,0.0,0
1993-11-11,73,40,0.00,0.0,0
1993-11-12,80,48,0.00,0.0,0
1993-11-13,80,73,0.00,0.0,0
1993-11-14,84,75,0.00,0.0,0
1993-11-15,79,66,0.92,0.0,0
1993-11-16,81,66,0.03,0.0,0
1993-11-17,74,53,0.31,0.0,0
1993-11-18,64,47,0.00,0.0,0
1993-11-19,74,50,0.00,0.0,0
1993-11-20,63,50,0.00,0.0,0
1993-11-21,61,37,0.00,0.0,0
1993-11-22,65,35,0.00,0.0,0
1993-11-23,73,40,0.00,0.0,0
1993-11-24,73,45,0.00,0.0,0
1993-11-25,72,42,0.00,0.0,0
1993-11-26,57,43,0.00,0.0,0
1993-11-27,57,36,0.17,0.0,0
1993-11-28,67,28,0.00,0.0,0
1993-11-29,71,34,0.00,0.0,0
1993-11-30,71,37,0.00,0.0,0
1993-12-01,72,40,0.00,0.0,0
1993-12-02,79,56,T,0.0,0
1993-12-03,77,62,0.00,0.0,0
1993-12-04,74,52,0.67,0.0,0
1993-12-05,64,39,0.00,0.0,0
1993-12-06,63,40,0.00,0.0,0
1993-12-07,66,42,0.00,0.0,0
1993-12-08,67,48,0.00,0.0,0
1993-12-09,73,46,0.00,0.0,0
1993-12-10,68,57,0.34,0.0,0
1993-12-11,62,48,0.00,0.0,0
1993-12-12,61,33,0.00,0.0,0
1993-12-13,71,51,0.91,0.0,0
1993-12-14,57,42,0.00,0.0,0
1993-12-15,53,37,0.00,0.0,0
1993-12-16,50,35,0.00,0.0,0
1993-12-17,52,32,0.00,0.0,0
1993-12-18,64,40,T,0.0,0
1993-12-19,60,50,0.07,0.0,0
1993-12-20,70,51,0.33,0.0,0
1993-12-21,52,40,0.00,0.0,0
1993-12-22,48,40,0.51,0.0,0
1993-12-23,45,40,T,0.0,0
1993-12-24,43,33,T,0.0,0
1993-12-25,59,33,0.00,0.0,0
1993-12-26,62,28,0.00,0.0,0
1993-12-27,72,37,T,0.0,0
1993-12-28,73,55,0.03,0.0,0
1993-12-29,64,42,0.04,0.0,0
1993-12-30,50,33,0.00,0.0,0
1993-12-31,55,27,0.00,0.0,0
1994-01-01,63,47,0.08,0.0,0
1994-01-02,61,46,T,0.0,0
1994-01-03,52,42,0.00,0.0,0
1994-01-04,55,33,0.00,0.0,0
1994-01-05,54,27,0.00,0.0,0
1994-01-06,73,49,0.00,0.0,0
1994-01-07,74,38,0.19,0.0,0
1994-01-08,49,31,0.00,0.0,0
1994-01-09,54,30,0.00,0.0,0
1994-01-10,57,38,0.00,0.0,0
1994-01-11,60,49,0.12,0.0,0
1994-01-12,57,49,0.29,0.0,0
1994-01-13,49,34,0.33,0.0,0
1994-01-14,63,38,0.00,0.0,0
1994-01-15,51,39,0.00,0.0,0
1994-01-16,62,40,T,0.0,0
1994-01-17,68,36,0.88,0.0,0
1994-01-18,45,33,0.00,0.0,0
1994-01-19,43,28,0.00,0.0,0
1994-01-20,61,40,0.00,0.0,0
1994-01-21,58,36,0.00,0.0,0
1994-01-22,56,38,0.00,0.0,0
1994-01-23,61,35,0.00,0.0,0
1994-01-24,71,44,0.00,0.0,0
1994-01-25,75,55,0.00,0.0,0
1994-01-26,78,54,0.00,0.0,0
1994-01-27,72,64,0.97,0.0,0
1994-01-28,65,46,0.10,0.0,0
1994-01-29,46,43,0.29,0.0,0
1994-01-30,50,42,0.00,0.0,0
1994-01-31,52,39,0.00,0.0,0
1994-02-01,46,37,0.09,T,0
1994-02-02,51,26,0.00,0.0,0
1994-02-03,54,29,0.00,0.0,0
1994-02-04,72,48,0.05,0.0,0
1994-02-05,76,64,T,0.0,0
1994-02-06,78,60,0.01,0.0,0
1994-02-07,73,57,T,0.0,0
1994-02-08,80,65,0.00,0.0,0
1994-02-09,80,67,T,0.0,0
1994-02-10,83,45,0.08,0.0,0
1994-02-11,53,41,T,0.0,0
1994-02-12,63,38,0.00,0.0,0
1994-02-13,59,43,0.00,0.0,0
1994-02-14,60,34,0.00,0.0,0
1994-02-15,63,33,0.18,0.0,0
1994-02-16,64,43,0.00,0.0,0
1994-02-17,71,45,0.00,0.0,0
1994-02-18,73,45,0.00,0.0,0
1994-02-19,75,61,0.00,0.0,0
1994-02-20,75,59,0.00,0.0,0
1994-02-21,74,61,0.00,0.0,0
1994-02-22,79,62,0.01,0.0,0
1994-02-23,74,50,0.12,0.0,0
1994-02-24,57,35,0.00,0.0,0
1994-02-25,66,32,0.00,0.0,0
1994-02-26,62,41,0.00,0.0,0
1994-02-27,59,38,0.00,0.0,0
1994-02-28,68,36,0.00,0.0,0
1994-03-01,72,59,2.67,0.0,0
1994-03-02,59,47,T,0.0,0
1994-03-03,64,44,0.00,0.0,0
1994-03-04,71,42,0.00,0.0,0
1994-03-05,74,40,0.00,0.0,0
1994-03-06,72,45,T,0.0,0
1994-03-07,80,50,0.00,0.0,0
1994-03-08,80,53,0.00,0.0,0
1994-03-09,72,42,1.42,0.0,0
1994-03-10,58,39,0.00,0.0,0
1994-03-11,63,37,0.00,0.0,0
1994-03-12,67,35,0.00,0.0,0
1994-03-13,71,43,0.00,0.0,0
1994-03-14,75,42,0.00,0.0,0
1994-03-15,72,45,0.00,0.0,0
1994-03-16,67,49,0.00,0.0,0
1994-03-17,71,38,0.00,0.0,0
1994-03-18,81,53,0.00,0.0,0
1994-03-19,79,55,0.00,0.0,0
1994-03-20,80,64,0.00,0.0,0
1994-03-21,80,63,T,0.0,0
1994-03-22,76,60,0.00,0.0,0
1994-03-23,84,64,0.00,0.0,0
1994-03-24,84,71,0.00,0.0,0
1994-03-25,74,52,0.00,0.0,0
1994-03-26,79,52,0.00,0.0,0
1994-03-27,82,61,0.15,0.0,0
1994-03-28,62,45,0.58,0.0,0
1994-03-29,66,44,0.00,0.0,0
1994-03-30,71,38,0.00,0.0,0
1994-03-31,64,48,0.00,0.0,0
1994-04-01,70,38,0.00,0.0,0
1994-04-02,72,38,0.00,0.0,0
1994-04-03,77,48,T,0.0,0
1994-04-04,74,50,0.00,0.0,0
1994-04-05,80,57,0.00,0.0,0
1994-04-06,71,49,0.58,0.0,0
1994-04-07,64,43,0.00,0.0,0
1994-04-08,76,40,0.00,0.0,0
1994-04-09,81,52,0.00,0.0,0
1994-04-10,84,70,0.00,0.0,0
1994-04-11,84,71,0.00,0.0,0
1994-04-12,80,66,0.21,0.0,0
1994-04-13,79,60,0.07,0.0,0
1994-04-14,84,58,0.00,0.0,0
1994-04-15,83,66,0.84,0.0,0
1994-04-16,73,65,0.52,0.0,0
1994-04-17,78,56,0.00,0.0,0
1994-04-18,78,53,0.00,0.0,0
1994-04-19,82,57,T,0.0,0
1994-04-20,82,60,0.04,0.0,0
1994-04-21,81,63,0.12,0.0,0
1994-04-22,86,60,0.00,0.0,0
1994-04-23,85,67,0.00,0.0,0
1994-04-24,82,63,0.00,0.0,0
1994-04-25,86,68,0.00,0.0,0
1994-04-26,87,74,0.00,0.0,0
1994-04-27,88,72,0.00,0.0,0
1994-04-28,88,71,0.00,0.0,0
1994-04-29,87,63,T,0.0,0
1994-04-30,84,68,0.45,0.0,0
1994-05-01,75,67,0.10,0.0,0
1994-05-02,78,64,0.16,0.0,0
1994-05-03,84,69,0.07,0.0,0
1994-05-04,78,64,T,0.0,0
1994-05-05,82,59,0.00,0.0,0
1994-05-06,82,53,0.00,0.0,0
1994-05-07,85,60,0.01,0.0,0
1994-05-08,88,73,T,0.0,0
1994-05-09,89,71,0.69,0.0,0
1994-05-10,84,68,0.00,0.0,0
1994-05-11,89,68,T,0.0,0
1994-05-12,89,66,0.00,0.0,0
1994-05-13,90,66,0.00,0.0,0
1994-05-14,87,72,0.18,0.0,0
1994-05-15,89,69,T,0.0,0
1994-05-16,89,70,T,0.0,0
1994-05-17,85,71,0.50,0.0,0
1994-05-18,86,67,0.00,0.0,0
1994-05-19,82,68,0.00,0.0,0
1994-05-20,82,61,0.00,0.0,0
1994-05-21,84,57,0.00,0.0,0
1994-05-22,86,58,0.00,0.0,0
1994-05-23,88,57,0.00,0.0,0
1994-05-24,88,62,0.00,0.0,0
1994-05-25,86,62,0.00,0.0,0
1994-05-26,89,66,0.00,0.0,0
1994-05-27,85,70,0.20,0.0,0
1994-05-28,86,65,0.30,0.0,0
1994-05-29,87,63,0.11,0.0,0
1994-05-30,81,67,0.32,0.0,0
1994-05-31,83,64,1.03,0.0,0
1994-06-01,85,67,0.24,0.0,0
1994-06-02,90,68,0.00,0.0,0
1994-06-03,89,68,0.00,0.0,0
1994-06-04,91,70,0.13,0.0,0
1994-06-05,91,72,1.91,0.0,0
1994-06-06,88,71,0.02,0.0,0
1994-06-07,92,73,0.00,0.0,0
1994-06-08,94,75,0.00,0.0,0
1994-06-09,93,74,0.16,0.0,0
1994-06-10,87,69,1.44,0.0,0
1994-06-11,88,71,0.39,0.0,0
1994-06-12,83,69,1.22,0.0,0
1994-06-13,91,73,0.00,0.0,0
1994-06-14,91,70,0.00,0.0,0
1994-06-15,92,76,0.00,0.0,0
1994-06-16,95,73,0.00,0.0,0
1994-06-17,94,73,0.52,0.0,0
1994-06-18,89,73,0.00,0.0,0
1994-06-19,88,76,T,0.0,0
1994-06-20,91,74,0.00,0.0,0
1994-06-21,92,74,0.10,0.0,0
1994-06-22,88,73,0.20,0.0,0
1994-06-23,78,73,1.63,0.0,0
1994-06-24,82,73,1.39,0.0,0
1994-06-25,93,73,0.00,0.0,0
1994-06-26,90,77,0.00,0.0,0
1994-06-27,93,78,0.00,0.0,0
1994-06-28,94,77,0.00,0.0,0
1994-06-29,92,77,0.00,0.0,0
1994-06-30,94,76,0.00,0.0,0
1994-07-01,94,72,T,0.0,0
1994-07-02,92,71,0.00,0.0,0
1994-07-03,94,74,0.00,0.0,0
1994-07-04,94,75,0.23,0.0,0
1994-07-05,89,75,0.00,0.0,0
1994-07-06,93,74,0.03,0.0,0
1994-07-07,92,73,0.44,0.0,0
1994-07-08,84,73,0.30,0.0,0
1994-07-09,84,72,1.45,0.0,0
1994-07-10,86,71,1.23,0.0,0
1994-07-11,86,72,0.63,0.0,0
1994-07-12,89,73,T,0.0,0
1994-07-13,89,73,0.95,0.0,0
1994-07-14,89,74,T,0.0,0
1994-07-15,91,74,0.00,0.0,0
1994-07-16,94,71,0.37,0.0,0
1994-07-17,92,72,0.22,0.0,0
1994-07-18,93,72,0.00,0.0,0
1994-07-19,90,73,0.72,0.0,0
1994-07-20,92,73,0.00,0.0,0
1994-07-21,89,73,0.04,0.0,0
1994-07-22,84,72,1.63,0.0,0
1994-07-23,87,70,0.17,0.0,0
1994-07-24,93,68,0.00,0.0,0
1994-07-25,92,72,0.00,0.0,0
1994-07-26,91,77,0.11,0.0,0
1994-07-27,80,73,0.42,0.0,0
1994-07-28,86,68,0.00,0.0,0
1994-07-29,89,67,0.00,0.0,0
1994-07-30,91,65,0.00,0.0,0
1994-07-31,85,69,0.01,0.0,0
1994-08-01,87,69,0.01,0.0,0
1994-08-02,80,71,0.88,0.0,0
1994-08-03,90,73,T,0.0,0
1994-08-04,93,70,0.00,0.0,0
1994-08-05,93,73,0.10,0.0,0
1994-08-06,91,72,0.00,0.0,0
1994-08-07,93,72,0.00,0.0,0
1994-08-08,90,72,0.00,0.0,0
1994-08-09,91,72,0.27,0.0,0
1994-08-10,91,71,0.00,0.0,0
1994-08-11,93,69,0.00,0.0,0
1994-08-12,88,73,0.00,0.0,0
1994-08-13,93,72,0.00,0.0,0
1994-08-14,94,74,0.00,0.0,0
1994-08-15,95,76,0.00,0.0,0
1994-08-16,90,70,0.00,0.0,0
1994-08-17,90,70,0.00,0.0,0
1994-08-18,94,71,0.00,0.0,0
1994-08-19,92,71,0.00,0.0,0
1994-08-20,92,75,0.31,0.0,0
1994-08-21,88,73,1.65,0.0,0
1994-08-22,90,73,T,0.0,0
1994-08-23,89,72,0.00,0.0,0
1994-08-24,91,73,0.00,0.0,0
1994-08-25,91,73,0.00,0.0,0
1994-08-26,89,71,0.00,0.0,0
1994-08-27,90,70,0.00,0.0,0
1994-08-28,91,72,T,0.0,0
1994-08-29,93,72,T,0.0,0
1994-08-30,90,72,0.86,0.0,0
1994-08-31,87,72,0.51,0.0,0
1994-09-01,93,71,1.30,0.0,0
1994-09-02,92,71,0.71,0.0,0
1994-09-03,89,74,0.00,0.0,0
1994-09-04,89,71,0.00,0.0,0
1994-09-05,88,66,0.00,0.0,0
1994-09-06,91,65,0.00,0.0,0
1994-09-07,93,70,0.00,0.0,0
1994-09-08,93,73,T,0.0,0
1994-09-09,91,72,0.24,0.0,0
1994-09-10,89,73,0.13,0.0,0
1994-09-11,89,74,0.00,0.0,0
1994-09-12,88,72,T,0.0,0
1994-09-13,88,72,0.01,0.0,0
1994-09-14,88,67,T,0.0,0
1994-09-15,81,73,3.18,0.0,0
1994-09-16,90,77,0.04,0.0,0
1994-09-17,89,76,T,0.0,0
1994-09-18,87,73,0.00,0.0,0
1994-09-19,86,68,0.00,0.0,0
1994-09-20,87,66,T,0.0,0
1994-09-21,86,72,0.00,0.0,0
1994-09-22,86,68,T,0.0,0
1994-09-23,79,56,0.00,0.0,0
1994-09-24,85,54,0.00,0.0,0
1994-09-25,77,58,0.00,0.0,0
1994-09-26,83,54,0.00,0.0,0
1994-09-27,89,60,0.00,0.0,0
1994-09-28,90,59,0.00,0.0,0
1994-09-29,91,60,0.00,0.0,0
1994-09-30,89,63,0.00,0.0,0
1994-10-01,81,75,0.45,0.0,0
1994-10-02,86,74,T,0.0,0
1994-10-03,80,71,0.00,0.0,0
1994-10-04,86,67,0.00,0.0,0
1994-10-05,85,62,0.00,0.0,0
1994-10-06,85,59,0.00,0.0,0
1994-10-07,87,64,0.00,0.0,0
1994-10-08,86,71,0.05,0.0,0
1994-10-09,77,63,0.61,0.0,0
1994-10-10,64,60,0.03,0.0,0
1994-10-11,66,61,0.55,0.0,0
1994-10-12,70,59,0.06,0.0,0
1994-10-13,73,62,0.14,0.0,0
1994-10-14,73,57,0.00,0.0,0
1994-10-15,79,57,0.00,0.0,0
1994-10-16,82,69,0.00,0.0,0
1994-10-17,78,71,0.10,0.0,0
1994-10-18,85,71,0.00,0.0,0
1994-10-19,82,70,0.24,0.0,0
1994-10-20,87,67,0.00,0.0,0
1994-10-21,86,65,0.00,0.0,0
1994-10-22,84,67,0.07,0.0,0
1994-10-23,83,62,0.00,0.0,0
1994-10-24,82,59,0.00,0.0,0
1994-10-25,81,59,T,0.0,0
1994-10-26,71,59,0.00,0.0,0
1994-10-27,68,51,0.00,0.0,0
1994-10-28,70,47,0.00,0.0,0
1994-10-29,75,59,0.00,0.0,0
1994-10-30,69,58,0.00,0.0,0
1994-10-31,78,54,0.00,0.0,0
1994-11-01,69,46,0.00,0.0,0
1994-11-02,80,43,0.00,0.0,0
1994-11-03,83,64,T,0.0,0
1994-11-04,84,59,0.00,0.0,0
1994-11-05,86,75,0.16,0.0,0
1994-11-06,78,62,0.01,0.0,0
1994-11-07,77,57,0.00,0.0,0
1994-11-08,81,52,0.00,0.0,0
1994-11-09,84,69,0.00,0.0,0
1994-11-10,75,62,0.01,0.0,0
1994-11-11,64,61,0.00,0.0,0
1994-11-12,70,61,0.00,0.0,0
1994-11-13,74,63,0.00,0.0,0
1994-11-14,80,57,0.00,0.0,0
1994-11-15,79,58,0.00,0.0,0
1994-11-16,73,60,0.00,0.0,0
1994-11-17,69,46,0.00,0.0,0
1994-11-18,71,46,0.00,0.0,0
1994-11-19,71,52,0.00,0.0,0
1994-11-20,79,53,0.00,0.0,0
1994-11-21,80,50,0.00,0.0,0
1994-11-22,72,53,0.00,0.0,0
1994-11-23,63,52,0.00,0.0,0
1994-11-24,55,46,T,0.0,0
1994-11-25,73,44,0.00,0.0,0
1994-11-26,82,63,0.00,0.0,0
1994-11-27,81,71,0.02,0.0,0
1994-11-28,76,57,0.23,0.0,0
1994-11-29,62,54,0.96,0.0,0
1994-11-30,62,51,0.00,0.0,0
1994-12-01,62,40,0.00,0.0,0
1994-12-02,70,38,T,0.0,0
1994-12-03,73,63,1.20,0.0,0
1994-12-04,70,63,0.02,0.0,0
1994-12-05,66,62,0.01,0.0,0
1994-12-06,71,56,0.00,0.0,0
1994-12-07,82,51,0.00,0.0,0
1994-12-08,75,54,0.00,0.0,0
1994-12-09,81,58,0.01,0.0,0
1994-12-10,73,44,0.22,0.0,0
1994-12-11,50,36,0.00,0.0,0
1994-12-12,59,31,0.00,0.0,0
1994-12-13,62,37,0.00,0.0,0
1994-12-14,64,40,0.00,0.0,0
1994-12-15,68,49,0.00,0.0,0
1994-12-16,70,58,0.54,0.0,0
1994-12-17,63,56,T,0.0,0
1994-12-18,62,43,0.00,0.0,0
1994-12-19,60,40,0.00,0.0,0
1994-12-20,66,46,0.00,0.0,0
1994-12-21,64,51,T,0.0,0
1994-12-22,58,50,0.00,0.0,0
1994-12-23,65,50,0.00,0.0,0
1994-12-24,54,41,0.00,0.0,0
1994-12-25,62,41,0.00,0.0,0
1994-12-26,62,38,0.00,0.0,0
1994-12-27,67,33,0.00,0.0,0
1994-12-28,67,43,0.00,0.0,0
1994-12-29,65,55,0.72,0.0,0
1994-12-30,59,53,T,0.0,0
1994-12-31,68,46,1.89,0.0,0
1995-01-01,64,51,0.04,0.0,0
1995-01-02,51,39,0.00,0.0,0
1995-01-03,49,41,0.06,0.0,0
1995-01-04,50,38,T,0.0,0
1995-01-05,54,34,0.00,0.0,0
1995-01-06,75,54,0.17,0.0,0
1995-01-07,60,38,0.00,0.0,0
1995-01-08,64,33,0.00,0.0,0
1995-01-09,74,49,0.00,0.0,0
1995-01-10,72,46,0.00,0.0,0
1995-01-11,74,62,0.00,0.0,0
1995-01-12,76,63,T,0.0,0
1995-01-13,67,57,0.35,0.0,0
1995-01-14,58,48,0.13,0.0,0
1995-01-15,52,38,T,0.0,0
1995-01-16,61,32,0.00,0.0,0
1995-01-17,68,34,0.00,0.0,0
1995-01-18,74,58,1.15,0.0,0
1995-01-19,60,45,0.00,0.0,0
1995-01-20,59,36,0.00,0.0,0
1995-01-21,63,33,0.00,0.0,0
1995-01-22,66,35,0.70,0.0,0
1995-01-23,55,43,0.21,0.0,0
1995-01-24,56,33,0.00,0.0,0
1995-01-25,62,34,0.00,0.0,0
1995-01-26,68,41,0.04,0.0,0
1995-01-27,68,56,0.80,0.0,0
1995-01-28,76,55,0.01,0.0,0
1995-01-29,55,47,0.00,0.0,0
1995-01-30,53,42,T,0.0,0
1995-01-31,56,31,0.00,0.0,0
1995-02-01,69,34,0.00,0.0,0
1995-02-02,76,49,0.00,0.0,0
1995-02-03,77,55,0.00,0.0,0
1995-02-04,58,39,0.00,0.0,0
1995-02-05,69,36,0.00,0.0,0
1995-02-06,58,35,0.00,0.0,0
1995-02-07,59,39,0.04,0.0,0
1995-02-08,51,35,0.00,0.0,0
1995-02-09,59,29,T,0.0,0
1995-02-10,76,58,T,0.0,0
1995-02-11,76,40,1.32,0.0,0
1995-02-12,48,35,T,T,0
1995-02-13,50,41,0.06,0.0,0
1995-02-14,65,44,0.00,0.0,0
1995-02-15,77,62,0.00,0.0,0
1995-02-16,77,63,T,0.0,0
1995-02-17,63,51,1.66,0.0,0
1995-02-18,55,49,0.00,0.0,0
1995-02-19,59,52,0.08,0.0,0
1995-02-20,72,42,0.00,0.0,0
1995-02-21,73,45,0.00,0.0,0
1995-02-22,73,38,0.00,0.0,0
1995-02-23,76,55,0.07,0.0,0
1995-02-24,72,51,0.00,0.0,0
1995-02-25,64,40,0.00,0.0,0
1995-02-26,73,45,0.00,0.0,0
1995-02-27,80,61,T,0.0,0
1995-02-28,69,55,1.71,0.0,0
1995-03-01,55,46,T,0.0,0
1995-03-02,56,45,0.00,0.0,0
1995-03-03,61,49,0.01,0.0,0
1995-03-04,64,51,0.01,0.0,0
1995-03-05,70,62,0.62,0.0,0
1995-03-06,78,66,T,0.0,0
1995-03-07,78,48,1.80,0.0,0
1995-03-08,56,41,0.00,0.0,0
1995-03-09,61,38,0.00,0.0,0
1995-03-10,64,37,0.00,0.0,0
1995-03-11,71,48,0.00,0.0,0
1995-03-12,76,54,T,0.0,0
1995-03-13,76,60,0.71,0.0,0
1995-03-14,74,59,1.23,0.0,0
1995-03-15,74,55,0.00,0.0,0
1995-03-16,72,54,0.17,0.0,0
1995-03-17,73,48,0.00,0.0,0
1995-03-18,78,52,0.00,0.0,0
1995-03-19,82,47,0.00,0.0,0
1995-03-20,79,55,0.00,0.0,0
1995-03-21,81,60,0.00,0.0,0
1995-03-22,81,63,0.00,0.0,0
1995-03-23,84,65,0.00,0.0,0
1995-03-24,83,59,0.00,0.0,0
1995-03-25,82,59,0.00,0.0,0
1995-03-26,81,66,0.00,0.0,0
1995-03-27,80,66,0.00,0.0,0
1995-03-28,69,56,0.28,0.0,0
1995-03-29,61,55,2.45,0.0,0
1995-03-30,66,58,0.19,0.0,0
1995-03-31,62,51,0.42,0.0,0
1995-04-01,68,46,0.00,0.0,0
1995-04-02,75,40,0.00,0.0,0
1995-04-03,75,42,T,0.0,0
1995-04-04,69,61,0.19,0.0,0
1995-04-05,67,62,0.04,0.0,0
1995-04-06,78,61,0.00,0.0,0
1995-04-07,78,54,0.00,0.0,0
1995-04-08,81,52,0.00,0.0,0
1995-04-09,83,58,0.00,0.0,0
1995-04-10,81,69,1.16,0.0,0
1995-04-11,81,66,1.53,0.0,0
1995-04-12,80,56,0.00,0.0,0
1995-04-13,76,53,0.00,0.0,0
1995-04-14,78,53,0.00,0.0,0
1995-04-15,79,48,0.00,0.0,0
1995-04-16,83,58,0.00,0.0,0
1995-04-17,85,65,0.00,0.0,0
1995-04-18,85,72,0.03,0.0,0
1995-04-19,85,72,T,0.0,0
1995-04-20,85,76,0.04,0.0,0
1995-04-21,83,70,0.39,0.0,0
1995-04-22,86,76,0.00,0.0,0
1995-04-23,84,60,0.43,0.0,0
1995-04-24,68,54,0.00,0.0,0
1995-04-25,72,49,0.00,0.0,0
1995-04-26,77,46,0.00,0.0,0
1995-04-27,76,60,0.00,0.0,0
1995-04-28,82,62,0.00,0.0,0
1995-04-29,83,56,0.00,0.0,0
1995-04-30,87,59,0.00,0.0,0
1995-05-01,86,66,T,0.0,0
1995-05-02,75,58,T,0.0,0
1995-05-03,81,61,T,0.0,0
1995-05-04,88,64,1.19,0.0,0
1995-05-05,89,63,0.00,0.0,0
1995-05-06,88,69,0.00,0.0,0
1995-05-07,88,72,0.00,0.0,0
1995-05-08,86,71,12.24,0.0,0
1995-05-09,88,73,0.46,0.0,0
1995-05-10,82,66,2.43,0.0,0
1995-05-11,88,71,0.25,0.0,0
1995-05-12,80,69,T,0.0,0
1995-05-13,88,77,0.00,0.0,0
1995-05-14,89,76,0.00,0.0,0
1995-05-15,92,69,0.00,0.0,0
1995-05-16,90,72,0.00,0.0,0
1995-05-17,88,76,0.00,0.0,0
1995-05-18,88,77,0.06,0.0,0
1995-05-19,81,65,1.31,0.0,0
1995-05-20,80,64,0.00,0.0,0
1995-05-21,85,57,0.00,0.0,0
1995-05-22,88,59,0.00,0.0,0
1995-05-23,88,63,0.00,0.0,0
1995-05-24,90,63,0.00,0.0,0
1995-05-25,91,68,0.00,0.0,0
1995-05-26,90,70,0.00,0.0,0
1995-05-27,90,74,0.00,0.0,0
1995-05-28,91,77,0.00,0.0,0
1995-05-29,89,73,0.12,0.0,0
1995-05-30,86,71,2.90,0.0,0
1995-05-31,89,66,0.22,0.0,0
1995-06-01,82,67,0.99,0.0,0
1995-06-02,91,63,0.00,0.0,0
1995-06-03,90,67,0.00,0.0,0
1995-06-04,92,69,0.00,0.0,0
1995-06-05,93,73,0.00,0.0,0
1995-06-06,91,75,0.00,0.0,0
1995-06-07,92,74,0.00,0.0,0
1995-06-08,92,75,0.00,0.0,0
1995-06-09,93,75,0.00,0.0,0
1995-06-10,94,74,0.00,0.0,0
1995-06-11,92,73,0.06,0.0,0
1995-06-12,81,71,0.00,0.0,0
1995-06-13,84,66,0.00,0.0,0
1995-06-14,85,64,0.00,0.0,0
1995-06-15,86,62,0.00,0.0,0
1995-06-16,87,63,T,0.0,0
1995-06-17,86,67,0.00,0.0,0
1995-06-18,88,65,0.00,0.0,0
1995-06-19,90,65,0.00,0.0,0
1995-06-20,89,65,0.00,0.0,0
1995-06-21,90,72,T,0.0,0
1995-06-22,93,69,0.00,0.0,0
1995-06-23,93,67,0.00,0.0,0
1995-06-24,92,69,0.04,0.0,0
1995-06-25,93,69,1.32,0.0,0
1995-06-26,92,72,0.00,0.0,0
1995-06-27,96,69,0.00,0.0,0
1995-06-28,86,71,0.21,0.0,0
1995-06-29,86,68,0.19,0.0,0
1995-06-30,86,71,0.03,0.0,0
1995-07-01,81,70,0.99,0.0,0
1995-07-02,91,75,0.00,0.0,0
1995-07-03,91,76,0.00,0.0,0
1995-07-04,90,80,0.00,0.0,0
1995-07-05,91,74,0.00,0.0,0
1995-07-06,92,74,0.00,0.0,0
1995-07-07,96,70,0.00,0.0,0
1995-07-08,97,73,0.00,0.0,0
1995-07-09,98,76,0.00,0.0,0
1995-07-10,95,77,T,0.0,0
1995-07-11,98,77,0.00,0.0,0
1995-07-12,99,74,0.00,0.0,0
1995-07-13,96,75,0.00,0.0,0
1995-07-14,86,71,2.39,0.0,0
1995-07-15,90,72,0.01,0.0,0
1995-07-16,94,72,0.00,0.0,0
1995-07-17,95,76,0.00,0.0,0
1995-07-18,95,75,0.07,0.0,0
1995-07-19,96,73,T,0.0,0
1995-07-20,92,77,0.51,0.0,0
1995-07-21,93,78,T,0.0,0
1995-07-22,94,79,0.00,0.0,0
1995-07-23,95,77,0.00,0.0,0
1995-07-24,96,76,0.00,0.0,0
1995-07-25,95,76,0.01,0.0,0
1995-07-26,94,76,0.00,0.0,0
1995-07-27,99,75,0.10,0.0,0
1995-07-28,97,73,0.00,0.0,0
1995-07-29,85,76,1.13,0.0,0
1995-07-30,85,76,0.47,0.0,0
1995-07-31,83,74,0.76,0.0,0
1995-08-01,91,74,0.15,0.0,0
1995-08-02,94,72,0.00,0.0,0
1995-08-03,88,77,0.06,0.0,0
1995-08-04,88,76,0.14,0.0,0
1995-08-05,92,75,0.00,0.0,0
1995-08-06,91,75,0.12,0.0,0
1995-08-07,93,74,0.00,0.0,0
1995-08-08,94,71,0.00,0.0,0
1995-08-09,94,74,1.85,0.0,0
1995-08-10,92,74,T,0.0,0
1995-08-11,92,74,0.34,0.0,0
1995-08-12,95,73,0.00,0.0,0
1995-08-13,92,72,0.06,0.0,0
1995-08-14,95,71,0.00,0.0,0
1995-08-15,98,74,0.00,0.0,0
1995-08-16,98,77,0.00,0.0,0
1995-08-17,99,78,0.00,0.0,0
1995-08-18,95,77,0.02,0.0,0
1995-08-19,98,74,0.00,0.0,0
1995-08-20,100,75,0.06,0.0,0
1995-08-21,96,75,0.00,0.0,0
1995-08-22,92,77,0.37,0.0,0
1995-08-23,95,76,0.09,0.0,0
1995-08-24,94,77,0.00,0.0,0
1995-08-25,95,79,0.00,0.0,0
1995-08-26,95,79,0.00,0.0,0
1995-08-27,98,77,0.00,0.0,0
1995-08-28,96,76,0.00,0.0,0
1995-08-29,95,75,0.00,0.0,0
1995-08-30,95,73,0.00,0.0,0
1995-08-31,95,71,0.00,0.0,0
1995-09-01,95,69,0.00,0.0,0
1995-09-02,98,75,0.00,0.0,0
1995-09-03,96,70,0.00,0.0,0
1995-09-04,95,68,0.00,0.0,0
1995-09-05,92,70,0.00,0.0,0
1995-09-06,88,66,0.00,0.0,0
1995-09-07,92,66,0.00,0.0,0
1995-09-08,95,64,0.00,0.0,0
1995-09-09,95,68,0.00,0.0,0
1995-09-10,91,74,0.00,0.0,0
1995-09-11,89,68,0.00,0.0,0
1995-09-12,87,66,0.15,0.0,0
1995-09-13,89,70,0.14,0.0,0
1995-09-14,94,72,0.00,0.0,0
1995-09-15,92,73,T,0.0,0
1995-09-16,93,74,0.00,0.0,0
1995-09-17,95,75,0.20,0.0,0
1995-09-18,90,70,0.00,0.0,0
1995-09-19,93,66,0.00,0.0,0
1995-09-20,92,69,0.00,0.0,0
1995-09-21,92,71,0.00,0.0,0
1995-09-22,79,62,0.20,0.0,0
1995-09-23,80,61,0.00,0.0,0
1995-09-24,83,70,0.00,0.0,0
1995-09-25,84,70,0.00,0.0,0
1995-09-26,88,68,0.00,0.0,0
1995-09-27,89,66,0.00,0.0,0
1995-09-28,87,64,0.00,0.0,0
1995-09-29,87,64,0.00,0.0,0
1995-09-30,88,71,0.00,0.0,0
1995-10-01,88,74,0.00,0.0,0
1995-10-02,88,73,T,0.0,0
1995-10-03,80,71,0.68,0.0,0
1995-10-04,75,69,0.34,0.0,0
1995-10-05,88,64,0.00,0.0,0
1995-10-06,83,67,0.00,0.0,0
1995-10-07,77,62,0.00,0.0,0
1995-10-08,79,55,0.00,0.0,0
1995-10-09,81,50,0.00,0.0,0
1995-10-10,88,55,0.00,0.0,0
1995-10-11,88,71,0.00,0.0,0
1995-10-12,80,72,0.00,0.0,0
1995-10-13,85,72,T,0.0,0
1995-10-14,76,64,0.02,0.0,0
1995-10-15,73,53,0.00,0.0,0
1995-10-16,80,52,0.00,0.0,0
1995-10-17,81,56,0.00,0.0,0
1995-10-18,82,66,0.00,0.0,0
1995-10-19,84,64,0.00,0.0,0
1995-10-20,76,58,0.00,0.0,0
1995-10-21,74,44,0.00,0.0,0
1995-10-22,78,42,0.00,0.0,0
1995-10-23,87,67,0.00,0.0,0
1995-10-24,80,68,T,0.0,0
1995-10-25,81,61,0.00,0.0,0
1995-10-26,83,58,0.00,0.0,0
1995-10-27,88,68,0.08,0.0,0
1995-10-28,79,62,0.01,0.0,0
1995-10-29,71,62,T,0.0,0
1995-10-30,65,59,0.18,0.0,0
1995-10-31,76,65,T,0.0,0
1995-11-01,86,67,0.08,0.0,0
1995-11-02,83,66,0.77,0.0,0
1995-11-03,68,49,0.84,0.0,0
1995-11-04,61,46,0.00,0.0,0
1995-11-05,59,50,T,0.0,0
1995-11-06,81,53,0.00,0.0,0
1995-11-07,76,63,1.01,0.0,0
1995-11-08,67,56,0.00,0.0,0
1995-11-09,70,47,0.00,0.0,0
1995-11-10,79,60,0.00,0.0,0
1995-11-11,76,48,0.86,0.0,0
1995-11-12,59,38,0.00,0.0,0
1995-11-13,70,36,T,0.0,0
1995-11-14,62,43,0.00,0.0,0
1995-11-15,68,38,0.00,0.0,0
1995-11-16,68,46,0.00,0.0,0
1995-11-17,70,47,T,0.0,0
1995-11-18,73,55,T,0.0,0
1995-11-19,73,56,0.10,0.0,0
1995-11-20,66,62,0.44,0.0,0
1995-11-21,69,48,0.00,0.0,0
1995-11-22,68,39,0.00,T,0
1995-11-23,77,47,0.14,0.0,0
1995-11-24,63,50,0.00,0.0,0
1995-11-25,64,41,0.00,0.0,0
1995-11-26,69,37,0.00,0.0,0
1995-11-27,79,61,0.00,0.0,0
1995-11-28,78,47,T,0.0,0
1995-11-29,61,47,0.00,0.0,0
1995-11-30,60,41,0.00,0.0,0
1995-12-01,71,37,0.00,0.0,0
1995-12-02,75,46,0.00,0.0,0
1995-12-03,80,60,0.14,0.0,0
1995-12-04,82,67,T,0.0,0
1995-12-05,84,68,0.00,0.0,0
1995-12-06,81,69,T,0.0,0
1995-12-07,71,50,T,0.0,0
1995-12-08,73,50,0.25,0.0,0
1995-12-09,64,34,0.18,0.0,0
1995-12-10,47,30,0.00,0.0,0
1995-12-11,55,26,0.00,0.0,0
1995-12-12,70,38,0.00,0.0,0
1995-12-13,74,54,T,0.0,0
1995-12-14,79,56,0.00,0.0,0
1995-12-15,78,62,0.03,0.0,0
1995-12-16,77,67,0.01,0.0,0
1995-12-17,77,61,1.46,0.0,0
1995-12-18,74,63,1.56,0.0,0
1995-12-19,64,44,0.00,0.0,0
1995-12-20,45,39,0.00,0.0,0
1995-12-21,46,37,0.00,0.0,0
1995-12-22,45,38,T,0.0,0
1995-12-23,47,35,0.00,0.0,0
1995-12-24,48,31,0.00,0.0,0
1995-12-25,57,30,0.00,0.0,0
1995-12-26,46,38,0.00,0.0,0
1995-12-27,57,36,0.00,0.0,0
1995-12-28,45,35,0.00,0.0,0
1995-12-29,51,33,0.00,0.0,0
1995-12-30,65,37,0.00,0.0,0
1995-12-31,64,56,1.44,0.0,0
1996-01-01,68,60,1.20,0.0,0
1996-01-02,67,42,T,0.0,0
1996-01-03,45,31,0.00,0.0,0
1996-01-04,59,26,0.00,0.0,0
1996-01-05,72,47,0.00,0.0,0
1996-01-06,62,36,0.64,0.0,0
1996-01-07,40,28,0.00,0.0,0
1996-01-08,43,26,0.00,0.0,0
1996-01-09,62,27,0.00,0.0,0
1996-01-10,63,34,0.00,0.0,0
1996-01-11,69,50,0.03,0.0,0
1996-01-12,62,39,0.00,0.0,0
1996-01-13,71,33,0.00,0.0,0
1996-01-14,73,40,0.00,0.0,0
1996-01-15,75,57,0.03,0.0,0
1996-01-16,76,60,0.00,0.0,0
1996-01-17,76,60,0.00,0.0,0
1996-01-18,73,32,0.24,0.0,0
1996-01-19,42,26,0.00,0.0,0
1996-01-20,53,27,0.00,0.0,0
1996-01-21,63,44,0.00,0.0,0
1996-01-22,68,44,0.00,0.0,0
1996-01-23,73,50,0.00,0.0,0
1996-01-24,68,46,0.90,0.0,0
1996-01-25,58,38,0.00,0.0,0
1996-01-26,76,58,1.48,0.0,0
1996-01-27,60,43,0.00,0.0,0
1996-01-28,58,37,0.00,0.0,0
1996-01-29,67,51,0.14,0.0,0
1996-01-30,76,61,0.00,0.0,0
1996-01-31,66,43,T,0.0,0
1996-02-01,48,41,0.16,0.0,0
1996-02-02,45,30,0.73,0.0,0
1996-02-03,35,23,0.00,0.0,0
1996-02-04,33,21,0.00,0.0,0
1996-02-05,43,16,0.00,0.0,0
1996-02-06,57,32,T,0.0,0
1996-02-07,68,39,0.00,0.0,0
1996-02-08,75,49,0.00,0.0,0
1996-02-09,77,51,0.00,0.0,0
1996-02-10,77,61,0.00,0.0,0
1996-02-11,68,46,0.00,0.0,0
1996-02-12,60,44,0.00,0.0,0
1996-02-13,64,34,0.00,0.0,0
1996-02-14,73,45,0.00,0.0,0
1996-02-15,74,51,0.00,0.0,0
1996-02-16,51,38,0.00,0.0,0
1996-02-17,57,28,0.00,0.0,0
1996-02-18,72,40,0.00,0.0,0
1996-02-19,72,59,0.24,0.0,0
1996-02-20,76,55,0.00,0.0,0
1996-02-21,76,56,0.00,0.0,0
1996-02-22,79,62,0.00,0.0,0
1996-02-23,80,60,0.00,0.0,0
1996-02-24,79,64,0.00,0.0,0
1996-02-25,81,63,0.00,0.0,0
1996-02-26,82,65,0.00,0.0,0
1996-02-27,80,68,0.01,0.0,0
1996-02-28,73,51,0.01,0.0,0
1996-02-29,52,43,0.41,0.0,0
1996-03-01,50,44,T,0.0,0
1996-03-02,65,37,0.00,0.0,0
1996-03-03,72,38,0.00,0.0,0
1996-03-04,75,44,0.00,0.0,0
1996-03-05,73,61,0.09,0.0,0
1996-03-06,79,70,T,0.0,0
1996-03-07,72,35,0.59,0.0,0
1996-03-08,46,32,0.00,0.0,0
1996-03-09,46,29,0.00,0.0,0
1996-03-10,53,34,0.00,0.0,0
1996-03-11,60,40,0.00,0.0,0
1996-03-12,69,35,0.00,0.0,0
1996-03-13,76,47,0.00,0.0,0
1996-03-14,80,56,0.00,0.0,0
1996-03-15,82,54,0.00,0.0,0
1996-03-16,81,67,0.00,0.0,0
1996-03-17,78,66,0.01,0.0,0
1996-03-18,79,49,0.00,0.0,0
1996-03-19,63,45,0.00,0.0,0
1996-03-20,54,40,0.00,0.0,0
1996-03-21,63,35,0.00,0.0,0
1996-03-22,71,36,0.00,0.0,0
1996-03-23,73,41,0.00,0.0,0
1996-03-24,77,60,0.00,0.0,0
1996-03-25,83,63,0.06,0.0,0
1996-03-26,63,48,1.18,0.0,0
1996-03-27,60,50,0.40,0.0,0
1996-03-28,73,56,0.00,0.0,0
1996-03-29,72,56,0.14,0.0,0
1996-03-30,68,62,0.50,0.0,0
1996-03-31,76,56,T,0.0,0
1996-04-01,71,53,0.00,0.0,0
1996-04-02,72,51,0.00,0.0,0
1996-04-03,73,45,0.00,0.0,0
1996-04-04,79,60,T,0.0,0
1996-04-05,68,56,0.05,0.0,0
1996-04-06,57,49,0.35,0.0,0
1996-04-07,65,47,0.00,0.0,0
1996-04-08,75,48,0.00,0.0,0
1996-04-09,72,54,0.00,0.0,0
1996-04-10,70,54,0.00,0.0,0
1996-04-11,75,52,0.00,0.0,0
1996-04-12,77,56,0.00,0.0,0
1996-04-13,84,63,0.03,0.0,0
1996-04-14,79,61,2.30,0.0,0
1996-04-15,73,58,0.22,0.0,0
1996-04-16,73,53,0.00,0.0,0
1996-04-17,73,48,0.04,0.0,0
1996-04-18,78,63,0.04,0.0,0
1996-04-19,82,72,T,0.0,0
1996-04-20,83,70,0.00,0.0,0
1996-04-21,82,67,0.00,0.0,0
1996-04-22,83,71,0.00,0.0,0
1996-04-23,73,64,0.11,0.0,0
1996-04-24,76,57,0.00,0.0,0
1996-04-25,82,52,0.00,0.0,0
1996-04-26,87,66,0.12,0.0,0
1996-04-27,87,63,0.00,0.0,0
1996-04-28,86,70,0.00,0.0,0
1996-04-29,85,58,0.61,0.0,0
1996-04-30,71,53,0.00,0.0,0
1996-05-01,78,50,0.00,0.0,0
1996-05-02,79,58,0.00,0.0,0
1996-05-03,82,59,0.00,0.0,0
1996-05-04,87,66,0.00,0.0,0
1996-05-05,87,73,0.00,0.0,0
1996-05-06,88,71,0.00,0.0,0
1996-05-07,87,69,0.00,0.0,0
1996-05-08,87,71,T,0.0,0
1996-05-09,84,72,0.02,0.0,0
1996-05-10,87,70,0.00,0.0,0
1996-05-11,84,69,0.26,0.0,0
1996-05-12,80,66,0.00,0.0,0
1996-05-13,85,62,0.00,0.0,0
1996-05-14,85,69,0.00,0.0,0
1996-05-15,85,66,0.00,0.0,0
1996-05-16,87,69,0.00,0.0,0
1996-05-17,88,72,0.00,0.0,0
1996-05-18,87,69,0.00,0.0,0
1996-05-19,89,70,0.00,0.0,0
1996-05-20,88,68,0.00,0.0,0
1996-05-21,90,69,0.00,0.0,0
1996-05-22,93,71,0.00,0.0,0
1996-05-23,93,73,0.00,0.0,0
1996-05-24,92,70,0.00,0.0,0
1996-05-25,92,73,0.00,0.0,0
1996-05-26,92,75,T,0.0,0
1996-05-27,92,79,T,0.0,0
1996-05-28,93,77,0.00,0.0,0
1996-05-29,85,69,1.09,0.0,0
1996-05-30,88,67,T,0.0,0
1996-05-31,89,73,0.00,0.0,0
1996-06-01,89,75,0.00,0.0,0
1996-06-02,89,69,0.87,0.0,0
1996-06-03,89,70,0.00,0.0,0
1996-06-04,89,69,0.00,0.0,0
1996-06-05,89,72,0.00,0.0,0
1996-06-06,89,71,T,0.0,0
1996-06-07,87,73,0.24,0.0,0
1996-06-08,84,68,0.21,0.0,0
1996-06-09,83,64,0.00,0.0,0
1996-06-10,88,65,0.00,0.0,0
1996-06-11,89,73,T,0.0,0
1996-06-12,88,72,0.22,0.0,0
1996-06-13,87,73,0.05,0.0,0
1996-06-14,91,72,1.11,0.0,0
1996-06-15,87,72,0.14,0.0,0
1996-06-16,91,73,0.00,0.0,0
1996-06-17,90,76,0.76,0.0,0
1996-06-18,88,73,0.00,0.0,0
1996-06-19,85,74,0.59,0.0,0
1996-06-20,88,73,0.01,0.0,0
1996-06-21,91,75,0.60,0.0,0
1996-06-22,90,74,0.01,0.0,0
1996-06-23,89,72,1.09,0.0,0
1996-06-24,92,73,0.63,0.0,0
1996-06-25,92,73,0.00,0.0,0
1996-06-26,94,76,T,0.0,0
1996-06-27,90,72,2.07,0.0,0
1996-06-28,89,72,0.00,0.0,0
1996-06-29,92,74,0.00,0.0,0
1996-06-30,92,74,0.00,0.0,0
1996-07-01,92,73,0.00,0.0,0
1996-07-02,91,73,0.00,0.0,0
1996-07-03,94,74,0.29,0.0,0
1996-07-04,93,76,0.00,0.0,0
1996-07-05,93,72,0.00,0.0,0
1996-07-06,95,77,0.00,0.0,0
1996-07-07,91,78,0.18,0.0,0
1996-07-08,79,75,4.32,0.0,0
1996-07-09,91,75,T,0.0,0
1996-07-10,91,76,T,0.0,0
1996-07-11,91,77,0.00,0.0,0
1996-07-12,95,76,0.00,0.0,0
1996-07-13,94,77,0.05,0.0,0
1996-07-14,89,77,0.48,0.0,0
1996-07-15,90,78,0.02,0.0,0
1996-07-16,90,77,0.31,0.0,0
1996-07-17,89,77,0.30,0.0,0
1996-07-18,90,78,0.12,0.0,0
1996-07-19,92,76,0.00,0.0,0
1996-07-20,92,77,0.00,0.0,0
1996-07-21,92,76,0.00,0.0,0
1996-07-22,93,76,0.00,0.0,0
1996-07-23,95,77,0.00,0.0,0
1996-07-24,90,73,0.97,0.0,0
1996-07-25,86,72,1.55,0.0,0
1996-07-26,83,71,0.71,0.0,0
1996-07-27,87,72,T,0.0,0
1996-07-28,89,74,0.01,0.0,0
1996-07-29,88,74,0.13,0.0,0
1996-07-30,89,74,0.00,0.0,0
1996-07-31,86,73,0.88,0.0,0
1996-08-01,90,73,0.07,0.0,0
1996-08-02,88,74,0.36,0.0,0
1996-08-03,90,77,0.51,0.0,0
1996-08-04,90,76,0.01,0.0,0
1996-08-05,89,75,0.28,0.0,0
1996-08-06,86,74,0.81,0.0,0
1996-08-07,89,75,0.02,0.0,0
1996-08-08,90,74,0.10,0.0,0
1996-08-09,94,76,0.01,0.0,0
1996-08-10,91,74,0.03,0.0,0
1996-08-11,84,73,0.03,0.0,0
1996-08-12,88,69,0.92,0.0,0
1996-08-13,87,69,0.13,0.0,0
1996-08-14,88,73,0.00,0.0,0
1996-08-15,89,75,0.00,0.0,0
1996-08-16,90,72,0.00,0.0,0
1996-08-17,89,73,0.01,0.0,0
1996-08-18,87,74,0.02,0.0,0
1996-08-19,89,73,T,0.0,0
1996-08-20,90,77,0.00,0.0,0
1996-08-21,87,75,0.24,0.0,0
1996-08-22,90,76,0.00,0.0,0
1996-08-23,91,77,T,0.0,0
1996-08-24,90,73,0.87,0.0,0
1996-08-25,90,72,0.09,0.0,0
1996-08-26,88,73,T,0.0,0
1996-08-27,90,73,0.04,0.0,0
1996-08-28,90,73,2.72,0.0,0
1996-08-29,87,73,1.40,0.0,0
1996-08-30,83,73,0.09,0.0,0
1996-08-31,81,72,T,0.0,0
1996-09-01,83,74,T,0.0,0
1996-09-02,88,73,T,0.0,0
1996-09-03,89,73,0.00,0.0,0
1996-09-04,89,72,0.00,0.0,0
1996-09-05,89,73,0.00,0.0,0
1996-09-06,87,75,0.06,0.0,0
1996-09-07,89,73,T,0.0,0
1996-09-08,91,75,0.00,0.0,0
1996-09-09,88,74,0.01,0.0,0
1996-09-10,89,72,0.00,0.0,0
1996-09-11,90,74,0.00,0.0,0
1996-09-12,90,75,0.00,0.0,0
1996-09-13,90,77,0.00,0.0,0
1996-09-14,89,75,0.05,0.0,0
1996-09-15,85,75,0.47,0.0,0
1996-09-16,90,75,0.58,0.0,0
1996-09-17,92,78,0.07,0.0,0
1996-09-18,87,73,0.00,0.0,0
1996-09-19,85,74,T,0.0,0
1996-09-20,84,69,1.00,0.0,0
1996-09-21,86,73,0.01,0.0,0
1996-09-22,84,67,0.00,0.0,0
1996-09-23,87,64,0.00,0.0,0
1996-09-24,84,64,0.00,0.0,0
1996-09-25,84,68,0.00,0.0,0
1996-09-26,89,69,0.00,0.0,0
1996-09-27,87,71,1.57,0.0,0
1996-09-28,73,63,0.14,0.0,0
1996-09-29,77,62,0.00,0.0,0
1996-09-30,80,66,0.00,0.0,0
1996-10-01,85,76,0.00,0.0,0
1996-10-02,83,74,0.04,0.0,0
1996-10-03,78,72,0.00,0.0,0
1996-10-04,82,69,0.00,0.0,0
1996-10-05,76,67,T,0.0,0
1996-10-06,67,63,0.41,0.0,M
1996-10-07,77,63,T,0.0,0
1996-10-08,79,64,0.00,0.0,0
1996-10-09,76,61,0.00,0.0,0
1996-10-10,81,59,0.00,0.0,0
1996-10-11,72,55,0.00,0.0,0
1996-10-12,77,53,0.00,0.0,0
1996-10-13,80,62,0.00,0.0,0
1996-10-14,80,58,0.00,0.0,0
1996-10-15,77,57,0.00,0.0,0
1996-10-16,84,64,0.00,0.0,0
1996-10-17,86,70,0.00,0.0,0
1996-10-18,73,59,1.08,0.0,0
1996-10-19,70,54,0.00,0.0,0
1996-10-20,75,51,0.00,0.0,0
1996-10-21,80,57,0.00,0.0,0
1996-10-22,81,53,0.08,0.0,0
1996-10-23,69,46,0.00,0.0,0
1996-10-24,74,48,0.00,0.0,0
1996-10-25,75,64,0.92,0.0,0
1996-10-26,84,75,0.04,0.0,0
1996-10-27,85,71,0.00,0.0,0
1996-10-28,80,68,0.00,0.0,0
1996-10-29,84,66,0.00,0.0,0
1996-10-30,82,66,0.02,0.0,0
1996-10-31,82,63,0.00,0.0,0
1996-11-01,85,66,0.00,0.0,0
1996-11-02,73,53,0.55,0.0,0
1996-11-03,60,49,0.00,0.0,0
1996-11-04,71,50,0.00,0.0,0
1996-11-05,76,63,0.04,0.0,0
1996-11-06,83,62,0.00,0.0,0
1996-11-07,84,61,1.67,0.0,0
1996-11-08,68,53,0.00,0.0,0
1996-11-09,61,47,0.00,0.0,0
1996-11-10,68,46,0.00,0.0,0
1996-11-11,73,48,0.00,0.0,0
1996-11-12,68,52,0.00,0.0,0
1996-11-13,72,52,0.00,0.0,0
1996-11-14,74,50,0.00,0.0,0
1996-11-15,73,54,0.00,0.0,0
1996-11-16,69,58,0.00,0.0,0
1996-11-17,73,65,T,0.0,0
1996-11-18,77,64,0.03,0.0,0
1996-11-19,72,64,0.06,0.0,0
1996-11-20,76,64,0.02,0.0,0
1996-11-21,83,64,T,0.0,0
1996-11-22,66,54,0.00,0.0,0
1996-11-23,74,50,0.00,0.0,0
1996-11-24,77,63,0.27,0.0,0
1996-11-25,66,45,0.04,0.0,M
1996-11-26,50,45,0.00,0.0,M
1996-11-27,54,40,0.00,0.0,0
1996-11-28,65,49,0.00,0.0,0
1996-11-29,72,60,0.01,0.0,0
1996-11-30,78,61,0.41,0.0,0
1996-12-01,62,43,0.01,0.0,0
1996-12-02,58,41,0.00,0.0,0
1996-12-03,67,39,0.00,0.0,0
1996-12-04,58,52,T,0.0,0
1996-12-05,73,51,0.04,0.0,0
1996-12-06,79,53,T,0.0,0
1996-12-07,77,56,T,0.0,0
1996-12-08,63,46,0.00,0.0,0
1996-12-09,69,44,0.00,0.0,0
1996-12-10,76,47,0.00,0.0,0
1996-12-11,77,62,0.00,0.0,0
1996-12-12,80,64,0.00,0.0,0
1996-12-13,72,53,0.00,0.0,0
1996-12-14,71,51,0.00,0.0,0
1996-12-15,74,52,0.00,0.0,0
1996-12-16,69,43,0.19,0.0,0
1996-12-17,51,42,0.00,0.0,0
1996-12-18,48,33,0.17,0.0,0
1996-12-19,40,26,0.00,0.0,0
1996-12-20,47,25,0.00,0.0,0
1996-12-21,63,33,0.00,0.0,0
1996-12-22,71,54,0.00,0.0,0
1996-12-23,76,50,T,0.0,0
1996-12-24,66,41,0.06,0.0,0
1996-12-25,54,35,0.00,0.0,0
1996-12-26,72,43,0.42,0.0,0
1996-12-27,68,61,1.97,0.0,0
1996-12-28,73,59,0.01,0.0,0
1996-12-29,68,59,1.95,0.0,0
1996-12-30,74,60,0.68,0.0,0
1996-12-31,71,64,0.05,0.0,0
1997-01-01,68,58,0.00,0.0,0
1997-01-02,73,58,0.11,0.0,0
1997-01-03,77,66,0.00,0.0,0
1997-01-04,79,68,0.00,0.0,0
1997-01-05,74,65,0.00,0.0,0
1997-01-06,65,53,0.13,0.0,0
1997-01-07,53,45,2.77,0.0,0
1997-01-08,54,45,0.90,0.0,0
1997-01-09,45,35,T,0.0,0
1997-01-10,62,35,0.00,0.0,0
1997-01-11,42,31,0.00,0.0,0
1997-01-12,43,36,T,0.0,0
1997-01-13,43,35,0.00,0.0,0
1997-01-14,52,35,0.00,0.0,0
1997-01-15,72,44,0.26,0.0,0
1997-01-16,51,33,0.00,0.0,M
1997-01-17,39,27,0.00,0.0,0
1997-01-18,44,31,0.00,0.0,0
1997-01-19,62,31,0.00,0.0,0
1997-01-20,67,39,0.00,0.0,0
1997-01-21,71,44,0.02,0.0,0
1997-01-22,77,60,0.05,0.0,0
1997-01-23,72,60,0.00,0.0,0
1997-01-24,72,62,0.59,0.0,0
1997-01-25,66,50,0.00,0.0,0
1997-01-26,69,46,0.00,0.0,0
1997-01-27,76,63,T,0.0,0
1997-01-28,68,42,1.47,0.0,0
1997-01-29,50,42,0.02,0.0,0
1997-01-30,59,44,0.00,0.0,0
1997-01-31,66,41,0.00,0.0,0
1997-02-01,75,55,0.00,0.0,0
1997-02-02,76,61,0.00,0.0,0
1997-02-03,74,61,0.00,0.0,0
1997-02-04,73,59,0.58,0.0,0
1997-02-05,64,51,0.00,0.0,0
1997-02-06,54,45,0.00,0.0,0
1997-02-07,69,49,0.20,0.0,0
1997-02-08,49,44,0.00,0.0,0
1997-02-09,46,42,0.01,0.0,0
1997-02-10,47,39,0.07,0.0,0
1997-02-11,52,36,0.00,0.0,0
1997-02-12,50,40,0.82,0.0,0
1997-02-13,58,46,1.00,0.0,0
1997-02-14,50,43,0.76,0.0,0
1997-02-15,59,40,0.00,0.0,0
1997-02-16,63,36,0.00,0.0,0
1997-02-17,68,44,0.00,0.0,0
1997-02-18,73,44,0.00,0.0,0
1997-02-19,74,58,T,0.0,0
1997-02-20,80,66,0.01,0.0,0
1997-02-21,78,64,2.27,0.0,0
1997-02-22,65,51,0.00,0.0,0
1997-02-23,55,51,0.01,0.0,0
1997-02-24,54,50,0.50,0.0,0
1997-02-25,62,51,0.06,0.0,0
1997-02-26,76,62,0.01,0.0,0
1997-02-27,72,54,0.58,0.0,0
1997-02-28,77,60,T,0.0,0
1997-03-01,79,72,0.00,0.0,0
1997-03-02,77,62,0.10,0.0,0
1997-03-03,71,50,0.00,0.0,0
1997-03-04,75,50,0.00,0.0,0
1997-03-05,81,58,0.02,0.0,0
1997-03-06,64,48,0.00,0.0,0
1997-03-07,67,51,0.00,0.0,0
1997-03-08,74,50,0.00,0.0,0
1997-03-09,79,56,0.00,0.0,0
1997-03-10,77,64,T,0.0,0
1997-03-11,77,65,0.01,0.0,0
1997-03-12,77,67,0.03,0.0,0
1997-03-13,75,65,0.94,0.0,0
1997-03-14,78,60,0.00,0.0,0
1997-03-15,60,54,0.00,0.0,0
1997-03-16,64,51,0.02,0.0,0
1997-03-17,69,55,T,0.0,0
1997-03-18,79,62,0.00,0.0,0
1997-03-19,70,56,0.43,0.0,0
1997-03-20,58,52,0.47,0.0,0
1997-03-21,75,52,0.00,0.0,0
1997-03-22,80,55,0.00,0.0,0
1997-03-23,79,59,0.00,0.0,0
1997-03-24,79,53,0.00,0.0,0
1997-03-25,80,64,0.00,0.0,0
1997-03-26,79,64,0.09,0.0,0
1997-03-27,78,62,T,0.0,0
1997-03-28,82,71,0.00,0.0,0
1997-03-29,79,69,0.09,0.0,0
1997-03-30,72,60,0.37,0.0,0
1997-03-31,67,56,0.00,0.0,0
1997-04-01,68,53,T,0.0,0
1997-04-02,76,51,0.00,0.0,0
1997-04-03,74,61,0.00,0.0,0
1997-04-04,77,68,0.00,0.0,0
1997-04-05,76,67,1.23,0.0,0
1997-04-06,79,62,0.00,0.0,0
1997-04-07,74,60,0.00,0.0,0
1997-04-08,69,60,T,0.0,0
1997-04-09,75,60,0.00,0.0,0
1997-04-10,75,58,0.00,0.0,0
1997-04-11,71,62,1.01,0.0,0
1997-04-12,70,56,0.72,0.0,0
1997-04-13,58,49,0.00,0.0,0
1997-04-14,57,50,0.00,0.0,0
1997-04-15,68,48,0.00,0.0,0
1997-04-16,76,50,0.00,0.0,0
1997-04-17,75,54,0.00,0.0,0
1997-04-18,70,51,0.00,0.0,0
1997-04-19,75,52,0.01,0.0,0
1997-04-20,79,58,0.00,0.0,0
1997-04-21,83,66,0.00,0.0,0
1997-04-22,83,63,T,0.0,0
1997-04-23,77,57,0.00,0.0,0
1997-04-24,73,56,T,0.0,0
1997-04-25,70,63,0.01,0.0,0
1997-04-26,70,58,1.41,0.0,0
1997-04-27,75,65,0.52,0.0,0
1997-04-28,68,62,T,0.0,0
1997-04-29,71,58,0.00,0.0,0
1997-04-30,78,57,0.00,0.0,0
1997-05-01,82,64,T,0.0,0
1997-05-02,81,69,0.00,0.0,0
1997-05-03,80,65,0.63,0.0,0
1997-05-04,76,62,0.00,0.0,0
1997-05-05,76,57,0.00,0.0,0
1997-05-06,78,57,0.00,0.0,0
1997-05-07,80,62,0.00,0.0,0
1997-05-08,82,65,0.00,0.0,0
1997-05-09,84,67,0.00,0.0,0
1997-05-10,73,61,T,0.0,0
1997-05-11,76,59,0.00,0.0,0
1997-05-12,79,64,0.02,0.0,0
1997-05-13,81,64,0.00,0.0,0
1997-05-14,86,66,0.00,0.0,0
1997-05-15,84,66,0.46,0.0,0
1997-05-16,83,65,0.00,0.0,0
1997-05-17,84,61,T,0.0,0
1997-05-18,86,69,0.01,0.0,0
1997-05-19,85,71,0.89,0.0,0
1997-05-20,87,71,0.01,0.0,0
1997-05-21,84,69,1.55,0.0,0
1997-05-22,82,69,0.06,0.0,0
1997-05-23,84,71,0.02,0.0,0
1997-05-24,84,69,0.27,0.0,0
1997-05-25,84,69,0.36,0.0,0
1997-05-26,89,76,0.00,0.0,0
1997-05-27,89,75,0.00,0.0,0
1997-05-28,87,71,0.22,0.0,0
1997-05-29,82,72,0.05,0.0,0
1997-05-30,80,72,0.01,0.0,0
1997-05-31,80,69,0.47,0.0,0
1997-06-01,80,66,0.00,0.0,0
1997-06-02,83,64,0.00,0.0,0
1997-06-03,83,69,0.00,0.0,0
1997-06-04,86,68,0.00,0.0,0
1997-06-05,84,69,0.02,0.0,0
1997-06-06,85,72,0.13,0.0,0
1997-06-07,83,73,0.04,0.0,0
1997-06-08,84,73,1.66,0.0,0
1997-06-09,83,69,0.03,0.0,0
1997-06-10,84,74,T,0.0,0
1997-06-11,86,73,0.70,0.0,0
1997-06-12,90,74,0.01,0.0,0
1997-06-13,90,74,0.00,0.0,0
1997-06-14,92,75,0.00,0.0,0
1997-06-15,91,79,0.00,0.0,0
1997-06-16,92,77,T,0.0,0
1997-06-17,85,70,1.79,0.0,0
1997-06-18,80,72,0.60,0.0,0
1997-06-19,86,72,0.31,0.0,0
1997-06-20,90,75,0.00,0.0,0
1997-06-21,89,76,0.00,0.0,0
1997-06-22,90,75,0.00,0.0,0
1997-06-23,91,74,0.00,0.0,0
1997-06-24,87,75,0.06,0.0,0
1997-06-25,86,74,0.26,0.0,0
1997-06-26,85,76,0.32,0.0,0
1997-06-27,84,74,0.45,0.0,0
1997-06-28,88,74,0.12,0.0,0
1997-06-29,86,74,0.43,0.0,0
1997-06-30,89,74,0.04,0.0,0
1997-07-01,90,77,T,0.0,0
1997-07-02,93,76,0.00,0.0,0
1997-07-03,94,77,0.00,0.0,0
1997-07-04,94,78,0.00,0.0,0
1997-07-05,93,71,0.71,0.0,0
1997-07-06,88,73,0.13,0.0,0
1997-07-07,89,74,0.23,0.0,0
1997-07-08,88,73,0.93,0.0,0
1997-07-09,90,71,0.01,0.0,0
1997-07-10,92,73,0.00,0.0,0
1997-07-11,93,77,0.01,0.0,0
1997-07-12,93,76,T,0.0,0
1997-07-13,90,74,0.16,0.0,0
1997-07-14,89,73,0.00,0.0,0
1997-07-15,91,75,T,0.0,0
1997-07-16,92,76,0.00,0.0,0
1997-07-17,85,74,0.10,0.0,0
1997-07-18,86,76,0.07,0.0,0
1997-07-19,91,75,0.00,0.0,0
1997-07-20,93,76,0.20,0.0,0
1997-07-21,93,76,0.09,0.0,0
1997-07-22,91,77,T,0.0,0
1997-07-23,87,77,0.00,0.0,0
1997-07-24,91,74,0.00,0.0,0
1997-07-25,95,77,0.00,0.0,0
1997-07-26,95,77,0.00,0.0,0
1997-07-27,92,78,T,0.0,0
1997-07-28,92,79,T,0.0,0
1997-07-29,93,77,0.10,0.0,0
1997-07-30,92,75,1.19,0.0,0
1997-07-31,91,78,0.01,0.0,0
1997-08-01,82,76,T,0.0,0
1997-08-02,89,75,0.00,0.0,0
1997-08-03,90,78,0.00,0.0,0
1997-08-04,91,76,0.35,0.0,0
1997-08-05,93,78,0.00,0.0,0
1997-08-06,93,79,0.00,0.0,0
1997-08-07,91,78,0.00,0.0,0
1997-08-08,89,73,0.18,0.0,0
1997-08-09,90,75,0.57,0.0,0
1997-08-10,90,77,0.78,0.0,0
1997-08-11,91,77,0.09,0.0,0
1997-08-12,90,77,T,0.0,0
1997-08-13,92,77,0.01,0.0,0
1997-08-14,91,78,T,0.0,0
1997-08-15,94,79,0.00,0.0,0
1997-08-16,94,80,0.00,0.0,0
1997-08-17,95,77,0.00,0.0,0
1997-08-18,92,76,0.01,0.0,0
1997-08-19,94,76,T,0.0,0
1997-08-20,94,75,0.13,0.0,0
1997-08-21,91,73,0.05,0.0,0
1997-08-22,88,76,0.08,0.0,0
1997-08-23,87,72,0.00,0.0,0
1997-08-24,86,73,0.00,0.0,0
1997-08-25,89,76,0.00,0.0,0
1997-08-26,91,74,0.00,0.0,0
1997-08-27,93,71,0.00,0.0,0
1997-08-28,93,74,0.00,0.0,0
1997-08-29,95,75,0.00,0.0,0
1997-08-30,95,76,0.00,0.0,0
1997-08-31,95,75,0.00,0.0,0
1997-09-01,93,72,0.00,0.0,0
1997-09-02,95,76,0.00,0.0,0
1997-09-03,95,75,0.00,0.0,0
1997-09-04,89,77,0.00,0.0,0
1997-09-05,89,76,0.00,0.0,0
1997-09-06,86,74,0.17,0.0,0
1997-09-07,89,70,0.00,0.0,0
1997-09-08,91,70,0.00,0.0,0
1997-09-09,87,73,0.00,0.0,0
1997-09-10,92,73,0.11,0.0,0
1997-09-11,89,71,0.00,0.0,0
1997-09-12,89,69,0.00,0.0,0
1997-09-13,91,72,0.00,0.0,0
1997-09-14,93,75,0.00,0.0,0
1997-09-15,93,74,0.00,0.0,0
1997-09-16,91,73,0.00,0.0,0
1997-09-17,90,72,0.00,0.0,0
1997-09-18,91,71,T,0.0,0
1997-09-19,93,73,0.00,0.0,0
1997-09-20,92,73,0.00,0.0,0
1997-09-21,94,72,0.00,0.0,0
1997-09-22,95,74,0.00,0.0,0
1997-09-23,89,77,0.00,0.0,0
1997-09-24,89,77,0.13,0.0,0
1997-09-25,79,70,0.40,0.0,0
1997-09-26,80,68,T,0.0,0
1997-09-27,81,66,0.00,0.0,0
1997-09-28,89,67,0.00,0.0,0
1997-09-29,90,69,0.00,0.0,0
1997-09-30,91,70,0.00,0.0,0
1997-10-01,92,71,0.03,0.0,0
1997-10-02,83,63,0.00,0.0,0
1997-10-03,84,59,0.00,0.0,0
1997-10-04,89,61,0.00,0.0,0
1997-10-05,89,72,0.00,0.0,0
1997-10-06,88,75,T,0.0,0
1997-10-07,89,75,0.00,0.0,0
1997-10-08,90,76,0.00,0.0,0
1997-10-09,90,76,T,0.0,0
1997-10-10,86,75,0.01,0.0,0
1997-10-11,88,75,0.00,0.0,0
1997-10-12,90,73,0.00,0.0,0
1997-10-13,87,63,0.98,0.0,0
1997-10-14,75,61,0.05,0.0,0
1997-10-15,74,58,0.00,0.0,0
1997-10-16,74,56,0.00,0.0,0
1997-10-17,74,57,0.00,0.0,0
1997-10-18,70,53,0.00,0.0,0
1997-10-19,73,48,0.00,0.0,0
1997-10-20,78,54,0.00,0.0,0
1997-10-21,81,59,0.01,0.0,0
1997-10-22,67,56,0.00,0.0,0
1997-10-23,78,56,0.14,0.0,0
1997-10-24,86,69,0.02,0.0,0
1997-10-25,86,72,0.01,0.0,0
1997-10-26,79,55,0.01,0.0,0
1997-10-27,62,48,T,0.0,0
1997-10-28,59,45,T,0.0,0
1997-10-29,66,54,0.02,0.0,0
1997-10-30,76,56,0.01,0.0,0
1997-10-31,78,65,0.07,0.0,0
1997-11-01,87,61,0.31,0.0,0
1997-11-02,73,50,0.00,0.0,0
1997-11-03,72,47,0.00,0.0,0
1997-11-04,71,43,0.00,0.0,0
1997-11-05,75,47,0.00,0.0,0
1997-11-06,69,52,0.01,0.0,0
1997-11-07,56,51,0.00,0.0,0
1997-11-08,62,45,0.00,0.0,0
1997-11-09,60,41,0.00,0.0,0
1997-11-10,61,46,0.03,0.0,0
1997-11-11,66,56,T,0.0,0
1997-11-12,61,57,2.66,0.0,0
1997-11-13,70,57,0.03,0.0,0
1997-11-14,65,52,0.00,0.0,0
1997-11-15,61,44,0.02,0.0,0
1997-11-16,52,42,T,0.0,0
1997-11-17,53,40,0.00,0.0,0
1997-11-18,56,48,0.54,0.0,0
1997-11-19,57,50,0.07,0.0,0
1997-11-20,72,53,0.00,0.0,0
1997-11-21,82,56,0.64,0.0,0
1997-11-22,69,57,0.10,0.0,0
1997-11-23,63,50,0.00,0.0,0
1997-11-24,66,45,0.00,0.0,0
1997-11-25,69,44,0.00,0.0,0
1997-11-26,74,46,0.00,0.0,0
1997-11-27,78,53,0.00,0.0,0
1997-11-28,78,58,1.84,0.0,0
1997-11-29,73,60,1.84,0.0,0
1997-11-30,65,49,0.00,0.0,0
1997-12-01,64,43,0.00,0.0,0
1997-12-02,69,52,0.00,0.0,0
1997-12-03,76,59,0.25,0.0,0
1997-12-04,59,43,0.00,0.0,0
1997-12-05,56,38,0.00,0.0,0
1997-12-06,53,39,0.00,0.0,0
1997-12-07,51,37,0.02,0.0,0
1997-12-08,74,45,0.33,0.0,0
1997-12-09,80,62,T,0.0,0
1997-12-10,74,48,0.00,0.0,0
1997-12-11,48,44,T,0.0,0
1997-12-12,46,40,0.05,0.0,0
1997-12-13,45,40,0.01,0.0,0
1997-12-14,42,38,0.00,0.0,0
1997-12-15,55,33,0.00,0.0,0
1997-12-16,61,33,0.00,0.0,0
1997-12-17,71,41,0.00,0.0,0
1997-12-18,72,40,0.00,0.0,0
1997-12-19,75,49,0.00,0.0,0
1997-12-20,68,50,0.04,0.0,0
1997-12-21,72,53,0.37,0.0,0
1997-12-22,70,45,0.00,0.0,0
1997-12-23,68,56,0.46,0.0,0
1997-12-24,71,48,0.78,0.0,0
1997-12-25,65,41,0.00,0.0,0
1997-12-26,58,46,0.24,0.0,0
1997-12-27,51,40,T,0.0,0
1997-12-28,55,31,0.00,0.0,0
1997-12-29,52,41,0.00,0.0,0
1997-12-30,61,33,0.00,0.0,0
1997-12-31,56,46,0.00,0.0,0
1998-01-01,62,39,0.00,0.0,0
1998-01-02,72,43,0.00,0.0,0
1998-01-03,74,55,0.00,0.0,0
1998-01-04,74,59,0.07,0.0,0
1998-01-05,67,62,4.70,0.0,0
1998-01-06,72,62,1.85,0.0,0
1998-01-07,71,56,2.15,0.0,0
1998-01-08,57,47,0.01,0.0,0
1998-01-09,57,40,0.00,0.0,0
1998-01-10,62,37,0.00,0.0,0
1998-01-11,69,43,0.00,0.0,0
1998-01-12,68,61,3.84,0.0,0
1998-01-13,64,59,1.19,0.0,0
1998-01-14,64,59,0.36,0.0,M
1998-01-15,64,46,1.87,0.0,0
1998-01-16,60,40,0.00,0.0,0
1998-01-17,67,45,0.00,0.0,0
1998-01-18,72,48,0.00,0.0,0
1998-01-19,65,45,0.00,0.0,0
1998-01-20,63,40,0.00,0.0,0
1998-01-21,67,55,0.11,0.0,0
1998-01-22,68,56,1.89,0.0,0
1998-01-23,56,45,T,0.0,0
1998-01-24,57,39,0.00,0.0,0
1998-01-25,60,42,0.00,0.0,0
1998-01-26,57,51,1.24,0.0,0
1998-01-27,51,41,0.00,0.0,0
1998-01-28,61,36,0.00,0.0,0
1998-01-29,66,39,0.00,0.0,0
1998-01-30,65,46,0.00,0.0,0
1998-01-31,62,46,0.00,0.0,0
1998-02-01,69,53,0.16,0.0,0
1998-02-02,59,53,0.20,0.0,0
1998-02-03,64,52,T,0.0,0
1998-02-04,61,46,0.00,0.0,0
1998-02-05,54,42,0.00,0.0,0
1998-02-06,51,44,0.00,0.0,0
1998-02-07,60,35,0.00,0.0,0
1998-02-08,61,37,0.00,0.0,0
1998-02-09,60,46,0.02,0.0,0
1998-02-10,76,56,0.53,0.0,0
1998-02-11,64,49,0.00,0.0,0
1998-02-12,63,41,0.00,0.0,0
1998-02-13,65,46,T,0.0,0
1998-02-14,62,49,0.00,0.0,0
1998-02-15,64,55,0.78,0.0,0
1998-02-16,60,52,0.80,0.0,0
1998-02-17,70,50,0.00,0.0,0
1998-02-18,66,44,0.00,0.0,0
1998-02-19,61,43,T,0.0,0
1998-02-20,66,45,0.00,0.0,0
1998-02-21,68,44,0.00,0.0,0
1998-02-22,65,50,1.51,0.0,0
1998-02-23,66,46,0.00,0.0,0
1998-02-24,69,45,0.00,0.0,0
1998-02-25,74,49,0.00,0.0,0
1998-02-26,73,57,0.28,0.0,0
1998-02-27,68,46,0.00,0.0,0
1998-02-28,70,46,0.00,0.0,0
1998-03-01,61,43,0.00,0.0,0
1998-03-02,65,40,0.00,0.0,0
1998-03-03,57,40,0.00,0.0,0
1998-03-04,67,43,T,0.0,0
1998-03-05,70,59,0.38,0.0,0
1998-03-06,73,63,1.35,0.0,0
1998-03-07,73,63,1.50,0.0,0
1998-03-08,73,45,0.04,0.0,0
1998-03-09,55,42,0.00,0.0,0
1998-03-10,54,39,0.00,0.0,0
1998-03-11,53,35,0.00,0.0,0
1998-03-12,48,34,0.00,0.0,0
1998-03-13,61,40,0.00,0.0,0
1998-03-14,67,44,T,0.0,0
1998-03-15,73,48,0.00,0.0,0
1998-03-16,75,58,0.28,0.0,0
1998-03-17,74,63,1.14,0.0,0
1998-03-18,68,61,1.07,0.0,0
1998-03-19,73,59,0.00,0.0,0
1998-03-20,60,45,0.00,0.0,0
1998-03-21,60,45,0.00,0.0,0
1998-03-22,64,40,0.00,0.0,0
1998-03-23,71,46,0.00,0.0,0
1998-03-24,72,49,0.00,0.0,0
1998-03-25,77,56,0.00,0.0,0
1998-03-26,79,62,0.00,0.0,0
1998-03-27,79,62,0.00,0.0,0
1998-03-28,80,66,T,0.0,0
1998-03-29,81,68,T,0.0,0
1998-03-30,79,70,0.00,0.0,0
1998-03-31,78,59,0.21,0.0,0
1998-04-01,77,50,0.00,0.0,0
1998-04-02,81,63,0.01,0.0,0
1998-04-03,81,64,0.00,0.0,0
1998-04-04,72,55,0.00,0.0,0
1998-04-05,68,52,0.00,0.0,0
1998-04-06,74,49,0.00,0.0,0
1998-04-07,79,61,T,0.0,0
1998-04-08,78,70,0.01,0.0,0
1998-04-09,75,56,0.00,0.0,0
1998-04-10,73,56,0.00,0.0,0
1998-04-11,74,48,0.00,0.0,0
1998-04-12,74,49,0.00,0.0,0
1998-04-13,77,62,0.00,0.0,0
1998-04-14,81,68,0.00,0.0,0
1998-04-15,82,67,T,0.0,0
1998-04-16,82,73,T,0.0,0
1998-04-17,74,65,0.04,0.0,0
1998-04-18,76,63,T,0.0,0
1998-04-19,72,59,0.01,0.0,0
1998-04-20,74,58,0.00,0.0,0
1998-04-21,77,50,0.00,0.0,0
1998-04-22,73,51,0.00,0.0,0
1998-04-23,75,48,0.00,0.0,0
1998-04-24,76,51,0.00,0.0,0
1998-04-25,77,55,0.00,0.0,0
1998-04-26,80,64,0.00,0.0,0
1998-04-27,82,67,0.01,0.0,0
1998-04-28,73,65,3.62,0.0,0
1998-04-29,70,64,0.69,0.0,0
1998-04-30,77,60,T,0.0,0
1998-05-01,83,56,0.00,0.0,0
1998-05-02,83,66,M,0.0,0
1998-05-03,84,67,0.00,0.0,0
1998-05-04,82,67,0.00,0.0,0
1998-05-05,83,65,0.00,0.0,0
1998-05-06,83,72,0.00,0.0,0
1998-05-07,86,74,0.00,0.0,0
1998-05-08,91,71,0.00,0.0,0
1998-05-09,87,72,0.00,0.0,0
1998-05-10,83,70,0.00,0.0,0
1998-05-11,85,64,0.00,0.0,0
1998-05-12,85,65,0.00,0.0,0
1998-05-13,86,65,0.00,0.0,0
1998-05-14,86,72,0.00,0.0,0
1998-05-15,90,70,0.00,0.0,0
1998-05-16,87,71,0.00,0.0,0
1998-05-17,91,71,0.00,0.0,0
1998-05-18,90,68,0.00,0.0,0
1998-05-19,92,68,0.00,0.0,0
1998-05-20,94,69,0.00,0.0,0
1998-05-21,90,70,0.00,0.0,0
1998-05-22,88,70,0.00,0.0,0
1998-05-23,89,71,0.00,0.0,0
1998-05-24,89,73,0.00,0.0,0
1998-05-25,90,73,0.00,0.0,0
1998-05-26,91,70,0.00,0.0,0
1998-05-27,91,71,0.00,0.0,0
1998-05-28,90,75,T,0.0,M
1998-05-29,89,72,0.43,0.0,0
1998-05-30,93,72,0.00,0.0,0
1998-05-31,95,78,0.00,0.0,0
1998-06-01,96,77,0.00,0.0,0
1998-06-02,93,77,0.00,0.0,0
1998-06-03,93,78,0.00,0.0,0
1998-06-04,92,80,0.00,0.0,0
1998-06-05,93,71,0.96,0.0,0
1998-06-06,84,71,0.49,0.0,0
1998-06-07,83,68,0.00,0.0,0
1998-06-08,89,67,0.02,0.0,0
1998-06-09,92,78,0.00,0.0,0
1998-06-10,91,75,0.00,0.0,0
1998-06-11,92,76,0.00,0.0,0
1998-06-12,93,77,0.00,0.0,0
1998-06-13,96,77,0.00,0.0,0
1998-06-14,95,77,0.00,0.0,0
1998-06-15,95,79,0.00,0.0,0
1998-06-16,95,78,0.00,0.0,0
1998-06-17,94,78,0.00,0.0,0
1998-06-18,95,80,0.00,0.0,0
1998-06-19,95,78,0.00,0.0,0
1998-06-20,96,79,0.00,0.0,0
1998-06-21,95,72,0.26,0.0,0
1998-06-22,92,73,0.04,0.0,0
1998-06-23,92,75,0.05,0.0,0
1998-06-24,94,75,0.22,0.0,0
1998-06-25,86,75,0.92,0.0,0
1998-06-26,86,74,0.05,0.0,0
1998-06-27,84,74,0.37,0.0,0
1998-06-28,91,75,0.00,0.0,0
1998-06-29,92,75,0.00,0.0,0
1998-06-30,94,73,0.00,0.0,0
1998-07-01,95,77,T,0.0,0
1998-07-02,89,76,0.08,0.0,0
1998-07-03,93,78,0.00,0.0,0
1998-07-04,94,79,0.00,0.0,0
1998-07-05,96,77,T,0.0,0
1998-07-06,99,79,0.13,0.0,0
1998-07-07,97,79,0.00,0.0,0
1998-07-08,96,79,0.00,0.0,0
1998-07-09,96,79,T,0.0,0
1998-07-10,97,79,T,0.0,0
1998-07-11,96,78,0.00,0.0,0
1998-07-12,96,78,0.00,0.0,0
1998-07-13,96,80,T,0.0,0
1998-07-14,88,74,1.11,0.0,0
1998-07-15,93,78,T,0.0,0
1998-07-16,94,76,0.19,0.0,0
1998-07-17,90,75,0.00,0.0,0
1998-07-18,95,76,0.00,0.0,0
1998-07-19,95,77,0.00,0.0,0
1998-07-20,94,77,0.00,0.0,0
1998-07-21,89,77,T,0.0,0
1998-07-22,89,77,0.08,0.0,0
1998-07-23,92,77,0.29,0.0,0
1998-07-24,90,78,T,0.0,0
1998-07-25,92,74,0.38,0.0,0
1998-07-26,89,72,1.48,0.0,0
1998-07-27,92,73,0.02,0.0,0
1998-07-28,93,76,2.74,0.0,0
1998-07-29,93,76,0.06,0.0,0
1998-07-30,95,78,0.00,0.0,0
1998-07-31,95,77,0.00,0.0,0
1998-08-01,97,79,0.00,0.0,0
1998-08-02,94,78,0.00,0.0,0
1998-08-03,91,79,0.00,0.0,0
1998-08-04,92,75,0.00,0.0,0
1998-08-05,92,76,0.00,0.0,0
1998-08-06,93,76,0.00,0.0,0
1998-08-07,93,76,0.00,0.0,0
1998-08-08,95,77,0.00,0.0,0
1998-08-09,95,74,1.59,0.0,0
1998-08-10,95,74,0.00,0.0,0
1998-08-11,95,76,0.51,0.0,0
1998-08-12,95,76,0.09,0.0,0
1998-08-13,92,76,0.96,0.0,0
1998-08-14,87,73,1.09,0.0,0
1998-08-15,89,73,1.31,0.0,0
1998-08-16,88,75,0.14,0.0,0
1998-08-17,92,76,0.01,0.0,0
1998-08-18,93,77,T,0.0,0
1998-08-19,94,76,0.00,0.0,0
1998-08-20,91,75,0.32,0.0,0
1998-08-21,83,75,2.06,0.0,0
1998-08-22,89,78,0.14,0.0,0
1998-08-23,91,76,T,0.0,0
1998-08-24,91,77,0.00,0.0,0
1998-08-25,94,77,0.00,0.0,0
1998-08-26,97,79,0.00,0.0,0
1998-08-27,95,78,0.00,0.0,0
1998-08-28,99,79,0.00,0.0,0
1998-08-29,95,80,0.00,0.0,0
1998-08-30,92,78,T,0.0,0
1998-08-31,93,77,0.08,0.0,0
1998-09-01,83,73,0.71,0.0,0
1998-09-02,88,76,T,0.0,0
1998-09-03,92,72,0.00,0.0,0
1998-09-04,92,74,0.00,0.0,0
1998-09-05,88,73,0.00,0.0,0
1998-09-06,84,74,0.38,0.0,0
1998-09-07,83,74,0.85,0.0,0
1998-09-08,88,74,0.71,0.0,M
1998-09-09,80,74,0.34,0.0,M
1998-09-10,80,75,2.29,0.0,0
1998-09-11,79,75,5.64,0.0,0
1998-09-12,81,74,2.54,0.0,0
1998-09-13,83,73,2.71,0.0,0
1998-09-14,88,78,0.00,0.0,0
1998-09-15,90,78,0.00,0.0,0
1998-09-16,88,77,0.13,0.0,0
1998-09-17,87,77,0.00,0.0,0
1998-09-18,86,76,1.42,0.0,0
1998-09-19,85,77,0.21,0.0,0
1998-09-20,89,78,0.42,0.0,0
1998-09-21,90,77,0.00,0.0,0
1998-09-22,92,77,T,0.0,0
1998-09-23,92,76,0.00,0.0,0
1998-09-24,91,77,0.00,0.0,0
1998-09-25,87,78,0.00,0.0,0
1998-09-26,89,78,0.03,0.0,0
1998-09-27,85,77,0.04,0.0,0
1998-09-28,81,74,0.56,0.0,0
1998-09-29,87,76,0.00,0.0,0
1998-09-30,91,74,0.00,0.0,0
1998-10-01,94,72,0.00,0.0,0
1998-10-02,91,77,0.00,0.0,0
1998-10-03,90,73,0.00,0.0,0
1998-10-04,87,74,0.31,0.0,0
1998-10-05,88,76,0.04,0.0,0
1998-10-06,87,71,1.08,0.0,0
1998-10-07,79,69,0.17,0.0,0
1998-10-08,77,67,T,0.0,0
1998-10-09,73,63,0.00,0.0,0
1998-10-10,75,56,0.00,0.0,0
1998-10-11,79,56,0.00,0.0,0
1998-10-12,80,58,0.00,0.0,0
1998-10-13,81,61,0.00,0.0,0
1998-10-14,81,61,0.00,0.0,0
1998-10-15,85,62,0.22,0.0,0
1998-10-16,85,75,0.00,0.0,0
1998-10-17,84,74,0.00,0.0,0
1998-10-18,86,72,T,0.0,0
1998-10-19,84,71,0.00,0.0,0
1998-10-20,84,69,0.00,0.0,0
1998-10-21,84,70,0.00,0.0,M
1998-10-22,71,60,0.00,0.0,0
1998-10-23,70,56,0.00,0.0,0
1998-10-24,74,59,0.00,0.0,0
1998-10-25,82,59,0.00,0.0,0
1998-10-26,81,58,0.00,0.0,0
1998-10-27,81,55,0.00,0.0,0
1998-10-28,80,59,0.00,0.0,0
1998-10-29,80,60,0.00,0.0,0
1998-10-30,81,60,0.00,0.0,0
1998-10-31,80,60,0.00,0.0,0
1998-11-01,83,60,0.00,0.0,0
1998-11-02,77,62,1.04,0.0,0
1998-11-03,70,57,0.00,0.0,0
1998-11-04,74,54,0.00,0.0,0
1998-11-05,64,51,0.00,0.0,0
1998-11-06,59,46,0.00,0.0,0
1998-11-07,66,45,0.00,0.0,0
1998-11-08,79,55,0.00,0.0,0
1998-11-09,81,62,T,0.0,0
1998-11-10,79,61,0.65,0.0,0
1998-11-11,67,57,0.00,0.0,0
1998-11-12,67,57,T,0.0,0
1998-11-13,72,61,0.04,0.0,0
1998-11-14,77,67,1.43,0.0,0
1998-11-15,72,65,0.20,0.0,0
1998-11-16,70,62,0.00,0.0,0
1998-11-17,68,58,0.00,0.0,0
1998-11-18,74,53,0.00,0.0,0
1998-11-19,77,57,0.00,0.0,0
1998-11-20,80,58,T,0.0,0
1998-11-21,59,54,0.03,0.0,0
1998-11-22,71,56,0.01,0.0,0
1998-11-23,75,61,0.00,0.0,0
1998-11-24,74,59,0.00,0.0,0
1998-11-25,77,58,0.00,0.0,0
1998-11-26,77,60,0.00,0.0,0
1998-11-27,78,56,0.00,0.0,0
1998-11-28,74,59,0.00,0.0,0
1998-11-29,76,55,0.00,0.0,0
1998-11-30,78,62,0.00,0.0,0
1998-12-01,78,62,0.00,0.0,0
1998-12-02,75,60,0.00,0.0,0
1998-12-03,79,60,0.00,0.0,0
1998-12-04,80,67,0.17,0.0,M
1998-12-05,81,68,0.00,0.0,0
1998-12-06,81,70,0.00,0.0,0
1998-12-07,82,71,0.00,0.0,0
1998-12-08,78,54,0.47,0.0,0
1998-12-09,62,51,0.00,0.0,0
1998-12-10,67,57,T,0.0,0
1998-12-11,71,57,T,0.0,M
1998-12-12,73,48,0.22,0.0,0
1998-12-13,54,48,0.00,0.0,0
1998-12-14,62,49,0.00,0.0,0
1998-12-15,62,41,0.00,0.0,0
1998-12-16,61,38,0.00,0.0,0
1998-12-17,60,41,0.00,0.0,0
1998-12-18,68,38,T,0.0,0
1998-12-19,80,58,T,0.0,0
1998-12-20,78,55,0.00,0.0,0
1998-12-21,79,66,0.00,0.0,0
1998-12-22,70,47,0.01,0.0,0
1998-12-23,51,44,T,0.0,0
1998-12-24,46,39,0.30,0.0,0
1998-12-25,44,39,0.39,0.0,0
1998-12-26,46,41,T,0.0,0
1998-12-27,66,39,0.00,0.0,0
1998-12-28,66,50,0.69,0.0,0
1998-12-29,55,47,0.00,0.0,0
1998-12-30,54,39,0.00,0.0,0
1998-12-31,71,39,0.00,0.0,0
1999-01-01,73,52,0.00,0.0,0
1999-01-02,68,42,0.70,0.0,0
1999-01-03,44,32,0.00,0.0,0
1999-01-04,41,28,0.00,0.0,0
1999-01-05,46,28,0.00,0.0,0
1999-01-06,67,37,T,0.0,0
1999-01-07,70,56,0.16,0.0,0
1999-01-08,76,57,T,0.0,0
1999-01-09,66,33,1.54,0.0,0
1999-01-10,49,30,0.00,0.0,0
1999-01-11,61,36,0.00,0.0,0
1999-01-12,71,43,0.00,0.0,0
1999-01-13,76,56,T,0.0,0
1999-01-14,65,46,T,0.0,0
1999-01-15,58,40,0.00,0.0,0
1999-01-16,67,43,0.00,0.0,0
1999-01-17,73,51,0.00,0.0,0
1999-01-18,73,51,0.00,0.0,0
1999-01-19,74,45,0.00,0.0,0
1999-01-20,80,64,0.00,0.0,0
1999-01-21,79,65,0.00,0.0,0
1999-01-22,76,64,0.70,0.0,0
1999-01-23,64,45,0.00,0.0,0
1999-01-24,63,44,0.00,0.0,0
1999-01-25,71,42,0.00,0.0,0
1999-01-26,76,44,0.00,0.0,0
1999-01-27,78,53,0.00,0.0,0
1999-01-28,79,61,0.01,0.0,0
1999-01-29,79,68,0.04,0.0,0
1999-01-30,77,60,0.05,0.0,0
1999-01-31,64,52,0.00,0.0,0
1999-02-01,68,51,0.00,0.0,0
1999-02-02,73,56,0.00,0.0,0
1999-02-03,67,56,0.10,0.0,0
1999-02-04,74,59,T,0.0,0
1999-02-05,76,55,0.00,0.0,0
1999-02-06,78,56,0.00,0.0,0
1999-02-07,80,67,T,0.0,0
1999-02-08,81,65,0.00,0.0,0
1999-02-09,78,64,0.00,0.0,0
1999-02-10,82,64,0.00,0.0,0
1999-02-11,81,65,0.00,0.0,0
1999-02-12,67,44,0.02,0.0,0
1999-02-13,61,46,0.00,0.0,M
1999-02-14,56,41,0.00,0.0,0
1999-02-15,68,37,0.00,0.0,M
1999-02-16,76,50,0.00,0.0,0
1999-02-17,67,55,0.08,0.0,0
1999-02-18,67,51,T,0.0,0
1999-02-19,65,50,0.00,0.0,0
1999-02-20,67,46,0.08,0.0,0
1999-02-21,57,39,0.05,0.0,0
1999-02-22,54,36,0.00,0.0,0
1999-02-23,72,40,0.00,0.0,0
1999-02-24,67,47,0.00,0.0,0
1999-02-25,73,43,0.00,0.0,0
1999-02-26,75,51,0.00,0.0,0
1999-02-27,77,60,0.57,0.0,0
1999-02-28,71,51,0.02,0.0,0
1999-03-01,76,45,0.00,0.0,0
1999-03-02,76,50,0.31,0.0,0
1999-03-03,62,50,T,0.0,0
1999-03-04,65,43,0.00,0.0,0
1999-03-05,76,53,0.00,0.0,0
1999-03-06,81,60,T,0.0,0
1999-03-07,61,52,0.00,0.0,0
1999-03-08,70,58,T,0.0,0
1999-03-09,80,59,0.23,0.0,0
1999-03-10,75,56,0.00,0.0,0
1999-03-11,76,53,0.01,0.0,0
1999-03-12,67,59,T,0.0,0
1999-03-13,73,50,1.77,0.0,0
1999-03-14,52,44,T,0.0,0
1999-03-15,62,42,0.00,0.0,0
1999-03-16,69,41,0.00,0.0,0
1999-03-17,75,48,0.00,0.0,0
1999-03-18,78,54,0.00,0.0,0
1999-03-19,78,54,0.00,0.0,0
1999-03-20,77,57,0.00,0.0,0
1999-03-21,70,51,0.00,0.0,0
1999-03-22,71,50,0.00,0.0,0
1999-03-23,75,47,0.00,0.0,0
1999-03-24,80,56,0.00,0.0,0
1999-03-25,72,57,T,0.0,0
1999-03-26,65,51,0.00,0.0,0
1999-03-27,66,49,0.00,0.0,0
1999-03-28,74,49,0.02,0.0,0
1999-03-29,72,60,0.01,0.0,0
1999-03-30,63,57,2.25,0.0,0
1999-03-31,69,58,0.00,0.0,0
1999-04-01,79,56,0.00,0.0,0
1999-04-02,83,65,0.00,0.0,0
1999-04-03,81,68,T,0.0,0
1999-04-04,79,71,T,0.0,0
1999-04-05,83,72,0.00,0.0,0
1999-04-06,85,70,0.00,0.0,0
1999-04-07,84,66,0.00,0.0,0
1999-04-08,84,68,0.00,0.0,0
1999-04-09,86,71,0.00,0.0,0
1999-04-10,85,71,0.00,0.0,0
1999-04-11,87,71,0.00,0.0,0
1999-04-12,84,66,0.00,0.0,0
1999-04-13,82,64,0.00,0.0,0
1999-04-14,83,63,0.25,0.0,0
1999-04-15,78,57,0.00,0.0,0
1999-04-16,65,51,0.05,0.0,0
1999-04-17,69,46,0.00,0.0,0
1999-04-18,72,43,0.00,0.0,0
1999-04-19,80,51,0.00,0.0,0
1999-04-20,82,61,0.00,0.0,0
1999-04-21,80,60,0.00,0.0,0
1999-04-22,84,65,0.00,0.0,0
1999-04-23,87,74,0.00,0.0,0
1999-04-24,89,68,0.00,0.0,0
1999-04-25,86,69,0.00,0.0,0
1999-04-26,84,72,0.00,0.0,0
1999-04-27,86,71,T,0.0,0
1999-04-28,90,66,0.00,0.0,0
1999-04-29,90,65,0.00,0.0,0
1999-04-30,76,63,0.00,0.0,0
1999-05-01,77,59,0.00,0.0,0
1999-05-02,80,58,0.00,0.0,0
1999-05-03,81,61,0.00,0.0,0
1999-05-04,81,69,0.08,0.0,0
1999-05-05,87,76,0.02,0.0,0
1999-05-06,87,72,T,0.0,0
1999-05-07,85,65,0.00,0.0,0
1999-05-08,88,60,0.00,0.0,0
1999-05-09,88,63,0.00,0.0,0
1999-05-10,84,67,1.01,0.0,0
1999-05-11,81,63,1.34,0.0,0
1999-05-12,83,66,0.26,0.0,0
1999-05-13,87,69,0.00,0.0,0
1999-05-14,84,69,0.00,0.0,0
1999-05-15,87,67,0.00,0.0,0
1999-05-16,87,70,0.00,0.0,0
1999-05-17,85,66,0.00,0.0,0
1999-05-18,86,65,T,0.0,0
1999-05-19,87,72,0.00,0.0,0
1999-05-20,87,72,0.00,0.0,0
1999-05-21,87,65,0.00,0.0,0
1999-05-22,88,67,0.00,0.0,0
1999-05-23,90,71,0.00,0.0,0
1999-05-24,88,73,0.00,0.0,0
1999-05-25,89,69,0.00,0.0,0
1999-05-26,91,72,0.00,0.0,0
1999-05-27,89,71,0.02,0.0,0
1999-05-28,89,71,0.08,0.0,0
1999-05-29,85,71,0.30,0.0,0
1999-05-30,84,68,0.26,0.0,0
1999-05-31,89,65,0.00,0.0,0
1999-06-01,90,72,0.00,0.0,0
1999-06-02,90,73,T,0.0,0
1999-06-03,90,71,0.00,0.0,0
1999-06-04,91,73,0.00,0.0,0
1999-06-05,94,72,0.02,0.0,0
1999-06-06,91,76,T,0.0,0
1999-06-07,90,76,0.13,0.0,0
1999-06-08,90,71,0.00,0.0,0
1999-06-09,86,72,1.08,0.0,0
1999-06-10,88,72,1.24,0.0,0
1999-06-11,88,73,0.36,0.0,0
1999-06-12,88,72,0.00,0.0,0
1999-06-13,87,71,2.75,0.0,0
1999-06-14,88,73,0.58,0.0,0
1999-06-15,86,72,0.07,0.0,0
1999-06-16,85,72,0.09,0.0,0
1999-06-17,90,73,0.18,0.0,0
1999-06-18,87,75,0.00,0.0,0
1999-06-19,88,70,T,0.0,0
1999-06-20,88,75,0.00,0.0,0
1999-06-21,87,77,0.02,0.0,0
1999-06-22,88,76,0.01,0.0,0
1999-06-23,91,76,0.31,0.0,0
1999-06-24,92,77,T,0.0,0
1999-06-25,90,74,2.08,0.0,0
1999-06-26,80,73,3.28,0.0,0
1999-06-27,91,75,0.00,0.0,0
1999-06-28,91,77,T,0.0,0
1999-06-29,92,78,0.00,0.0,0
1999-06-30,92,76,0.00,0.0,0
1999-07-01,91,78,0.06,0.0,0
1999-07-02,90,76,0.01,0.0,0
1999-07-03,86,75,0.91,0.0,0
1999-07-04,90,76,T,0.0,0
1999-07-05,85,76,0.34,0.0,0
1999-07-06,89,76,0.01,0.0,0
1999-07-07,89,73,T,0.0,0
1999-07-08,89,76,T,0.0,0
1999-07-09,91,75,T,0.0,0
1999-07-10,87,74,0.18,0.0,0
1999-07-11,91,76,0.01,0.0,0
1999-07-12,87,72,0.54,0.0,0
1999-07-13,86,73,T,0.0,0
1999-07-14,89,72,0.00,0.0,0
1999-07-15,90,73,T,0.0,0
1999-07-16,89,73,0.88,0.0,0
1999-07-17,86,74,T,0.0,0
1999-07-18,86,73,T,0.0,0
1999-07-19,86,74,0.28,0.0,0
1999-07-20,85,74,0.04,0.0,0
1999-07-21,91,73,0.00,0.0,0
1999-07-22,92,75,0.00,0.0,0
1999-07-23,94,76,0.00,0.0,0
1999-07-24,92,75,0.76,0.0,0
1999-07-25,91,75,0.00,0.0,0
1999-07-26,92,75,T,0.0,0
1999-07-27,93,74,0.03,0.0,0
1999-07-28,95,73,0.00,0.0,0
1999-07-29,93,76,0.00,0.0,0
1999-07-30,91,79,0.00,0.0,0
1999-07-31,93,78,T,0.0,0
1999-08-01,96,78,0.00,0.0,0
1999-08-02,96,77,T,0.0,0
1999-08-03,95,77,0.00,0.0,0
1999-08-04,95,81,0.00,0.0,0
1999-08-05,95,79,0.00,0.0,0
1999-08-06,95,78,0.00,0.0,0
1999-08-07,94,78,0.01,0.0,0
1999-08-08,91,79,0.15,0.0,0
1999-08-09,93,72,1.80,0.0,0
1999-08-10,88,76,0.99,0.0,0
1999-08-11,93,76,0.00,0.0,0
1999-08-12,94,78,0.22,0.0,0
1999-08-13,95,78,0.00,0.0,0
1999-08-14,97,78,0.12,0.0,0
1999-08-15,90,77,0.00,0.0,0
1999-08-16,91,76,1.64,0.0,0
1999-08-17,93,76,0.01,0.0,0
1999-08-18,95,77,0.00,0.0,0
1999-08-19,95,78,0.00,0.0,0
1999-08-20,94,77,0.00,0.0,0
1999-08-21,94,79,T,0.0,0
1999-08-22,94,78,0.00,0.0,0
1999-08-23,93,79,0.00,0.0,0
1999-08-24,93,78,0.00,0.0,0
1999-08-25,95,78,0.11,0.0,0
1999-08-26,97,79,0.00,0.0,0
1999-08-27,95,79,0.02,0.0,0
1999-08-28,93,78,T,0.0,0
1999-08-29,93,75,0.11,0.0,0
1999-08-30,87,75,0.00,0.0,0
1999-08-31,93,74,0.03,0.0,0
1999-09-01,90,76,0.13,0.0,0
1999-09-02,80,75,0.63,0.0,0
1999-09-03,89,73,0.21,0.0,0
1999-09-04,90,73,T,0.0,0
1999-09-05,92,75,0.02,0.0,0
1999-09-06,93,76,0.05,0.0,0
1999-09-07,90,73,0.06,0.0,0
1999-09-08,90,73,0.67,0.0,0
1999-09-09,87,72,0.00,0.0,0
1999-09-10,89,71,0.00,0.0,0
1999-09-11,89,65,0.00,0.0,0
1999-09-12,88,71,0.85,0.0,0
1999-09-13,90,73,0.00,0.0,0
1999-09-14,87,76,0.00,0.0,0
1999-09-15,88,74,0.00,0.0,0
1999-09-16,88,73,0.00,0.0,0
1999-09-17,85,65,0.00,0.0,0
1999-09-18,87,60,0.00,0.0,0
1999-09-19,89,75,0.00,0.0,0
1999-09-20,88,76,0.00,0.0,0
1999-09-21,86,69,0.00,0.0,0
1999-09-22,77,63,0.00,0.0,0
1999-09-23,80,59,0.00,0.0,0
1999-09-24,81,55,0.00,0.0,0
1999-09-25,83,65,T,0.0,0
1999-09-26,84,71,0.03,0.0,0
1999-09-27,89,70,0.00,0.0,0
1999-09-28,83,74,0.16,0.0,0
1999-09-29,87,65,0.06,0.0,0
1999-09-30,75,59,0.00,0.0,0
1999-10-01,80,54,0.00,0.0,0
1999-10-02,86,57,0.00,0.0,0
1999-10-03,88,73,0.05,0.0,0
1999-10-04,86,73,0.04,0.0,0
1999-10-05,82,65,0.00,0.0,M
1999-10-06,82,63,0.00,0.0,0
1999-10-07,84,75,0.18,0.0,0
1999-10-08,80,74,2.06,0.0,0
1999-10-09,82,71,1.55,0.0,0
1999-10-10,78,73,0.83,0.0,0
1999-10-11,85,73,0.00,0.0,0
1999-10-12,81,71,0.00,0.0,0
1999-10-13,88,68,0.00,0.0,0
1999-10-14,85,66,0.00,0.0,0
1999-10-15,86,65,0.00,0.0,0
1999-10-16,85,65,0.00,0.0,0
1999-10-17,85,68,0.00,0.0,0
1999-10-18,75,65,0.00,0.0,0
1999-10-19,74,60,0.04,0.0,M
1999-10-20,72,59,0.00,0.0,0
1999-10-21,72,55,0.00,0.0,M
1999-10-22,79,50,0.00,0.0,0
1999-10-23,72,57,0.00,0.0,0
1999-10-24,63,50,0.00,0.0,0
1999-10-25,68,47,0.00,0.0,0
1999-10-26,74,43,0.00,0.0,0
1999-10-27,78,49,0.00,0.0,0
1999-10-28,78,52,0.00,0.0,0
1999-10-29,78,58,T,0.0,0
1999-10-30,79,67,0.15,0.0,0
1999-10-31,72,59,0.56,0.0,0
1999-11-01,78,53,0.00,0.0,0
1999-11-02,67,53,0.00,0.0,0
1999-11-03,63,46,0.00,0.0,0
1999-11-04,69,40,0.00,0.0,0
1999-11-05,76,52,0.00,0.0,0
1999-11-06,75,48,0.00,0.0,0
1999-11-07,76,46,0.00,0.0,0
1999-11-08,77,50,0.00,0.0,0
1999-11-09,79,54,0.00,0.0,0
1999-11-10,82,60,0.00,0.0,0
1999-11-11,81,60,0.00,0.0,0
1999-11-12,74,56,0.00,0.0,0
1999-11-13,76,56,0.00,0.0,0
1999-11-14,77,51,0.00,0.0,0
1999-11-15,74,53,0.00,0.0,0
1999-11-16,69,51,0.00,0.0,0
1999-11-17,69,50,0.00,0.0,0
1999-11-18,74,44,0.00,0.0,0
1999-11-19,76,49,0.00,0.0,0
1999-11-20,78,55,0.04,0.0,0
1999-11-21,75,57,0.05,0.0,0
1999-11-22,76,56,0.00,0.0,0
1999-11-23,81,65,0.00,0.0,0
1999-11-24,71,61,0.01,0.0,0
1999-11-25,61,51,0.18,0.0,0
1999-11-26,60,43,0.00,0.0,0
1999-11-27,67,40,0.00,0.0,0
1999-11-28,70,42,0.00,0.0,0
1999-11-29,73,44,0.00,0.0,0
1999-11-30,62,48,0.00,0.0,0
1999-12-01,68,40,0.00,0.0,0
1999-12-02,73,51,0.00,0.0,0
1999-12-03,79,62,0.00,0.0,0
1999-12-04,73,66,0.06,0.0,0
1999-12-05,68,47,0.01,0.0,0
1999-12-06,55,41,0.00,0.0,0
1999-12-07,60,37,0.00,0.0,0
1999-12-08,68,46,0.00,0.0,0
1999-12-09,79,60,0.05,0.0,0
1999-12-10,60,46,0.00,0.0,0
1999-12-11,68,44,0.00,0.0,0
1999-12-12,79,64,1.19,0.0,0
1999-12-13,67,53,T,0.0,0
1999-12-14,65,44,0.00,0.0,0
1999-12-15,60,48,T,0.0,0
1999-12-16,59,39,0.00,0.0,0
1999-12-17,68,39,0.00,0.0,0
1999-12-18,62,48,0.66,0.0,0
1999-12-19,53,46,0.00,0.0,0
1999-12-20,59,43,1.84,0.0,0
1999-12-21,54,44,0.04,0.0,0
1999-12-22,56,39,0.00,0.0,0
1999-12-23,58,40,0.00,0.0,0
1999-12-24,65,36,0.00,0.0,0
1999-12-25,52,37,0.00,0.0,0
1999-12-26,62,32,0.00,0.0,0
1999-12-27,70,45,0.00,0.0,0
1999-12-28,57,42,0.00,0.0,0
1999-12-29,63,38,0.00,0.0,0
1999-12-30,74,45,0.00,0.0,0
1999-12-31,76,51,0.00,0.0,0
2000-01-01,68,50,0.00,0.0,0
2000-01-02,78,62,0.00,0.0,0
2000-01-03,80,65,0.49,0.0,0
2000-01-04,65,45,0.05,0.0,0
2000-01-05,51,37,0.00,0.0,0
2000-01-06,64,33,0.00,0.0,0
2000-01-07,65,42,0.00,0.0,0
2000-01-08,74,51,0.00,0.0,0
2000-01-09,78,66,0.11,0.0,0
2000-01-10,75,54,0.15,0.0,0
2000-01-11,76,54,0.00,0.0,0
2000-01-12,79,58,0.00,0.0,0
2000-01-13,79,57,0.00,0.0,0
2000-01-14,58,47,0.00,0.0,0
2000-01-15,69,42,0.00,0.0,0
2000-01-16,74,47,0.00,0.0,0
2000-01-17,75,49,0.00,0.0,0
2000-01-18,78,58,0.00,0.0,0
2000-01-19,77,62,0.00,0.0,M
2000-01-20,68,44,T,0.0,0
2000-01-21,53,38,0.00,0.0,0
2000-01-22,73,49,0.31,0.0,0
2000-01-23,71,54,0.64,0.0,0
2000-01-24,54,38,T,0.0,0
2000-01-25,51,35,0.00,0.0,0
2000-01-26,45,32,0.00,0.0,0
2000-01-27,50,38,0.07,0.0,0
2000-01-28,53,42,0.36,0.0,0
2000-01-29,45,41,T,0.0,0
2000-01-30,50,39,0.07,0.0,0
2000-01-31,52,38,0.00,0.0,0
2000-02-01,56,43,0.00,0.0,0
2000-02-02,58,45,0.00,0.0,0
2000-02-03,66,39,0.00,0.0,0
2000-02-04,64,42,0.00,0.0,0
2000-02-05,50,36,0.00,0.0,0
2000-02-06,58,29,0.00,0.0,0
2000-02-07,62,33,T,0.0,0
2000-02-08,63,46,0.01,0.0,0
2000-02-09,70,40,0.00,0.0,0
2000-02-10,75,44,0.00,0.0,0
2000-02-11,74,61,0.00,0.0,0
2000-02-12,81,61,0.00,0.0,0
2000-02-13,77,63,1.46,0.0,0
2000-02-14,77,58,0.00,0.0,0
2000-02-15,76,58,0.00,0.0,0
2000-02-16,77,61,0.00,0.0,0
2000-02-17,80,64,0.00,0.0,0
2000-02-18,81,69,0.00,0.0,0
2000-02-19,72,49,T,0.0,0
2000-02-20,64,43,0.00,0.0,0
2000-02-21,67,45,0.00,0.0,0
2000-02-22,72,45,0.00,0.0,0
2000-02-23,77,60,0.00,0.0,0
2000-02-24,79,65,0.00,0.0,0
2000-02-25,80,62,0.00,0.0,0
2000-02-26,78,54,0.29,0.0,0
2000-02-27,69,49,0.05,0.0,0
2000-02-28,71,51,0.00,0.0,0
2000-02-29,76,46,0.00,0.0,0
2000-03-01,81,63,0.00,0.0,0
2000-03-02,76,63,0.00,0.0,0
2000-03-03,79,61,0.00,0.0,0
2000-03-04,63,50,0.00,0.0,0
2000-03-05,70,51,0.00,0.0,0
2000-03-06,76,48,0.00,0.0,0
2000-03-07,77,54,0.00,0.0,0
2000-03-08,81,59,0.00,0.0,0
2000-03-09,83,67,T,0.0,0
2000-03-10,82,66,0.00,0.0,0
2000-03-11,70,48,0.02,0.0,0
2000-03-12,62,44,0.00,0.0,0
2000-03-13,69,42,0.00,0.0,0
2000-03-14,71,54,0.00,0.0,0
2000-03-15,71,65,0.45,0.0,0
2000-03-16,80,63,0.00,0.0,0
2000-03-17,74,61,0.00,0.0,0
2000-03-18,72,59,1.15,0.0,0
2000-03-19,71,49,0.28,0.0,0
2000-03-20,68,41,0.00,0.0,0
2000-03-21,74,47,0.00,0.0,0
2000-03-22,81,57,0.00,0.0,0
2000-03-23,81,56,0.00,0.0,0
2000-03-24,78,59,0.00,0.0,0
2000-03-25,80,57,0.00,0.0,0
2000-03-26,79,63,T,0.0,0
2000-03-27,77,60,0.49,0.0,0
2000-03-28,82,51,0.00,0.0,0
2000-03-29,83,63,0.01,0.0,0
2000-03-30,81,62,0.01,0.0,0
2000-03-31,78,59,0.00,0.0,0
2000-04-01,79,63,0.00,0.0,0
2000-04-02,84,73,0.01,0.0,0
2000-04-03,79,59,0.61,0.0,0
2000-04-04,66,47,0.00,0.0,0
2000-04-05,70,45,0.00,0.0,0
2000-04-06,77,52,0.00,0.0,0
2000-04-07,80,60,0.00,0.0,0
2000-04-08,69,50,T,0.0,0
2000-04-09,67,48,0.00,0.0,0
2000-04-10,73,45,0.00,0.0,0
2000-04-11,82,63,0.00,0.0,0
2000-04-12,82,64,0.00,0.0,0
2000-04-13,72,62,0.01,0.0,0
2000-04-14,69,60,0.05,0.0,0
2000-04-15,76,58,0.00,0.0,0
2000-04-16,82,54,0.00,0.0,0
2000-04-17,86,62,0.00,0.0,0
2000-04-18,84,61,0.00,0.0,0
2000-04-19,86,64,0.00,0.0,0
2000-04-20,86,69,0.00,0.0,0
2000-04-21,83,66,0.00,0.0,0
2000-04-22,78,59,0.00,0.0,0
2000-04-23,79,60,T,0.0,0
2000-04-24,84,64,0.40,0.0,0
2000-04-25,77,60,0.00,0.0,0
2000-04-26,85,56,0.00,0.0,0
2000-04-27,85,58,0.00,0.0,0
2000-04-28,85,66,0.05,0.0,0
2000-04-29,81,56,0.00,0.0,0
2000-04-30,84,60,0.00,0.0,0
2000-05-01,83,63,0.00,0.0,0
2000-05-02,85,66,0.00,0.0,0
2000-05-03,83,68,0.00,0.0,0
2000-05-04,86,68,T,0.0,0
2000-05-05,87,70,0.00,0.0,0
2000-05-06,86,70,0.00,0.0,0
2000-05-07,86,69,0.00,0.0,0
2000-05-08,87,69,0.00,0.0,0
2000-05-09,87,70,0.00,0.0,0
2000-05-10,90,71,0.00,0.0,0
2000-05-11,90,74,0.00,0.0,0
2000-05-12,91,75,0.00,0.0,0
2000-05-13,90,73,0.05,0.0,0
2000-05-14,85,72,0.00,0.0,0
2000-05-15,83,66,0.00,0.0,0
2000-05-16,87,62,0.00,0.0,0
2000-05-17,88,67,0.00,0.0,0
2000-05-18,90,75,0.00,0.0,0
2000-05-19,91,76,0.00,0.0,0
2000-05-20,88,72,0.02,0.0,0
2000-05-21,88,71,T,0.0,0
2000-05-22,90,70,0.00,0.0,0
2000-05-23,93,71,0.00,0.0,0
2000-05-24,93,75,0.00,0.0,0
2000-05-25,93,77,0.00,0.0,0
2000-05-26,92,78,0.00,0.0,0
2000-05-27,93,79,0.00,0.0,0
2000-05-28,94,75,0.00,0.0,0
2000-05-29,94,75,0.00,0.0,0
2000-05-30,92,73,0.00,0.0,0
2000-05-31,91,71,0.00,0.0,0
2000-06-01,89,70,T,0.0,0
2000-06-02,93,73,0.00,0.0,0
2000-06-03,93,75,0.00,0.0,0
2000-06-04,87,73,0.57,0.0,0
2000-06-05,86,73,0.42,0.0,0
2000-06-06,84,72,0.00,0.0,0
2000-06-07,86,68,0.00,0.0,0
2000-06-08,88,64,0.00,0.0,0
2000-06-09,91,74,T,0.0,0
2000-06-10,91,75,0.00,0.0,0
2000-06-11,90,71,0.00,0.0,0
2000-06-12,90,71,T,0.0,0
2000-06-13,91,72,0.00,0.0,0
2000-06-14,90,76,0.09,0.0,0
2000-06-15,89,74,0.67,0.0,0
2000-06-16,85,72,1.10,0.0,0
2000-06-17,91,74,T,0.0,0
2000-06-18,92,77,T,0.0,0
2000-06-19,91,76,0.16,0.0,0
2000-06-20,91,74,0.00,0.0,0
2000-06-21,92,76,0.10,0.0,0
2000-06-22,93,75,0.00,0.0,0
2000-06-23,94,76,0.00,0.0,0
2000-06-24,94,76,0.00,0.0,0
2000-06-25,90,74,0.69,0.0,0
2000-06-26,89,73,1.01,0.0,0
2000-06-27,87,74,0.01,0.0,0
2000-06-28,89,76,T,0.0,0
2000-06-29,92,75,0.35,0.0,0
2000-06-30,85,75,0.29,0.0,0
2000-07-01,88,73,0.14,0.0,0
2000-07-02,88,73,T,0.0,0
2000-07-03,90,73,0.00,0.0,0
2000-07-04,92,72,0.00,0.0,0
2000-07-05,91,70,0.00,0.0,0
2000-07-06,95,73,0.00,0.0,0
2000-07-07,97,76,0.00,0.0,0
2000-07-08,98,79,0.00,0.0,0
2000-07-09,93,76,T,0.0,0
2000-07-10,95,77,0.00,0.0,0
2000-07-11,95,77,0.00,0.0,0
2000-07-12,95,77,0.00,0.0,0
2000-07-13,96,78,0.00,0.0,0
2000-07-14,98,80,T,0.0,0
2000-07-15,99,77,0.00,0.0,0
2000-07-16,99,79,T,0.0,0
2000-07-17,97,80,0.00,0.0,0
2000-07-18,97,80,0.00,0.0,0
2000-07-19,94,82,0.00,0.0,0
2000-07-20,98,78,0.00,0.0,0
2000-07-21,97,79,0.00,0.0,0
2000-07-22,95,75,0.13,0.0,0
2000-07-23,87,72,T,0.0,0
2000-07-24,91,72,0.00,0.0,0
2000-07-25,93,73,0.00,0.0,0
2000-07-26,92,73,0.00,0.0,0
2000-07-27,92,73,0.00,0.0,0
2000-07-28,92,73,0.00,0.0,0
2000-07-29,95,75,0.49,0.0,0
2000-07-30,87,75,0.09,0.0,0
2000-07-31,86,75,0.53,0.0,0
2000-08-01,87,74,T,0.0,0
2000-08-02,91,73,0.00,0.0,0
2000-08-03,86,75,0.10,0.0,0
2000-08-04,92,73,0.00,0.0,0
2000-08-05,93,74,0.00,0.0,0
2000-08-06,94,75,0.04,0.0,0
2000-08-07,93,76,1.42,0.0,0
2000-08-08,94,77,0.00,0.0,0
2000-08-09,95,74,0.00,0.0,0
2000-08-10,97,73,0.32,0.0,0
2000-08-11,92,71,0.00,0.0,0
2000-08-12,95,76,0.00,0.0,0
2000-08-13,93,75,0.00,0.0,0
2000-08-14,89,77,T,0.0,0
2000-08-15,95,76,0.00,0.0,0
2000-08-16,97,75,0.00,0.0,0
2000-08-17,98,76,0.00,0.0,0
2000-08-18,97,77,0.00,0.0,0
2000-08-19,96,77,0.00,0.0,0
2000-08-20,95,74,0.09,0.0,0
2000-08-21,94,74,0.00,0.0,0
2000-08-22,90,74,0.18,0.0,0
2000-08-23,90,75,0.01,0.0,0
2000-08-24,88,75,0.04,0.0,0
2000-08-25,94,74,0.00,0.0,0
2000-08-26,96,77,0.00,0.0,0
2000-08-27,93,76,0.00,0.0,0
2000-08-28,94,78,0.00,0.0,0
2000-08-29,95,78,0.00,0.0,0
2000-08-30,101,78,0.00,0.0,0
2000-08-31,96,73,0.15,0.0,0
2000-09-01,97,74,0.01,0.0,0
2000-09-02,100,75,0.00,0.0,0
2000-09-03,96,79,0.00,0.0,0
2000-09-04,99,79,0.00,0.0,0
2000-09-05,97,75,0.09,0.0,0
2000-09-06,87,72,T,0.0,0
2000-09-07,87,71,0.10,0.0,0
2000-09-08,79,73,3.04,0.0,0
2000-09-09,89,75,0.82,0.0,0
2000-09-10,89,75,0.12,0.0,0
2000-09-11,88,76,0.07,0.0,0
2000-09-12,87,78,0.22,0.0,0
2000-09-13,87,74,0.33,0.0,0
2000-09-14,90,74,T,0.0,0
2000-09-15,92,74,0.00,0.0,0
2000-09-16,84,73,0.00,0.0,0
2000-09-17,83,68,0.00,0.0,0
2000-09-18,83,68,0.00,0.0,0
2000-09-19,90,66,0.12,0.0,0
2000-09-20,91,75,0.00,0.0,0
2000-09-21,84,77,0.43,0.0,0
2000-09-22,85,76,0.65,0.0,0
2000-09-23,90,78,0.13,0.0,0
2000-09-24,91,77,0.37,0.0,0
2000-09-25,84,62,0.00,0.0,0
2000-09-26,66,56,0.00,0.0,0
2000-09-27,77,54,0.00,0.0,0
2000-09-28,82,60,0.00,0.0,0
2000-09-29,81,63,0.00,0.0,0
2000-09-30,83,63,0.00,0.0,0
2000-10-01,85,68,0.00,0.0,0
2000-10-02,87,64,0.00,0.0,0
2000-10-03,87,64,0.00,0.0,0
2000-10-04,88,67,0.00,0.0,0
2000-10-05,89,75,0.19,0.0,0
2000-10-06,89,70,0.91,0.0,0
2000-10-07,71,56,0.00,0.0,0
2000-10-08,58,52,T,0.0,0
2000-10-09,61,49,0.00,0.0,0
2000-10-10,66,49,0.00,0.0,0
2000-10-11,73,47,0.00,0.0,0
2000-10-12,79,49,0.00,0.0,0
2000-10-13,81,52,0.00,0.0,0
2000-10-14,82,57,0.00,0.0,0
2000-10-15,81,52,0.00,0.0,0
2000-10-16,81,56,0.00,0.0,0
2000-10-17,85,67,0.00,0.0,0
2000-10-18,77,64,0.00,0.0,0
2000-10-19,79,62,0.00,0.0,0
2000-10-20,81,58,0.00,0.0,0
2000-10-21,82,61,0.00,0.0,0
2000-10-22,84,69,0.00,0.0,0
2000-10-23,82,66,0.00,0.0,0
2000-10-24,80,59,0.00,0.0,0
2000-10-25,81,56,0.00,0.0,0
2000-10-26,81,59,0.00,0.0,0
2000-10-27,82,59,0.00,0.0,0
2000-10-28,83,59,0.00,0.0,0
2000-10-29,82,60,0.00,0.0,0
2000-10-30,80,61,0.00,0.0,0
2000-10-31,82,60,0.00,0.0,0
2000-11-01,85,63,0.00,0.0,0
2000-11-02,83,68,0.06,0.0,0
2000-11-03,82,66,0.00,0.0,0
2000-11-04,82,62,T,0.0,0
2000-11-05,82,71,0.23,0.0,0
2000-11-06,79,66,0.62,0.0,0
2000-11-07,82,65,0.01,0.0,0
2000-11-08,83,74,0.39,0.0,0
2000-11-09,74,53,0.83,0.0,0
2000-11-10,61,50,0.00,0.0,0
2000-11-11,57,45,0.00,0.0,0
2000-11-12,67,45,0.00,0.0,0
2000-11-13,66,51,0.99,0.0,0
2000-11-14,57,46,0.00,0.0,0
2000-11-15,62,43,0.00,0.0,0
2000-11-16,69,61,2.37,0.0,0
2000-11-17,62,48,0.55,0.0,0
2000-11-18,49,44,3.78,0.0,0
2000-11-19,53,42,0.75,0.0,0
2000-11-20,63,38,0.00,0.0,0
2000-11-21,53,37,0.00,0.0,0
2000-11-22,59,33,0.00,0.0,0
2000-11-23,70,46,T,0.0,0
2000-11-24,71,57,1.14,0.0,0
2000-11-25,60,48,0.00,0.0,0
2000-11-26,67,45,0.00,0.0,0
2000-11-27,68,41,0.00,0.0,0
2000-11-28,66,44,0.00,0.0,0
2000-11-29,74,46,T,0.0,0
2000-11-30,62,44,0.00,0.0,0
2000-12-01,68,42,0.24,0.0,0
2000-12-02,57,46,0.01,0.0,0
2000-12-03,50,41,0.00,0.0,0
2000-12-04,53,40,0.00,0.0,0
2000-12-05,56,38,0.00,0.0,0
2000-12-06,60,36,0.31,0.0,0
2000-12-07,57,46,0.00,0.0,0
2000-12-08,59,50,T,0.0,0
2000-12-09,68,50,0.00,0.0,0
2000-12-10,71,44,0.00,0.0,0
2000-12-11,76,49,0.00,0.0,0
2000-12-12,66,43,T,0.0,0
2000-12-13,75,43,0.89,0.0,0
2000-12-14,57,45,0.07,0.0,0
2000-12-15,60,45,0.00,0.0,0
2000-12-16,79,46,0.26,0.0,0
2000-12-17,47,33,0.00,0.0,0
2000-12-18,66,31,0.35,0.0,0
2000-12-19,46,33,0.00,0.0,0
2000-12-20,51,28,0.00,0.0,0
2000-12-21,62,39,0.27,0.0,0
2000-12-22,46,35,0.00,0.0,0
2000-12-23,55,34,0.00,0.0,0
2000-12-24,61,44,0.00,0.0,0
2000-12-25,58,46,0.00,0.0,0
2000-12-26,61,47,T,0.0,0
2000-12-27,68,51,0.29,0.0,0
2000-12-28,51,38,0.01,0.0,0
2000-12-29,51,34,0.00,0.0,0
2000-12-30,43,29,0.00,0.0,0
2000-12-31,39,29,0.00,0.0,0
2001-01-01,45,32,T,0.0,0
2001-01-02,39,26,0.00,0.0,0
2001-01-03,39,25,0.00,0.0,0
2001-01-04,54,25,0.00,0.0,0
2001-01-05,67,32,0.00,0.0,0
2001-01-06,65,36,0.00,0.0,0
2001-01-07,72,44,0.26,0.0,0
2001-01-08,59,38,T,0.0,0
2001-01-09,51,30,0.00,0.0,0
2001-01-10,51,36,0.00,0.0,0
2001-01-11,70,48,0.24,0.0,0
2001-01-12,50,42,0.00,0.0,0
2001-01-13,54,42,0.00,0.0,0
2001-01-14,73,49,T,0.0,0
2001-01-15,63,53,1.48,0.0,0
2001-01-16,54,47,0.13,0.0,0
2001-01-17,72,51,T,0.0,0
2001-01-18,76,54,0.00,0.0,0
2001-01-19,69,40,0.41,0.0,0
2001-01-20,45,33,0.00,0.0,0
2001-01-21,48,33,0.00,0.0,0
2001-01-22,51,35,0.00,0.0,0
2001-01-23,53,30,0.00,0.0,0
2001-01-24,57,34,0.00,0.0,0
2001-01-25,59,39,0.00,0.0,0
2001-01-26,66,40,0.00,0.0,0
2001-01-27,69,53,0.00,0.0,0
2001-01-28,73,54,0.00,0.0,0
2001-01-29,73,51,0.53,0.0,0
2001-01-30,71,51,0.00,0.0,0
2001-01-31,65,53,T,0.0,0
2001-02-01,55,49,0.01,0.0,0
2001-02-02,51,44,0.02,0.0,0
2001-02-03,47,37,0.00,0.0,0
2001-02-04,61,32,0.00,0.0,0
2001-02-05,62,36,0.00,0.0,0
2001-02-06,68,37,0.00,0.0,0
2001-02-07,73,45,0.00,0.0,0
2001-02-08,78,58,0.00,0.0,0
2001-02-09,76,54,0.43,0.0,0
2001-02-10,55,44,T,0.0,0
2001-02-11,58,45,0.00,0.0,0
2001-02-12,74,54,T,0.0,0
2001-02-13,74,62,0.10,0.0,0
2001-02-14,80,67,0.02,0.0,0
2001-02-15,81,68,T,0.0,0
2001-02-16,82,49,0.05,0.0,0
2001-02-17,58,44,0.00,0.0,0
2001-02-18,59,41,0.00,0.0,0
2001-02-19,70,39,0.00,0.0,0
2001-02-20,76,51,0.00,0.0,0
2001-02-21,74,62,T,0.0,0
2001-02-22,74,55,0.00,0.0,0
2001-02-23,66,49,0.00,0.0,0
2001-02-24,79,66,T,0.0,0
2001-02-25,77,63,0.50,0.0,0
2001-02-26,73,62,0.08,0.0,0
2001-02-27,80,62,0.00,0.0,0
2001-02-28,74,65,0.38,0.0,0
2001-03-01,71,63,0.00,0.0,0
2001-03-02,79,67,0.07,0.0,0
2001-03-03,76,60,3.39,0.0,0
2001-03-04,66,51,0.00,0.0,0
2001-03-05,65,46,0.00,0.0,0
2001-03-06,62,41,0.00,0.0,0
2001-03-07,65,47,0.00,0.0,0
2001-03-08,71,46,0.00,0.0,0
2001-03-09,64,49,0.29,0.0,0
2001-03-10,62,46,0.00,0.0,0
2001-03-11,72,49,0.09,0.0,0
2001-03-12,77,61,0.67,0.0,0
2001-03-13,74,57,0.00,0.0,0
2001-03-14,71,56,0.91,0.0,0
2001-03-15,78,53,T,0.0,0
2001-03-16,68,52,0.00,0.0,0
2001-03-17,58,48,0.27,0.0,0
2001-03-18,60,48,0.15,0.0,0
2001-03-19,67,51,T,0.0,0
2001-03-20,60,48,0.00,0.0,0
2001-03-21,68,45,0.00,0.0,0
2001-03-22,70,45,0.00,0.0,0
2001-03-23,74,47,0.00,0.0,0
2001-03-24,75,52,T,0.0,0
2001-03-25,64,51,0.15,0.0,0
2001-03-26,61,46,0.00,0.0,0
2001-03-27,62,50,T,0.0,0
2001-03-28,58,47,2.02,0.0,0
2001-03-29,64,53,0.06,0.0,0
2001-03-30,65,52,T,0.0,0
2001-03-31,72,56,0.00,0.0,0
2001-04-01,73,53,0.00,0.0,0
2001-04-02,78,56,0.00,0.0,0
2001-04-03,83,69,0.00,0.0,0
2001-04-04,85,71,0.00,0.0,0
2001-04-05,83,68,0.00,0.0,0
2001-04-06,82,67,0.00,0.0,0
2001-04-07,83,69,0.00,0.0,0
2001-04-08,83,72,0.00,0.0,0
2001-04-09,85,71,0.00,0.0,0
2001-04-10,85,70,0.00,0.0,0
2001-04-11,83,70,0.00,0.0,0
2001-04-12,86,73,0.00,0.0,0
2001-04-13,87,71,0.00,0.0,0
2001-04-14,87,72,0.00,0.0,0
2001-04-15,87,67,0.00,0.0,0
2001-04-16,81,65,0.00,0.0,0
2001-04-17,72,54,0.00,0.0,0
2001-04-18,66,50,0.00,0.0,0
2001-04-19,72,47,0.00,0.0,0
2001-04-20,80,61,0.00,0.0,0
2001-04-21,83,68,0.01,0.0,0
2001-04-22,83,66,0.00,0.0,0
2001-04-23,84,68,0.00,0.0,0
2001-04-24,73,60,1.07,0.0,0
2001-04-25,74,59,0.00,0.0,0
2001-04-26,79,56,0.00,0.0,0
2001-04-27,80,55,0.00,0.0,0
2001-04-28,81,59,0.00,0.0,0
2001-04-29,83,63,0.00,0.0,0
2001-04-30,80,60,0.00,0.0,0
2001-05-01,81,60,0.00,0.0,0
2001-05-02,83,62,0.00,0.0,0
2001-05-03,82,67,0.00,0.0,0
2001-05-04,84,65,0.00,0.0,0
2001-05-05,82,66,T,0.0,0
2001-05-06,87,67,0.00,0.0,0
2001-05-07,84,67,0.00,0.0,0
2001-05-08,77,64,1.66,0.0,0
2001-05-09,82,65,T,0.0,0
2001-05-10,84,64,0.00,0.0,0
2001-05-11,84,65,0.04,0.0,0
2001-05-12,85,62,0.00,0.0,0
2001-05-13,86,66,0.00,0.0,0
2001-05-14,87,68,0.00,0.0,0
2001-05-15,88,66,0.00,0.0,0
2001-05-16,87,66,0.00,0.0,0
2001-05-17,87,65,0.00,0.0,0
2001-05-18,86,67,0.13,0.0,0
2001-05-19,88,70,0.00,0.0,0
2001-05-20,90,72,0.00,0.0,0
2001-05-21,88,73,T,0.0,0
2001-05-22,81,65,T,0.0,0
2001-05-23,85,59,0.00,0.0,0
2001-05-24,89,63,0.00,0.0,0
2001-05-25,84,67,0.00,0.0,0
2001-05-26,89,65,0.00,0.0,0
2001-05-27,87,69,0.00,0.0,0
2001-05-28,89,71,0.00,0.0,0
2001-05-29,89,74,0.00,0.0,0
2001-05-30,90,75,T,0.0,0
2001-05-31,89,71,5.02,0.0,0
2001-06-01,88,70,0.00,0.0,0
2001-06-02,91,69,0.00,0.0,0
2001-06-03,90,75,0.00,0.0,0
2001-06-04,90,73,0.11,0.0,0
2001-06-05,87,72,1.44,0.0,0
2001-06-06,79,70,5.98,0.0,0
2001-06-07,84,74,0.82,0.0,0
2001-06-08,86,73,2.09,0.0,0
2001-06-09,77,72,1.08,0.0,0
2001-06-10,76,73,2.57,0.0,0
2001-06-11,88,73,0.51,0.0,0
2001-06-12,89,74,0.00,0.0,0
2001-06-13,89,76,0.03,0.0,0
2001-06-14,89,79,0.01,0.0,0
2001-06-15,90,77,0.00,0.0,0
2001-06-16,90,75,0.00,0.0,0
2001-06-17,90,77,0.00,0.0,0
2001-06-18,91,77,0.00,0.0,0
2001-06-19,89,74,0.22,0.0,0
2001-06-20,90,71,0.07,0.0,0
2001-06-21,92,71,1.33,0.0,0
2001-06-22,87,74,T,0.0,0
2001-06-23,87,75,0.00,0.0,0
2001-06-24,89,71,0.00,0.0,0
2001-06-25,90,67,0.00,0.0,0
2001-06-26,89,72,1.33,0.0,0
2001-06-27,83,71,0.03,0.0,0
2001-06-28,89,70,0.00,0.0,0
2001-06-29,90,72,T,0.0,0
2001-06-30,89,72,0.00,0.0,0
2001-07-01,91,74,0.06,0.0,0
2001-07-02,87,76,0.04,0.0,0
2001-07-03,91,74,T,0.0,0
2001-07-04,91,75,0.19,0.0,0
2001-07-05,85,73,0.74,0.0,0
2001-07-06,93,72,0.00,0.0,0
2001-07-07,91,75,T,0.0,0
2001-07-08,93,75,0.00,0.0,0
2001-07-09,93,76,0.00,0.0,0
2001-07-10,94,78,0.00,0.0,0
2001-07-11,93,75,0.17,0.0,0
2001-07-12,89,75,0.00,0.0,0
2001-07-13,90,75,1.07,0.0,0
2001-07-14,87,75,0.00,0.0,0
2001-07-15,89,70,0.00,0.0,0
2001-07-16,91,79,0.00,0.0,0
2001-07-17,90,74,0.00,0.0,0
2001-07-18,92,75,T,0.0,0
2001-07-19,93,76,T,0.0,0
2001-07-20,93,76,0.01,0.0,0
2001-07-21,94,77,0.14,0.0,0
2001-07-22,91,75,0.00,0.0,0
2001-07-23,93,76,0.00,0.0,0
2001-07-24,94,77,0.00,0.0,0
2001-07-25,82,75,1.73,0.0,0
2001-07-26,86,74,1.76,0.0,0
2001-07-27,89,75,0.14,0.0,0
2001-07-28,89,76,0.53,0.0,0
2001-07-29,92,75,0.01,0.0,0
2001-07-30,92,77,0.18,0.0,0
2001-07-31,92,76,0.20,0.0,0
2001-08-01,89,76,0.00,0.0,0
2001-08-02,89,79,0.00,0.0,0
2001-08-03,89,78,0.00,0.0,0
2001-08-04,91,76,T,0.0,0
2001-08-05,92,76,T,0.0,0
2001-08-06,88,77,0.28,0.0,0
2001-08-07,89,75,0.51,0.0,0
2001-08-08,86,74,2.24,0.0,0
2001-08-09,89,75,0.12,0.0,0
2001-08-10,91,78,0.00,0.0,0
2001-08-11,88,75,0.31,0.0,0
2001-08-12,82,75,0.40,0.0,0
2001-08-13,87,75,0.11,0.0,0
2001-08-14,88,75,T,0.0,0
2001-08-15,89,76,0.50,0.0,0
2001-08-16,87,78,0.41,0.0,0
2001-08-17,92,78,0.00,0.0,0
2001-08-18,92,77,0.00,0.0,0
2001-08-19,91,76,T,0.0,0
2001-08-20,92,77,0.00,0.0,0
2001-08-21,92,73,0.00,0.0,0
2001-08-22,92,76,0.00,0.0,0
2001-08-23,90,71,0.00,0.0,0
2001-08-24,92,74,0.00,0.0,0
2001-08-25,93,73,0.00,0.0,0
2001-08-26,91,75,2.12,0.0,0
2001-08-27,88,73,0.13,0.0,0
2001-08-28,87,72,0.14,0.0,0
2001-08-29,86,74,0.14,0.0,0
2001-08-30,89,74,T,0.0,0
2001-08-31,92,77,T,0.0,0
2001-09-01,91,78,T,0.0,0
2001-09-02,86,75,0.89,0.0,0
2001-09-03,91,75,0.17,0.0,0
2001-09-04,90,74,1.63,0.0,0
2001-09-05,90,73,0.00,0.0,0
2001-09-06,88,74,0.57,0.0,0
2001-09-07,88,75,0.01,0.0,0
2001-09-08,82,75,0.09,0.0,0
2001-09-09,89,73,1.68,0.0,0
2001-09-10,89,73,0.01,0.0,0
2001-09-11,89,76,0.00,0.0,0
2001-09-12,89,78,T,0.0,0
2001-09-13,88,76,0.00,0.0,0
2001-09-14,87,75,0.00,0.0,0
2001-09-15,86,73,0.00,0.0,0
2001-09-16,87,70,0.00,0.0,0
2001-09-17,87,72,0.17,0.0,0
2001-09-18,87,71,0.00,0.0,0
2001-09-19,88,74,0.37,0.0,0
2001-09-20,90,71,0.00,0.0,0
2001-09-21,89,75,0.00,0.0,0
2001-09-22,88,72,0.00,0.0,0
2001-09-23,85,71,0.01,0.0,0
2001-09-24,85,69,0.70,0.0,0
2001-09-25,74,62,0.00,0.0,0
2001-09-26,74,57,0.00,0.0,0
2001-09-27,76,55,0.00,0.0,0
2001-09-28,80,64,0.00,0.0,0
2001-09-29,80,65,0.00,0.0,0
2001-09-30,77,64,0.00,0.0,0
2001-10-01,79,58,0.00,0.0,0
2001-10-02,79,54,0.00,0.0,0
2001-10-03,82,58,0.00,0.0,0
2001-10-04,82,59,0.00,0.0,0
2001-10-05,84,67,0.03,0.0,0
2001-10-06,75,61,0.11,0.0,0
2001-10-07,74,58,0.00,0.0,0
2001-10-08,80,62,0.00,0.0,0
2001-10-09,81,67,T,0.0,0
2001-10-10,82,74,0.34,0.0,0
2001-10-11,83,69,2.25,0.0,0
2001-10-12,83,71,0.00,0.0,0
2001-10-13,84,64,2.36,0.0,0
2001-10-14,78,57,0.00,0.0,0
2001-10-15,81,59,0.00,0.0,0
2001-10-16,68,57,0.00,0.0,0
2001-10-17,66,54,0.00,0.0,0
2001-10-18,70,51,0.00,0.0,0
2001-10-19,75,51,0.00,0.0,0
2001-10-20,79,56,0.00,0.0,0
2001-10-21,83,61,0.00,0.0,0
2001-10-22,86,63,0.00,0.0,0
2001-10-23,86,66,0.00,0.0,0
2001-10-24,88,71,0.00,0.0,0
2001-10-25,77,64,0.04,0.0,0
2001-10-26,72,59,0.00,0.0,0
2001-10-27,67,53,0.00,0.0,0
2001-10-28,61,45,0.00,0.0,0
2001-10-29,69,43,0.00,0.0,0
2001-10-30,72,49,0.00,0.0,0
2001-10-31,78,50,0.00,0.0,0
2001-11-01,81,57,0.00,0.0,0
2001-11-02,79,63,0.00,0.0,0
2001-11-03,82,61,0.00,0.0,0
2001-11-04,80,63,0.00,0.0,0
2001-11-05,77,56,0.00,0.0,0
2001-11-06,76,51,0.00,0.0,0
2001-11-07,77,48,0.00,0.0,0
2001-11-08,77,54,0.00,0.0,0
2001-11-09,76,52,0.00,0.0,0
2001-11-10,74,55,0.00,0.0,0
2001-11-11,75,53,0.00,0.0,0
2001-11-12,75,54,0.00,0.0,0
2001-11-13,73,52,0.00,0.0,0
2001-11-14,74,58,0.00,0.0,0
2001-11-15,75,54,0.00,0.0,0
2001-11-16,73,51,0.00,0.0,0
2001-11-17,74,49,0.00,0.0,0
2001-11-18,77,47,0.00,0.0,0
2001-11-19,74,53,0.00,0.0,0
2001-11-20,64,54,0.00,0.0,0
2001-11-21,63,44,0.00,0.0,0
2001-11-22,71,45,0.40,0.0,0
2001-11-23,78,62,0.67,0.0,0
2001-11-24,79,60,0.82,0.0,0
2001-11-25,73,55,0.00,0.0,0
2001-11-26,81,67,0.00,0.0,0
2001-11-27,81,70,0.03,0.0,0
2001-11-28,80,71,0.06,0.0,0
2001-11-29,77,44,0.56,0.0,0
2001-11-30,60,42,0.00,0.0,0
2001-12-01,66,45,0.00,0.0,0
2001-12-02,69,50,0.00,0.0,0
2001-12-03,72,50,0.00,0.0,0
2001-12-04,76,49,0.00,0.0,0
2001-12-05,78,63,0.00,0.0,0
2001-12-06,72,57,0.00,0.0,0
2001-12-07,76,56,0.00,0.0,0
2001-12-08,76,59,0.00,0.0,0
2001-12-09,62,55,0.06,0.0,0
2001-12-10,64,50,0.03,0.0,0
2001-12-11,62,53,0.00,0.0,0
2001-12-12,79,60,0.00,0.0,0
2001-12-13,75,65,0.91,0.0,0
2001-12-14,68,49,0.01,0.0,0
2001-12-15,72,48,0.00,0.0,0
2001-12-16,79,69,0.00,0.0,0
2001-12-17,74,56,0.50,0.0,0
2001-12-18,62,47,0.00,0.0,0
2001-12-19,70,46,0.00,0.0,0
2001-12-20,59,47,0.00,0.0,0
2001-12-21,64,37,0.00,0.0,0
2001-12-22,76,54,0.63,0.0,0
2001-12-23,66,49,0.30,0.0,0
2001-12-24,50,41,0.00,0.0,0
2001-12-25,49,36,0.00,0.0,0
2001-12-26,58,31,0.00,0.0,0
2001-12-27,57,28,0.00,0.0,0
2001-12-28,63,44,0.38,0.0,0
2001-12-29,66,42,0.00,0.0,0
2001-12-30,51,40,0.00,0.0,0
2001-12-31,46,38,0.08,0.0,0
2002-01-01,42,34,0.83,0.0,0
2002-01-02,39,34,0.02,M,M
2002-01-03,41,30,0.00,0.0,0
2002-01-04,48,26,0.00,0.0,0
2002-01-05,60,40,1.24,0.0,0
2002-01-06,50,40,T,0.0,0
2002-01-07,48,34,0.00,0.0,0
2002-01-08,53,27,0.00,0.0,0
2002-01-09,70,37,0.00,0.0,0
2002-01-10,73,48,0.00,0.0,0
2002-01-11,71,53,0.09,0.0,0
2002-01-12,55,40,0.31,0.0,0
2002-01-13,60,35,T,0.0,0
2002-01-14,62,44,0.24,0.0,0
2002-01-15,59,38,0.00,0.0,0
2002-01-16,63,33,0.00,0.0,0
2002-01-17,72,46,0.00,0.0,0
2002-01-18,68,58,T,0.0,0
2002-01-19,78,42,0.20,0.0,0
2002-01-20,56,41,0.01,0.0,0
2002-01-21,64,50,0.00,0.0,0
2002-01-22,78,50,0.02,0.0,0
2002-01-23,81,68,0.00,0.0,0
2002-01-24,81,58,0.18,0.0,0
2002-01-25,62,49,0.03,0.0,0
2002-01-26,63,46,0.00,0.0,0
2002-01-27,69,48,0.00,0.0,0
2002-01-28,78,61,0.00,0.0,0
2002-01-29,80,68,T,0.0,0
2002-01-30,79,68,0.12,0.0,0
2002-01-31,82,62,0.00,0.0,0
2002-02-01,61,44,0.50,0.0,0
2002-02-02,56,41,0.00,0.0,0
2002-02-03,59,45,0.00,0.0,0
2002-02-04,56,50,0.00,0.0,0
2002-02-05,53,42,0.55,0.0,0
2002-02-06,49,42,0.50,0.0,0
2002-02-07,47,39,0.00,0.0,0
2002-02-08,54,41,0.00,0.0,0
2002-02-09,67,36,0.00,0.0,0
2002-02-10,65,47,0.00,0.0,0
2002-02-11,52,38,0.00,0.0,0
2002-02-12,59,36,0.00,0.0,0
2002-02-13,62,44,0.04,0.0,0
2002-02-14,61,44,0.00,0.0,0
2002-02-15,67,43,0.03,0.0,0
2002-02-16,65,48,0.00,0.0,0
2002-02-17,69,38,0.00,0.0,0
2002-02-18,70,44,0.00,0.0,0
2002-02-19,78,59,0.00,0.0,0
2002-02-20,74,54,1.14,0.0,0
2002-02-21,74,46,0.00,0.0,0
2002-02-22,58,46,T,0.0,0
2002-02-23,59,38,0.00,0.0,0
2002-02-24,67,38,0.00,0.0,0
2002-02-25,75,45,0.00,0.0,0
2002-02-26,62,38,0.00,0.0,0
2002-02-27,44,29,0.00,0.0,0
2002-02-28,54,32,0.00,0.0,0
2002-03-01,57,47,1.60,0.0,0
2002-03-02,74,49,0.09,0.0,0
2002-03-03,49,33,0.00,0.0,0
2002-03-04,47,30,0.00,0.0,0
2002-03-05,59,29,0.00,0.0,0
2002-03-06,68,41,0.00,0.0,0
2002-03-07,73,47,0.00,0.0,0
2002-03-08,77,59,0.00,0.0,0
2002-03-09,81,51,0.43,0.0,0
2002-03-10,61,43,0.00,0.0,0
2002-03-11,72,48,0.00,0.0,0
2002-03-12,75,53,0.38,0.0,0
2002-03-13,63,49,0.00,0.0,0
2002-03-14,75,47,0.00,0.0,0
2002-03-15,83,69,T,0.0,0
2002-03-16,84,71,T,0.0,0
2002-03-17,84,72,0.00,0.0,0
2002-03-18,82,68,0.00,0.0,0
2002-03-19,83,69,0.00,0.0,0
2002-03-20,80,64,0.02,0.0,0
2002-03-21,69,56,0.00,0.0,0
2002-03-22,57,43,0.00,0.0,0
2002-03-23,62,43,0.00,0.0,0
2002-03-24,73,45,0.00,0.0,0
2002-03-25,82,61,0.00,0.0,0
2002-03-26,73,49,0.73,0.0,0
2002-03-27,68,45,0.00,0.0,0
2002-03-28,75,48,0.00,0.0,0
2002-03-29,82,67,0.00,0.0,0
2002-03-30,82,68,0.00,0.0,0
2002-03-31,77,60,0.33,0.0,0
2002-04-01,69,57,0.00,0.0,0
2002-04-02,81,56,0.00,0.0,0
2002-04-03,82,58,0.00,0.0,0
2002-04-04,67,55,0.00,0.0,0
2002-04-05,69,53,0.00,0.0,0
2002-04-06,70,53,0.00,0.0,0
2002-04-07,80,51,T,0.0,0
2002-04-08,80,60,2.02,0.0,0
2002-04-09,75,62,0.11,0.0,0
2002-04-10,80,59,0.00,0.0,0
2002-04-11,76,63,0.01,0.0,0
2002-04-12,78,67,T,0.0,0
2002-04-13,77,64,0.00,0.0,0
2002-04-14,80,60,0.00,0.0,0
2002-04-15,84,65,0.00,0.0,0
2002-04-16,85,70,0.00,0.0,0
2002-04-17,86,67,0.00,0.0,0
2002-04-18,86,64,0.00,0.0,0
2002-04-19,86,65,0.00,0.0,0
2002-04-20,86,67,0.00,0.0,0
2002-04-21,85,67,0.00,0.0,0
2002-04-22,84,67,0.00,0.0,0
2002-04-23,85,68,0.00,0.0,0
2002-04-24,85,68,0.00,0.0,0
2002-04-25,84,67,0.00,0.0,0
2002-04-26,85,70,0.00,0.0,0
2002-04-27,87,72,0.00,0.0,0
2002-04-28,88,73,0.00,0.0,0
2002-04-29,90,70,0.00,0.0,0
2002-04-30,89,72,0.00,0.0,0
2002-05-01,89,72,0.00,0.0,0
2002-05-02,92,75,0.00,0.0,0
2002-05-03,90,75,0.00,0.0,0
2002-05-04,91,74,0.00,0.0,0
2002-05-05,90,73,0.00,0.0,0
2002-05-06,90,72,0.00,0.0,0
2002-05-07,90,72,0.00,0.0,0
2002-05-08,90,76,0.00,0.0,0
2002-05-09,90,73,0.00,0.0,0
2002-05-10,90,73,0.00,0.0,0
2002-05-11,90,74,0.00,0.0,0
2002-05-12,90,74,0.00,0.0,0
2002-05-13,86,64,0.00,0.0,0
2002-05-14,78,57,0.00,0.0,0
2002-05-15,85,65,0.00,0.0,0
2002-05-16,87,69,0.00,0.0,0
2002-05-17,88,68,0.65,0.0,0
2002-05-18,71,60,T,0.0,0
2002-05-19,75,56,0.00,0.0,0
2002-05-20,76,59,0.00,0.0,0
2002-05-21,79,60,0.00,0.0,0
2002-05-22,79,58,0.00,0.0,0
2002-05-23,83,56,0.00,0.0,0
2002-05-24,86,66,0.00,0.0,0
2002-05-25,86,67,1.43,0.0,0
2002-05-26,87,63,0.00,0.0,0
2002-05-27,87,66,0.00,0.0,0
2002-05-28,87,66,0.00,0.0,0
2002-05-29,86,71,0.11,0.0,0
2002-05-30,82,68,0.63,0.0,0
2002-05-31,87,69,0.22,0.0,0
2002-06-01,90,69,0.00,0.0,0
2002-06-02,91,71,0.00,0.0,0
2002-06-03,91,70,0.00,0.0,0
2002-06-04,89,73,0.45,0.0,0
2002-06-05,90,76,0.00,0.0,0
2002-06-06,89,74,0.00,0.0,0
2002-06-07,91,76,0.00,0.0,0
2002-06-08,91,75,0.10,0.0,0
2002-06-09,89,75,0.08,0.0,0
2002-06-10,89,75,0.02,0.0,0
2002-06-11,90,70,0.00,0.0,0
2002-06-12,89,73,0.02,0.0,0
2002-06-13,91,74,0.00,0.0,0
2002-06-14,93,75,T,0.0,0
2002-06-15,88,75,0.00,0.0,0
2002-06-16,85,70,T,0.0,0
2002-06-17,86,72,T,0.0,0
2002-06-18,87,74,0.10,0.0,0
2002-06-19,89,73,0.09,0.0,0
2002-06-20,90,75,0.00,0.0,0
2002-06-21,89,76,T,0.0,0
2002-06-22,83,74,T,0.0,0
2002-06-23,83,68,0.64,0.0,0
2002-06-24,88,69,0.57,0.0,0
2002-06-25,87,71,1.30,0.0,0
2002-06-26,87,72,0.76,0.0,0
2002-06-27,88,72,0.70,0.0,0
2002-06-28,87,73,T,0.0,0
2002-06-29,91,74,0.00,0.0,0
2002-06-30,90,74,T,0.0,0
2002-07-01,86,77,0.84,0.0,0
2002-07-02,90,75,0.09,0.0,0
2002-07-03,91,75,T,0.0,0
2002-07-04,91,74,0.00,0.0,0
2002-07-05,91,76,0.01,0.0,0
2002-07-06,93,75,0.00,0.0,0
2002-07-07,93,75,0.00,0.0,0
2002-07-08,90,76,0.38,0.0,0
2002-07-09,91,75,T,0.0,0
2002-07-10,91,76,0.00,0.0,0
2002-07-11,94,75,0.00,0.0,0
2002-07-12,93,77,0.02,0.0,0
2002-07-13,90,74,0.78,0.0,0
2002-07-14,87,74,1.21,0.0,0
2002-07-15,90,77,T,0.0,0
2002-07-16,92,75,0.00,0.0,0
2002-07-17,93,76,0.00,0.0,0
2002-07-18,94,79,0.00,0.0,0
2002-07-19,95,77,0.00,0.0,0
2002-07-20,95,78,0.00,0.0,0
2002-07-21,94,74,0.08,0.0,0
2002-07-22,92,73,0.37,0.0,0
2002-07-23,92,73,0.00,0.0,0
2002-07-24,92,76,0.00,0.0,0
2002-07-25,90,73,0.44,0.0,0
2002-07-26,88,74,0.07,0.0,0
2002-07-27,92,74,0.02,0.0,0
2002-07-28,94,78,T,0.0,0
2002-07-29,90,78,0.02,0.0,0
2002-07-30,88,74,0.21,0.0,0
2002-07-31,89,74,T,0.0,0
2002-08-01,88,73,T,0.0,0
2002-08-02,94,72,0.03,0.0,0
2002-08-03,94,75,T,0.0,0
2002-08-04,90,77,0.03,0.0,0
2002-08-05,88,73,0.03,0.0,0
2002-08-06,86,76,1.10,0.0,0
2002-08-07,95,75,0.00,0.0,0
2002-08-08,94,79,0.00,0.0,0
2002-08-09,90,76,0.00,0.0,0
2002-08-10,91,72,0.00,0.0,0
2002-08-11,87,74,0.24,0.0,0
2002-08-12,88,73,1.64,0.0,0
2002-08-13,88,73,0.23,0.0,0
2002-08-14,85,74,0.01,0.0,0
2002-08-15,91,76,T,0.0,0
2002-08-16,90,77,0.01,0.0,0
2002-08-17,91,77,0.05,0.0,0
2002-08-18,90,76,0.00,0.0,0
2002-08-19,90,76,0.00,0.0,0
2002-08-20,93,76,0.00,0.0,0
2002-08-21,89,75,T,0.0,0
2002-08-22,88,77,0.16,0.0,0
2002-08-23,89,75,0.56,0.0,0
2002-08-24,93,75,0.00,0.0,0
2002-08-25,94,76,0.00,0.0,0
2002-08-26,90,75,0.00,0.0,0
2002-08-27,92,74,0.00,0.0,0
2002-08-28,91,74,0.00,0.0,0
2002-08-29,91,76,0.00,0.0,0
2002-08-30,91,75,0.00,0.0,0
2002-08-31,90,77,T,0.0,0
2002-09-01,88,78,T,0.0,0
2002-09-02,86,77,0.01,0.0,0
2002-09-03,84,76,0.41,0.0,0
2002-09-04,84,77,0.00,0.0,0
2002-09-05,88,76,0.00,0.0,0
2002-09-06,84,74,1.08,0.0,0
2002-09-07,82,75,0.30,0.0,0
2002-09-08,83,75,0.29,0.0,0
2002-09-09,88,78,0.00,0.0,0
2002-09-10,90,77,0.00,0.0,0
2002-09-11,92,74,0.00,0.0,0
2002-09-12,92,75,0.00,0.0,0
2002-09-13,90,77,0.12,0.0,0
2002-09-14,93,76,0.00,0.0,0
2002-09-15,92,75,T,0.0,0
2002-09-16,91,74,0.15,0.0,0
2002-09-17,90,74,0.02,0.0,0
2002-09-18,92,76,0.00,0.0,0
2002-09-19,92,77,0.00,0.0,0
2002-09-20,93,77,0.00,0.0,0
2002-09-21,89,77,0.18,0.0,0
2002-09-22,92,77,0.16,0.0,0
2002-09-23,89,74,0.00,0.0,0
2002-09-24,78,72,1.34,0.0,0
2002-09-25,76,72,7.52,0.0,0
2002-09-26,75,70,2.65,0.0,0
2002-09-27,84,67,0.00,0.0,0
2002-09-28,84,68,0.00,0.0,0
2002-09-29,86,69,0.00,0.0,0
2002-09-30,89,71,0.00,0.0,0
2002-10-01,88,74,0.00,0.0,0
2002-10-02,88,77,0.29,0.0,0
2002-10-03,83,76,2.54,0.0,0
2002-10-04,87,76,0.11,0.0,0
2002-10-05,88,73,0.00,0.0,0
2002-10-06,89,72,T,0.0,0
2002-10-07,87,73,0.00,0.0,0
2002-10-08,81,72,T,0.0,0
2002-10-09,84,73,1.12,0.0,0
2002-10-10,82,72,0.36,0.0,0
2002-10-11,82,69,0.00,0.0,0
2002-10-12,80,69,0.00,0.0,0
2002-10-13,81,67,0.00,0.0,0
2002-10-14,71,62,T,0.0,0
2002-10-15,73,63,T,0.0,0
2002-10-16,72,58,0.00,0.0,0
2002-10-17,73,54,0.00,0.0,0
2002-10-18,80,54,0.00,0.0,0
2002-10-19,83,67,0.00,0.0,0
2002-10-20,83,64,T,0.0,0
2002-10-21,77,64,T,0.0,0
2002-10-22,77,66,0.02,0.0,0
2002-10-23,73,68,0.57,0.0,0
2002-10-24,75,67,0.00,0.0,0
2002-10-25,79,69,2.84,0.0,0
2002-10-26,74,70,0.09,0.0,0
2002-10-27,80,72,1.04,0.0,0
2002-10-28,84,74,0.02,0.0,0
2002-10-29,77,68,1.09,0.0,0
2002-10-30,78,66,0.00,0.0,0
2002-10-31,72,60,0.00,0.0,0
2002-11-01,68,56,0.00,0.0,0
2002-11-02,66,53,0.02,0.0,0
2002-11-03,76,59,0.01,0.0,0
2002-11-04,74,63,0.22,0.0,0
2002-11-05,77,58,1.67,0.0,0
2002-11-06,64,53,0.00,0.0,0
2002-11-07,65,49,0.00,0.0,0
2002-11-08,72,45,0.00,0.0,0
2002-11-09,80,61,0.10,0.0,0
2002-11-10,84,73,T,0.0,0
2002-11-11,79,65,1.01,0.0,0
2002-11-12,69,54,0.11,0.0,0
2002-11-13,63,45,0.00,0.0,0
2002-11-14,70,42,0.00,0.0,0
2002-11-15,78,56,0.02,0.0,0
2002-11-16,56,46,0.10,0.0,0
2002-11-17,62,38,0.00,0.0,0
2002-11-18,71,41,0.00,0.0,0
2002-11-19,71,61,0.04,0.0,0
2002-11-20,69,58,1.61,0.0,0
2002-11-21,69,47,0.00,0.0,0
2002-11-22,60,49,0.00,0.0,0
2002-11-23,61,40,0.00,0.0,0
2002-11-24,70,39,0.00,0.0,0
2002-11-25,74,53,0.00,0.0,0
2002-11-26,74,50,T,0.0,0
2002-11-27,56,48,0.00,0.0,0
2002-11-28,55,39,0.00,0.0,0
2002-11-29,64,37,0.00,0.0,0
2002-11-30,65,52,0.19,0.0,0
2002-12-01,55,40,0.00,0.0,0
2002-12-02,68,38,0.00,0.0,0
2002-12-03,71,53,0.00,0.0,0
2002-12-04,77,60,0.26,0.0,0
2002-12-05,60,40,0.29,0.0,0
2002-12-06,51,37,0.00,0.0,0
2002-12-07,52,34,0.00,0.0,0
2002-12-08,59,39,0.00,0.0,0
2002-12-09,58,48,T,0.0,0
2002-12-10,52,43,0.43,0.0,0
2002-12-11,55,37,0.00,0.0,0
2002-12-12,59,43,0.39,0.0,0
2002-12-13,63,50,T,0.0,0
2002-12-14,58,41,0.00,0.0,0
2002-12-15,62,36,0.00,0.0,0
2002-12-16,71,40,0.00,0.0,0
2002-12-17,73,53,0.00,0.0,0
2002-12-18,76,60,0.00,0.0,0
2002-12-19,76,53,0.50,0.0,0
2002-12-20,61,43,0.00,0.0,0
2002-12-21,65,38,0.00,0.0,0
2002-12-22,72,58,T,0.0,0
2002-12-23,71,57,0.47,0.0,0
2002-12-24,73,44,0.73,0.0,0
2002-12-25,50,40,0.00,0.0,0
2002-12-26,49,40,0.00,0.0,0
2002-12-27,59,40,0.00,0.0,0
2002-12-28,62,36,0.00,0.0,0
2002-12-29,72,43,0.00,0.0,0
2002-12-30,73,54,0.00,0.0,0
2002-12-31,68,49,1.75,0.0,0
2003-01-01,62,44,0.00,0.0,0
2003-01-02,59,43,T,0.0,0
2003-01-03,53,36,0.00,0.0,0
2003-01-04,59,33,0.00,0.0,0
2003-01-05,68,40,0.00,0.0,0
2003-01-06,62,43,0.00,0.0,0
2003-01-07,51,39,0.00,0.0,0
2003-01-08,65,36,0.00,0.0,0
2003-01-09,73,50,0.00,0.0,0
2003-01-10,66,44,0.00,0.0,0
2003-01-11,49,40,T,0.0,0
2003-01-12,45,41,0.02,0.0,0
2003-01-13,53,35,T,0.0,0
2003-01-14,57,34,0.00,0.0,0
2003-01-15,56,39,0.00,0.0,0
2003-01-16,69,38,0.00,0.0,0
2003-01-17,46,34,0.00,0.0,0
2003-01-18,52,33,0.00,0.0,0
2003-01-19,61,41,0.00,0.0,0
2003-01-20,70,47,0.00,0.0,0
2003-01-21,72,54,0.00,0.0,0
2003-01-22,67,42,T,0.0,0
2003-01-23,42,29,0.00,0.0,0
2003-01-24,38,25,0.00,0.0,0
2003-01-25,48,26,0.00,0.0,0
2003-01-26,46,41,0.07,0.0,0
2003-01-27,55,39,0.00,0.0,0
2003-01-28,66,39,0.00,0.0,0
2003-01-29,75,59,0.00,0.0,0
2003-01-30,62,47,0.10,0.0,0
2003-01-31,59,46,T,0.0,0
2003-02-01,66,39,0.00,0.0,0
2003-02-02,71,41,0.00,0.0,0
2003-02-03,72,56,0.01,0.0,0
2003-02-04,68,47,T,0.0,0
2003-02-05,56,43,T,0.0,0
2003-02-06,66,50,0.10,0.0,0
2003-02-07,50,41,0.10,0.0,0
2003-02-08,49,37,T,0.0,0
2003-02-09,60,47,0.18,0.0,0
2003-02-10,61,41,T,0.0,0
2003-02-11,64,37,0.00,0.0,0
2003-02-12,70,43,0.00,0.0,0
2003-02-13,71,46,0.00,0.0,0
2003-02-14,75,58,0.00,0.0,0
2003-02-15,77,60,0.74,0.0,0
2003-02-16,63,45,0.04,0.0,0
2003-02-17,47,38,T,0.0,0
2003-02-18,58,35,0.00,0.0,0
2003-02-19,70,44,0.00,0.0,0
2003-02-20,71,54,0.04,0.0,0
2003-02-21,71,58,2.19,0.0,0
2003-02-22,71,46,T,0.0,0
2003-02-23,65,41,0.00,0.0,0
2003-02-24,71,48,0.00,0.0,0
2003-02-25,60,49,0.27,0.0,0
2003-02-26,67,54,0.88,0.0,0
2003-02-27,58,50,T,0.0,0
2003-02-28,56,51,0.01,0.0,0
2003-03-01,61,53,0.03,0.0,0
2003-03-02,62,52,0.00,0.0,0
2003-03-03,56,49,0.65,0.0,0
2003-03-04,60,50,T,0.0,0
2003-03-05,75,57,T,0.0,0
2003-03-06,70,57,0.01,0.0,0
2003-03-07,70,56,0.04,0.0,0
2003-03-08,67,55,T,0.0,0
2003-03-09,74,61,0.02,0.0,0
2003-03-10,71,53,0.00,0.0,0
2003-03-11,74,56,0.00,0.0,0
2003-03-12,79,64,0.01,0.0,0
2003-03-13,77,57,1.04,0.0,0
2003-03-14,70,55,0.00,0.0,0
2003-03-15,72,53,0.00,0.0,0
2003-03-16,68,61,0.38,0.0,0
2003-03-17,75,60,0.02,0.0,0
2003-03-18,76,60,0.03,0.0,0
2003-03-19,78,53,0.00,0.0,0
2003-03-20,76,51,0.00,0.0,0
2003-03-21,70,51,0.00,0.0,0
2003-03-22,71,50,T,0.0,0
2003-03-23,73,55,T,0.0,0
2003-03-24,76,50,0.00,0.0,0
2003-03-25,74,56,0.00,0.0,0
2003-03-26,72,58,2.09,0.0,0
2003-03-27,78,62,0.00,0.0,0
2003-03-28,79,58,0.00,0.0,0
2003-03-29,67,48,0.14,0.0,0
2003-03-30,58,45,0.00,0.0,0
2003-03-31,65,38,0.00,0.0,0
2003-04-01,71,50,0.00,0.0,0
2003-04-02,74,50,0.00,0.0,0
2003-04-03,78,55,T,0.0,0
2003-04-04,82,65,T,0.0,0
2003-04-05,83,68,1.18,0.0,0
2003-04-06,82,70,0.00,0.0,0
2003-04-07,81,64,1.91,0.0,0
2003-04-08,69,55,2.21,0.0,0
2003-04-09,55,45,0.00,0.0,0
2003-04-10,66,44,0.00,0.0,0
2003-04-11,74,47,0.00,0.0,0
2003-04-12,80,52,0.00,0.0,0
2003-04-13,82,55,0.00,0.0,0
2003-04-14,83,56,0.00,0.0,0
2003-04-15,82,55,0.00,0.0,0
2003-04-16,83,64,0.00,0.0,0
2003-04-17,86,66,0.00,0.0,0
2003-04-18,86,60,0.00,0.0,0
2003-04-19,83,65,0.00,0.0,0
2003-04-20,86,68,T,0.0,0
2003-04-21,81,68,0.01,0.0,0
2003-04-22,79,62,0.06,0.0,0
2003-04-23,81,63,T,0.0,0
2003-04-24,82,70,T,0.0,0
2003-04-25,86,70,0.82,0.0,0
2003-04-26,78,63,0.00,0.0,0
2003-04-27,79,59,0.00,0.0,0
2003-04-28,83,61,0.00,0.0,0
2003-04-29,83,60,0.00,0.0,0
2003-04-30,84,63,0.00,0.0,0
2003-05-01,86,64,0.00,0.0,0
2003-05-02,88,69,0.00,0.0,0
2003-05-03,89,70,0.00,0.0,0
2003-05-04,88,75,0.00,0.0,0
2003-05-05,87,77,0.00,0.0,0
2003-05-06,89,79,0.00,0.0,0
2003-05-07,89,78,0.00,0.0,0
2003-05-08,89,78,0.00,0.0,0
2003-05-09,89,78,0.00,0.0,0
2003-05-10,89,78,0.00,0.0,0
2003-05-11,91,76,0.00,0.0,0
2003-05-12,82,71,0.00,0.0,0
2003-05-13,82,68,0.00,0.0,0
2003-05-14,89,69,0.00,0.0,0
2003-05-15,89,75,0.00,0.0,0
2003-05-16,90,75,0.00,0.0,0
2003-05-17,90,77,0.00,0.0,0
2003-05-18,87,73,1.12,0.0,0
2003-05-19,89,71,0.03,0.0,0
2003-05-20,86,70,1.53,0.0,0
2003-05-21,88,74,0.20,0.0,0
2003-05-22,83,72,0.00,0.0,0
2003-05-23,84,69,0.00,0.0,0
2003-05-24,85,70,0.00,0.0,0
2003-05-25,88,71,0.00,0.0,0
2003-05-26,89,71,0.16,0.0,0
2003-05-27,78,70,0.00,0.0,0
2003-05-28,83,67,0.00,0.0,0
2003-05-29,88,62,0.00,0.0,0
2003-05-30,91,68,0.00,0.0,0
2003-05-31,89,71,0.00,0.0,0
2003-06-01,90,72,0.00,0.0,0
2003-06-02,91,70,1.01,0.0,0
2003-06-03,87,72,2.71,0.0,0
2003-06-04,85,73,0.01,0.0,0
2003-06-05,85,75,T,0.0,0
2003-06-06,85,75,0.32,0.0,0
2003-06-07,87,75,0.42,0.0,0
2003-06-08,91,74,0.00,0.0,0
2003-06-09,93,73,0.00,0.0,0
2003-06-10,92,78,0.04,0.0,0
2003-06-11,88,71,2.23,0.0,0
2003-06-12,87,75,0.76,0.0,0
2003-06-13,90,74,0.10,0.0,0
2003-06-14,90,73,0.33,0.0,0
2003-06-15,90,74,0.05,0.0,0
2003-06-16,87,73,0.12,0.0,0
2003-06-17,84,73,0.32,0.0,0
2003-06-18,91,73,0.00,0.0,0
2003-06-19,87,76,1.34,0.0,0
2003-06-20,86,75,0.50,0.0,0
2003-06-21,86,77,0.02,0.0,0
2003-06-22,91,76,T,0.0,0
2003-06-23,93,76,T,0.0,0
2003-06-24,90,78,T,0.0,0
2003-06-25,88,75,2.14,0.0,0
2003-06-26,90,77,0.05,0.0,0
2003-06-27,85,75,0.62,0.0,0
2003-06-28,87,74,T,0.0,0
2003-06-29,87,74,0.77,0.0,0
2003-06-30,78,73,3.51,0.0,0
2003-07-01,88,72,0.00,0.0,0
2003-07-02,89,76,0.34,0.0,0
2003-07-03,86,75,0.75,0.0,0
2003-07-04,88,74,1.12,0.0,0
2003-07-05,85,74,0.46,0.0,0
2003-07-06,86,74,0.62,0.0,0
2003-07-07,86,73,0.07,0.0,0
2003-07-08,89,75,0.86,0.0,0
2003-07-09,91,73,0.00,0.0,0
2003-07-10,92,76,0.00,0.0,0
2003-07-11,91,74,0.77,0.0,0
2003-07-12,92,74,0.00,0.0,0
2003-07-13,89,75,T,0.0,0
2003-07-14,86,78,T,0.0,0
2003-07-15,91,79,T,0.0,0
2003-07-16,94,76,0.00,0.0,0
2003-07-17,93,74,0.04,0.0,0
2003-07-18,92,72,T,0.0,0
2003-07-19,94,75,0.02,0.0,0
2003-07-20,88,76,0.52,0.0,0
2003-07-21,92,77,0.05,0.0,0
2003-07-22,94,76,0.10,0.0,0
2003-07-23,90,76,0.15,0.0,0
2003-07-24,91,74,0.00,0.0,0
2003-07-25,89,75,T,0.0,0
2003-07-26,89,74,0.22,0.0,0
2003-07-27,91,74,0.00,0.0,0
2003-07-28,93,75,T,0.0,0
2003-07-29,92,77,0.00,0.0,0
2003-07-30,90,77,T,0.0,0
2003-07-31,91,77,0.32,0.0,0
2003-08-01,90,79,0.02,0.0,0
2003-08-02,91,75,0.04,0.0,0
2003-08-03,92,78,0.00,0.0,0
2003-08-04,94,78,0.75,0.0,0
2003-08-05,93,76,0.13,0.0,0
2003-08-06,93,78,0.16,0.0,0
2003-08-07,94,78,0.22,0.0,0
2003-08-08,91,77,0.00,0.0,0
2003-08-09,92,76,0.00,0.0,0
2003-08-10,95,80,0.00,0.0,0
2003-08-11,91,77,0.00,0.0,0
2003-08-12,82,72,0.33,0.0,0
2003-08-13,86,73,0.08,0.0,0
2003-08-14,92,74,0.00,0.0,0
2003-08-15,92,82,0.00,0.0,0
2003-08-16,92,78,0.09,0.0,0
2003-08-17,89,76,0.00,0.0,0
2003-08-18,92,76,0.00,0.0,0
2003-08-19,91,78,0.00,0.0,0
2003-08-20,93,77,0.09,0.0,0
2003-08-21,91,75,T,0.0,0
2003-08-22,88,75,0.97,0.0,0
2003-08-23,90,78,T,0.0,0
2003-08-24,93,78,0.00,0.0,0
2003-08-25,93,78,0.01,0.0,0
2003-08-26,93,77,1.54,0.0,0
2003-08-27,91,76,0.00,0.0,0
2003-08-28,92,77,0.56,0.0,0
2003-08-29,92,78,T,0.0,0
2003-08-30,87,76,0.80,0.0,0
2003-08-31,87,77,0.40,0.0,0
2003-09-01,91,79,0.04,0.0,0
2003-09-02,91,78,0.04,0.0,0
2003-09-03,93,76,0.00,0.0,0
2003-09-04,92,77,0.23,0.0,0
2003-09-05,88,78,0.01,0.0,0
2003-09-06,88,75,0.00,0.0,0
2003-09-07,86,76,0.00,0.0,0
2003-09-08,89,77,0.00,0.0,0
2003-09-09,87,74,0.00,0.0,0
2003-09-10,89,73,2.61,0.0,0
2003-09-11,91,75,0.00,0.0,0
2003-09-12,88,77,0.02,0.0,0
2003-09-13,90,76,0.95,0.0,0
2003-09-14,89,73,0.00,0.0,0
2003-09-15,87,76,0.00,0.0,0
2003-09-16,86,69,0.00,0.0,0
2003-09-17,86,66,0.00,0.0,0
2003-09-18,88,68,0.00,0.0,0
2003-09-19,91,75,0.00,0.0,0
2003-09-20,87,74,T,0.0,0
2003-09-21,86,75,0.59,0.0,0
2003-09-22,82,74,0.31,0.0,0
2003-09-23,87,73,0.00,0.0,0
2003-09-24,88,70,0.00,0.0,0
2003-09-25,88,73,0.00,0.0,0
2003-09-26,89,76,0.87,0.0,0
2003-09-27,92,76,0.01,0.0,0
2003-09-28,85,69,0.00,0.0,0
2003-09-29,76,65,0.00,0.0,0
2003-09-30,77,63,0.00,0.0,0
2003-10-01,82,66,0.00,0.0,0
2003-10-02,73,60,0.00,0.0,0
2003-10-03,78,59,0.00,0.0,0
2003-10-04,83,61,0.00,0.0,0
2003-10-05,85,63,0.00,0.0,0
2003-10-06,83,66,0.00,0.0,0
2003-10-07,84,71,0.00,0.0,0
2003-10-08,83,71,0.00,0.0,0
2003-10-09,83,73,0.14,0.0,0
2003-10-10,76,72,3.60,0.0,0
2003-10-11,75,73,0.02,0.0,0
2003-10-12,83,71,0.00,0.0,0
2003-10-13,82,67,0.00,0.0,0
2003-10-14,87,67,0.00,0.0,0
2003-10-15,77,56,0.00,0.0,0
2003-10-16,81,55,0.00,0.0,0
2003-10-17,86,61,0.27,0.0,0
2003-10-18,74,62,0.00,0.0,0
2003-10-19,78,58,0.00,0.0,0
2003-10-20,83,58,0.00,0.0,0
2003-10-21,86,61,0.00,0.0,0
2003-10-22,87,62,0.00,0.0,0
2003-10-23,85,63,0.00,0.0,0
2003-10-24,85,65,0.00,0.0,0
2003-10-25,83,72,T,0.0,0
2003-10-26,79,63,0.01,0.0,0
2003-10-27,64,59,0.08,0.0,0
2003-10-28,74,57,0.00,0.0,0
2003-10-29,79,55,0.00,0.0,0
2003-10-30,84,62,0.00,0.0,0
2003-10-31,85,69,0.00,0.0,0
2003-11-01,84,70,0.00,0.0,0
2003-11-02,84,63,0.00,0.0,0
2003-11-03,85,59,0.00,0.0,0
2003-11-04,83,64,T,0.0,0
2003-11-05,86,70,T,0.0,0
2003-11-06,85,66,0.00,0.0,0
2003-11-07,73,65,0.00,0.0,0
2003-11-08,76,62,0.00,0.0,0
2003-11-09,77,63,0.00,0.0,0
2003-11-10,75,64,0.00,0.0,0
2003-11-11,83,61,0.00,0.0,0
2003-11-12,86,64,0.00,0.0,0
2003-11-13,74,57,0.00,0.0,0
2003-11-14,66,51,0.00,0.0,0
2003-11-15,80,50,0.00,0.0,0
2003-11-16,82,62,T,0.0,0
2003-11-17,85,66,0.00,0.0,0
2003-11-18,79,62,0.61,0.0,0
2003-11-19,70,54,0.00,0.0,0
2003-11-20,75,46,0.00,0.0,0
2003-11-21,76,50,0.00,0.0,0
2003-11-22,80,57,0.00,0.0,0
2003-11-23,82,57,0.11,0.0,0
2003-11-24,57,42,0.25,0.0,0
2003-11-25,60,37,0.00,0.0,0
2003-11-26,73,50,T,0.0,0
2003-11-27,74,65,5.14,0.0,0
2003-11-28,66,43,0.02,0.0,0
2003-11-29,56,40,0.00,0.0,0
2003-11-30,66,38,0.00,0.0,0
2003-12-01,69,44,0.00,M,M
2003-12-02,64,51,0.00,M,M
2003-12-03,78,52,0.00,M,M
2003-12-04,64,53,0.00,M,M
2003-12-05,59,46,0.00,M,M
2003-12-06,48,41,0.00,M,M
2003-12-07,53,36,0.00,M,M
2003-12-08,69,41,0.00,M,M
2003-12-09,77,56,0.02,M,M
2003-12-10,58,44,T,M,M
2003-12-11,57,40,0.00,M,M
2003-12-12,62,45,0.00,M,M
2003-12-13,61,49,0.67,M,M
2003-12-14,54,36,0.00,M,M
2003-12-15,67,37,0.00,M,M
2003-12-16,74,45,0.04,M,M
2003-12-17,55,38,0.00,M,M
2003-12-18,68,38,0.00,M,M
2003-12-19,63,39,0.00,M,M
2003-12-20,59,35,0.00,M,M
2003-12-21,69,37,0.00,M,M
2003-12-22,70,49,0.00,M,M
2003-12-23,67,49,0.32,M,M
2003-12-24,56,43,0.00,M,M
2003-12-25,54,40,0.00,M,M
2003-12-26,65,44,0.00,M,M
2003-12-27,68,41,0.00,M,M
2003-12-28,75,52,T,M,M
2003-12-29,69,49,0.89,M,M
2003-12-30,57,41,0.00,M,M
2003-12-31,68,39,0.00,0.0,0
2004-01-01,77,51,0.00,0.0,0
2004-01-02,74,63,0.00,0.0,0
2004-01-03,78,63,0.00,0.0,0
2004-01-04,79,68,0.00,0.0,0
2004-01-05,70,43,0.14,M,0
2004-01-06,50,39,0.01,M,0
2004-01-07,49,35,0.00,0.0,0
2004-01-08,57,44,0.54,M,0
2004-01-09,59,44,0.31,M,0
2004-01-10,50,40,0.00,0.0,0
2004-01-11,53,34,0.00,0.0,0
2004-01-12,62,38,0.00,0.0,0
2004-01-13,66,44,0.00,0.0,0
2004-01-14,72,46,0.00,0.0,0
2004-01-15,62,50,0.00,0.0,0
2004-01-16,66,48,0.00,0.0,0
2004-01-17,69,60,0.92,0.0,0
2004-01-18,71,50,0.00,0.0,0
2004-01-19,52,37,T,M,0
2004-01-20,49,33,0.00,0.0,0
2004-01-21,57,35,0.00,0.0,0
2004-01-22,62,35,0.00,0.0,0
2004-01-23,64,39,0.00,0.0,0
2004-01-24,71,48,0.00,0.0,0
2004-01-25,71,57,0.39,0.0,0
2004-01-26,68,51,T,0.0,0
2004-01-27,57,37,0.00,0.0,0
2004-01-28,49,34,0.00,0.0,0
2004-01-29,59,33,0.00,0.0,0
2004-01-30,58,51,0.58,0.0,0
2004-01-31,53,46,0.11,0.0,0
2004-02-01,56,48,T,0.0,0
2004-02-02,63,47,0.06,0.0,0
2004-02-03,57,39,0.00,0.0,0
2004-02-04,65,44,1.18,M,0
2004-02-05,73,62,T,0.0,0
2004-02-06,62,43,0.30,M,0
2004-02-07,54,35,0.00,0.0,0
2004-02-08,45,35,0.00,0.0,0
2004-02-09,65,43,0.00,0.0,0
2004-02-10,58,54,0.84,0.0,0
2004-02-11,64,53,1.18,0.0,0
2004-02-12,57,47,0.20,M,0
2004-02-13,51,46,0.17,0.0,0
2004-02-14,52,42,0.59,M,0
2004-02-15,53,40,0.00,0.0,0
2004-02-16,55,38,0.00,0.0,0
2004-02-17,55,38,0.00,0.0,0
2004-02-18,58,37,0.00,0.0,0
2004-02-19,65,39,0.00,0.0,0
2004-02-20,75,48,0.00,0.0,0
2004-02-21,67,51,0.00,0.0,0
2004-02-22,70,48,0.00,0.0,0
2004-02-23,67,51,2.73,0.0,0
2004-02-24,62,55,0.35,0.0,0
2004-02-25,63,49,0.72,M,0
2004-02-26,50,45,T,M,0
2004-02-27,58,44,0.00,0.0,0
2004-02-28,64,42,0.00,0.0,0
2004-02-29,73,55,0.09,0.0,0
2004-03-01,74,61,0.03,0.0,0
2004-03-02,78,62,0.00,0.0,0
2004-03-03,77,67,T,0.0,0
2004-03-04,77,67,0.05,0.0,0
2004-03-05,76,71,0.02,0.0,0
2004-03-06,81,62,0.07,0.0,0
2004-03-07,77,57,0.00,0.0,0
2004-03-08,67,51,0.00,0.0,0
2004-03-09,75,47,0.00,0.0,0
2004-03-10,62,47,0.00,0.0,0
2004-03-11,66,42,0.00,0.0,0
2004-03-12,73,48,0.00,0.0,0
2004-03-13,73,50,0.00,0.0,0
2004-03-14,70,62,0.32,0.0,0
2004-03-15,71,61,0.00,0.0,0
2004-03-16,75,56,T,0.0,0
2004-03-17,73,52,0.00,0.0,0
2004-03-18,77,60,0.00,0.0,0
2004-03-19,77,57,0.00,0.0,0
2004-03-20,80,57,0.00,0.0,0
2004-03-21,74,56,0.00,0.0,0
2004-03-22,62,48,0.00,0.0,0
2004-03-23,69,51,0.00,0.0,0
2004-03-24,73,50,0.00,0.0,0
2004-03-25,76,63,0.00,0.0,0
2004-03-26,77,60,0.00,0.0,0
2004-03-27,78,61,T,0.0,0
2004-03-28,80,64,0.01,0.0,0
2004-03-29,79,62,0.61,0.0,0
2004-03-30,76,54,0.00,0.0,0
2004-03-31,73,50,0.00,0.0,0
2004-04-01,68,45,0.00,0.0,0
2004-04-02,71,56,0.00,0.0,0
2004-04-03,75,54,0.00,0.0,0
2004-04-04,76,52,0.00,0.0,0
2004-04-05,71,57,0.00,0.0,0
2004-04-06,78,55,0.91,0.0,0
2004-04-07,79,63,0.06,0.0,0
2004-04-08,78,65,0.00,0.0,0
2004-04-09,81,62,0.00,0.0,0
2004-04-10,82,60,0.00,0.0,0
2004-04-11,75,61,2.59,0.0,0
2004-04-12,66,52,0.02,0.0,0
2004-04-13,63,47,T,0.0,0
2004-04-14,70,45,0.00,0.0,0
2004-04-15,74,48,0.00,0.0,0
2004-04-16,75,53,0.00,0.0,0
2004-04-17,77,54,0.00,0.0,0
2004-04-18,79,57,0.00,0.0,0
2004-04-19,80,61,0.00,0.0,0
2004-04-20,78,61,0.00,0.0,0
2004-04-21,81,66,0.00,0.0,0
2004-04-22,83,68,0.00,0.0,0
2004-04-23,85,72,0.00,0.0,0
2004-04-24,84,71,T,0.0,0
2004-04-25,77,68,7.67,0.0,0
2004-04-26,78,67,0.01,0.0,0
2004-04-27,78,61,0.00,0.0,0
2004-04-28,79,58,0.00,0.0,0
2004-04-29,77,66,0.83,0.0,0
2004-04-30,69,65,2.72,0.0,0
2004-05-01,82,64,0.91,0.0,0
2004-05-02,68,59,T,0.0,0
2004-05-03,75,51,0.00,0.0,0
2004-05-04,76,53,0.00,0.0,0
2004-05-05,80,57,0.00,0.0,0
2004-05-06,82,59,0.00,0.0,0
2004-05-07,82,61,0.00,0.0,0
2004-05-08,86,68,T,0.0,0
2004-05-09,86,65,0.00,0.0,0
2004-05-10,83,71,0.09,0.0,0
2004-05-11,82,68,0.99,0.0,0
2004-05-12,83,66,2.93,0.0,0
2004-05-13,84,66,0.01,0.0,0
2004-05-14,84,73,T,0.0,0
2004-05-15,76,69,3.48,0.0,0
2004-05-16,84,70,T,0.0,0
2004-05-17,84,68,1.55,0.0,0
2004-05-18,83,69,0.08,0.0,0
2004-05-19,84,69,0.00,0.0,0
2004-05-20,85,69,0.00,0.0,0
2004-05-21,87,69,0.00,0.0,0
2004-05-22,85,71,0.00,0.0,0
2004-05-23,87,71,0.00,0.0,0
2004-05-24,87,74,0.00,0.0,0
2004-05-25,86,71,0.00,0.0,0
2004-05-26,87,71,0.00,0.0,0
2004-05-27,87,70,0.00,0.0,0
2004-05-28,87,72,0.00,0.0,0
2004-05-29,88,73,0.00,0.0,0
2004-05-30,89,79,0.00,0.0,0
2004-05-31,91,76,T,0.0,0
2004-06-01,88,73,0.01,0.0,0
2004-06-02,88,72,0.03,0.0,0
2004-06-03,88,70,1.94,0.0,0
2004-06-04,86,71,0.11,0.0,0
2004-06-05,85,70,0.17,0.0,0
2004-06-06,88,69,1.34,0.0,0
2004-06-07,90,70,0.00,0.0,0
2004-06-08,88,75,0.01,0.0,0
2004-06-09,92,75,0.00,0.0,0
2004-06-10,91,76,0.00,0.0,0
2004-06-11,92,75,1.60,0.0,0
2004-06-12,91,74,0.00,0.0,0
2004-06-13,89,73,1.78,0.0,0
2004-06-14,83,72,2.62,0.0,0
2004-06-15,89,72,0.02,0.0,0
2004-06-16,90,78,T,0.0,0
2004-06-17,93,76,0.00,0.0,0
2004-06-18,93,77,0.01,0.0,0
2004-06-19,89,78,T,0.0,0
2004-06-20,90,75,0.00,0.0,0
2004-06-21,89,73,0.50,0.0,0
2004-06-22,89,75,0.55,0.0,0
2004-06-23,88,75,0.11,0.0,0
2004-06-24,87,70,1.68,0.0,0
2004-06-25,84,71,0.30,0.0,0
2004-06-26,83,71,0.25,0.0,0
2004-06-27,90,75,T,0.0,0
2004-06-28,89,73,0.52,0.0,0
2004-06-29,88,73,0.03,0.0,0
2004-06-30,89,75,0.00,0.0,0
2004-07-01,88,76,0.02,0.0,0
2004-07-02,86,75,0.04,0.0,0
2004-07-03,90,74,0.40,0.0,0
2004-07-04,91,74,0.05,0.0,0
2004-07-05,91,75,0.00,0.0,0
2004-07-06,91,76,T,0.0,0
2004-07-07,89,72,0.88,0.0,0
2004-07-08,84,72,T,0.0,0
2004-07-09,87,73,0.12,0.0,M
2004-07-10,88,73,0.14,0.0,0
2004-07-11,90,73,T,0.0,0
2004-07-12,92,73,0.03,0.0,0
2004-07-13,94,73,0.00,0.0,0
2004-07-14,93,77,0.00,0.0,0
2004-07-15,95,76,T,0.0,0
2004-07-16,91,74,0.16,0.0,0
2004-07-17,91,77,T,0.0,0
2004-07-18,90,73,0.69,0.0,0
2004-07-19,90,76,0.00,0.0,0
2004-07-20,90,73,0.00,0.0,M
2004-07-21,89,74,0.00,0.0,0
2004-07-22,93,76,0.45,0.0,0
2004-07-23,93,77,0.00,0.0,0
2004-07-24,94,76,0.00,0.0,0
2004-07-25,94,76,0.00,0.0,0
2004-07-26,89,73,0.91,0.0,0
2004-07-27,88,74,0.00,0.0,0
2004-07-28,89,76,0.00,0.0,0
2004-07-29,92,75,0.00,0.0,0
2004-07-30,91,75,T,0.0,M
2004-07-31,92,77,T,0.0,M
2004-08-01,95,78,T,0.0,M
2004-08-02,93,73,1.87,0.0,M
2004-08-03,91,74,0.00,0.0,0
2004-08-04,93,76,0.00,0.0,0
2004-08-05,93,76,0.40,0.0,0
2004-08-06,88,76,0.00,0.0,0
2004-08-07,88,75,0.00,0.0,0
2004-08-08,88,79,0.00,0.0,0
2004-08-09,89,78,0.12,0.0,0
2004-08-10,91,75,0.00,0.0,0
2004-08-11,89,76,0.12,0.0,0
2004-08-12,80,73,0.00,0.0,M
2004-08-13,80,68,0.00,0.0,0
2004-08-14,79,67,0.00,0.0,0
2004-08-15,82,69,0.00,0.0,0
2004-08-16,87,68,0.00,0.0,0
2004-08-17,88,69,0.00,0.0,0
2004-08-18,89,70,0.00,0.0,0
2004-08-19,91,75,0.09,0.0,0
2004-08-20,92,76,0.15,0.0,0
2004-08-21,93,74,0.09,0.0,0
2004-08-22,90,76,0.03,0.0,0
2004-08-23,92,76,0.10,0.0,0
2004-08-24,91,77,T,0.0,0
2004-08-25,92,78,0.13,0.0,0
2004-08-26,93,77,0.00,0.0,0
2004-08-27,91,77,0.15,0.0,0
2004-08-28,89,76,0.00,0.0,0
2004-08-29,88,74,0.19,0.0,0
2004-08-30,87,72,0.31,0.0,0
2004-08-31,88,73,0.00,0.0,0
2004-09-01,89,75,T,0.0,0
2004-09-02,89,73,0.46,0.0,0
2004-09-03,86,73,0.39,0.0,0
2004-09-04,91,75,T,0.0,0
2004-09-05,89,77,0.00,0.0,0
2004-09-06,92,77,0.00,0.0,0
2004-09-07,92,78,0.00,0.0,0
2004-09-08,88,73,0.00,0.0,0
2004-09-09,91,74,0.00,0.0,0
2004-09-10,91,74,0.00,0.0,0
2004-09-11,89,73,0.00,0.0,0
2004-09-12,88,76,0.02,0.0,0
2004-09-13,87,75,0.10,0.0,0
2004-09-14,87,78,0.00,0.0,0
2004-09-15,83,77,T,0.0,0
2004-09-16,90,76,0.00,0.0,0
2004-09-17,94,73,0.00,0.0,0
2004-09-18,90,77,0.00,0.0,0
2004-09-19,84,71,0.00,0.0,0
2004-09-20,85,72,0.00,0.0,M
2004-09-21,83,72,0.00,0.0,0
2004-09-22,81,73,0.25,0.0,0
2004-09-23,84,74,0.07,0.0,0
2004-09-24,87,72,0.00,0.0,0
2004-09-25,87,70,0.00,0.0,0
2004-09-26,87,73,0.00,0.0,0
2004-09-27,87,70,0.00,0.0,0
2004-09-28,88,69,0.00,0.0,0
2004-09-29,86,71,0.00,0.0,0
2004-09-30,85,70,0.00,0.0,0
2004-10-01,88,69,0.00,0.0,0
2004-10-02,90,71,0.00,0.0,0
2004-10-03,92,73,0.05,0.0,0
2004-10-04,89,71,0.16,0.0,0
2004-10-05,85,72,0.09,0.0,0
2004-10-06,87,73,0.27,0.0,0
2004-10-07,80,75,0.23,0.0,0
2004-10-08,76,73,1.64,0.0,0
2004-10-09,74,70,4.40,0.0,0
2004-10-10,83,71,1.46,0.0,0
2004-10-11,83,67,0.00,0.0,0
2004-10-12,80,65,0.00,0.0,0
2004-10-13,80,58,0.00,0.0,0
2004-10-14,70,58,0.08,0.0,0
2004-10-15,78,49,0.00,0.0,0
2004-10-16,83,56,0.00,0.0,0
2004-10-17,83,63,0.00,0.0,0
2004-10-18,86,71,0.01,0.0,0
2004-10-19,88,77,0.05,0.0,0
2004-10-20,90,75,T,0.0,0
2004-10-21,87,74,0.00,0.0,0
2004-10-22,86,74,0.00,0.0,0
2004-10-23,86,71,0.08,0.0,0
2004-10-24,88,72,0.00,0.0,0
2004-10-25,87,71,0.00,0.0,M
2004-10-26,86,69,0.00,0.0,0
2004-10-27,87,69,0.00,0.0,0
2004-10-28,85,67,0.00,0.0,M
2004-10-29,85,67,0.00,0.0,0
2004-10-30,87,71,0.00,0.0,0
2004-10-31,85,71,0.01,0.0,0
2004-11-01,86,73,0.11,0.0,0
2004-11-02,85,72,2.16,0.0,0
2004-11-03,80,65,0.29,0.0,0
2004-11-04,69,55,0.00,0.0,0
2004-11-05,69,54,0.00,0.0,0
2004-11-06,71,47,0.00,0.0,0
2004-11-07,76,49,0.00,0.0,0
2004-11-08,76,54,0.00,0.0,0
2004-11-09,70,55,0.00,0.0,0
2004-11-10,72,65,0.19,0.0,0
2004-11-11,80,60,0.00,0.0,0
2004-11-12,62,56,0.00,0.0,0
2004-11-13,59,54,T,0.0,0
2004-11-14,66,57,T,0.0,0
2004-11-15,68,61,0.00,0.0,0
2004-11-16,73,60,0.00,0.0,0
2004-11-17,74,60,0.00,0.0,0
2004-11-18,71,66,0.10,0.0,0
2004-11-19,77,63,0.00,0.0,0
2004-11-20,74,65,0.66,0.0,0
2004-11-21,81,66,0.00,0.0,0
2004-11-22,78,68,0.38,0.0,0
2004-11-23,81,69,0.74,0.0,0
2004-11-24,75,50,1.01,0.0,0
2004-11-25,56,45,0.00,0.0,0
2004-11-26,65,42,0.00,0.0,0
2004-11-27,76,52,0.99,0.0,0
2004-11-28,63,49,0.00,0.0,0
2004-11-29,77,51,0.00,0.0,0
2004-11-30,77,52,0.80,0.0,0
2004-12-01,55,43,T,M,0
2004-12-02,60,44,0.00,0.0,0
2004-12-03,59,44,0.24,M,M
2004-12-04,63,50,0.08,0.0,M
2004-12-05,74,59,0.73,0.0,M
2004-12-06,77,67,T,0.0,M
2004-12-07,73,55,0.32,0.0,M
2004-12-08,71,56,0.00,0.0,0
2004-12-09,77,64,1.16,0.0,0
2004-12-10,69,52,0.00,0.0,0
2004-12-11,57,41,0.00,0.0,0
2004-12-12,67,40,0.00,0.0,0
2004-12-13,64,47,0.00,0.0,0
2004-12-14,47,37,0.00,0.0,0
2004-12-15,47,34,0.00,0.0,0
2004-12-16,62,37,0.00,0.0,0
2004-12-17,59,42,0.00,0.0,0
2004-12-18,61,39,0.00,0.0,0
2004-12-19,60,40,0.00,0.0,0
2004-12-20,56,33,0.00,0.0,0
2004-12-21,72,44,T,M,0
2004-12-22,70,42,0.36,M,0
2004-12-23,42,33,0.00,0.0,0
2004-12-24,37,30,T,M,0
2004-12-25,37,32,0.55,0.5,0
2004-12-26,52,25,0.00,0.0,0
2004-12-27,57,32,0.00,0.0,0
2004-12-28,65,32,0.00,0.0,0
2004-12-29,72,40,0.00,0.0,0
2004-12-30,72,50,0.00,0.0,0
2004-12-31,72,58,T,0.0,0
2005-01-01,74,61,T,0.0,0
2005-01-02,74,58,0.00,0.0,0
2005-01-03,75,62,0.00,0.0,0
2005-01-04,76,60,0.00,0.0,0
2005-01-05,77,62,T,0.0,0
2005-01-06,67,59,0.15,0.0,0
2005-01-07,77,60,0.03,0.0,0
2005-01-08,72,54,0.73,0.0,0
2005-01-09,61,52,T,0.0,0
2005-01-10,67,52,0.00,0.0,0
2005-01-11,78,60,T,0.0,0
2005-01-12,78,65,T,0.0,0
2005-01-13,72,52,1.44,0.0,0
2005-01-14,57,46,0.00,0.0,0
2005-01-15,56,43,0.00,0.0,0
2005-01-16,60,40,0.00,0.0,0
2005-01-17,47,33,0.00,0.0,0
2005-01-18,48,36,0.00,0.0,0
2005-01-19,60,34,0.00,0.0,0
2005-01-20,70,54,T,0.0,0
2005-01-21,75,55,0.00,0.0,0
2005-01-22,74,44,0.29,M,0
2005-01-23,44,31,0.00,0.0,0
2005-01-24,51,33,0.00,0.0,0
2005-01-25,68,38,0.00,0.0,0
2005-01-26,73,60,0.00,0.0,0
2005-01-27,61,49,0.00,0.0,0
2005-01-28,64,51,0.50,0.0,0
2005-01-29,61,51,0.00,0.0,0
2005-01-30,55,51,0.00,0.0,0
2005-01-31,57,50,1.27,0.0,0
2005-02-01,63,51,2.24,0.0,0
2005-02-02,63,50,2.38,0.0,0
2005-02-03,51,47,0.00,0.0,0
2005-02-04,56,44,0.00,0.0,0
2005-02-05,63,44,0.00,0.0,0
2005-02-06,66,53,0.00,0.0,0
2005-02-07,71,61,0.05,0.0,0
2005-02-08,74,60,0.16,0.0,0
2005-02-09,73,57,0.19,0.0,0
2005-02-10,57,44,0.00,0.0,0
2005-02-11,61,39,0.00,0.0,0
2005-02-12,63,43,0.00,0.0,0
2005-02-13,73,51,0.65,0.0,0
2005-02-14,74,54,0.33,0.0,0
2005-02-15,75,55,T,0.0,0
2005-02-16,77,59,0.00,0.0,0
2005-02-17,60,53,0.00,0.0,0
2005-02-18,61,48,0.00,0.0,0
2005-02-19,67,44,0.00,0.0,0
2005-02-20,74,60,0.00,0.0,0
2005-02-21,80,64,T,0.0,0
2005-02-22,77,64,0.01,0.0,0
2005-02-23,67,61,1.21,0.0,0
2005-02-24,62,53,0.80,0.0,0
2005-02-25,63,50,0.00,0.0,0
2005-02-26,62,51,0.01,0.0,0
2005-02-27,63,53,0.21,0.0,0
2005-02-28,64,50,T,0.0,0
2005-03-01,63,43,0.00,0.0,0
2005-03-02,57,44,0.07,M,0
2005-03-03,59,49,0.40,M,0
2005-03-04,64,42,0.00,0.0,0
2005-03-05,71,47,0.00,M,0
2005-03-06,68,54,0.00,0.0,0
2005-03-07,78,53,1.03,0.0,0
2005-03-08,62,53,0.00,0.0,0
2005-03-09,64,50,0.02,0.0,0
2005-03-10,63,42,0.00,0.0,0
2005-03-11,72,48,0.00,0.0,0
2005-03-12,76,46,0.00,0.0,0
2005-03-13,78,59,0.00,0.0,0
2005-03-14,69,54,T,0.0,0
2005-03-15,61,56,1.88,0.0,0
2005-03-16,56,47,0.93,M,0
2005-03-17,55,42,0.00,0.0,0
2005-03-18,62,39,0.00,0.0,0
2005-03-19,75,46,0.00,0.0,0
2005-03-20,72,60,0.22,0.0,0
2005-03-21,75,56,0.00,0.0,0
2005-03-22,79,62,0.05,0.0,0
2005-03-23,74,54,0.00,0.0,0
2005-03-24,74,54,0.00,0.0,0
2005-03-25,84,62,0.00,0.0,0
2005-03-26,76,65,0.03,0.0,0
2005-03-27,74,53,T,0.0,0
2005-03-28,70,47,0.00,0.0,0
2005-03-29,74,47,0.00,0.0,0
2005-03-30,78,60,0.03,0.0,0
2005-03-31,80,73,0.02,0.0,0
2005-04-01,78,59,0.04,0.0,0
2005-04-02,71,54,0.00,0.0,0
2005-04-03,73,48,0.00,0.0,0
2005-04-04,75,50,0.00,0.0,0
2005-04-05,78,60,T,0.0,0
2005-04-06,78,64,0.44,0.0,0
2005-04-07,72,58,0.00,0.0,0
2005-04-08,76,58,0.00,0.0,0
2005-04-09,77,55,0.00,0.0,0
2005-04-10,77,61,0.00,0.0,0
2005-04-11,81,63,1.36,0.0,0
2005-04-12,79,60,0.00,0.0,0
2005-04-13,78,54,0.00,0.0,0
2005-04-14,71,58,0.00,0.0,0
2005-04-15,76,55,0.00,0.0,0
2005-04-16,79,57,0.00,0.0,0
2005-04-17,79,54,0.00,0.0,0
2005-04-18,77,55,0.00,0.0,0
2005-04-19,77,65,0.00,0.0,0
2005-04-20,81,63,T,0.0,0
2005-04-21,83,63,0.00,0.0,0
2005-04-22,86,63,0.00,0.0,0
2005-04-23,76,61,0.00,0.0,0
2005-04-24,70,56,0.00,0.0,0
2005-04-25,70,58,0.13,0.0,0
2005-04-26,86,60,0.00,0.0,0
2005-04-27,83,54,0.00,0.0,0
2005-04-28,83,59,0.00,0.0,0
2005-04-29,85,65,T,0.0,0
2005-04-30,77,61,1.34,0.0,0
2005-05-01,74,57,0.00,0.0,0
2005-05-02,75,60,0.00,0.0,0
2005-05-03,75,60,0.00,0.0,0
2005-05-04,73,62,0.00,0.0,0
2005-05-05,78,60,0.00,0.0,0
2005-05-06,81,61,0.00,0.0,0
2005-05-07,81,61,0.00,0.0,0
2005-05-08,81,59,0.00,0.0,0
2005-05-09,80,65,0.10,0.0,0
2005-05-10,86,63,0.00,0.0,0
2005-05-11,87,67,T,0.0,0
2005-05-12,90,66,0.00,0.0,0
2005-05-13,84,70,0.05,0.0,0
2005-05-14,85,68,0.00,0.0,0
2005-05-15,84,67,0.00,0.0,0
2005-05-16,84,68,0.00,0.0,0
2005-05-17,83,68,0.02,0.0,0
2005-05-18,86,66,0.09,0.0,0
2005-05-19,86,66,0.00,0.0,0
2005-05-20,90,68,0.00,0.0,0
2005-05-21,92,73,0.00,0.0,0
2005-05-22,92,75,0.00,0.0,0
2005-05-23,93,76,0.00,0.0,0
2005-05-24,94,75,0.00,0.0,0
2005-05-25,86,74,0.00,0.0,0
2005-05-26,87,71,0.00,0.0,0
2005-05-27,88,68,0.00,0.0,0
2005-05-28,90,68,0.00,0.0,0
2005-05-29,85,70,0.35,0.0,0
2005-05-30,80,70,0.86,0.0,0
2005-05-31,81,71,1.12,0.0,0
2005-06-01,84,70,T,0.0,0
2005-06-02,89,70,0.00,0.0,0
2005-06-03,91,74,0.00,0.0,0
2005-06-04,91,73,0.00,0.0,0
2005-06-05,91,75,0.12,0.0,0
2005-06-06,86,70,0.69,0.0,0
2005-06-07,90,71,0.01,0.0,0
2005-06-08,90,72,0.07,0.0,0
2005-06-09,89,72,0.48,0.0,0
2005-06-10,90,73,T,0.0,0
2005-06-11,85,75,0.00,0.0,0
2005-06-12,89,71,0.00,0.0,0
2005-06-13,91,75,0.00,0.0,0
2005-06-14,93,77,0.00,0.0,0
2005-06-15,95,77,T,0.0,0
2005-06-16,94,75,T,0.0,0
2005-06-17,91,74,0.07,0.0,0
2005-06-18,87,73,0.20,0.0,0
2005-06-19,89,76,0.00,0.0,0
2005-06-20,90,76,0.00,0.0,0
2005-06-21,91,73,0.00,0.0,0
2005-06-22,92,74,0.00,0.0,0
2005-06-23,93,73,0.00,0.0,0
2005-06-24,94,76,0.15,0.0,0
2005-06-25,92,75,0.18,0.0,0
2005-06-26,91,71,0.22,0.0,0
2005-06-27,91,74,0.02,0.0,0
2005-06-28,92,75,0.03,0.0,0
2005-06-29,90,75,0.11,0.0,0
2005-06-30,89,77,0.17,0.0,0
2005-07-01,90,77,1.38,0.0,0
2005-07-02,90,73,0.04,0.0,0
2005-07-03,91,72,1.10,0.0,0
2005-07-04,92,76,0.00,0.0,0
2005-07-05,81,72,0.95,0.0,0
2005-07-06,88,70,3.69,0.0,0
2005-07-07,89,74,1.07,0.0,0
2005-07-08,88,76,0.04,0.0,0
2005-07-09,93,74,T,0.0,0
2005-07-10,83,76,T,0.0,0
2005-07-11,92,75,0.00,0.0,0
2005-07-12,92,80,0.00,0.0,0
2005-07-13,90,78,0.04,0.0,0
2005-07-14,90,75,0.29,0.0,0
2005-07-15,86,76,0.07,0.0,0
2005-07-16,90,75,1.23,0.0,0
2005-07-17,91,77,0.27,0.0,0
2005-07-18,92,78,0.00,0.0,0
2005-07-19,91,80,0.00,0.0,0
2005-07-20,93,81,0.00,0.0,0
2005-07-21,94,77,0.14,0.0,0
2005-07-22,92,77,0.00,0.0,0
2005-07-23,93,77,0.00,0.0,0
2005-07-24,97,79,0.01,0.0,0
2005-07-25,98,78,0.00,0.0,0
2005-07-26,92,78,0.04,0.0,0
2005-07-27,89,78,0.11,0.0,0
2005-07-28,96,77,0.11,0.0,0
2005-07-29,94,76,0.00,0.0,0
2005-07-30,91,79,0.07,0.0,0
2005-07-31,92,76,0.00,0.0,0
2005-08-01,92,76,0.46,0.0,0
2005-08-02,88,75,0.39,0.0,0
2005-08-03,88,76,0.04,0.0,0
2005-08-04,86,75,0.43,0.0,0
2005-08-05,89,72,T,0.0,0
2005-08-06,88,76,T,0.0,0
2005-08-07,92,74,0.00,0.0,0
2005-08-08,93,74,0.00,0.0,0
2005-08-09,93,76,0.00,0.0,0
2005-08-10,94,76,0.00,0.0,0
2005-08-11,93,77,0.00,0.0,0
2005-08-12,92,78,0.02,0.0,0
2005-08-13,94,77,0.00,0.0,0
2005-08-14,96,77,0.00,0.0,0
2005-08-15,93,77,T,0.0,0
2005-08-16,94,77,0.00,0.0,0
2005-08-17,96,77,0.00,0.0,0
2005-08-18,95,78,0.01,0.0,0
2005-08-19,94,79,0.00,0.0,0
2005-08-20,96,79,0.00,0.0,0
2005-08-21,95,77,0.22,0.0,0
2005-08-22,95,74,1.27,0.0,0
2005-08-23,94,76,0.11,0.0,0
2005-08-24,92,78,0.07,0.0,0
2005-08-25,91,80,0.10,0.0,0
2005-08-26,93,80,0.00,0.0,0
2005-08-27,93,81,T,0.0,0
2005-08-28,91,79,0.65,0.0,0
2005-08-29,91,77,4.50,M,M
2005-08-30,92,81,0.00,M,M
2005-08-31,92,80,0.00,M,M
2005-09-01,88,74,0.71,M,M
2005-09-02,91,77,0.00,M,M
2005-09-03,93,75,0.00,M,M
2005-09-04,90,77,0.00,M,M
2005-09-05,90,73,0.15,M,M
2005-09-06,88,77,0.00,M,M
2005-09-07,89,76,0.00,0.0,M
2005-09-08,89,76,0.00,0.0,0
2005-09-09,91,75,0.00,0.0,0
2005-09-10,90,74,0.00,0.0,0
2005-09-11,91,72,0.00,0.0,0
2005-09-12,90,72,0.00,0.0,0
2005-09-13,90,70,0.00,0.0,0
2005-09-14,91,73,0.00,0.0,0
2005-09-15,91,76,0.00,0.0,0
2005-09-16,94,75,1.06,0.0,0
2005-09-17,90,77,0.01,0.0,0
2005-09-18,92,78,0.00,0.0,0
2005-09-19,94,76,0.00,0.0,0
2005-09-20,96,78,0.00,0.0,0
2005-09-21,95,78,0.00,0.0,0
2005-09-22,89,75,0.21,M,M
2005-09-23,83,78,1.59,0.0,0
2005-09-24,86,78,0.49,0.0,0
2005-09-25,89,81,0.00,0.0,M
2005-09-26,93,79,0.00,0.0,0
2005-09-27,91,79,0.00,0.0,0
2005-09-28,92,77,0.00,0.0,0
2005-09-29,91,76,0.00,0.0,0
2005-09-30,87,73,0.00,0.0,0
2005-10-01,90,76,T,0.0,0
2005-10-02,90,79,0.01,0.0,0
2005-10-03,87,78,0.03,0.0,0
2005-10-04,87,78,0.00,0.0,0
2005-10-05,89,77,0.00,0.0,0
2005-10-06,90,75,0.00,0.0,0
2005-10-07,81,68,0.00,0.0,0
2005-10-08,79,65,0.00,0.0,0
2005-10-09,80,63,0.00,0.0,0
2005-10-10,83,61,0.00,0.0,0
2005-10-11,85,69,0.00,0.0,0
2005-10-12,84,70,0.00,0.0,0
2005-10-13,85,72,0.00,0.0,0
2005-10-14,86,70,0.00,0.0,0
2005-10-15,82,67,0.00,0.0,0
2005-10-16,87,64,0.00,0.0,M
2005-10-17,81,60,0.00,0.0,0
2005-10-18,85,58,0.00,0.0,0
2005-10-19,86,60,0.00,0.0,0
2005-10-20,85,64,0.00,0.0,0
2005-10-21,86,67,T,0.0,0
2005-10-22,77,63,0.00,0.0,0
2005-10-23,77,56,0.00,0.0,0
2005-10-24,64,50,0.00,0.0,0
2005-10-25,67,45,0.00,0.0,0
2005-10-26,65,45,0.00,0.0,0
2005-10-27,69,47,0.00,0.0,0
2005-10-28,68,54,0.00,0.0,0
2005-10-29,71,49,0.00,0.0,0
2005-10-30,74,48,0.00,0.0,0
2005-10-31,78,51,0.00,0.0,0
2005-11-01,68,57,0.02,0.0,0
2005-11-02,73,52,0.00,0.0,0
2005-11-03,79,46,0.00,0.0,0
2005-11-04,81,60,0.00,0.0,0
2005-11-05,82,68,T,0.0,0
2005-11-06,85,65,0.00,0.0,0
2005-11-07,85,63,0.00,0.0,0
2005-11-08,78,64,0.00,0.0,0
2005-11-09,79,65,0.00,0.0,0
2005-11-10,79,64,0.00,0.0,0
2005-11-11,73,57,0.00,0.0,0
2005-11-12,79,50,0.00,0.0,0
2005-11-13,83,60,T,0.0,0
2005-11-14,83,66,T,0.0,M
2005-11-15,84,66,0.04,0.0,0
2005-11-16,67,47,T,M,0
2005-11-17,56,43,0.00,0.0,0
2005-11-18,59,41,0.00,0.0,0
2005-11-19,66,49,0.00,0.0,0
2005-11-20,66,47,T,M,0
2005-11-21,62,45,T,0.0,0
2005-11-22,67,42,0.00,0.0,0
2005-11-23,74,42,0.00,0.0,0
2005-11-24,79,57,0.00,0.0,0
2005-11-25,67,56,0.00,0.0,0
2005-11-26,78,59,0.61,0.0,0
2005-11-27,79,60,0.02,0.0,0
2005-11-28,74,54,0.06,0.0,0
2005-11-29,61,45,0.00,0.0,0
2005-11-30,60,44,0.00,0.0,0
2005-12-01,74,42,0.07,M,0
2005-12-02,60,47,0.00,0.0,0
2005-12-03,79,58,0.00,0.0,0
2005-12-04,81,62,0.01,0.0,0
2005-12-05,65,42,0.58,M,0
2005-12-06,54,38,0.00,0.0,0
2005-12-07,57,49,T,M,0
2005-12-08,59,43,0.09,M,0
2005-12-09,48,39,0.00,0.0,0
2005-12-10,56,36,0.00,0.0,0
2005-12-11,60,43,0.00,0.0,0
2005-12-12,67,41,0.00,0.0,0
2005-12-13,67,39,0.00,0.0,0
2005-12-14,75,50,1.60,0.0,0
2005-12-15,66,42,0.15,M,0
2005-12-16,51,40,0.00,0.0,0
2005-12-17,49,44,0.22,M,0
2005-12-18,61,43,0.00,0.0,0
2005-12-19,54,43,0.00,0.0,0
2005-12-20,53,39,0.00,0.0,0
2005-12-21,51,35,0.00,0.0,0
2005-12-22,55,34,0.00,0.0,0
2005-12-23,65,34,0.00,0.0,0
2005-12-24,72,50,0.60,0.0,0
2005-12-25,63,43,0.00,0.0,0
2005-12-26,65,37,0.00,0.0,0
2005-12-27,75,42,0.00,0.0,0
2005-12-28,77,53,T,0.0,0
2005-12-29,69,46,0.00,0.0,0
2005-12-30,76,50,0.00,0.0,0
2005-12-31,75,61,0.00,0.0,0
2006-01-01,81,63,0.81,0.0,M
2006-01-02,79,59,0.00,0.0,0
2006-01-03,72,51,0.00,0.0,0
2006-01-04,76,47,0.00,0.0,0
2006-01-05,64,46,0.00,0.0,0
2006-01-06,52,36,0.00,0.0,0
2006-01-07,61,32,0.00,0.0,0
2006-01-08,74,49,0.00,0.0,0
2006-01-09,77,50,0.00,0.0,0
2006-01-10,71,57,T,0.0,0
2006-01-11,66,51,0.00,0.0,0
2006-01-12,70,52,0.00,0.0,0
2006-01-13,68,51,0.46,0.0,0
2006-01-14,61,44,0.00,0.0,0
2006-01-15,64,41,0.00,0.0,0
2006-01-16,73,54,0.00,0.0,0
2006-01-17,66,39,1.01,0.0,0
2006-01-18,64,35,0.00,0.0,0
2006-01-19,69,43,0.00,0.0,0
2006-01-20,68,60,0.10,0.0,0
2006-01-21,71,62,0.12,0.0,0
2006-01-22,75,61,0.16,0.0,0
2006-01-23,70,56,0.07,0.0,0
2006-01-24,63,47,0.00,0.0,0
2006-01-25,66,49,0.00,0.0,0
2006-01-26,57,47,0.00,0.0,0
2006-01-27,70,46,0.00,0.0,0
2006-01-28,74,61,0.18,0.0,0
2006-01-29,73,61,0.04,0.0,0
2006-01-30,76,50,0.00,0.0,0
2006-01-31,65,41,0.00,0.0,0
2006-02-01,72,43,0.05,M,0
2006-02-02,76,60,2.01,0.0,0
2006-02-03,79,50,0.00,0.0,0
2006-02-04,61,46,0.00,0.0,0
2006-02-05,61,40,0.00,0.0,0
2006-02-06,76,51,0.06,0.0,0
2006-02-07,59,43,0.00,0.0,0
2006-02-08,63,38,0.00,0.0,0
2006-02-09,57,45,0.00,0.0,0
2006-02-10,68,42,0.73,M,0
2006-02-11,55,40,0.01,M,0
2006-02-12,48,30,0.00,0.0,0
2006-02-13,55,32,0.00,0.0,0
2006-02-14,66,36,0.00,0.0,0
2006-02-15,75,53,0.00,0.0,0
2006-02-16,78,61,0.00,0.0,0
2006-02-17,74,61,0.00,0.0,0
2006-02-18,63,44,0.02,M,0
2006-02-19,50,41,0.01,M,0
2006-02-20,56,50,T,0.0,0
2006-02-21,67,51,0.00,0.0,0
2006-02-22,82,62,0.00,0.0,0
2006-02-23,71,57,T,0.0,0
2006-02-24,60,54,0.10,0.0,0
2006-02-25,77,56,0.17,0.0,0
2006-02-26,63,49,0.00,0.0,0
2006-02-27,65,43,0.00,0.0,0
2006-02-28,75,47,0.00,0.0,0
2006-03-01,78,52,0.00,0.0,0
2006-03-02,81,54,0.00,0.0,0
2006-03-03,77,59,0.00,0.0,0
2006-03-04,69,50,0.00,0.0,0
2006-03-05,73,47,0.00,0.0,0
2006-03-06,77,57,0.00,0.0,0
2006-03-07,77,54,0.00,0.0,0
2006-03-08,78,57,0.00,0.0,0
2006-03-09,79,67,0.23,0.0,0
2006-03-10,81,69,T,0.0,0
2006-03-11,82,70,T,0.0,0
2006-03-12,82,73,0.00,0.0,0
2006-03-13,80,70,0.13,0.0,0
2006-03-14,73,57,0.00,0.0,0
2006-03-15,67,54,0.00,0.0,0
2006-03-16,73,55,0.07,0.0,0
2006-03-17,80,63,0.00,0.0,0
2006-03-18,66,59,0.00,0.0,0
2006-03-19,74,58,T,0.0,0
2006-03-20,79,69,T,0.0,0
2006-03-21,77,53,0.00,0.0,0
2006-03-22,62,51,0.14,0.0,0
2006-03-23,62,46,0.03,0.0,0
2006-03-24,61,43,0.00,0.0,0
2006-03-25,65,38,0.00,0.0,0
2006-03-26,66,49,0.00,0.0,0
2006-03-27,72,48,0.00,0.0,0
2006-03-28,78,54,0.00,0.0,0
2006-03-29,78,63,0.03,0.0,0
2006-03-30,79,64,0.00,0.0,0
2006-03-31,81,68,0.00,0.0,0
2006-04-01,83,65,0.00,0.0,0
2006-04-02,84,68,0.00,0.0,0
2006-04-03,86,67,0.00,0.0,0
2006-04-04,79,62,0.00,0.0,0
2006-04-05,81,59,0.00,0.0,0
2006-04-06,83,64,0.00,0.0,0
2006-04-07,84,71,0.00,0.0,0
2006-04-08,77,60,T,0.0,0
2006-04-09,74,55,0.00,0.0,0
2006-04-10,79,56,0.00,0.0,0
2006-04-11,80,55,0.00,0.0,0
2006-04-12,80,61,0.00,0.0,0
2006-04-13,82,59,0.00,0.0,0
2006-04-14,83,59,0.00,0.0,0
2006-04-15,83,61,0.00,0.0,0
2006-04-16,85,66,0.00,0.0,0
2006-04-17,91,72,0.00,0.0,0
2006-04-18,89,69,0.00,0.0,0
2006-04-19,89,68,0.00,0.0,0
2006-04-20,88,69,0.00,0.0,0
2006-04-21,85,67,0.46,0.0,0
2006-04-22,81,67,0.00,0.0,0
2006-04-23,85,64,0.00,0.0,0
2006-04-24,87,65,0.00,0.0,0
2006-04-25,88,69,0.11,0.0,0
2006-04-26,79,65,1.29,0.0,0
2006-04-27,77,59,0.00,0.0,0
2006-04-28,80,61,0.00,0.0,0
2006-04-29,81,70,0.11,0.0,0
2006-04-30,83,67,1.81,0.0,0
2006-05-01,85,61,0.00,0.0,0
2006-05-02,85,69,0.00,0.0,0
2006-05-03,85,66,0.00,0.0,0
2006-05-04,86,67,0.19,0.0,0
2006-05-05,85,67,T,0.0,0
2006-05-06,82,67,T,0.0,0
2006-05-07,86,72,T,0.0,0
2006-05-08,86,69,0.00,0.0,0
2006-05-09,87,76,0.00,0.0,M
2006-05-10,88,78,0.00,0.0,0
2006-05-11,80,62,0.00,0.0,0
2006-05-12,79,59,0.00,0.0,0
2006-05-13,85,60,0.00,0.0,0
2006-05-14,83,67,0.00,0.0,0
2006-05-15,78,64,0.00,0.0,0
2006-05-16,78,59,0.00,0.0,0
2006-05-17,81,57,0.00,0.0,0
2006-05-18,87,60,0.00,0.0,0
2006-05-19,89,68,0.00,0.0,0
2006-05-20,87,66,0.00,0.0,0
2006-05-21,86,64,0.00,0.0,0
2006-05-22,87,69,T,0.0,0
2006-05-23,88,70,T,0.0,0
2006-05-24,89,71,0.00,0.0,0
2006-05-25,89,71,0.00,0.0,0
2006-05-26,90,71,0.00,0.0,0
2006-05-27,89,72,0.09,0.0,0
2006-05-28,91,75,0.00,0.0,0
2006-05-29,93,76,0.00,0.0,0
2006-05-30,90,75,0.00,0.0,0
2006-05-31,91,72,0.00,0.0,0
2006-06-01,93,73,0.00,0.0,0
2006-06-02,92,72,0.03,0.0,0
2006-06-03,89,73,0.00,0.0,0
2006-06-04,90,75,0.00,0.0,0
2006-06-05,92,68,0.00,0.0,0
2006-06-06,92,76,0.00,0.0,0
2006-06-07,87,70,2.28,0.0,0
2006-06-08,93,71,0.00,0.0,0
2006-06-09,95,75,0.00,0.0,0
2006-06-10,94,76,0.00,0.0,0
2006-06-11,93,75,0.00,0.0,0
2006-06-12,96,74,0.09,0.0,0
2006-06-13,91,74,0.00,0.0,0
2006-06-14,92,75,0.00,0.0,0
2006-06-15,92,74,0.00,0.0,0
2006-06-16,92,79,0.00,0.0,0
2006-06-17,91,79,0.00,0.0,0
2006-06-18,92,78,0.00,0.0,0
2006-06-19,92,76,0.02,0.0,0
2006-06-20,92,76,0.00,0.0,0
2006-06-21,93,75,0.25,0.0,0
2006-06-22,94,76,0.00,0.0,0
2006-06-23,96,76,T,M,M
2006-06-24,95,76,T,0.0,0
2006-06-25,94,73,0.00,0.0,0
2006-06-26,94,77,0.11,0.0,0
2006-06-27,93,78,0.00,0.0,0
2006-06-28,93,76,0.00,0.0,0
2006-06-29,94,74,0.00,0.0,0
2006-06-30,96,74,0.00,0.0,0
2006-07-01,91,76,0.00,0.0,0
2006-07-02,88,74,0.37,0.0,0
2006-07-03,86,73,1.38,0.0,0
2006-07-04,89,77,1.13,0.0,0
2006-07-05,90,75,0.06,0.0,0
2006-07-06,90,76,T,0.0,0
2006-07-07,90,76,0.01,0.0,0
2006-07-08,91,78,T,0.0,0
2006-07-09,90,75,0.11,0.0,0
2006-07-10,89,76,0.11,0.0,0
2006-07-11,91,73,0.00,0.0,0
2006-07-12,91,73,0.03,0.0,0
2006-07-13,90,75,0.07,0.0,0
2006-07-14,91,76,T,0.0,0
2006-07-15,92,76,0.00,0.0,0
2006-07-16,95,77,0.00,0.0,0
2006-07-17,95,76,0.04,0.0,0
2006-07-18,92,76,0.02,0.0,0
2006-07-19,93,76,0.08,0.0,0
2006-07-20,93,75,T,0.0,0
2006-07-21,94,74,0.00,0.0,0
2006-07-22,94,76,0.04,0.0,0
2006-07-23,82,72,0.54,0.0,0
2006-07-24,86,73,0.60,0.0,0
2006-07-25,85,74,0.04,0.0,0
2006-07-26,90,74,0.00,0.0,0
2006-07-27,91,77,0.00,0.0,0
2006-07-28,93,79,0.00,0.0,0
2006-07-29,93,79,0.00,0.0,0
2006-07-30,93,77,0.23,0.0,0
2006-07-31,91,77,0.00,0.0,0
2006-08-01,90,77,0.71,0.0,0
2006-08-02,93,77,0.00,0.0,0
2006-08-03,94,76,0.00,0.0,0
2006-08-04,95,74,0.47,0.0,0
2006-08-05,89,73,0.37,0.0,0
2006-08-06,90,75,0.03,0.0,0
2006-08-07,88,76,0.97,0.0,0
2006-08-08,91,76,T,0.0,0
2006-08-09,92,75,0.43,0.0,0
2006-08-10,90,73,0.00,0.0,0
2006-08-11,92,76,0.00,0.0,0
2006-08-12,90,75,1.24,0.0,0
2006-08-13,91,76,0.00,0.0,0
2006-08-14,93,78,0.00,0.0,0
2006-08-15,97,79,0.00,0.0,0
2006-08-16,94,76,T,0.0,0
2006-08-17,93,76,0.00,0.0,0
2006-08-18,91,76,0.64,0.0,0
2006-08-19,93,78,0.00,0.0,0
2006-08-20,94,77,T,0.0,0
2006-08-21,93,77,0.72,0.0,0
2006-08-22,89,78,0.17,0.0,0
2006-08-23,87,76,T,0.0,0
2006-08-24,88,76,0.33,0.0,0
2006-08-25,90,75,T,0.0,0
2006-08-26,89,75,0.43,0.0,0
2006-08-27,89,73,T,0.0,0
2006-08-28,92,75,0.00,0.0,0
2006-08-29,93,77,0.07,0.0,M
2006-08-30,90,75,0.12,0.0,0
2006-08-31,87,74,0.00,0.0,0
2006-09-01,87,72,0.00,0.0,0
2006-09-02,89,72,T,0.0,0
2006-09-03,91,71,T,0.0,0
2006-09-04,90,74,T,0.0,0
2006-09-05,90,74,0.00,0.0,0
2006-09-06,89,77,0.00,0.0,0
2006-09-07,90,71,T,0.0,0
2006-09-08,90,71,0.00,0.0,0
2006-09-09,85,72,0.07,0.0,0
2006-09-10,87,73,0.01,0.0,0
2006-09-11,86,72,0.23,0.0,0
2006-09-12,91,74,0.68,0.0,0
2006-09-13,89,72,0.01,0.0,0
2006-09-14,87,74,0.00,0.0,0
2006-09-15,89,72,0.00,0.0,0
2006-09-16,92,74,2.57,0.0,0
2006-09-17,88,76,0.13,0.0,0
2006-09-18,89,75,0.39,0.0,0
2006-09-19,84,73,T,0.0,0
2006-09-20,81,64,T,0.0,0
2006-09-21,85,61,0.03,0.0,0
2006-09-22,90,77,0.15,0.0,0
2006-09-23,92,80,0.00,0.0,0
2006-09-24,88,74,0.45,0.0,0
2006-09-25,81,69,0.00,0.0,0
2006-09-26,80,64,T,0.0,0
2006-09-27,84,62,0.00,0.0,0
2006-09-28,87,65,0.00,0.0,0
2006-09-29,78,64,0.00,0.0,0
2006-09-30,88,63,0.00,0.0,0
2006-10-01,90,72,T,0.0,0
2006-10-02,89,70,0.00,0.0,0
2006-10-03,90,72,0.00,0.0,0
2006-10-04,89,72,0.00,0.0,0
2006-10-05,91,71,0.00,0.0,0
2006-10-06,83,70,0.00,0.0,0
2006-10-07,80,64,0.00,0.0,0
2006-10-08,83,60,0.00,M,M
2006-10-09,83,62,0.00,0.0,0
2006-10-10,82,63,T,0.0,0
2006-10-11,85,65,0.19,0.0,0
2006-10-12,84,65,0.00,0.0,0
2006-10-13,72,59,0.14,0.0,0
2006-10-14,78,62,0.00,0.0,0
2006-10-15,79,69,0.13,0.0,0
2006-10-16,85,74,0.14,0.0,M
2006-10-17,86,70,0.77,0.0,0
2006-10-18,87,70,0.19,0.0,0
2006-10-19,86,66,1.41,0.0,0
2006-10-20,68,57,0.00,0.0,0
2006-10-21,77,62,0.09,0.0,0
2006-10-22,75,58,0.01,0.0,M
2006-10-23,67,49,0.00,0.0,M
2006-10-24,71,46,0.00,0.0,0
2006-10-25,74,53,0.00,0.0,0
2006-10-26,78,68,T,0.0,M
2006-10-27,77,60,0.17,0.0,0
2006-10-28,69,54,0.00,0.0,0
2006-10-29,73,50,0.00,0.0,0
2006-10-30,77,54,0.00,0.0,0
2006-10-31,81,61,0.00,0.0,0
2006-11-01,81,60,T,0.0,0
2006-11-02,67,52,0.00,0.0,0
2006-11-03,63,49,0.00,0.0,0
2006-11-04,70,51,0.00,0.0,0
2006-11-05,73,56,T,0.0,0
2006-11-06,79,57,0.66,0.0,0
2006-11-07,70,57,0.10,0.0,0
2006-11-08,74,50,0.00,0.0,0
2006-11-09,79,54,0.00,0.0,0
2006-11-10,80,64,0.00,0.0,0
2006-11-11,70,49,0.00,0.0,0
2006-11-12,61,45,0.00,0.0,0
2006-11-13,68,44,0.00,0.0,0
2006-11-14,73,50,T,0.0,0
2006-11-15,76,53,1.73,0.0,0
2006-11-16,58,47,0.00,0.0,0
2006-11-17,60,43,0.00,0.0,0
2006-11-18,67,41,0.00,0.0,0
2006-11-19,59,46,0.00,0.0,0
2006-11-20,56,41,0.00,0.0,0
2006-11-21,57,40,0.00,0.0,0
2006-11-22,66,36,0.00,0.0,0
2006-11-23,68,37,0.00,0.0,0
2006-11-24,71,39,0.00,0.0,0
2006-11-25,74,43,0.00,0.0,0
2006-11-26,75,50,0.00,0.0,0
2006-11-27,76,57,0.00,0.0,0
2006-11-28,80,58,0.00,0.0,0
2006-11-29,79,66,T,0.0,0
2006-11-30,79,50,0.26,0.0,0
2006-12-01,51,36,0.00,0.0,0
2006-12-02,54,40,0.00,0.0,0
2006-12-03,58,40,0.00,0.0,0
2006-12-04,49,36,0.00,0.0,M
2006-12-05,53,35,0.00,0.0,0
2006-12-06,63,33,0.00,0.0,0
2006-12-07,60,37,0.00,0.0,0
2006-12-08,44,29,0.00,0.0,0
2006-12-09,53,33,0.00,0.0,0
2006-12-10,62,46,0.01,M,0
2006-12-11,73,54,0.00,0.0,0
2006-12-12,72,60,0.16,0.0,0
2006-12-13,68,59,0.00,0.0,0
2006-12-14,65,54,0.00,0.0,0
2006-12-15,64,49,0.00,0.0,0
2006-12-16,68,46,0.00,0.0,0
2006-12-17,75,49,0.00,0.0,0
2006-12-18,65,59,T,0.0,0
2006-12-19,71,55,0.00,0.0,0
2006-12-20,70,55,1.28,0.0,0
2006-12-21,68,62,3.20,0.0,0
2006-12-22,65,51,0.85,0.0,0
2006-12-23,63,47,0.00,0.0,0
2006-12-24,67,53,0.79,0.0,0
2006-12-25,67,47,0.00,0.0,0
2006-12-26,50,39,0.00,0.0,0
2006-12-27,56,36,0.00,0.0,0
2006-12-28,65,45,0.06,M,0
2006-12-29,73,60,0.00,0.0,0
2006-12-30,73,65,3.68,0.0,0
2006-12-31,65,52,0.00,0.0,0
2007-01-01,55,45,0.00,0.0,0
2007-01-02,51,40,0.00,0.0,0
2007-01-03,58,37,0.00,0.0,0
2007-01-04,71,56,0.98,0.0,0
2007-01-05,72,56,0.10,0.0,0
2007-01-06,69,57,0.03,0.0,0
2007-01-07,75,55,0.03,0.0,0
2007-01-08,58,44,0.00,0.0,0
2007-01-09,68,40,0.00,0.0,0
2007-01-10,56,44,0.00,0.0,0
2007-01-11,69,47,0.00,0.0,0
2007-01-12,74,61,0.00,0.0,0
2007-01-13,77,58,0.00,0.0,0
2007-01-14,77,65,T,0.0,0
2007-01-15,79,51,0.16,0.0,0
2007-01-16,51,38,0.08,M,0
2007-01-17,46,38,T,M,0
2007-01-18,52,45,0.22,M,0
2007-01-19,51,47,0.31,M,0
2007-01-20,62,47,0.00,0.0,0
2007-01-21,69,58,0.54,0.0,0
2007-01-22,58,50,0.44,0.0,0
2007-01-23,50,46,T,M,0
2007-01-24,48,45,0.02,M,0
2007-01-25,60,43,0.00,0.0,0
2007-01-26,57,40,0.00,0.0,0
2007-01-27,55,46,1.79,M,0
2007-01-28,54,37,0.00,0.0,0
2007-01-29,48,32,0.00,0.0,0
2007-01-30,50,43,0.02,M,0
2007-01-31,51,41,0.14,M,0
2007-02-01,52,43,0.40,M,M
2007-02-02,49,40,0.00,0.0,0
2007-02-03,45,38,0.00,0.0,0
2007-02-04,55,33,0.00,0.0,0
2007-02-05,57,40,0.00,0.0,0
2007-02-06,64,36,0.00,0.0,0
2007-02-07,69,41,0.00,0.0,0
2007-02-08,72,48,0.00,0.0,0
2007-02-09,74,46,0.00,0.0,0
2007-02-10,53,41,T,M,0
2007-02-11,60,44,0.00,0.0,0
2007-02-12,69,50,0.00,0.0,0
2007-02-13,76,49,1.28,M,0
2007-02-14,49,39,0.00,0.0,0
2007-02-15,46,33,0.00,0.0,0
2007-02-16,44,33,0.00,0.0,0
2007-02-17,62,33,0.00,0.0,0
2007-02-18,53,37,0.00,0.0,0
2007-02-19,64,34,0.00,0.0,0
2007-02-20,72,54,T,0.0,0
2007-02-21,71,54,0.55,0.0,0
2007-02-22,77,49,0.00,0.0,0
2007-02-23,73,50,0.00,0.0,0
2007-02-24,73,63,0.00,0.0,0
2007-02-25,74,53,0.04,0.0,0
2007-02-26,75,47,0.00,0.0,0
2007-02-27,78,55,0.00,0.0,0
2007-02-28,74,52,0.03,0.0,0
2007-03-01,75,59,0.12,0.0,0
2007-03-02,66,52,0.00,0.0,0
2007-03-03,69,48,0.00,0.0,0
2007-03-04,57,45,0.00,0.0,0
2007-03-05,63,35,0.00,0.0,0
2007-03-06,68,40,0.00,0.0,0
2007-03-07,68,42,0.00,0.0,0
2007-03-08,72,46,0.00,0.0,0
2007-03-09,73,47,0.00,0.0,0
2007-03-10,74,50,0.00,0.0,0
2007-03-11,75,58,0.00,0.0,0
2007-03-12,78,58,0.00,0.0,0
2007-03-13,80,66,0.00,0.0,0
2007-03-14,74,64,0.32,0.0,0
2007-03-15,74,60,1.29,0.0,0
2007-03-16,73,55,0.00,0.0,0
2007-03-17,65,50,0.00,0.0,0
2007-03-18,71,47,0.00,0.0,0
2007-03-19,75,57,0.00,0.0,0
2007-03-20,76,59,0.00,0.0,0
2007-03-21,76,63,0.01,0.0,0
2007-03-22,79,61,0.00,0.0,0
2007-03-23,79,55,0.00,0.0,0
2007-03-24,81,63,0.00,0.0,0
2007-03-25,80,61,0.00,0.0,0
2007-03-26,79,60,0.00,0.0,0
2007-03-27,80,68,0.00,0.0,0
2007-03-28,82,65,0.00,0.0,0
2007-03-29,83,64,0.00,0.0,0
2007-03-30,81,63,T,0.0,0
2007-03-31,79,65,0.35,0.0,0
2007-04-01,78,65,0.00,0.0,0
2007-04-02,83,70,T,0.0,0
2007-04-03,84,69,0.00,0.0,0
2007-04-04,77,61,0.00,0.0,0
2007-04-05,66,56,0.00,0.0,0
2007-04-06,67,52,0.00,0.0,0
2007-04-07,53,43,0.04,M,0
2007-04-08,55,42,0.16,0.0,0
2007-04-09,64,51,0.00,0.0,0
2007-04-10,69,60,0.39,0.0,0
2007-04-11,82,63,0.00,0.0,0
2007-04-12,78,52,0.00,0.0,0
2007-04-13,80,60,0.00,0.0,0
2007-04-14,81,54,0.07,0.0,0
2007-04-15,66,50,0.00,0.0,0
2007-04-16,71,45,0.00,0.0,0
2007-04-17,75,54,T,0.0,0
2007-04-18,76,60,0.40,0.0,0
2007-04-19,80,58,0.00,0.0,0
2007-04-20,78,59,0.00,0.0,0
2007-04-21,78,56,0.00,0.0,0
2007-04-22,81,57,T,0.0,0
2007-04-23,83,68,0.00,0.0,0
2007-04-24,83,68,T,0.0,0
2007-04-25,82,71,0.00,0.0,0
2007-04-26,81,63,0.59,0.0,0
2007-04-27,80,59,0.00,0.0,0
2007-04-28,85,63,0.00,0.0,0
2007-04-29,87,64,0.00,0.0,0
2007-04-30,87,64,0.00,0.0,0
2007-05-01,85,64,0.00,0.0,0
2007-05-02,84,69,0.00,0.0,0
2007-05-03,85,70,T,0.0,0
2007-05-04,78,67,4.20,0.0,0
2007-05-05,87,67,0.00,0.0,0
2007-05-06,88,73,0.00,0.0,0
2007-05-07,79,69,0.00,0.0,0
2007-05-08,83,63,0.00,0.0,0
2007-05-09,86,63,0.00,0.0,0
2007-05-10,88,67,0.00,0.0,0
2007-05-11,84,67,0.00,0.0,0
2007-05-12,89,67,0.00,0.0,0
2007-05-13,90,73,0.00,0.0,0
2007-05-14,88,69,0.04,0.0,0
2007-05-15,83,71,0.26,0.0,0
2007-05-16,84,69,0.15,0.0,0
2007-05-17,78,67,0.00,0.0,0
2007-05-18,76,65,0.00,0.0,0
2007-05-19,79,64,0.00,0.0,0
2007-05-20,83,60,0.00,0.0,0
2007-05-21,84,63,0.00,0.0,0
2007-05-22,84,69,0.00,0.0,0
2007-05-23,82,67,2.26,0.0,0
2007-05-24,82,68,0.01,0.0,0
2007-05-25,84,69,0.00,0.0,0
2007-05-26,84,69,T,0.0,0
2007-05-27,84,65,0.00,0.0,0
2007-05-28,84,69,0.00,0.0,0
2007-05-29,80,70,0.41,0.0,0
2007-05-30,80,69,0.40,0.0,0
2007-05-31,83,70,0.84,0.0,0
2007-06-01,85,66,0.00,0.0,0
2007-06-02,86,66,0.00,0.0,0
2007-06-03,88,70,0.04,0.0,0
2007-06-04,82,70,1.39,0.0,0
2007-06-05,88,69,T,0.0,0
2007-06-06,88,74,T,0.0,0
2007-06-07,89,77,0.07,0.0,0
2007-06-08,90,76,0.29,0.0,0
2007-06-09,94,74,0.02,0.0,0
2007-06-10,94,73,0.00,0.0,0
2007-06-11,96,75,0.02,0.0,0
2007-06-12,93,74,0.00,0.0,0
2007-06-13,93,75,T,0.0,0
2007-06-14,90,75,0.54,0.0,0
2007-06-15,88,75,0.00,0.0,0
2007-06-16,89,76,0.08,0.0,0
2007-06-17,89,72,T,0.0,0
2007-06-18,86,73,0.67,0.0,0
2007-06-19,91,70,2.32,0.0,0
2007-06-20,89,70,0.00,0.0,0
2007-06-21,91,73,0.00,0.0,0
2007-06-22,92,70,0.00,0.0,0
2007-06-23,90,75,0.00,0.0,0
2007-06-24,86,76,T,0.0,0
2007-06-25,91,73,1.15,0.0,0
2007-06-26,89,75,0.00,0.0,0
2007-06-27,90,75,0.00,0.0,0
2007-06-28,91,76,T,0.0,0
2007-06-29,90,73,1.90,0.0,0
2007-06-30,87,74,0.15,0.0,0
2007-07-01,91,73,T,0.0,0
2007-07-02,93,76,T,0.0,0
2007-07-03,90,77,T,0.0,0
2007-07-04,87,74,0.30,0.0,0
2007-07-05,88,75,0.01,0.0,0
2007-07-06,88,72,0.07,0.0,0
2007-07-07,92,77,T,0.0,0
2007-07-08,92,76,T,0.0,0
2007-07-09,91,77,0.00,0.0,0
2007-07-10,91,79,0.19,0.0,0
2007-07-11,94,79,0.00,0.0,0
2007-07-12,92,76,0.14,0.0,0
2007-07-13,92,75,T,0.0,0
2007-07-14,88,74,0.39,0.0,0
2007-07-15,83,70,0.84,0.0,0
2007-07-16,84,73,0.13,0.0,0
2007-07-17,88,72,0.51,0.0,0
2007-07-18,91,73,0.00,0.0,0
2007-07-19,90,78,T,0.0,0
2007-07-20,91,75,0.37,0.0,0
2007-07-21,90,74,T,0.0,0
2007-07-22,88,78,0.00,0.0,0
2007-07-23,89,74,T,0.0,0
2007-07-24,89,73,0.00,0.0,0
2007-07-25,88,73,T,0.0,0
2007-07-26,89,75,T,0.0,0
2007-07-27,85,73,0.63,0.0,0
2007-07-28,86,73,0.13,0.0,0
2007-07-29,88,76,0.05,0.0,0
2007-07-30,88,76,0.06,0.0,0
2007-07-31,89,74,0.44,0.0,0
2007-08-01,91,74,T,0.0,0
2007-08-02,90,78,0.00,0.0,0
2007-08-03,92,76,0.00,0.0,0
2007-08-04,90,75,0.56,0.0,0
2007-08-05,92,78,0.00,0.0,0
2007-08-06,93,77,0.00,0.0,0
2007-08-07,93,78,0.00,0.0,0
2007-08-08,95,79,0.00,0.0,0
2007-08-09,97,79,0.00,0.0,0
2007-08-10,91,80,T,0.0,M
2007-08-11,100,81,0.00,0.0,0
2007-08-12,99,78,0.00,0.0,0
2007-08-13,96,79,0.00,0.0,0
2007-08-14,96,76,0.00,0.0,0
2007-08-15,96,79,0.00,0.0,0
2007-08-16,97,79,0.00,0.0,0
2007-08-17,93,79,1.02,0.0,0
2007-08-18,92,76,1.54,0.0,0
2007-08-19,92,77,T,0.0,0
2007-08-20,95,76,T,0.0,0
2007-08-21,96,80,0.00,0.0,0
2007-08-22,95,79,0.00,0.0,0
2007-08-23,95,77,0.00,0.0,0
2007-08-24,91,77,0.25,0.0,0
2007-08-25,94,76,0.00,0.0,0
2007-08-26,86,76,0.01,0.0,0
2007-08-27,92,76,0.16,0.0,0
2007-08-28,88,74,0.43,0.0,0
2007-08-29,87,75,T,0.0,0
2007-08-30,92,73,0.11,0.0,0
2007-08-31,91,74,0.00,0.0,0
2007-09-01,91,76,0.01,0.0,0
2007-09-02,90,74,0.10,0.0,0
2007-09-03,93,74,0.00,0.0,0
2007-09-04,92,77,0.16,0.0,0
2007-09-05,92,79,0.00,0.0,0
2007-09-06,93,78,0.00,0.0,0
2007-09-07,92,78,T,0.0,0
2007-09-08,93,78,T,0.0,0
2007-09-09,91,74,0.00,0.0,0
2007-09-10,91,74,0.01,0.0,0
2007-09-11,89,75,0.13,0.0,0
2007-09-12,91,75,0.00,0.0,0
2007-09-13,81,74,1.16,0.0,0
2007-09-14,88,76,T,0.0,0
2007-09-15,88,76,0.00,0.0,0
2007-09-16,85,71,0.00,0.0,0
2007-09-17,89,72,0.00,0.0,0
2007-09-18,87,72,0.00,0.0,0
2007-09-19,87,70,0.00,0.0,0
2007-09-20,87,69,0.00,0.0,0
2007-09-21,88,73,0.00,0.0,0
2007-09-22,87,74,0.00,0.0,0
2007-09-23,93,76,0.34,0.0,0
2007-09-24,83,76,0.14,0.0,0
2007-09-25,86,74,0.05,0.0,0
2007-09-26,88,72,0.00,0.0,0
2007-09-27,91,71,0.00,0.0,0
2007-09-28,90,75,0.00,0.0,0
2007-09-29,91,74,T,0.0,0
2007-09-30,85,72,0.02,0.0,0
2007-10-01,87,65,0.00,0.0,0
2007-10-02,87,67,0.00,0.0,0
2007-10-03,87,71,0.01,0.0,0
2007-10-04,83,74,0.13,0.0,0
2007-10-05,91,76,0.40,0.0,0
2007-10-06,86,77,0.00,0.0,0
2007-10-07,87,77,0.01,0.0,0
2007-10-08,83,73,0.62,0.0,0
2007-10-09,89,75,T,0.0,0
2007-10-10,84,67,0.00,0.0,0
2007-10-11,83,65,0.00,0.0,0
2007-10-12,76,59,0.00,0.0,0
2007-10-13,80,56,0.00,0.0,0
2007-10-14,82,57,0.00,0.0,0
2007-10-15,86,73,0.03,0.0,0
2007-10-16,84,74,0.01,0.0,0
2007-10-17,86,76,0.97,0.0,0
2007-10-18,87,76,0.85,0.0,0
2007-10-19,81,62,0.24,0.0,0
2007-10-20,81,57,0.00,0.0,0
2007-10-21,84,57,0.00,0.0,0
2007-10-22,79,64,6.07,0.0,0
2007-10-23,65,50,0.01,0.0,0
2007-10-24,64,47,T,0.0,0
2007-10-25,65,50,0.00,0.0,0
2007-10-26,71,50,0.00,0.0,0
2007-10-27,70,55,0.00,0.0,0
2007-10-28,73,57,0.00,0.0,0
2007-10-29,74,58,0.00,0.0,0
2007-10-30,73,57,0.09,0.0,0
2007-10-31,79,63,0.00,0.0,0
2007-11-01,81,61,0.00,0.0,0
2007-11-02,78,61,0.00,0.0,0
2007-11-03,75,57,0.00,0.0,0
2007-11-04,74,51,0.00,0.0,0
2007-11-05,76,55,0.00,0.0,0
2007-11-06,68,54,0.00,0.0,0
2007-11-07,60,45,0.00,0.0,0
2007-11-08,66,43,0.00,0.0,0
2007-11-09,75,51,0.00,0.0,0
2007-11-10,80,61,0.00,0.0,0
2007-11-11,77,60,0.00,0.0,0
2007-11-12,79,65,0.00,0.0,0
2007-11-13,80,58,0.00,0.0,0
2007-11-14,81,61,0.00,0.0,0
2007-11-15,70,51,0.01,0.0,0
2007-11-16,63,45,0.00,0.0,0
2007-11-17,76,46,0.00,0.0,0
2007-11-18,76,64,T,0.0,0
2007-11-19,78,62,0.00,0.0,0
2007-11-20,80,59,T,0.0,0
2007-11-21,80,65,0.01,0.0,0
2007-11-22,66,47,T,0.0,0
2007-11-23,57,45,0.00,0.0,0
2007-11-24,60,49,T,0.0,0
2007-11-25,73,60,0.49,0.0,0
2007-11-26,66,48,0.07,0.0,0
2007-11-27,59,48,0.00,0.0,0
2007-11-28,67,43,0.00,0.0,0
2007-11-29,70,49,0.00,0.0,0
2007-11-30,69,47,0.00,0.0,0
2007-12-01,74,48,0.00,0.0,0
2007-12-02,83,66,T,0.0,0
2007-12-03,71,45,T,M,0
2007-12-04,57,41,0.00,0.0,0
2007-12-05,70,39,0.00,0.0,0
2007-12-06,61,49,0.00,0.0,0
2007-12-07,79,53,0.00,0.0,0
2007-12-08,81,68,T,0.0,0
2007-12-09,82,70,T,0.0,0
2007-12-10,81,67,0.00,0.0,0
2007-12-11,81,67,0.00,0.0,0
2007-12-12,80,68,0.03,0.0,0
2007-12-13,79,62,0.02,0.0,0
2007-12-14,65,60,0.00,0.0,0
2007-12-15,81,46,T,M,0
2007-12-16,51,40,0.00,0.0,0
2007-12-17,53,40,0.00,0.0,0
2007-12-18,65,44,0.00,0.0,0
2007-12-19,77,52,0.00,0.0,0
2007-12-20,71,59,2.06,0.0,0
2007-12-21,63,57,0.00,0.0,0
2007-12-22,74,57,0.18,0.0,0
2007-12-23,58,40,0.00,0.0,0
2007-12-24,51,43,0.00,0.0,0
2007-12-25,56,42,0.08,M,0
2007-12-26,66,44,0.46,M,0
2007-12-27,60,49,0.00,0.0,0
2007-12-28,79,55,0.15,0.0,0
2007-12-29,57,51,0.95,0.0,0
2007-12-30,59,44,0.78,M,0
2007-12-31,67,40,0.00,0.0,0
2008-01-01,54,41,0.00,0.0,0
2008-01-02,44,33,0.00,0.0,0
2008-01-03,42,28,0.00,0.0,0
2008-01-04,62,37,0.00,0.0,0
2008-01-05,71,54,0.00,0.0,0
2008-01-06,77,59,0.00,0.0,0
2008-01-07,78,60,0.01,0.0,0
2008-01-08,78,66,T,0.0,0
2008-01-09,71,57,0.04,0.0,0
2008-01-10,76,64,0.29,0.0,0
2008-01-11,64,48,0.00,0.0,0
2008-01-12,63,44,0.00,0.0,0
2008-01-13,63,45,0.00,0.0,0
2008-01-14,58,44,0.00,0.0,0
2008-01-15,62,43,T,M,0
2008-01-16,51,48,0.99,M,0
2008-01-17,54,46,0.00,0.0,0
2008-01-18,58,49,0.01,M,0
2008-01-19,50,35,0.64,M,0
2008-01-20,46,32,0.00,0.0,0
2008-01-21,55,35,0.00,0.0,0
2008-01-22,69,49,0.00,0.0,0
2008-01-23,58,53,T,0.0,0
2008-01-24,55,43,0.17,M,0
2008-01-25,45,39,0.31,M,0
2008-01-26,53,44,0.23,M,0
2008-01-27,52,39,0.00,0.0,0
2008-01-28,66,34,0.00,M,0
2008-01-29,74,53,0.14,0.0,0
2008-01-30,53,40,T,M,0
2008-01-31,72,49,0.51,M,0
2008-02-01,54,37,0.00,0.0,0
2008-02-02,68,34,0.00,M,0
2008-02-03,76,57,0.00,0.0,0
2008-02-04,78,67,0.00,0.0,0
2008-02-05,79,69,T,0.0,0
2008-02-06,73,50,0.36,0.0,0
2008-02-07,62,43,0.00,0.0,0
2008-02-08,66,45,0.00,0.0,0
2008-02-09,72,50,0.00,0.0,0
2008-02-10,72,49,0.00,0.0,0
2008-02-11,72,44,0.00,0.0,0
2008-02-12,74,50,0.78,0.0,0
2008-02-13,56,38,0.00,0.0,0
2008-02-14,63,39,0.00,0.0,0
2008-02-15,67,56,0.09,0.0,0
2008-02-16,70,59,0.00,0.0,0
2008-02-17,72,56,0.19,0.0,0
2008-02-18,61,49,0.00,0.0,0
2008-02-19,66,41,0.00,0.0,0
2008-02-20,72,50,0.28,0.0,0
2008-02-21,80,63,1.18,0.0,0
2008-02-22,77,55,T,0.0,0
2008-02-23,64,47,0.00,0.0,0
2008-02-24,72,47,0.00,0.0,0
2008-02-25,77,57,0.00,0.0,0
2008-02-26,73,46,T,M,0
2008-02-27,54,40,0.00,0.0,0
2008-02-28,62,38,0.00,0.0,0
2008-02-29,67,53,T,0.0,0
2008-03-01,74,50,0.00,0.0,0
2008-03-02,76,54,0.00,0.0,0
2008-03-03,80,62,0.76,0.0,0
2008-03-04,62,44,T,0.0,0
2008-03-05,62,40,0.00,0.0,0
2008-03-06,67,44,0.43,0.0,0
2008-03-07,60,38,0.19,0.0,0
2008-03-08,55,35,0.00,0.0,0
2008-03-09,64,40,0.00,0.0,0
2008-03-10,70,57,0.01,0.0,0
2008-03-11,67,55,0.32,0.0,0
2008-03-12,70,46,0.00,0.0,0
2008-03-13,72,47,T,0.0,0
2008-03-14,80,60,0.02,0.0,0
2008-03-15,83,66,0.00,0.0,0
2008-03-16,73,57,0.00,0.0,0
2008-03-17,77,63,0.00,0.0,0
2008-03-18,79,71,0.00,0.0,0
2008-03-19,75,53,0.12,0.0,0
2008-03-20,69,48,0.00,0.0,0
2008-03-21,73,45,0.00,0.0,0
2008-03-22,75,52,0.00,0.0,0
2008-03-23,68,54,0.00,0.0,0
2008-03-24,62,48,0.00,0.0,0
2008-03-25,67,42,0.00,0.0,0
2008-03-26,74,53,0.00,0.0,0
2008-03-27,79,57,0.00,0.0,0
2008-03-28,82,62,0.00,0.0,0
2008-03-29,77,64,0.30,0.0,0
2008-03-30,79,62,0.00,0.0,0
2008-03-31,79,68,0.00,0.0,0
2008-04-01,84,68,0.97,0.0,0
2008-04-02,78,68,0.44,0.0,0
2008-04-03,83,65,0.00,0.0,0
2008-04-04,84,64,0.53,0.0,0
2008-04-05,71,63,2.13,0.0,0
2008-04-06,75,61,0.00,0.0,0
2008-04-07,80,58,0.00,0.0,0
2008-04-08,80,61,T,0.0,0
2008-04-09,81,70,T,0.0,0
2008-04-10,84,73,0.00,0.0,0
2008-04-11,85,66,0.28,0.0,0
2008-04-12,73,57,0.31,0.0,0
2008-04-13,71,50,0.00,0.0,0
2008-04-14,61,48,0.00,0.0,0
2008-04-15,64,46,0.00,0.0,0
2008-04-16,70,45,0.00,0.0,0
2008-04-17,76,57,0.00,0.0,0
2008-04-18,79,61,0.16,0.0,0
2008-04-19,76,51,0.00,0.0,0
2008-04-20,80,55,0.00,0.0,0
2008-04-21,83,57,0.00,0.0,0
2008-04-22,85,64,0.00,0.0,0
2008-04-23,87,68,0.00,0.0,0
2008-04-24,83,66,0.00,0.0,0
2008-04-25,80,66,T,0.0,0
2008-04-26,79,66,1.61,0.0,0
2008-04-27,78,67,0.27,0.0,0
2008-04-28,72,58,0.00,0.0,0
2008-04-29,79,54,0.00,0.0,0
2008-04-30,78,56,0.00,0.0,0
2008-05-01,81,65,0.00,0.0,0
2008-05-02,82,73,0.09,0.0,0
2008-05-03,82,66,1.01,0.0,0
2008-05-04,80,62,0.00,0.0,0
2008-05-05,78,64,T,0.0,0
2008-05-06,81,61,0.00,0.0,0
2008-05-07,82,63,0.00,0.0,0
2008-05-08,85,72,0.00,0.0,0
2008-05-09,87,70,0.00,0.0,0
2008-05-10,88,74,0.00,0.0,0
2008-05-11,85,69,T,0.0,0
2008-05-12,80,65,0.00,0.0,0
2008-05-13,83,61,0.00,0.0,0
2008-05-14,85,71,0.93,0.0,0
2008-05-15,80,71,0.26,0.0,0
2008-05-16,76,67,2.20,0.0,0
2008-05-17,76,63,T,0.0,0
2008-05-18,82,61,0.00,0.0,0
2008-05-19,87,67,0.00,0.0,0
2008-05-20,88,70,0.00,0.0,0
2008-05-21,90,72,0.00,0.0,0
2008-05-22,83,67,2.66,0.0,0
2008-05-23,87,69,0.01,0.0,0
2008-05-24,90,76,0.00,0.0,0
2008-05-25,90,75,0.03,0.0,0
2008-05-26,91,75,0.00,0.0,0
2008-05-27,88,73,0.00,0.0,0
2008-05-28,88,70,0.00,0.0,0
2008-05-29,90,70,0.00,0.0,0
2008-05-30,88,73,0.00,0.0,0
2008-05-31,90,74,0.00,0.0,0
2008-06-01,91,72,0.00,0.0,0
2008-06-02,91,74,0.00,0.0,0
2008-06-03,91,76,0.00,0.0,0
2008-06-04,90,78,0.00,0.0,0
2008-06-05,90,79,0.00,0.0,0
2008-06-06,91,78,0.00,0.0,0
2008-06-07,92,78,0.15,0.0,0
2008-06-08,90,75,0.00,0.0,0
2008-06-09,91,75,0.00,0.0,0
2008-06-10,89,74,0.12,0.0,0
2008-06-11,89,74,0.00,0.0,0
2008-06-12,88,75,T,0.0,0
2008-06-13,90,75,T,0.0,0
2008-06-14,89,74,0.04,0.0,0
2008-06-15,86,72,0.39,0.0,0
2008-06-16,92,74,0.00,0.0,0
2008-06-17,94,74,T,0.0,0
2008-06-18,91,78,0.00,0.0,0
2008-06-19,92,75,0.00,0.0,0
2008-06-20,92,75,0.06,0.0,0
2008-06-21,91,74,0.14,0.0,0
2008-06-22,90,72,0.00,0.0,0
2008-06-23,94,72,0.00,0.0,0
2008-06-24,92,75,0.52,0.0,0
2008-06-25,90,74,0.57,0.0,0
2008-06-26,91,72,0.46,0.0,0
2008-06-27,92,73,T,0.0,0
2008-06-28,91,73,1.08,0.0,0
2008-06-29,92,75,T,0.0,0
2008-06-30,86,72,0.87,0.0,0
2008-07-01,90,75,0.00,0.0,0
2008-07-02,90,73,0.07,0.0,0
2008-07-03,91,74,0.02,0.0,0
2008-07-04,88,74,0.00,0.0,0
2008-07-05,92,76,0.00,0.0,0
2008-07-06,90,77,T,0.0,0
2008-07-07,92,76,0.00,0.0,0
2008-07-08,90,72,0.94,0.0,0
2008-07-09,90,75,0.21,0.0,0
2008-07-10,91,76,T,0.0,0
2008-07-11,93,77,0.00,0.0,0
2008-07-12,94,78,T,0.0,0
2008-07-13,95,77,0.00,0.0,0
2008-07-14,91,74,0.34,0.0,0
2008-07-15,93,73,0.00,0.0,0
2008-07-16,94,73,0.00,0.0,0
2008-07-17,94,75,0.01,0.0,0
2008-07-18,91,77,T,0.0,0
2008-07-19,90,74,0.01,0.0,0
2008-07-20,96,75,0.00,0.0,0
2008-07-21,97,78,0.00,0.0,0
2008-07-22,93,77,0.03,0.0,0
2008-07-23,89,74,0.74,0.0,0
2008-07-24,92,76,0.08,0.0,0
2008-07-25,95,77,0.02,0.0,0
2008-07-26,95,76,0.58,0.0,0
2008-07-27,95,76,0.02,0.0,0
2008-07-28,97,77,0.00,0.0,0
2008-07-29,85,78,T,0.0,0
2008-07-30,91,78,0.14,0.0,0
2008-07-31,88,76,0.03,0.0,0
2008-08-01,86,74,1.01,0.0,0
2008-08-02,94,77,T,0.0,0
2008-08-03,93,75,0.00,0.0,0
2008-08-04,88,78,T,0.0,0
2008-08-05,91,79,0.00,0.0,0
2008-08-06,94,78,0.00,0.0,0
2008-08-07,94,77,0.00,0.0,0
2008-08-08,83,74,0.16,0.0,0
2008-08-09,91,73,0.00,0.0,0
2008-08-10,93,76,T,0.0,0
2008-08-11,90,75,0.87,0.0,0
2008-08-12,89,77,0.05,0.0,0
2008-08-13,84,75,2.16,0.0,0
2008-08-14,92,73,0.00,0.0,0
2008-08-15,90,75,0.01,0.0,0
2008-08-16,83,73,0.91,0.0,0
2008-08-17,89,74,0.01,0.0,0
2008-08-18,88,72,0.00,0.0,0
2008-08-19,85,76,0.28,0.0,0
2008-08-20,90,75,0.00,0.0,0
2008-08-21,92,77,0.00,0.0,0
2008-08-22,93,76,T,0.0,0
2008-08-23,91,77,0.00,0.0,0
2008-08-24,78,72,1.46,0.0,0
2008-08-25,87,75,T,0.0,0
2008-08-26,90,73,0.00,0.0,0
2008-08-27,92,76,0.00,0.0,0
2008-08-28,94,75,0.00,0.0,0
2008-08-29,93,78,0.09,0.0,0
2008-08-30,93,77,T,0.0,0
2008-08-31,89,74,0.20,0.0,0
2008-09-01,80,78,2.40,M,M
2008-09-02,87,79,3.29,M,0
2008-09-03,86,78,T,M,0
2008-09-04,87,76,0.31,0.0,0
2008-09-05,85,74,0.00,0.0,0
2008-09-06,83,73,0.00,0.0,0
2008-09-07,88,72,0.00,0.0,0
2008-09-08,92,77,0.00,0.0,0
2008-09-09,90,76,0.00,0.0,0
2008-09-10,92,76,0.00,0.0,0
2008-09-11,90,75,0.32,0.0,0
2008-09-12,87,73,1.23,0.0,0
2008-09-13,86,81,0.00,0.0,0
2008-09-14,90,76,0.39,0.0,0
2008-09-15,78,72,0.32,0.0,0
2008-09-16,80,70,0.00,0.0,0
2008-09-17,81,70,0.00,0.0,0
2008-09-18,85,71,0.00,0.0,0
2008-09-19,77,70,0.13,0.0,0
2008-09-20,84,70,2.78,M,0
2008-09-21,85,71,0.00,0.0,0
2008-09-22,85,73,0.00,0.0,0
2008-09-23,87,75,0.00,0.0,0
2008-09-24,83,73,0.00,0.0,0
2008-09-25,81,69,0.00,0.0,0
2008-09-26,85,61,0.00,0.0,0
2008-09-27,84,63,0.00,0.0,0
2008-09-28,86,65,0.00,0.0,0
2008-09-29,88,69,0.00,0.0,0
2008-09-30,87,69,0.00,0.0,0
2008-10-01,80,68,0.00,0.0,0
2008-10-02,82,62,0.00,0.0,0
2008-10-03,84,64,0.00,0.0,0
2008-10-04,84,64,0.00,0.0,0
2008-10-05,85,64,T,0.0,0
2008-10-06,88,74,0.04,0.0,0
2008-10-07,85,74,1.65,0.0,0
2008-10-08,79,66,0.00,0.0,0
2008-10-09,77,66,0.00,0.0,0
2008-10-10,83,63,0.00,0.0,0
2008-10-11,84,66,0.00,0.0,0
2008-10-12,82,72,0.00,0.0,0
2008-10-13,84,73,T,0.0,0
2008-10-14,84,74,0.00,0.0,0
2008-10-15,87,74,0.00,0.0,0
2008-10-16,86,67,0.00,0.0,0
2008-10-17,81,66,T,0.0,0
2008-10-18,76,62,0.00,0.0,0
2008-10-19,73,56,0.00,0.0,0
2008-10-20,78,55,0.00,0.0,0
2008-10-21,78,56,0.00,0.0,0
2008-10-22,78,57,0.00,0.0,0
2008-10-23,75,64,0.08,0.0,0
2008-10-24,73,56,0.01,0.0,0
2008-10-25,77,52,0.00,0.0,0
2008-10-26,80,55,0.00,0.0,0
2008-10-27,68,51,0.00,0.0,0
2008-10-28,62,48,0.00,0.0,0
2008-10-29,64,44,0.00,0.0,0
2008-10-30,71,47,0.00,0.0,0
2008-10-31,74,48,0.00,0.0,0
2008-11-01,74,50,0.00,0.0,0
2008-11-02,74,47,0.00,0.0,0
2008-11-03,78,52,0.00,0.0,0
2008-11-04,78,53,0.00,0.0,0
2008-11-05,78,53,0.00,0.0,0
2008-11-06,81,63,0.00,0.0,0
2008-11-07,72,53,0.25,0.0,0
2008-11-08,76,47,0.00,0.0,0
2008-11-09,69,48,0.00,0.0,0
2008-11-10,69,52,0.00,0.0,0
2008-11-11,78,54,0.00,0.0,0
2008-11-12,78,64,0.13,0.0,0
2008-11-13,73,61,0.00,0.0,0
2008-11-14,79,62,0.22,0.0,0
2008-11-15,68,49,T,M,0
2008-11-16,55,42,0.00,0.0,0
2008-11-17,68,40,0.00,0.0,0
2008-11-18,60,47,0.00,0.0,0
2008-11-19,64,38,0.00,0.0,0
2008-11-20,75,45,0.00,0.0,0
2008-11-21,59,44,0.00,0.0,0
2008-11-22,63,43,0.00,0.0,0
2008-11-23,72,53,0.00,0.0,0
2008-11-24,72,56,0.01,0.0,0
2008-11-25,63,45,0.00,0.0,0
2008-11-26,67,40,0.00,0.0,0
2008-11-27,79,56,0.02,0.0,0
2008-11-28,74,62,0.09,0.0,0
2008-11-29,73,60,1.04,0.0,0
2008-11-30,63,48,0.01,M,0
2008-12-01,58,42,0.00,0.0,0
2008-12-02,56,33,0.00,0.0,0
2008-12-03,74,47,0.00,0.0,0
2008-12-04,64,46,0.10,M,0
2008-12-05,57,40,0.00,0.0,0
2008-12-06,60,43,0.00,0.0,0
2008-12-07,60,38,0.00,0.0,0
2008-12-08,71,39,0.00,0.0,0
2008-12-09,78,64,0.14,0.0,0
2008-12-10,71,44,1.09,M,0
2008-12-11,45,33,0.48,M,0
2008-12-12,56,38,0.00,0.0,0
2008-12-13,63,38,0.00,0.0,0
2008-12-14,73,58,T,0.0,0
2008-12-15,72,64,0.14,0.0,0
2008-12-16,69,53,0.01,0.0,0
2008-12-17,78,64,0.00,0.0,0
2008-12-18,79,66,0.00,0.0,0
2008-12-19,80,63,0.00,0.0,0
2008-12-20,77,65,T,0.0,0
2008-12-21,70,41,0.06,0.0,0
2008-12-22,45,33,0.00,0.0,0
2008-12-23,72,43,0.00,0.0,0
2008-12-24,81,66,0.00,0.0,0
2008-12-25,79,67,0.00,0.0,0
2008-12-26,80,67,0.00,0.0,0
2008-12-27,80,68,0.00,0.0,0
2008-12-28,69,54,0.19,0.0,0
2008-12-29,65,50,T,0.0,0
2008-12-30,70,42,0.00,0.0,0
2008-12-31,63,50,0.00,0.0,0
2009-01-01,64,44,0.00,0.0,0
2009-01-02,80,60,T,0.0,0
2009-01-03,71,63,4.98,0.0,0
2009-01-04,77,62,T,0.0,0
2009-01-05,78,65,0.08,0.0,0
2009-01-06,78,59,0.82,0.0,0
2009-01-07,64,50,0.00,0.0,0
2009-01-08,74,51,0.00,0.0,0
2009-01-09,73,47,0.00,0.0,0
2009-01-10,80,58,0.02,0.0,0
2009-01-11,58,44,T,0.0,0
2009-01-12,57,40,0.00,0.0,0
2009-01-13,58,38,0.00,0.0,0
2009-01-14,53,34,0.00,0.0,0
2009-01-15,55,35,0.00,0.0,0
2009-01-16,45,32,0.00,0.0,0
2009-01-17,59,31,0.00,0.0,0
2009-01-18,68,44,0.32,0.0,0
2009-01-19,68,40,0.00,0.0,0
2009-01-20,49,32,0.00,0.0,0
2009-01-21,50,29,0.00,0.0,0
2009-01-22,67,36,0.00,0.0,0
2009-01-23,74,49,0.00,0.0,0
2009-01-24,77,48,0.02,0.0,0
2009-01-25,51,48,T,0.0,0
2009-01-26,65,51,0.00,0.0,0
2009-01-27,77,58,0.00,0.0,0
2009-01-28,66,45,0.16,0.0,0
2009-01-29,56,38,0.00,0.0,0
2009-01-30,58,41,0.00,0.0,0
2009-01-31,67,41,0.00,0.0,0
2009-02-01,68,45,T,M,0
2009-02-02,60,45,0.05,M,0
2009-02-03,61,37,0.00,0.0,0
2009-02-04,48,34,0.00,0.0,0
2009-02-05,58,35,0.00,0.0,0
2009-02-06,68,42,0.00,0.0,0
2009-02-07,74,54,0.00,0.0,0
2009-02-08,75,56,0.00,0.0,0
2009-02-09,74,58,0.09,0.0,0
2009-02-10,72,63,0.76,0.0,0
2009-02-11,73,52,0.09,0.0,0
2009-02-12,70,47,0.00,0.0,0
2009-02-13,77,62,0.08,0.0,0
2009-02-14,71,60,2.84,0.0,0
2009-02-15,68,52,0.32,0.0,0
2009-02-16,59,47,0.00,0.0,0
2009-02-17,69,46,T,M,0
2009-02-18,77,63,T,0.0,0
2009-02-19,70,48,0.00,0.0,0
2009-02-20,57,41,0.00,0.0,0
2009-02-21,66,41,0.15,0.0,0
2009-02-22,57,44,0.00,0.0,0
2009-02-23,57,43,0.00,0.0,0
2009-02-24,68,38,0.00,0.0,0
2009-02-25,73,57,0.00,0.0,0
2009-02-26,77,62,T,0.0,0
2009-02-27,80,66,0.00,0.0,0
2009-02-28,78,45,0.01,M,0
2009-03-01,55,36,0.00,0.0,0
2009-03-02,56,38,0.00,0.0,0
2009-03-03,57,41,0.00,0.0,0
2009-03-04,65,41,0.00,0.0,0
2009-03-05,73,54,0.00,0.0,0
2009-03-06,78,57,0.00,0.0,0
2009-03-07,78,61,0.00,0.0,0
2009-03-08,81,65,0.00,0.0,0
2009-03-09,81,63,0.00,0.0,0
2009-03-10,80,64,0.00,0.0,0
2009-03-11,82,63,0.00,0.0,0
2009-03-12,76,62,0.00,0.0,0
2009-03-13,78,63,0.01,0.0,0
2009-03-14,74,60,0.47,0.0,0
2009-03-15,71,60,0.13,0.0,0
2009-03-16,67,63,0.29,0.0,0
2009-03-17,75,57,0.00,0.0,0
2009-03-18,76,53,0.00,0.0,0
2009-03-19,77,54,0.00,0.0,0
2009-03-20,75,57,0.00,0.0,0
2009-03-21,76,57,0.00,0.0,0
2009-03-22,76,56,0.00,0.0,0
2009-03-23,76,59,0.00,0.0,0
2009-03-24,78,65,0.00,0.0,0
2009-03-25,79,70,0.00,0.0,0
2009-03-26,78,63,3.29,0.0,0
2009-03-27,78,65,0.69,0.0,0
2009-03-28,74,53,0.18,0.0,0
2009-03-29,67,48,0.00,0.0,0
2009-03-30,73,48,0.00,0.0,0
2009-03-31,80,65,0.01,0.0,0
2009-04-01,69,61,T,0.0,0
2009-04-02,80,61,0.42,0.0,0
2009-04-03,72,54,0.00,0.0,0
2009-04-04,75,54,T,0.0,0
2009-04-05,83,63,0.01,0.0,0
2009-04-06,63,48,0.00,0.0,0
2009-04-07,61,45,0.00,0.0,0
2009-04-08,73,44,0.00,0.0,0
2009-04-09,76,57,T,0.0,0
2009-04-10,81,68,0.00,0.0,0
2009-04-11,74,61,0.00,0.0,0
2009-04-12,76,66,T,0.0,0
2009-04-13,82,67,0.28,0.0,0
2009-04-14,69,55,0.00,0.0,0
2009-04-15,74,50,0.00,0.0,0
2009-04-16,72,55,0.00,0.0,0
2009-04-17,78,63,0.00,0.0,0
2009-04-18,78,65,0.17,0.0,0
2009-04-19,81,65,0.36,0.0,0
2009-04-20,73,59,0.00,0.0,0
2009-04-21,83,54,0.00,0.0,0
2009-04-22,86,59,0.00,0.0,0
2009-04-23,84,64,0.00,0.0,0
2009-04-24,83,67,0.00,0.0,0
2009-04-25,84,65,0.00,0.0,0
2009-04-26,81,67,0.02,0.0,0
2009-04-27,83,70,0.07,0.0,0
2009-04-28,83,67,0.00,0.0,0
2009-04-29,82,68,0.00,0.0,0
2009-04-30,83,67,T,0.0,0
2009-05-01,86,69,0.00,0.0,0
2009-05-02,86,70,0.00,0.0,0
2009-05-03,85,71,0.02,0.0,0
2009-05-04,83,69,T,0.0,0
2009-05-05,88,71,0.00,0.0,0
2009-05-06,85,75,0.00,0.0,0
2009-05-07,87,74,0.00,0.0,0
2009-05-08,87,72,0.00,0.0,0
2009-05-09,89,73,0.00,0.0,0
2009-05-10,90,74,0.00,0.0,0
2009-05-11,90,72,T,0.0,0
2009-05-12,89,70,0.00,0.0,0
2009-05-13,88,74,0.00,0.0,0
2009-05-14,88,75,0.03,0.0,0
2009-05-15,90,72,T,0.0,0
2009-05-16,87,71,0.00,0.0,0
2009-05-17,82,64,0.13,0.0,0
2009-05-18,78,60,0.00,0.0,0
2009-05-19,79,64,0.00,0.0,0
2009-05-20,85,66,0.00,0.0,0
2009-05-21,82,71,0.02,0.0,0
2009-05-22,83,72,T,0.0,0
2009-05-23,83,72,0.08,0.0,0
2009-05-24,85,71,0.94,0.0,0
2009-05-25,78,69,1.36,0.0,0
2009-05-26,85,71,0.05,0.0,0
2009-05-27,88,73,0.00,0.0,0
2009-05-28,91,73,0.00,0.0,0
2009-05-29,85,71,0.00,0.0,0
2009-05-30,87,71,0.00,0.0,0
2009-05-31,90,68,0.00,0.0,0
2009-06-01,89,70,0.00,0.0,0
2009-06-02,87,70,0.44,0.0,0
2009-06-03,82,71,0.17,0.0,0
2009-06-04,86,72,0.05,0.0,0
2009-06-05,79,68,0.00,0.0,0
2009-06-06,84,66,0.00,0.0,0
2009-06-07,86,67,0.00,0.0,0
2009-06-08,87,72,0.26,0.0,0
2009-06-09,90,74,0.00,0.0,0
2009-06-10,92,74,0.00,0.0,0
2009-06-11,93,75,0.00,0.0,0
2009-06-12,93,75,0.00,0.0,0
2009-06-13,92,74,0.00,0.0,0
2009-06-14,94,73,0.00,0.0,0
2009-06-15,94,74,0.00,0.0,0
2009-06-16,94,76,0.00,0.0,0
2009-06-17,94,76,0.00,0.0,0
2009-06-18,95,74,0.00,0.0,0
2009-06-19,95,76,0.00,0.0,0
2009-06-20,96,77,0.00,0.0,0
2009-06-21,96,77,0.00,0.0,0
2009-06-22,96,77,0.00,0.0,0
2009-06-23,99,78,0.00,0.0,0
2009-06-24,101,78,T,0.0,0
2009-06-25,95,77,0.00,0.0,0
2009-06-26,94,81,0.00,0.0,0
2009-06-27,94,79,T,0.0,0
2009-06-28,97,78,1.17,0.0,0
2009-06-29,97,76,0.04,0.0,0
2009-06-30,94,76,0.00,0.0,0
2009-07-01,97,77,0.00,0.0,0
2009-07-02,98,79,T,0.0,0
2009-07-03,98,77,0.00,0.0,0
2009-07-04,97,80,0.00,0.0,0
2009-07-05,96,81,0.00,0.0,0
2009-07-06,90,75,0.32,0.0,0
2009-07-07,90,75,0.41,0.0,0
2009-07-08,90,74,1.63,0.0,0
2009-07-09,94,76,0.00,0.0,0
2009-07-10,95,76,0.00,0.0,0
2009-07-11,92,76,T,0.0,0
2009-07-12,92,77,0.00,0.0,0
2009-07-13,96,80,0.00,0.0,0
2009-07-14,94,77,0.00,0.0,0
2009-07-15,92,77,0.02,0.0,0
2009-07-16,89,76,0.52,0.0,0
2009-07-17,88,75,0.41,0.0,0
2009-07-18,91,71,T,0.0,0
2009-07-19,90,74,0.00,0.0,0
2009-07-20,90,73,0.67,0.0,0
2009-07-21,89,73,0.00,0.0,0
2009-07-22,89,77,0.10,0.0,0
2009-07-23,91,75,T,0.0,0
2009-07-24,92,75,0.00,0.0,0
2009-07-25,93,75,0.00,0.0,0
2009-07-26,93,73,0.21,0.0,0
2009-07-27,90,73,0.10,0.0,0
2009-07-28,90,73,0.59,0.0,0
2009-07-29,92,78,T,0.0,0
2009-07-30,91,78,0.06,0.0,0
2009-07-31,91,78,0.69,0.0,0
2009-08-01,92,76,0.45,0.0,0
2009-08-02,91,77,0.17,0.0,0
2009-08-03,92,76,0.02,0.0,0
2009-08-04,95,76,0.01,0.0,0
2009-08-05,95,77,0.00,0.0,0
2009-08-06,93,77,0.00,0.0,0
2009-08-07,94,75,T,0.0,0
2009-08-08,90,77,0.01,0.0,0
2009-08-09,91,77,0.01,0.0,0
2009-08-10,91,77,0.00,0.0,0
2009-08-11,94,75,2.45,0.0,0
2009-08-12,87,75,0.03,0.0,0
2009-08-13,93,75,0.00,0.0,0
2009-08-14,91,75,0.00,0.0,0
2009-08-15,90,77,0.13,0.0,0
2009-08-16,89,76,T,0.0,0
2009-08-17,89,76,T,0.0,0
2009-08-18,91,78,0.00,0.0,0
2009-08-19,90,77,1.32,0.0,0
2009-08-20,89,79,0.31,0.0,0
2009-08-21,90,73,3.35,0.0,0
2009-08-22,91,75,T,0.0,0
2009-08-23,85,72,0.00,0.0,0
2009-08-24,86,72,0.00,0.0,0
2009-08-25,88,69,0.00,0.0,0
2009-08-26,89,71,0.00,0.0,0
2009-08-27,89,71,0.00,0.0,0
2009-08-28,92,72,0.00,0.0,0
2009-08-29,90,74,0.04,0.0,0
2009-08-30,91,73,1.20,0.0,0
2009-08-31,86,74,0.00,0.0,0
2009-09-01,88,76,0.00,0.0,0
2009-09-02,87,73,0.00,0.0,0
2009-09-03,86,75,0.00,0.0,0
2009-09-04,87,77,0.16,0.0,0
2009-09-05,88,76,0.14,0.0,0
2009-09-06,90,76,0.16,0.0,0
2009-09-07,88,75,T,0.0,0
2009-09-08,90,74,0.32,0.0,0
2009-09-09,85,74,0.70,0.0,0
2009-09-10,87,72,0.54,0.0,0
2009-09-11,80,73,2.36,0.0,0
2009-09-12,82,72,1.93,0.0,0
2009-09-13,85,74,0.17,0.0,0
2009-09-14,90,75,0.78,0.0,0
2009-09-15,89,76,0.00,0.0,0
2009-09-16,89,75,0.00,0.0,0
2009-09-17,89,76,0.00,0.0,0
2009-09-18,89,75,0.06,0.0,0
2009-09-19,89,74,T,0.0,0
2009-09-20,89,74,0.00,0.0,0
2009-09-21,91,74,0.00,0.0,0
2009-09-22,91,76,0.56,0.0,0
2009-09-23,90,76,0.50,0.0,0
2009-09-24,89,77,0.34,0.0,0
2009-09-25,87,76,T,0.0,0
2009-09-26,88,76,0.50,0.0,0
2009-09-27,90,74,0.00,0.0,0
2009-09-28,92,76,0.00,0.0,0
2009-09-29,80,71,0.00,0.0,0
2009-09-30,81,65,0.00,0.0,0
2009-10-01,84,62,0.00,0.0,0
2009-10-02,82,67,1.30,0.0,0
2009-10-03,84,71,0.00,0.0,0
2009-10-04,82,74,0.87,0.0,0
2009-10-05,84,77,0.18,0.0,0
2009-10-06,91,75,T,0.0,0
2009-10-07,91,79,0.09,0.0,0
2009-10-08,90,77,0.02,0.0,0
2009-10-09,90,71,0.19,0.0,0
2009-10-10,78,70,0.03,0.0,0
2009-10-11,75,69,0.03,0.0,0
2009-10-12,89,73,0.38,0.0,0
2009-10-13,88,72,0.19,0.0,0
2009-10-14,90,76,0.37,0.0,0
2009-10-15,90,71,0.14,0.0,0
2009-10-16,73,57,0.57,0.0,0
2009-10-17,67,54,0.00,0.0,0
2009-10-18,64,50,0.00,0.0,0
2009-10-19,68,50,0.00,0.0,0
2009-10-20,74,47,0.00,0.0,0
2009-10-21,79,65,T,0.0,0
2009-10-22,83,74,0.77,0.0,0
2009-10-23,75,56,0.00,0.0,0
2009-10-24,66,51,0.00,0.0,0
2009-10-25,71,48,0.00,0.0,0
2009-10-26,69,58,0.02,0.0,0
2009-10-27,75,56,0.42,0.0,0
2009-10-28,73,55,0.00,0.0,0
2009-10-29,85,72,0.00,0.0,0
2009-10-30,86,57,0.35,0.0,0
2009-10-31,68,54,0.05,0.0,0
2009-11-01,70,48,0.00,0.0,0
2009-11-02,71,56,0.00,0.0,0
2009-11-03,72,56,0.00,0.0,0
2009-11-04,77,54,0.00,0.0,0
2009-11-05,76,59,0.00,0.0,0
2009-11-06,74,49,0.00,0.0,0
2009-11-07,78,51,0.00,0.0,0
2009-11-08,72,64,0.00,0.0,0
2009-11-09,72,67,T,0.0,0
2009-11-10,73,63,0.00,0.0,0
2009-11-11,77,61,0.00,0.0,0
2009-11-12,69,53,0.00,0.0,0
2009-11-13,70,47,0.00,0.0,0
2009-11-14,74,47,0.00,0.0,0
2009-11-15,76,53,0.00,0.0,0
2009-11-16,80,54,0.37,0.0,0
2009-11-17,61,44,0.00,0.0,0
2009-11-18,62,42,0.00,0.0,0
2009-11-19,66,45,0.00,0.0,0
2009-11-20,66,46,T,M,0
2009-11-21,64,59,0.29,0.0,0
2009-11-22,63,54,0.01,0.0,0
2009-11-23,68,53,0.00,0.0,0
2009-11-24,68,53,0.00,0.0,0
2009-11-25,65,52,0.00,0.0,0
2009-11-26,62,42,0.00,0.0,0
2009-11-27,61,40,0.00,0.0,0
2009-11-28,65,46,0.00,0.0,0
2009-11-29,74,50,0.00,0.0,0
2009-11-30,70,51,0.35,0.0,0
2009-12-01,59,48,2.42,0.0,0
2009-12-02,66,49,0.75,0.0,0
2009-12-03,56,45,0.00,0.0,0
2009-12-04,52,37,0.29,0.1,0
2009-12-05,47,35,T,0.0,0
2009-12-06,58,37,0.00,0.0,0
2009-12-07,67,55,0.29,0.0,0
2009-12-08,72,59,4.29,0.0,0
2009-12-09,72,50,0.00,0.0,0
2009-12-10,54,42,0.00,0.0,0
2009-12-11,49,45,0.17,0.0,0
2009-12-12,67,44,5.26,0.0,0
2009-12-13,69,55,0.02,0.0,0
2009-12-14,76,63,3.28,0.0,0
2009-12-15,66,53,5.71,0.0,0
2009-12-16,61,48,0.00,0.0,0
2009-12-17,51,48,1.77,0.0,0
2009-12-18,59,46,0.68,0.0,0
2009-12-19,60,44,0.00,0.0,0
2009-12-20,54,39,0.00,0.0,0
2009-12-21,62,38,0.00,0.0,0
2009-12-22,68,44,0.00,0.0,0
2009-12-23,73,59,T,0.0,0
2009-12-24,70,47,0.50,0.0,0
2009-12-25,51,37,0.00,0.0,0
2009-12-26,55,36,0.00,0.0,0
2009-12-27,59,46,0.00,0.0,0
2009-12-28,50,39,0.00,0.0,0
2009-12-29,53,38,0.00,0.0,0
2009-12-30,60,48,0.49,0.0,0
2009-12-31,69,52,T,0.0,0
2010-01-01,54,42,T,0.0,0
2010-01-02,51,39,0.00,0.0,0
2010-01-03,47,37,0.00,0.0,0
2010-01-04,43,30,0.00,0.0,0
2010-01-05,43,28,0.00,0.0,0
2010-01-06,47,31,0.00,0.0,0
2010-01-07,62,33,0.23,0.0,0
2010-01-08,35,28,0.00,0.0,0
2010-01-09,37,24,0.00,0.0,0
2010-01-10,40,24,0.00,0.0,0
2010-01-11,49,21,0.00,0.0,0
2010-01-12,58,29,0.00,0.0,0
2010-01-13,50,32,0.00,0.0,0
2010-01-14,61,38,0.00,0.0,0
2010-01-15,59,44,0.34,0.0,0
2010-01-16,60,52,0.39,0.0,0
2010-01-17,58,48,0.00,0.0,0
2010-01-18,63,44,0.00,0.0,0
2010-01-19,70,42,0.00,0.0,0
2010-01-20,75,60,0.01,0.0,0
2010-01-21,79,56,T,0.0,0
2010-01-22,71,51,0.00,0.0,0
2010-01-23,70,51,0.00,0.0,0
2010-01-24,70,54,0.07,0.0,0
2010-01-25,64,42,0.00,0.0,0
2010-01-26,67,43,0.00,0.0,0
2010-01-27,64,41,0.00,0.0,0
2010-01-28,64,41,0.00,0.0,0
2010-01-29,68,48,1.20,0.0,0
2010-01-30,48,36,0.00,0.0,0
2010-01-31,50,35,0.00,0.0,0
2010-02-01,56,36,0.01,0.0,0
2010-02-02,64,45,0.00,0.0,0
2010-02-03,54,47,0.27,0.0,0
2010-02-04,56,49,2.36,0.0,0
2010-02-05,58,49,0.06,0.0,0
2010-02-06,54,43,0.00,0.0,0
2010-02-07,50,41,0.00,0.0,0
2010-02-08,66,41,0.08,0.0,0
2010-02-09,61,41,0.86,0.0,0
2010-02-10,47,34,0.00,0.0,0
2010-02-11,44,38,0.50,0.0,0
2010-02-12,40,36,1.23,0.0,0
2010-02-13,53,30,0.00,0.0,0
2010-02-14,62,34,0.11,0.0,0
2010-02-15,51,35,0.08,0.0,0
2010-02-16,51,31,0.00,0.0,0
2010-02-17,54,33,0.00,0.0,0
2010-02-18,58,33,0.00,0.0,0
2010-02-19,59,37,0.00,0.0,0
2010-02-20,66,38,0.00,0.0,0
2010-02-21,67,55,0.33,0.0,0
2010-02-22,73,51,0.00,0.0,0
2010-02-23,54,43,0.00,0.0,0
2010-02-24,53,39,0.01,0.0,0
2010-02-25,54,36,0.00,0.0,0
2010-02-26,62,40,0.65,0.0,0
2010-02-27,56,42,0.05,0.0,0
2010-02-28,65,40,0.00,0.0,0
2010-03-01,61,43,1.70,0.0,0
2010-03-02,48,42,0.02,0.0,0
2010-03-03,55,41,0.00,0.0,0
2010-03-04,60,37,0.00,0.0,0
2010-03-05,62,38,0.00,0.0,0
2010-03-06,65,40,0.00,0.0,0
2010-03-07,69,42,0.00,0.0,0
2010-03-08,66,50,0.02,0.0,0
2010-03-09,72,53,0.35,0.0,0
2010-03-10,73,62,0.31,0.0,0
2010-03-11,74,60,0.05,0.0,0
2010-03-12,69,53,0.00,0.0,0
2010-03-13,67,51,0.00,0.0,0
2010-03-14,74,47,0.00,0.0,0
2010-03-15,69,53,0.00,0.0,0
2010-03-16,63,52,0.03,0.0,0
2010-03-17,65,51,0.17,0.0,0
2010-03-18,68,46,0.00,0.0,0
2010-03-19,70,46,0.00,0.0,0
2010-03-20,72,51,0.24,0.0,0
2010-03-21,61,39,T,M,0
2010-03-22,64,42,0.00,0.0,0
2010-03-23,70,47,0.00,0.0,0
2010-03-24,71,50,0.00,0.0,0
2010-03-25,80,59,0.02,0.0,0
2010-03-26,69,52,0.00,0.0,0
2010-03-27,71,48,0.00,0.0,0
2010-03-28,73,55,0.00,0.0,0
2010-03-29,69,47,0.00,0.0,0
2010-03-30,73,46,0.00,0.0,0
2010-03-31,75,49,0.00,0.0,0
2010-04-01,76,54,0.00,0.0,0
2010-04-02,79,61,0.00,0.0,0
2010-04-03,76,66,T,0.0,0
2010-04-04,82,62,0.00,0.0,0
2010-04-05,81,62,0.00,0.0,0
2010-04-06,81,63,0.00,0.0,0
2010-04-07,82,67,0.00,0.0,0
2010-04-08,72,60,0.55,0.0,0
2010-04-09,74,56,0.00,0.0,0
2010-04-10,76,55,0.00,0.0,0
2010-04-11,78,55,0.00,0.0,0
2010-04-12,80,57,0.00,0.0,0
2010-04-13,80,62,0.00,0.0,0
2010-04-14,80,64,0.00,0.0,0
2010-04-15,79,59,0.00,0.0,0
2010-04-16,81,59,0.00,0.0,0
2010-04-17,82,57,0.00,0.0,0
2010-04-18,82,59,0.40,0.0,0
2010-04-19,78,65,0.01,0.0,0
2010-04-20,73,61,0.00,0.0,0
2010-04-21,80,57,0.00,0.0,0
2010-04-22,80,61,0.00,0.0,0
2010-04-23,80,68,1.65,0.0,0
2010-04-24,82,65,T,0.0,0
2010-04-25,87,63,0.00,0.0,0
2010-04-26,83,60,0.00,0.0,0
2010-04-27,77,63,T,0.0,0
2010-04-28,77,58,0.00,0.0,0
2010-04-29,82,58,0.00,0.0,0
2010-04-30,80,72,T,0.0,0
2010-05-01,83,78,0.00,0.0,0
2010-05-02,79,76,0.13,0.0,0
2010-05-03,87,74,0.00,0.0,0
2010-05-04,89,73,0.00,0.0,0
2010-05-05,88,69,0.00,0.0,0
2010-05-06,87,68,0.00,0.0,0
2010-05-07,89,71,0.00,0.0,0
2010-05-08,82,71,0.00,0.0,0
2010-05-09,78,64,0.00,0.0,0
2010-05-10,85,63,0.00,0.0,0
2010-05-11,88,72,0.00,0.0,0
2010-05-12,89,75,0.00,0.0,0
2010-05-13,88,77,0.00,0.0,0
2010-05-14,88,75,0.00,0.0,0
2010-05-15,84,70,0.37,0.0,0
2010-05-16,79,70,0.61,0.0,0
2010-05-17,90,66,0.00,0.0,0
2010-05-18,90,70,0.03,0.0,0
2010-05-19,89,70,0.00,0.0,0
2010-05-20,90,75,0.00,0.0,0
2010-05-21,91,75,0.00,0.0,0
2010-05-22,92,76,0.00,0.0,0
2010-05-23,91,76,0.00,0.0,0
2010-05-24,93,72,0.00,0.0,0
2010-05-25,94,73,0.00,0.0,0
2010-05-26,90,70,0.79,0.0,0
2010-05-27,92,70,0.00,0.0,0
2010-05-28,93,72,0.00,0.0,0
2010-05-29,92,74,0.01,0.0,0
2010-05-30,88,72,2.74,0.0,0
2010-05-31,90,71,0.49,0.0,0
2010-06-01,91,74,0.02,0.0,0
2010-06-02,87,74,T,0.0,0
2010-06-03,86,73,0.37,0.0,0
2010-06-04,86,73,0.27,0.0,0
2010-06-05,91,75,0.02,0.0,0
2010-06-06,92,73,2.58,0.0,0
2010-06-07,94,76,0.00,0.0,0
2010-06-08,93,78,0.00,0.0,0
2010-06-09,92,80,0.00,0.0,0
2010-06-10,91,79,0.00,0.0,0
2010-06-11,92,79,0.10,0.0,0
2010-06-12,94,79,T,0.0,0
2010-06-13,94,79,0.00,0.0,0
2010-06-14,94,79,T,0.0,0
2010-06-15,91,74,0.69,0.0,0
2010-06-16,90,77,0.09,0.0,0
2010-06-17,94,77,0.00,0.0,0
2010-06-18,92,79,0.00,0.0,0
2010-06-19,94,77,0.00,0.0,0
2010-06-20,94,76,0.00,0.0,0
2010-06-21,96,79,0.00,0.0,0
2010-06-22,89,76,1.15,0.0,0
2010-06-23,89,77,0.07,0.0,0
2010-06-24,92,76,0.27,0.0,0
2010-06-25,94,77,0.00,0.0,0
2010-06-26,93,78,0.00,0.0,0
2010-06-27,95,79,0.04,0.0,0
2010-06-28,91,74,1.73,0.0,0
2010-06-29,84,77,0.88,0.0,0
2010-06-30,85,77,1.72,0.0,0
2010-07-01,86,77,0.22,0.0,0
2010-07-02,89,79,0.00,0.0,0
2010-07-03,88,78,0.10,0.0,0
2010-07-04,89,79,T,0.0,0
2010-07-05,88,76,0.36,0.0,0
2010-07-06,86,76,0.91,0.0,0
2010-07-07,89,79,0.00,0.0,0
2010-07-08,92,78,0.00,0.0,0
2010-07-09,92,76,0.00,0.0,0
2010-07-10,93,75,2.88,0.0,0
2010-07-11,90,76,0.10,0.0,0
2010-07-12,93,77,0.00,0.0,0
2010-07-13,92,79,0.00,0.0,0
2010-07-14,94,76,0.00,0.0,0
2010-07-15,95,78,0.00,0.0,0
2010-07-16,88,74,0.25,0.0,0
2010-07-17,91,78,0.00,0.0,0
2010-07-18,88,75,0.64,0.0,0
2010-07-19,91,77,T,0.0,0
2010-07-20,93,77,0.00,0.0,0
2010-07-21,93,81,0.05,0.0,0
2010-07-22,95,81,0.00,0.0,0
2010-07-23,95,76,0.00,0.0,0
2010-07-24,93,81,T,0.0,0
2010-07-25,94,78,0.84,0.0,0
2010-07-26,92,78,0.31,0.0,0
2010-07-27,94,78,0.01,0.0,0
2010-07-28,94,75,0.00,0.0,0
2010-07-29,95,77,0.00,0.0,0
2010-07-30,96,80,0.00,0.0,0
2010-07-31,97,80,0.00,0.0,0
2010-08-01,100,80,0.00,0.0,0
2010-08-02,100,81,0.00,0.0,0
2010-08-03,93,84,0.00,0.0,0
2010-08-04,94,77,0.89,0.0,0
2010-08-05,91,77,0.18,0.0,0
2010-08-06,94,78,0.16,0.0,0
2010-08-07,95,80,0.00,0.0,0
2010-08-08,95,80,0.00,0.0,0
2010-08-09,94,78,0.22,0.0,0
2010-08-10,95,77,0.00,0.0,0
2010-08-11,89,78,0.04,0.0,0
2010-08-12,87,79,1.03,0.0,0
2010-08-13,85,78,0.40,0.0,0
2010-08-14,92,79,T,0.0,0
2010-08-15,94,78,0.01,0.0,0
2010-08-16,94,77,0.28,0.0,0
2010-08-17,88,79,0.26,0.0,0
2010-08-18,90,79,T,0.0,0
2010-08-19,91,79,T,0.0,0
2010-08-20,92,79,0.65,0.0,0
2010-08-21,96,78,0.02,0.0,0
2010-08-22,95,75,1.78,0.0,0
2010-08-23,95,75,0.00,0.0,0
2010-08-24,95,78,0.00,0.0,0
2010-08-25,93,78,0.00,0.0,0
2010-08-26,92,80,0.00,0.0,0
2010-08-27,89,74,1.97,0.0,0
2010-08-28,80,75,0.69,0.0,0
2010-08-29,85,75,1.74,0.0,0
2010-08-30,90,77,0.86,0.0,0
2010-08-31,87,75,0.55,0.0,0
2010-09-01,88,76,0.22,0.0,0
2010-09-02,92,73,0.00,0.0,0
2010-09-03,91,73,0.00,0.0,0
2010-09-04,87,75,0.00,0.0,0
2010-09-05,89,75,0.00,0.0,0
2010-09-06,92,77,0.00,0.0,0
2010-09-07,93,81,0.00,0.0,0
2010-09-08,92,76,0.00,0.0,0
2010-09-09,91,77,T,0.0,0
2010-09-10,92,77,0.00,0.0,0
2010-09-11,94,79,T,0.0,0
2010-09-12,94,79,0.00,0.0,0
2010-09-13,90,74,0.00,0.0,0
2010-09-14,91,69,0.00,0.0,0
2010-09-15,92,73,0.02,0.0,0
2010-09-16,91,78,0.00,0.0,0
2010-09-17,91,77,0.00,0.0,0
2010-09-18,93,75,0.00,0.0,0
2010-09-19,91,76,0.00,0.0,0
2010-09-20,91,75,0.00,0.0,0
2010-09-21,92,74,0.00,0.0,0
2010-09-22,92,79,T,0.0,0
2010-09-23,92,76,0.00,0.0,0
2010-09-24,90,76,0.07,0.0,0
2010-09-25,88,74,0.00,0.0,0
2010-09-26,91,68,0.02,0.0,0
2010-09-27,82,66,0.00,0.0,0
2010-09-28,82,65,0.00,0.0,0
2010-09-29,85,62,0.00,0.0,0
2010-09-30,86,63,0.00,0.0,0
2010-10-01,86,71,0.00,0.0,0
2010-10-02,83,66,0.00,0.0,0
2010-10-03,79,63,0.00,0.0,0
2010-10-04,73,58,0.00,0.0,0
2010-10-05,75,59,0.00,0.0,0
2010-10-06,79,58,0.00,0.0,0
2010-10-07,82,54,0.00,0.0,0
2010-10-08,88,56,0.00,0.0,0
2010-10-09,90,61,0.00,0.0,0
2010-10-10,88,62,0.00,0.0,0
2010-10-11,85,61,0.00,0.0,0
2010-10-12,83,68,0.09,0.0,0
2010-10-13,82,62,0.02,0.0,0
2010-10-14,81,65,0.00,0.0,0
2010-10-15,80,56,0.00,0.0,0
2010-10-16,85,56,0.00,0.0,0
2010-10-17,85,57,0.00,0.0,0
2010-10-18,81,61,0.00,0.0,0
2010-10-19,83,58,0.00,0.0,0
2010-10-20,84,63,0.12,0.0,0
2010-10-21,83,63,0.00,0.0,0
2010-10-22,84,59,0.00,0.0,0
2010-10-23,84,59,0.00,0.0,0
2010-10-24,85,72,0.12,0.0,0
2010-10-25,88,70,0.00,0.0,0
2010-10-26,89,78,0.23,0.0,0
2010-10-27,87,77,0.08,0.0,0
2010-10-28,79,62,0.08,0.0,0
2010-10-29,73,56,0.00,0.0,0
2010-10-30,76,50,0.00,0.0,0
2010-10-31,78,59,0.00,0.0,0
2010-11-01,83,64,T,0.0,0
2010-11-02,74,68,0.61,0.0,0
2010-11-03,77,66,0.32,0.0,0
2010-11-04,69,49,0.07,0.0,0
2010-11-05,62,48,0.00,0.0,0
2010-11-06,63,45,0.00,0.0,0
2010-11-07,63,45,0.00,0.0,0
2010-11-08,69,43,0.00,0.0,0
2010-11-09,79,48,0.00,0.0,0
2010-11-10,76,56,0.00,0.0,0
2010-11-11,77,50,0.00,0.0,0
2010-11-12,80,50,0.00,0.0,0
2010-11-13,79,61,0.00,0.0,0
2010-11-14,65,60,0.00,0.0,0
2010-11-15,71,61,0.88,0.0,0
2010-11-16,72,53,0.00,0.0,0
2010-11-17,69,48,0.00,0.0,0
2010-11-18,67,55,0.00,0.0,0
2010-11-19,66,54,0.00,0.0,0
2010-11-20,67,48,0.00,0.0,0
2010-11-21,79,55,0.00,0.0,0
2010-11-22,80,58,0.00,0.0,0
2010-11-23,83,67,0.00,0.0,0
2010-11-24,81,66,0.00,0.0,0
2010-11-25,82,70,T,0.0,0
2010-11-26,72,42,0.20,0.0,0
2010-11-27,59,41,0.00,0.0,0
2010-11-28,65,39,0.00,0.0,0
2010-11-29,80,62,0.09,0.0,0
2010-11-30,73,46,0.58,0.0,0
2010-12-01,58,37,0.00,0.0,0
2010-12-02,64,38,0.00,0.0,0
2010-12-03,71,42,0.00,0.0,0
2010-12-04,78,54,T,0.0,0
2010-12-05,64,42,0.00,0.0,0
2010-12-06,51,37,0.00,0.0,0
2010-12-07,53,34,0.00,0.0,0
2010-12-08,51,39,0.00,0.0,0
2010-12-09,52,35,0.00,0.0,0
2010-12-10,66,33,0.00,0.0,0
2010-12-11,73,55,0.20,0.0,0
2010-12-12,58,40,0.00,0.0,0
2010-12-13,46,35,0.00,0.0,0
2010-12-14,51,33,0.00,0.0,0
2010-12-15,64,37,0.00,0.0,0
2010-12-16,79,56,0.00,0.0,0
2010-12-17,60,45,0.01,0.0,0
2010-12-18,53,43,0.01,0.0,0
2010-12-19,56,39,0.00,0.0,0
2010-12-20,66,37,0.00,0.0,0
2010-12-21,73,52,0.00,0.0,0
2010-12-22,76,54,0.00,0.0,0
2010-12-23,57,46,0.00,0.0,0
2010-12-24,63,44,0.00,0.0,0
2010-12-25,54,41,0.63,M,0
2010-12-26,41,35,T,M,0
2010-12-27,46,30,0.00,0.0,0
2010-12-28,58,27,0.00,0.0,0
2010-12-29,69,41,0.00,M,0
2010-12-30,74,56,1.10,0.0,0
2010-12-31,74,66,0.22,0.0,0
2011-01-01,73,50,0.18,0.0,0
2011-01-02,55,42,0.00,0.0,0
2011-01-03,56,39,0.00,0.0,0
2011-01-04,69,50,0.02,0.0,0
2011-01-05,70,57,0.90,0.0,0
2011-01-06,64,44,0.00,0.0,0
2011-01-07,71,40,0.00,0.0,0
2011-01-08,62,49,0.00,0.0,0
2011-01-09,50,43,0.55,0.0,0
2011-01-10,46,39,0.00,0.0,0
2011-01-11,49,37,0.00,0.0,0
2011-01-12,45,31,0.00,0.0,0
2011-01-13,42,28,0.00,0.0,0
2011-01-14,50,28,0.00,0.0,0
2011-01-15,62,36,0.00,0.0,0
2011-01-16,61,41,0.00,0.0,0
2011-01-17,67,46,0.00,0.0,0
2011-01-18,73,45,0.95,0.0,0
2011-01-19,60,45,0.00,0.0,0
2011-01-20,62,43,T,0.0,0
2011-01-21,49,37,0.00,0.0,0
2011-01-22,51,32,0.00,0.0,0
2011-01-23,61,30,0.00,0.0,0
2011-01-24,71,49,0.88,0.0,0
2011-01-25,65,47,0.28,0.0,0
2011-01-26,56,38,0.00,0.0,0
2011-01-27,61,35,0.00,0.0,0
2011-01-28,72,44,0.00,0.0,0
2011-01-29,68,46,0.00,0.0,0
2011-01-30,64,51,0.33,0.0,0
2011-01-31,68,54,0.00,0.0,0
2011-02-01,70,39,0.50,0.0,0
2011-02-02,39,30,T,T,0
2011-02-03,39,36,0.05,T,0
2011-02-04,43,36,0.47,T,0
2011-02-05,49,32,0.00,0.0,0
2011-02-06,63,32,0.00,0.0,0
2011-02-07,56,41,T,0.0,0
2011-02-08,52,37,0.00,0.0,0
2011-02-09,60,42,0.44,0.0,0
2011-02-10,42,32,0.00,0.0,0
2011-02-11,50,31,0.00,0.0,0
2011-02-12,60,29,0.00,0.0,0
2011-02-13,67,35,0.00,0.0,0
2011-02-14,72,37,0.00,0.0,0
2011-02-15,70,44,0.00,0.0,0
2011-02-16,69,47,0.00,0.0,0
2011-02-17,76,55,0.00,0.0,0
2011-02-18,80,58,0.00,0.0,0
2011-02-19,76,57,0.00,0.0,0
2011-02-20,77,57,0.00,0.0,0
2011-02-21,80,61,0.00,0.0,0
2011-02-22,81,64,0.00,0.0,0
2011-02-23,79,60,0.00,0.0,0
2011-02-24,83,68,0.00,0.0,0
2011-02-25,81,63,0.18,0.0,0
2011-02-26,80,57,0.00,0.0,0
2011-02-27,82,68,0.00,0.0,0
2011-02-28,84,65,0.01,0.0,0
2011-03-01,73,53,0.00,0.0,0
2011-03-02,75,56,0.00,0.0,0
2011-03-03,78,55,T,0.0,0
2011-03-04,72,66,0.17,0.0,0
2011-03-05,75,54,2.63,0.0,0
2011-03-06,59,48,0.00,0.0,0
2011-03-07,64,46,0.00,0.0,0
2011-03-08,74,60,0.05,0.0,0
2011-03-09,78,60,3.83,0.0,0
2011-03-10,64,49,0.00,0.0,0
2011-03-11,68,45,0.00,0.0,0
2011-03-12,74,47,0.00,0.0,0
2011-03-13,76,54,0.00,0.0,0
2011-03-14,79,61,0.00,0.0,0
2011-03-15,73,56,0.00,0.0,0
2011-03-16,74,54,0.00,0.0,0
2011-03-17,80,54,0.00,0.0,0
2011-03-18,81,61,0.00,0.0,0
2011-03-19,80,59,0.00,0.0,0
2011-03-20,80,58,0.00,0.0,0
2011-03-21,82,59,0.00,0.0,0
2011-03-22,82,66,0.00,0.0,0
2011-03-23,82,63,0.00,0.0,0
2011-03-24,81,63,0.00,0.0,0
2011-03-25,79,59,0.00,0.0,0
2011-03-26,84,70,T,0.0,0
2011-03-27,85,71,0.00,0.0,0
2011-03-28,77,64,0.00,0.0,0
2011-03-29,83,64,3.59,0.0,0
2011-03-30,72,57,0.21,0.0,0
2011-03-31,65,54,0.00,0.0,0
2011-04-01,81,53,0.00,0.0,0
2011-04-02,81,61,0.00,0.0,0
2011-04-03,83,64,0.00,0.0,0
2011-04-04,84,57,0.35,0.0,0
2011-04-05,66,52,0.00,0.0,0
2011-04-06,74,49,0.00,0.0,0
2011-04-07,83,59,0.00,0.0,0
2011-04-08,86,72,0.00,0.0,0
2011-04-09,85,73,0.00,0.0,0
2011-04-10,87,74,0.00,0.0,0
2011-04-11,85,69,T,0.0,0
2011-04-12,79,63,0.00,0.0,0
2011-04-13,81,57,0.00,0.0,0
2011-04-14,82,63,T,0.0,0
2011-04-15,85,69,0.00,0.0,0
2011-04-16,76,55,0.00,0.0,0
2011-04-17,75,62,0.00,0.0,0
2011-04-18,85,65,0.00,0.0,0
2011-04-19,88,74,0.00,0.0,0
2011-04-20,89,75,0.00,0.0,0
2011-04-21,87,74,0.00,0.0,0
2011-04-22,86,72,0.00,0.0,0
2011-04-23,87,69,0.00,0.0,0
2011-04-24,87,70,0.00,0.0,0
2011-04-25,87,72,0.00,0.0,0
2011-04-26,87,73,T,0.0,0
2011-04-27,86,72,T,0.0,0
2011-04-28,78,62,0.00,0.0,0
2011-04-29,81,60,0.00,0.0,0
2011-04-30,85,64,0.00,0.0,0
2011-05-01,88,71,0.00,0.0,0
2011-05-02,88,75,T,0.0,0
2011-05-03,78,58,T,0.0,0
2011-05-04,75,58,0.00,0.0,0
2011-05-05,83,60,0.00,0.0,0
2011-05-06,83,56,0.00,0.0,0
2011-05-07,85,60,0.00,0.0,0
2011-05-08,88,70,0.00,0.0,0
2011-05-09,89,70,0.00,0.0,0
2011-05-10,89,72,0.00,0.0,0
2011-05-11,88,71,0.00,0.0,0
2011-05-12,89,71,0.00,0.0,0
2011-05-13,84,70,0.60,0.0,0
2011-05-14,78,63,T,0.0,0
2011-05-15,77,60,0.00,0.0,0
2011-05-16,78,59,0.00,0.0,0
2011-05-17,76,57,0.00,0.0,0
2011-05-18,81,58,0.00,0.0,0
2011-05-19,87,66,0.00,0.0,0
2011-05-20,90,76,0.00,0.0,0
2011-05-21,90,76,0.00,0.0,0
2011-05-22,91,75,0.00,0.0,0
2011-05-23,90,75,0.00,0.0,0
2011-05-24,91,76,0.00,0.0,0
2011-05-25,91,78,0.00,0.0,0
2011-05-26,91,75,0.15,0.0,0
2011-05-27,89,71,0.00,0.0,0
2011-05-28,92,73,0.00,0.0,0
2011-05-29,92,76,0.03,0.0,0
2011-05-30,92,76,0.00,0.0,0
2011-05-31,93,75,0.00,0.0,0
2011-06-01,98,75,0.00,0.0,0
2011-06-02,98,78,0.00,0.0,0
2011-06-03,95,74,0.00,0.0,0
2011-06-04,100,75,T,0.0,0
2011-06-05,90,78,0.04,0.0,0
2011-06-06,95,73,T,0.0,0
2011-06-07,94,73,0.04,0.0,0
2011-06-08,90,72,0.13,0.0,0
2011-06-09,91,74,0.19,0.0,0
2011-06-10,92,71,0.04,0.0,0
2011-06-11,95,73,1.16,0.0,0
2011-06-12,92,74,0.00,0.0,0
2011-06-13,94,76,0.00,0.0,0
2011-06-14,95,76,0.00,0.0,0
2011-06-15,97,76,0.00,0.0,0
2011-06-16,97,78,0.00,0.0,0
2011-06-17,96,80,0.00,0.0,0
2011-06-18,96,79,0.00,0.0,0
2011-06-19,95,79,0.00,0.0,0
2011-06-20,95,80,0.06,0.0,0
2011-06-21,93,76,T,0.0,0
2011-06-22,91,75,2.65,0.0,0
2011-06-23,88,76,0.03,0.0,0
2011-06-24,90,78,0.05,0.0,0
2011-06-25,93,76,0.06,0.0,0
2011-06-26,94,78,0.10,0.0,0
2011-06-27,94,78,0.02,0.0,0
2011-06-28,95,75,0.00,0.0,0
2011-06-29,95,75,0.00,0.0,0
2011-06-30,96,77,0.13,0.0,0
2011-07-01,96,79,0.01,0.0,0
2011-07-02,100,79,0.00,0.0,0
2011-07-03,96,77,0.48,0.0,0
2011-07-04,94,77,0.00,0.0,0
2011-07-05,93,76,0.02,0.0,0
2011-07-06,91,76,0.00,0.0,0
2011-07-07,95,76,0.00,0.0,0
2011-07-08,94,77,0.38,0.0,0
2011-07-09,95,79,0.05,0.0,0
2011-07-10,95,77,T,0.0,0
2011-07-11,94,79,0.00,0.0,0
2011-07-12,92,78,0.54,0.0,0
2011-07-13,95,78,0.00,0.0,0
2011-07-14,89,77,0.59,0.0,0
2011-07-15,83,77,0.06,0.0,0
2011-07-16,90,76,0.07,0.0,0
2011-07-17,91,75,1.04,0.0,0
2011-07-18,83,76,0.78,0.0,0
2011-07-19,90,75,T,0.0,0
2011-07-20,92,75,0.08,0.0,0
2011-07-21,93,76,0.00,0.0,0
2011-07-22,90,77,T,0.0,0
2011-07-23,91,77,0.10,0.0,0
2011-07-24,86,76,0.13,0.0,0
2011-07-25,85,74,2.34,0.0,0
2011-07-26,90,74,0.00,0.0,0
2011-07-27,88,77,1.12,0.0,0
2011-07-28,91,76,3.52,0.0,0
2011-07-29,92,76,1.69,0.0,0
2011-07-30,92,76,0.00,0.0,0
2011-07-31,96,78,0.00,0.0,0
2011-08-01,95,78,0.00,0.0,0
2011-08-02,96,79,0.00,0.0,0
2011-08-03,97,80,0.00,0.0,0
2011-08-04,96,81,0.00,0.0,0
2011-08-05,96,79,0.08,0.0,0
2011-08-06,95,78,0.00,0.0,0
2011-08-07,95,80,0.06,0.0,0
2011-08-08,93,78,T,0.0,0
2011-08-09,95,81,0.02,0.0,0
2011-08-10,97,80,T,0.0,0
2011-08-11,95,81,0.00,0.0,0
2011-08-12,96,79,0.00,0.0,0
2011-08-13,94,79,0.45,0.0,0
2011-08-14,94,75,0.29,0.0,0
2011-08-15,94,75,0.00,0.0,0
2011-08-16,96,80,0.00,0.0,0
2011-08-17,96,80,0.02,0.0,0
2011-08-18,98,81,0.00,0.0,0
2011-08-19,97,78,0.00,0.0,0
2011-08-20,95,79,0.01,0.0,0
2011-08-21,96,79,0.00,0.0,0
2011-08-22,97,78,0.00,0.0,0
2011-08-23,99,79,T,0.0,0
2011-08-24,97,73,0.68,0.0,0
2011-08-25,95,78,0.00,0.0,0
2011-08-26,98,79,0.00,0.0,0
2011-08-27,96,78,0.00,0.0,0
2011-08-28,97,79,0.00,0.0,0
2011-08-29,97,81,0.00,0.0,0
2011-08-30,96,76,0.00,0.0,0
2011-08-31,96,77,0.00,0.0,0
2011-09-01,90,78,0.11,0.0,0
2011-09-02,82,77,1.92,0.0,0
2011-09-03,84,76,6.25,0.0,0
2011-09-04,82,75,2.68,0.0,0
2011-09-05,80,68,0.09,0.0,0
2011-09-06,80,65,0.00,0.0,0
2011-09-07,82,63,0.00,0.0,0
2011-09-08,82,66,0.00,0.0,0
2011-09-09,84,63,0.00,0.0,0
2011-09-10,86,62,0.00,0.0,0
2011-09-11,88,66,0.00,0.0,0
2011-09-12,90,67,0.00,0.0,0
2011-09-13,92,70,0.00,0.0,0
2011-09-14,91,73,0.00,0.0,0
2011-09-15,87,71,0.00,0.0,0
2011-09-16,82,66,0.00,0.0,0
2011-09-17,85,68,0.00,0.0,0
2011-09-18,90,75,0.00,0.0,0
2011-09-19,85,73,1.69,0.0,0
2011-09-20,86,70,0.00,0.0,0
2011-09-21,89,72,0.00,0.0,0
2011-09-22,89,71,0.36,0.0,0
2011-09-23,89,72,0.00,0.0,0
2011-09-24,87,73,0.00,0.0,0
2011-09-25,90,69,0.00,0.0,0
2011-09-26,92,73,0.00,0.0,0
2011-09-27,92,75,0.00,0.0,0
2011-09-28,93,70,0.17,0.0,0
2011-09-29,86,70,0.00,0.0,0
2011-09-30,83,70,0.00,0.0,0
2011-10-01,78,66,0.00,0.0,0
2011-10-02,74,61,0.00,0.0,0
2011-10-03,78,55,0.00,0.0,0
2011-10-04,81,54,0.00,0.0,0
2011-10-05,85,58,0.00,0.0,0
2011-10-06,84,63,T,0.0,0
2011-10-07,83,70,0.00,0.0,0
2011-10-08,82,71,T,0.0,0
2011-10-09,81,71,T,0.0,0
2011-10-10,83,69,0.00,0.0,0
2011-10-11,79,68,0.00,0.0,0
2011-10-12,84,66,0.00,0.0,0
2011-10-13,85,65,0.00,0.0,0
2011-10-14,83,61,0.00,0.0,0
2011-10-15,85,60,0.00,0.0,0
2011-10-16,87,61,0.00,0.0,0
2011-10-17,85,60,0.00,0.0,0
2011-10-18,86,55,0.20,0.0,0
2011-10-19,86,47,0.00,0.0,0
2011-10-20,69,44,0.00,0.0,0
2011-10-21,74,48,0.00,0.0,0
2011-10-22,75,53,0.00,0.0,0
2011-10-23,80,53,T,0.0,0
2011-10-24,81,62,T,0.0,0
2011-10-25,81,57,0.00,0.0,0
2011-10-26,82,59,0.00,0.0,0
2011-10-27,84,64,0.00,0.0,0
2011-10-28,74,55,0.02,0.0,0
2011-10-29,67,51,0.00,0.0,0
2011-10-30,68,52,0.00,0.0,0
2011-10-31,73,48,0.00,0.0,0
2011-11-01,74,49,0.00,0.0,0
2011-11-02,79,60,0.00,0.0,0
2011-11-03,73,55,0.02,0.0,0
2011-11-04,65,47,0.00,0.0,0
2011-11-05,72,50,0.00,0.0,0
2011-11-06,73,61,0.00,0.0,0
2011-11-07,79,65,0.00,0.0,0
2011-11-08,82,70,T,0.0,0
2011-11-09,73,57,0.18,0.0,0
2011-11-10,65,50,0.00,0.0,0
2011-11-11,67,39,0.00,0.0,0
2011-11-12,72,42,0.00,0.0,0
2011-11-13,80,58,0.00,0.0,0
2011-11-14,84,58,0.02,0.0,0
2011-11-15,86,71,T,0.0,0
2011-11-16,85,67,1.81,0.0,0
2011-11-17,68,53,0.00,0.0,0
2011-11-18,64,49,0.00,0.0,0
2011-11-19,79,57,0.00,0.0,0
2011-11-20,82,66,0.00,0.0,0
2011-11-21,82,67,0.00,0.0,0
2011-11-22,84,68,0.62,0.0,0
2011-11-23,71,59,T,0.0,0
2011-11-24,68,51,0.00,0.0,0
2011-11-25,75,51,0.00,0.0,0
2011-11-26,79,64,0.49,0.0,0
2011-11-27,64,46,0.02,0.0,0
2011-11-28,51,37,0.02,0.0,0
2011-11-29,63,37,0.00,0.0,0
2011-11-30,59,42,0.00,0.0,0
2011-12-01,61,37,0.00,0.0,0
2011-12-02,69,36,0.00,0.0,0
2011-12-03,76,58,T,0.0,0
2011-12-04,80,65,0.00,0.0,0
2011-12-05,80,66,0.18,0.0,0
2011-12-06,65,45,0.20,0.0,0
2011-12-07,46,39,0.01,0.0,0
2011-12-08,51,36,0.00,0.0,0
2011-12-09,54,34,0.00,0.0,0
2011-12-10,58,45,0.00,0.0,0
2011-12-11,54,45,0.00,0.0,0
2011-12-12,58,48,0.00,0.0,0
2011-12-13,68,53,0.00,0.0,0
2011-12-14,77,55,0.00,0.0,0
2011-12-15,77,65,0.23,0.0,0
2011-12-16,79,57,0.06,0.0,0
2011-12-17,60,49,T,0.0,0
2011-12-18,60,41,0.00,0.0,0
2011-12-19,71,40,0.00,0.0,0
2011-12-20,79,56,0.00,0.0,0
2011-12-21,73,62,T,0.0,0
2011-12-22,75,57,0.19,0.0,0
2011-12-23,59,52,0.00,0.0,0
2011-12-24,58,50,0.00,0.0,0
2011-12-25,58,55,0.02,0.0,0
2011-12-26,67,52,0.41,0.0,0
2011-12-27,60,43,0.00,0.0,0
2011-12-28,61,38,0.00,0.0,0
2011-12-29,70,42,0.00,0.0,0
2011-12-30,79,54,0.00,0.0,0
2011-12-31,71,54,T,0.0,0
2012-01-01,75,53,0.02,0.0,0
2012-01-02,58,45,0.00,0.0,0
2012-01-03,51,36,0.00,0.0,0
2012-01-04,65,33,0.00,0.0,0
2012-01-05,74,50,0.00,0.0,0
2012-01-06,74,52,T,0.0,0
2012-01-07,75,56,0.00,0.0,0
2012-01-08,79,63,T,0.0,0
2012-01-09,76,64,T,0.0,0
2012-01-10,74,54,0.01,0.0,0
2012-01-11,67,49,0.00,0.0,0
2012-01-12,60,42,0.00,0.0,0
2012-01-13,51,37,0.00,0.0,0
2012-01-14,65,32,0.00,0.0,0
2012-01-15,66,37,0.00,0.0,0
2012-01-16,74,54,0.00,0.0,0
2012-01-17,78,63,0.28,0.0,0
2012-01-18,65,44,0.00,0.0,0
2012-01-19,73,41,0.00,0.0,0
2012-01-20,81,67,T,0.0,0
2012-01-21,81,68,0.01,0.0,0
2012-01-22,81,66,T,0.0,0
2012-01-23,79,62,0.16,0.0,0
2012-01-24,67,60,0.01,0.0,0
2012-01-25,79,65,0.00,0.0,0
2012-01-26,73,57,1.32,0.0,0
2012-01-27,64,48,0.00,0.0,0
2012-01-28,70,44,0.00,0.0,0
2012-01-29,61,46,0.00,0.0,0
2012-01-30,68,43,0.00,0.0,0
2012-01-31,77,60,0.00,0.0,0
2012-02-01,70,64,0.35,0.0,0
2012-02-02,76,62,T,0.0,0
2012-02-03,76,67,0.03,0.0,0
2012-02-04,78,61,0.28,0.0,0
2012-02-05,68,55,0.00,0.0,0
2012-02-06,62,51,0.00,0.0,0
2012-02-07,68,52,0.00,0.0,0
2012-02-08,66,54,0.00,0.0,0
2012-02-09,59,48,T,0.0,0
2012-02-10,59,50,0.33,0.0,0
2012-02-11,52,36,0.00,0.0,0
2012-02-12,47,33,0.00,0.0,0
2012-02-13,63,39,0.20,0.0,0
2012-02-14,71,53,0.75,0.0,0
2012-02-15,73,50,0.29,0.0,0
2012-02-16,71,61,0.14,0.0,0
2012-02-17,69,59,0.00,0.0,0
2012-02-18,73,57,2.28,0.0,0
2012-02-19,60,52,0.00,0.0,0
2012-02-20,63,48,0.00,0.0,0
2012-02-21,75,43,0.00,0.0,0
2012-02-22,80,55,0.00,0.0,0
2012-02-23,79,69,T,0.0,0
2012-02-24,73,56,T,0.0,0
2012-02-25,58,51,0.00,0.0,0
2012-02-26,64,50,T,0.0,0
2012-02-27,61,57,0.07,0.0,0
2012-02-28,80,61,0.00,0.0,0
2012-02-29,83,69,0.00,0.0,0
2012-03-01,83,71,0.00,0.0,0
2012-03-02,83,71,0.03,0.0,0
2012-03-03,74,51,T,0.0,0
2012-03-04,68,41,0.00,0.0,0
2012-03-05,77,48,0.00,0.0,0
2012-03-06,75,49,0.00,0.0,0
2012-03-07,80,63,T,0.0,0
2012-03-08,82,68,0.00,0.0,0
2012-03-09,72,58,0.28,0.0,0
2012-03-10,65,56,0.00,0.0,0
2012-03-11,78,64,0.00,0.0,0
2012-03-12,76,63,0.84,0.0,0
2012-03-13,82,62,0.00,0.0,0
2012-03-14,82,67,0.00,0.0,0
2012-03-15,83,65,0.00,0.0,0
2012-03-16,84,65,0.00,0.0,0
2012-03-17,84,65,0.00,0.0,0
2012-03-18,85,69,0.00,0.0,0
2012-03-19,80,69,0.00,0.0,0
2012-03-20,82,71,0.00,0.0,0
2012-03-21,80,62,1.87,0.0,0
2012-03-22,69,59,3.36,0.0,0
2012-03-23,83,62,1.56,0.0,0
2012-03-24,81,59,0.00,0.0,0
2012-03-25,81,56,0.00,0.0,0
2012-03-26,83,60,0.00,0.0,0
2012-03-27,84,63,0.00,0.0,0
2012-03-28,82,64,0.00,0.0,0
2012-03-29,83,63,0.00,0.0,0
2012-03-30,82,67,0.14,0.0,0
2012-03-31,85,66,0.02,0.0,0
2012-04-01,86,66,0.00,0.0,0
2012-04-02,85,67,1.88,0.0,0
2012-04-03,86,64,0.13,0.0,0
2012-04-04,75,66,3.40,0.0,0
2012-04-05,84,66,0.03,0.0,0
2012-04-06,79,64,0.00,0.0,0
2012-04-07,80,65,0.00,0.0,0
2012-04-08,81,60,0.00,0.0,0
2012-04-09,82,64,0.00,0.0,0
2012-04-10,84,64,0.00,0.0,0
2012-04-11,86,66,0.04,0.0,0
2012-04-12,79,63,0.00,0.0,0
2012-04-13,83,66,0.00,0.0,0
2012-04-14,85,66,0.00,0.0,0
2012-04-15,87,70,0.00,0.0,0
2012-04-16,87,70,0.32,0.0,0
2012-04-17,79,62,1.01,0.0,0
2012-04-18,79,60,0.00,0.0,0
2012-04-19,81,63,0.00,0.0,0
2012-04-20,81,61,0.00,0.0,0
2012-04-21,72,57,0.63,0.0,0
2012-04-22,79,56,0.00,0.0,0
2012-04-23,72,58,0.00,0.0,0
2012-04-24,76,53,0.00,0.0,0
2012-04-25,84,59,0.00,0.0,0
2012-04-26,85,66,0.00,0.0,0
2012-04-27,84,67,0.00,0.0,0
2012-04-28,85,66,0.00,0.0,0
2012-04-29,86,70,0.00,0.0,0
2012-04-30,88,68,0.00,0.0,0
2012-05-01,88,69,0.00,0.0,0
2012-05-02,88,73,0.12,0.0,0
2012-05-03,88,72,0.00,0.0,0
2012-05-04,90,71,0.00,0.0,0
2012-05-05,90,73,0.06,0.0,0
2012-05-06,89,72,0.10,0.0,0
2012-05-07,89,72,0.09,0.0,0
2012-05-08,88,72,0.03,0.0,0
2012-05-09,83,73,T,0.0,0
2012-05-10,83,69,0.00,0.0,0
2012-05-11,77,68,0.33,0.0,0
2012-05-12,83,69,0.25,0.0,0
2012-05-13,80,65,0.00,0.0,0
2012-05-14,82,69,0.00,0.0,0
2012-05-15,85,69,0.00,0.0,0
2012-05-16,86,68,0.00,0.0,0
2012-05-17,89,68,0.00,0.0,0
2012-05-18,91,69,0.00,0.0,0
2012-05-19,90,68,0.00,0.0,0
2012-05-20,88,69,0.00,0.0,0
2012-05-21,92,68,0.00,0.0,0
2012-05-22,90,71,0.00,0.0,0
2012-05-23,89,72,T,0.0,0
2012-05-24,88,72,0.00,0.0,0
2012-05-25,89,72,0.00,0.0,0
2012-05-26,93,69,0.00,0.0,0
2012-05-27,94,76,0.00,0.0,0
2012-05-28,94,75,0.00,0.0,0
2012-05-29,92,76,0.00,0.0,0
2012-05-30,92,74,0.00,0.0,0
2012-05-31,86,69,0.79,0.0,0
2012-06-01,86,69,0.00,0.0,0
2012-06-02,88,65,0.00,0.0,0
2012-06-03,90,70,0.00,0.0,0
2012-06-04,92,73,0.00,0.0,0
2012-06-05,93,74,T,0.0,0
2012-06-06,94,74,T,0.0,0
2012-06-07,88,74,0.14,0.0,0
2012-06-08,86,74,0.01,0.0,0
2012-06-09,85,73,0.19,0.0,0
2012-06-10,81,73,1.37,0.0,0
2012-06-11,90,78,0.00,0.0,0
2012-06-12,88,71,T,0.0,0
2012-06-13,89,73,0.00,0.0,0
2012-06-14,90,72,0.51,0.0,0
2012-06-15,88,73,0.02,0.0,0
2012-06-16,87,75,0.00,0.0,0
2012-06-17,87,72,0.92,0.0,0
2012-06-18,87,76,0.02,0.0,0
2012-06-19,88,76,0.00,0.0,0
2012-06-20,88,73,0.00,0.0,0
2012-06-21,91,75,0.00,0.0,0
2012-06-22,91,77,0.00,0.0,0
2012-06-23,92,80,0.00,0.0,0
2012-06-24,95,79,0.00,0.0,0
2012-06-25,97,81,0.00,0.0,0
2012-06-26,98,82,0.00,0.0,0
2012-06-27,97,80,0.00,0.0,0
2012-06-28,95,80,T,0.0,0
2012-06-29,94,78,0.00,0.0,0
2012-06-30,92,77,0.00,0.0,0
2012-07-01,93,77,T,0.0,0
2012-07-02,95,76,0.00,0.0,0
2012-07-03,96,77,0.00,0.0,0
2012-07-04,93,74,0.33,0.0,0
2012-07-05,94,76,0.00,0.0,0
2012-07-06,94,75,2.23,0.0,0
2012-07-07,88,75,T,0.0,0
2012-07-08,92,77,0.02,0.0,0
2012-07-09,89,76,0.04,0.0,0
2012-07-10,83,74,0.10,0.0,0
2012-07-11,88,74,0.74,0.0,0
2012-07-12,91,76,0.02,0.0,0
2012-07-13,88,73,0.58,0.0,0
2012-07-14,89,74,T,0.0,0
2012-07-15,89,76,0.64,0.0,0
2012-07-16,91,76,T,0.0,0
2012-07-17,95,76,0.00,0.0,0
2012-07-18,93,75,0.21,0.0,0
2012-07-19,91,75,1.77,0.0,0
2012-07-20,81,71,3.57,0.0,0
2012-07-21,86,72,0.37,0.0,0
2012-07-22,89,76,0.00,0.0,0
2012-07-23,91,76,0.00,0.0,0
2012-07-24,92,77,0.00,0.0,0
2012-07-25,92,77,0.09,0.0,0
2012-07-26,92,77,0.11,0.0,0
2012-07-27,88,73,0.32,0.0,0
2012-07-28,91,75,0.45,0.0,0
2012-07-29,94,77,0.00,0.0,0
2012-07-30,94,79,0.00,0.0,0
2012-07-31,93,79,0.00,0.0,0
2012-08-01,93,80,0.00,0.0,0
2012-08-02,94,79,0.00,0.0,0
2012-08-03,92,80,0.02,0.0,0
2012-08-04,91,73,1.55,0.0,0
2012-08-05,89,76,0.27,0.0,0
2012-08-06,92,77,0.00,0.0,0
2012-08-07,91,76,0.00,0.0,0
2012-08-08,91,75,0.56,0.0,0
2012-08-09,91,74,0.14,0.0,0
2012-08-10,88,75,0.24,0.0,0
2012-08-11,88,74,0.18,0.0,0
2012-08-12,92,75,0.00,0.0,0
2012-08-13,94,78,0.05,0.0,0
2012-08-14,95,80,0.09,0.0,0
2012-08-15,94,78,0.42,0.0,0
2012-08-16,92,74,0.18,0.0,0
2012-08-17,90,75,1.81,0.0,0
2012-08-18,88,72,0.70,0.0,0
2012-08-19,78,71,1.39,0.0,0
2012-08-20,87,72,0.00,0.0,0
2012-08-21,88,73,0.00,0.0,0
2012-08-22,87,73,0.00,0.0,0
2012-08-23,87,72,0.40,0.0,0
2012-08-24,88,73,0.30,0.0,0
2012-08-25,90,73,0.00,0.0,0
2012-08-26,90,77,0.00,0.0,0
2012-08-27,90,76,0.00,0.0,0
2012-08-28,86,76,1.22,0.0,0
2012-08-29,79,77,7.86,0.0,0
2012-08-30,82,74,1.21,0.0,0
2012-08-31,87,79,0.02,0.0,0
2012-09-01,90,79,0.00,0.0,0
2012-09-02,92,78,0.00,0.0,0
2012-09-03,92,78,0.00,0.0,0
2012-09-04,92,78,0.00,0.0,0
2012-09-05,92,79,T,0.0,0
2012-09-06,92,79,0.00,0.0,0
2012-09-07,91,77,0.00,0.0,0
2012-09-08,94,75,0.09,0.0,0
2012-09-09,83,72,0.00,0.0,0
2012-09-10,85,69,0.00,0.0,0
2012-09-11,88,67,0.00,0.0,0
2012-09-12,89,75,T,0.0,0
2012-09-13,88,75,0.11,0.0,0
2012-09-14,90,75,0.00,0.0,0
2012-09-15,90,75,0.00,0.0,0
2012-09-16,89,74,0.14,0.0,0
2012-09-17,81,73,1.38,0.0,0
2012-09-18,84,71,0.01,0.0,0
2012-09-19,81,67,0.00,0.0,0
2012-09-20,84,69,0.00,0.0,0
2012-09-21,86,68,0.00,0.0,0
2012-09-22,89,69,0.00,0.0,0
2012-09-23,90,72,0.00,0.0,0
2012-09-24,89,73,0.00,0.0,0
2012-09-25,88,72,0.00,0.0,0
2012-09-26,88,69,0.00,0.0,0
2012-09-27,88,69,0.24,0.0,0
2012-09-28,87,72,0.08,0.0,0
2012-09-29,77,74,0.36,0.0,0
2012-09-30,84,75,0.62,0.0,0
2012-10-01,75,63,T,0.0,0
2012-10-02,80,59,0.00,0.0,0
2012-10-03,85,63,0.00,0.0,0
2012-10-04,85,66,0.00,0.0,0
2012-10-05,86,67,0.00,0.0,0
2012-10-06,86,65,0.00,0.0,0
2012-10-07,69,60,0.00,0.0,0
2012-10-08,72,57,0.00,0.0,0
2012-10-09,76,57,0.00,0.0,0
2012-10-10,84,64,0.00,0.0,0
2012-10-11,85,64,0.00,0.0,0
2012-10-12,84,63,0.00,0.0,0
2012-10-13,85,65,0.00,0.0,0
2012-10-14,87,72,0.00,0.0,0
2012-10-15,84,70,T,0.0,0
2012-10-16,81,65,0.00,0.0,0
2012-10-17,83,68,0.00,0.0,0
2012-10-18,80,66,0.40,0.0,0
2012-10-19,80,58,0.00,0.0,0
2012-10-20,81,54,0.00,0.0,0
2012-10-21,83,55,0.00,0.0,0
2012-10-22,84,59,0.00,0.0,0
2012-10-23,83,64,0.00,0.0,0
2012-10-24,83,66,0.00,0.0,0
2012-10-25,83,63,0.00,0.0,0
2012-10-26,84,58,0.00,0.0,0
2012-10-27,64,53,0.00,0.0,0
2012-10-28,66,49,0.00,0.0,0
2012-10-29,65,49,0.00,0.0,0
2012-10-30,70,47,0.00,0.0,0
2012-10-31,80,50,0.00,0.0,0
2012-11-01,77,58,0.00,0.0,0
2012-11-02,83,64,0.00,0.0,0
2012-11-03,84,61,0.00,0.0,0
2012-11-04,80,59,0.48,0.0,0
2012-11-05,75,59,0.86,0.0,0
2012-11-06,64,53,0.00,0.0,0
2012-11-07,68,45,0.00,0.0,0
2012-11-08,64,46,0.00,0.0,0
2012-11-09,73,44,0.00,0.0,0
2012-11-10,78,54,0.00,0.0,0
2012-11-11,80,65,0.00,0.0,0
2012-11-12,72,51,0.12,0.0,0
2012-11-13,59,45,0.00,0.0,0
2012-11-14,62,46,0.00,0.0,0
2012-11-15,64,46,0.00,0.0,0
2012-11-16,65,48,0.00,0.0,0
2012-11-17,66,47,0.00,0.0,0
2012-11-18,67,48,0.00,0.0,0
2012-11-19,70,47,0.00,0.0,0
2012-11-20,73,49,0.00,0.0,0
2012-11-21,77,50,0.00,0.0,0
2012-11-22,76,47,0.00,0.0,0
2012-11-23,76,51,0.00,0.0,0
2012-11-24,61,44,0.00,0.0,0
2012-11-25,66,40,0.00,0.0,0
2012-11-26,69,50,0.29,0.0,0
2012-11-27,67,52,0.73,0.0,0
2012-11-28,61,48,0.00,0.0,0
2012-11-29,66,46,0.00,0.0,0
2012-11-30,72,49,0.00,0.0,0
2012-12-01,76,49,0.04,0.0,0
2012-12-02,79,55,0.00,0.0,0
2012-12-03,79,57,0.00,0.0,0
2012-12-04,78,64,2.30,0.0,0
2012-12-05,69,61,0.52,0.0,0
2012-12-06,74,62,T,0.0,0
2012-12-07,72,55,0.00,0.0,0
2012-12-08,77,56,0.00,0.0,0
2012-12-09,80,61,0.01,0.0,0
2012-12-10,76,50,0.32,0.0,0
2012-12-11,50,43,0.00,0.0,0
2012-12-12,58,44,0.00,0.0,0
2012-12-13,60,41,0.00,0.0,0
2012-12-14,68,39,0.00,0.0,0
2012-12-15,75,59,0.00,0.0,0
2012-12-16,79,62,0.01,0.0,0
2012-12-17,70,50,0.01,0.0,0
2012-12-18,69,44,0.00,0.0,0
2012-12-19,75,51,0.06,0.0,0
2012-12-20,74,48,0.34,0.0,0
2012-12-21,57,41,0.00,0.0,0
2012-12-22,63,37,0.00,0.0,0
2012-12-23,69,47,0.00,0.0,0
2012-12-24,78,62,T,0.0,0
2012-12-25,76,52,0.96,0.0,0
2012-12-26,52,40,0.00,0.0,0
2012-12-27,51,39,0.00,0.0,0
2012-12-28,70,49,0.56,0.0,0
2012-12-29,50,40,0.00,0.0,0
2012-12-30,49,35,0.00,0.0,0
2012-12-31,63,42,0.00,0.0,0
2013-01-01,78,53,0.24,0.0,0
2013-01-02,53,44,0.05,0.0,0
2013-01-03,49,41,0.24,0.0,0
2013-01-04,56,41,0.00,0.0,0
2013-01-05,53,46,T,0.0,0
2013-01-06,52,46,0.68,0.0,0
2013-01-07,57,45,0.00,0.0,0
2013-01-08,61,51,0.59,0.0,0
2013-01-09,69,61,0.62,0.0,0
2013-01-10,70,63,1.70,0.0,0
2013-01-11,75,64,0.03,0.0,0
2013-01-12,78,68,0.00,0.0,0
2013-01-13,77,52,0.98,0.0,0
2013-01-14,53,43,0.23,0.0,0
2013-01-15,52,47,0.03,0.0,0
2013-01-16,47,39,0.34,0.0,0
2013-01-17,53,38,T,0.0,0
2013-01-18,55,40,0.00,0.0,0
2013-01-19,65,39,0.00,0.0,0
2013-01-20,64,41,0.00,0.0,0
2013-01-21,65,44,0.00,0.0,0
2013-01-22,62,47,0.00,0.0,0
2013-01-23,70,44,0.00,0.0,0
2013-01-24,73,48,0.00,0.0,0
2013-01-25,75,52,0.00,0.0,0
2013-01-26,74,51,0.00,0.0,0
2013-01-27,74,54,0.00,0.0,0
2013-01-28,77,55,0.00,0.0,0
2013-01-29,78,67,0.07,0.0,0
2013-01-30,74,48,0.79,0.0,0
2013-01-31,60,37,0.00,0.0,0
2013-02-01,64,45,0.00,0.0,0
2013-02-02,68,43,0.00,0.0,0
2013-02-03,67,47,0.00,0.0,0
2013-02-04,65,49,1.15,0.0,0
2013-02-05,70,54,0.00,0.0,0
2013-02-06,68,52,0.52,0.0,0
2013-02-07,70,56,1.09,0.0,0
2013-02-08,69,53,0.00,0.0,0
2013-02-09,64,54,0.00,0.0,0
2013-02-10,76,64,T,0.0,0
2013-02-11,69,58,0.33,0.0,0
2013-02-12,75,58,0.04,0.0,0
2013-02-13,62,47,0.08,0.0,0
2013-02-14,59,42,0.00,0.0,0
2013-02-15,64,42,0.00,0.0,0
2013-02-16,54,39,0.01,0.0,0
2013-02-17,60,37,0.00,0.0,0
2013-02-18,67,46,0.01,0.0,0
2013-02-19,66,50,0.31,0.0,0
2013-02-20,57,45,0.00,0.0,0
2013-02-21,75,55,0.03,0.0,0
2013-02-22,71,57,0.08,0.0,0
2013-02-23,60,55,0.85,0.0,0
2013-02-24,63,51,0.81,0.0,0
2013-02-25,67,60,1.90,0.0,0
2013-02-26,60,46,0.00,0.0,0
2013-02-27,69,46,0.00,0.0,0
2013-02-28,57,46,0.00,0.0,0
2013-03-01,61,43,0.00,0.0,0
2013-03-02,52,38,0.00,0.0,0
2013-03-03,55,35,0.00,0.0,0
2013-03-04,70,40,0.00,0.0,0
2013-03-05,76,53,T,0.0,0
2013-03-06,62,45,0.00,0.0,0
2013-03-07,62,43,0.00,0.0,0
2013-03-08,71,42,0.00,0.0,0
2013-03-09,71,51,0.00,0.0,0
2013-03-10,76,63,0.02,0.0,0
2013-03-11,67,46,0.64,0.0,0
2013-03-12,66,47,0.00,0.0,0
2013-03-13,67,44,0.00,0.0,0
2013-03-14,66,48,0.00,0.0,0
2013-03-15,75,46,0.00,0.0,0
2013-03-16,76,52,0.00,0.0,0
2013-03-17,78,58,T,0.0,0
2013-03-18,83,66,0.03,0.0,0
2013-03-19,74,60,0.00,0.0,0
2013-03-20,69,55,0.02,0.0,0
2013-03-21,65,50,0.00,0.0,0
2013-03-22,78,59,0.03,0.0,0
2013-03-23,76,65,T,0.0,0
2013-03-24,72,49,T,0.0,0
2013-03-25,60,41,0.00,0.0,0
2013-03-26,56,41,0.00,0.0,0
2013-03-27,60,40,0.00,0.0,0
2013-03-28,68,42,0.00,0.0,0
2013-03-29,73,48,0.00,0.0,0
2013-03-30,76,55,0.00,0.0,0
2013-03-31,81,58,0.34,0.0,0
2013-04-01,74,58,0.00,0.0,0
2013-04-02,77,56,0.04,0.0,0
2013-04-03,68,57,1.90,0.0,0
2013-04-04,63,51,T,0.0,0
2013-04-05,66,50,0.00,0.0,0
2013-04-06,72,48,0.00,0.0,0
2013-04-07,77,58,0.00,0.0,0
2013-04-08,81,60,0.00,0.0,0
2013-04-09,81,72,T,0.0,0
2013-04-10,83,72,0.00,0.0,0
2013-04-11,78,55,1.05,0.0,0
2013-04-12,74,53,0.00,0.0,0
2013-04-13,76,57,0.36,0.0,0
2013-04-14,76,59,2.40,0.0,0
2013-04-15,79,60,0.01,0.0,0
2013-04-16,84,73,0.00,0.0,0
2013-04-17,84,73,0.00,0.0,0
2013-04-18,83,72,T,0.0,0
2013-04-19,76,50,1.00,0.0,0
2013-04-20,67,52,0.00,0.0,0
2013-04-21,72,53,0.00,0.0,0
2013-04-22,77,53,0.00,0.0,0
2013-04-23,82,66,0.00,0.0,0
2013-04-24,73,59,1.16,0.0,0
2013-04-25,73,57,T,0.0,0
2013-04-26,78,64,T,0.0,0
2013-04-27,84,68,T,0.0,0
2013-04-28,76,64,3.12,0.0,0
2013-04-29,82,62,0.00,0.0,0
2013-04-30,77,66,0.58,0.0,0
2013-05-01,76,67,1.34,0.0,0
2013-05-02,77,67,T,0.0,0
2013-05-03,70,51,T,0.0,0
2013-05-04,71,46,0.00,0.0,0
2013-05-05,66,55,0.00,0.0,0
2013-05-06,75,50,0.00,0.0,0
2013-05-07,81,57,0.00,0.0,0
2013-05-08,82,61,0.00,0.0,0
2013-05-09,83,65,0.00,0.0,0
2013-05-10,74,63,2.31,0.0,0
2013-05-11,75,64,1.47,0.0,0
2013-05-12,79,65,0.00,0.0,0
2013-05-13,78,61,0.00,0.0,0
2013-05-14,82,59,0.00,0.0,0
2013-05-15,82,62,0.00,0.0,0
2013-05-16,83,65,T,0.0,0
2013-05-17,85,74,0.00,0.0,0
2013-05-18,86,74,0.00,0.0,0
2013-05-19,84,74,0.00,0.0,0
2013-05-20,87,75,0.00,0.0,0
2013-05-21,87,74,0.00,0.0,0
2013-05-22,79,69,0.13,0.0,0
2013-05-23,89,69,T,0.0,0
2013-05-24,89,69,0.00,0.0,0
2013-05-25,86,72,0.00,0.0,0
2013-05-26,85,68,0.00,0.0,0
2013-05-27,86,65,0.00,0.0,0
2013-05-28,86,72,0.00,0.0,0
2013-05-29,87,72,2.88,0.0,0
2013-05-30,86,75,0.08,0.0,0
2013-05-31,88,76,0.02,0.0,0
2013-06-01,88,76,0.00,0.0,0
2013-06-02,83,70,0.57,0.0,0
2013-06-03,89,73,0.00,0.0,0
2013-06-04,90,75,0.09,0.0,0
2013-06-05,89,77,T,0.0,0
2013-06-06,90,72,0.24,0.0,0
2013-06-07,86,72,0.00,0.0,0
2013-06-08,88,73,0.00,0.0,0
2013-06-09,88,75,0.06,0.0,0
2013-06-10,89,74,0.63,0.0,0
2013-06-11,91,78,0.00,0.0,0
2013-06-12,91,75,0.00,0.0,0
2013-06-13,92,75,0.00,0.0,0
2013-06-14,95,79,0.00,0.0,0
2013-06-15,91,80,0.40,0.0,0
2013-06-16,92,78,0.18,0.0,0
2013-06-17,91,77,0.20,0.0,0
2013-06-18,92,75,0.00,0.0,0
2013-06-19,87,76,0.00,0.0,0
2013-06-20,90,73,0.17,0.0,0
2013-06-21,92,74,0.00,0.0,0
2013-06-22,89,75,T,0.0,0
2013-06-23,92,74,0.03,0.0,0
2013-06-24,91,75,0.02,0.0,0
2013-06-25,92,78,0.00,0.0,0
2013-06-26,92,77,T,0.0,0
2013-06-27,95,77,0.00,0.0,0
2013-06-28,95,80,0.00,0.0,0
2013-06-29,88,72,1.80,0.0,0
2013-06-30,93,73,0.00,0.0,0
2013-07-01,88,74,0.54,0.0,0
2013-07-02,88,77,T,0.0,M
2013-07-03,86,75,0.17,0.0,0
2013-07-04,87,77,0.00,0.0,0
2013-07-05,81,73,0.07,0.0,0
2013-07-06,84,74,0.13,0.0,0
2013-07-07,87,73,0.55,0.0,0
2013-07-08,88,75,0.45,0.0,0
2013-07-09,90,74,0.00,0.0,0
2013-07-10,93,76,T,0.0,0
2013-07-11,88,73,0.05,0.0,0
2013-07-12,93,73,0.00,0.0,0
2013-07-13,91,75,0.00,0.0,0
2013-07-14,88,76,T,0.0,0
2013-07-15,90,76,1.03,0.0,0
2013-07-16,86,78,0.00,0.0,0
2013-07-17,90,78,0.00,0.0,0
2013-07-18,90,75,0.54,0.0,0
2013-07-19,91,74,0.00,0.0,0
2013-07-20,90,75,T,0.0,0
2013-07-21,82,73,0.37,0.0,0
2013-07-22,91,78,T,0.0,0
2013-07-23,92,78,0.00,0.0,0
2013-07-24,92,77,0.00,0.0,0
2013-07-25,91,78,0.00,0.0,0
2013-07-26,92,77,0.00,0.0,0
2013-07-27,83,76,0.07,0.0,0
2013-07-28,90,75,0.00,0.0,0
2013-07-29,93,75,0.00,0.0,0
2013-07-30,93,78,0.00,0.0,0
2013-07-31,93,78,0.00,0.0,0
2013-08-01,93,77,T,0.0,0
2013-08-02,95,77,0.00,0.0,0
2013-08-03,94,76,0.00,0.0,0
2013-08-04,96,77,0.00,0.0,0
2013-08-05,95,78,0.00,0.0,0
2013-08-06,96,78,0.00,0.0,0
2013-08-07,97,79,0.00,0.0,0
2013-08-08,95,79,0.01,0.0,0
2013-08-09,92,80,0.47,0.0,0
2013-08-10,94,79,0.02,0.0,0
2013-08-11,90,76,0.75,0.0,0
2013-08-12,92,78,T,0.0,0
2013-08-13,91,74,1.10,0.0,0
2013-08-14,82,74,1.33,0.0,0
2013-08-15,89,74,0.00,0.0,0
2013-08-16,91,76,0.00,0.0,0
2013-08-17,86,77,0.07,0.0,0
2013-08-18,83,75,0.00,0.0,0
2013-08-19,87,71,0.65,0.0,0
2013-08-20,88,73,0.30,0.0,0
2013-08-21,88,75,1.74,0.0,0
2013-08-22,90,73,T,0.0,0
2013-08-23,88,78,T,0.0,0
2013-08-24,82,75,0.17,0.0,0
2013-08-25,84,75,0.38,0.0,0
2013-08-26,86,74,0.23,0.0,0
2013-08-27,87,73,0.00,0.0,0
2013-08-28,87,69,0.00,0.0,0
2013-08-29,89,71,0.00,0.0,0
2013-08-30,91,72,0.00,0.0,0
2013-08-31,92,75,0.00,0.0,0
2013-09-01,93,75,0.00,0.0,0
2013-09-02,93,76,0.00,0.0,0
2013-09-03,93,75,0.84,0.0,0
2013-09-04,90,75,1.18,0.0,0
2013-09-05,89,75,0.09,0.0,0
2013-09-06,91,76,1.26,0.0,0
2013-09-07,90,73,0.00,0.0,0
2013-09-08,91,72,0.05,0.0,0
2013-09-09,91,72,0.00,0.0,0
2013-09-10,89,73,0.00,0.0,0
2013-09-11,90,75,0.00,0.0,0
2013-09-12,93,73,0.00,0.0,0
2013-09-13,94,74,0.00,0.0,0
2013-09-14,90,78,0.00,0.0,0
2013-09-15,92,76,0.00,0.0,0
2013-09-16,92,75,0.00,0.0,0
2013-09-17,92,76,0.00,0.0,0
2013-09-18,88,77,0.39,0.0,0
2013-09-19,89,76,0.68,0.0,0
2013-09-20,91,78,0.12,0.0,0
2013-09-21,82,73,2.53,0.0,0
2013-09-22,81,73,T,0.0,0
2013-09-23,90,73,0.03,0.0,0
2013-09-24,90,77,0.28,0.0,0
2013-09-25,90,74,0.00,0.0,0
2013-09-26,87,68,0.00,0.0,0
2013-09-27,88,70,0.00,0.0,0
2013-09-28,86,69,0.00,0.0,0
2013-09-29,86,67,0.00,0.0,0
2013-09-30,85,74,1.23,0.0,0
2013-10-01,84,75,T,0.0,0
2013-10-02,83,75,0.20,0.0,0
2013-10-03,90,73,T,0.0,0
2013-10-04,89,73,0.24,0.0,0
2013-10-05,89,75,0.19,0.0,0
2013-10-06,86,68,0.00,0.0,0
2013-10-07,77,64,0.00,0.0,0
2013-10-08,77,63,0.00,0.0,0
2013-10-09,82,59,0.00,0.0,0
2013-10-10,81,65,0.00,0.0,0
2013-10-11,84,68,0.08,0.0,0
2013-10-12,88,71,0.00,0.0,0
2013-10-13,87,73,0.00,0.0,0
2013-10-14,85,71,0.00,0.0,0
2013-10-15,86,68,0.00,0.0,0
2013-10-16,84,71,T,0.0,0
2013-10-17,80,66,0.00,0.0,0
2013-10-18,73,66,0.01,0.0,0
2013-10-19,72,63,1.24,0.0,0
2013-10-20,72,60,0.00,0.0,0
2013-10-21,74,60,0.01,0.0,0
2013-10-22,79,62,0.00,0.0,0
2013-10-23,74,61,0.00,0.0,0
2013-10-24,80,53,0.00,0.0,0
2013-10-25,68,57,0.00,0.0,0
2013-10-26,74,51,0.00,0.0,0
2013-10-27,73,55,T,0.0,0
2013-10-28,82,61,0.00,0.0,0
2013-10-29,82,61,0.00,0.0,0
2013-10-30,81,70,0.00,0.0,0
2013-10-31,83,69,0.32,0.0,0
2013-11-01,77,60,0.04,0.0,0
2013-11-02,74,55,0.00,0.0,0
2013-11-03,67,54,0.00,0.0,0
2013-11-04,75,51,0.00,0.0,0
2013-11-05,75,66,0.00,0.0,0
2013-11-06,79,66,0.06,0.0,0
2013-11-07,70,53,0.00,0.0,0
2013-11-08,65,51,0.00,0.0,0
2013-11-09,72,49,0.00,0.0,0
2013-11-10,75,58,0.00,0.0,0
2013-11-11,76,57,0.00,0.0,0
2013-11-12,72,45,0.00,0.0,0
2013-11-13,56,38,0.00,0.0,0
2013-11-14,64,47,0.00,0.0,0
2013-11-15,71,60,0.10,0.0,0
2013-11-16,77,61,0.01,0.0,0
2013-11-17,82,71,0.09,0.0,0
2013-11-18,75,60,0.29,0.0,0
2013-11-19,63,53,0.00,0.0,0
2013-11-20,70,47,0.00,0.0,0
2013-11-21,70,63,T,0.0,0
2013-11-22,79,64,T,0.0,0
2013-11-23,66,51,T,0.0,0
2013-11-24,55,44,0.00,0.0,0
2013-11-25,61,46,0.21,0.0,0
2013-11-26,56,43,1.09,0.0,0
2013-11-27,49,37,0.00,0.0,0
2013-11-28,47,34,0.00,0.0,0
2013-11-29,57,32,0.00,0.0,0
2013-11-30,65,33,0.00,0.0,0
2013-12-01,69,45,0.00,0.0,0
2013-12-02,73,54,0.03,0.0,0
2013-12-03,78,60,0.22,0.0,0
2013-12-04,80,69,0.00,0.0,0
2013-12-05,82,72,0.01,0.0,0
2013-12-06,82,45,0.10,0.0,0
2013-12-07,45,41,T,0.0,0
2013-12-08,52,44,T,0.0,0
2013-12-09,59,51,0.06,0.0,0
2013-12-10,53,40,0.13,0.0,0
2013-12-11,53,43,0.00,0.0,0
2013-12-12,55,44,0.00,0.0,0
2013-12-13,64,43,0.00,0.0,0
2013-12-14,72,49,0.12,0.0,0
2013-12-15,51,41,0.00,0.0,0
2013-12-16,57,35,0.00,0.0,0
2013-12-17,63,36,0.00,0.0,0
2013-12-18,66,40,0.00,0.0,0
2013-12-19,74,52,0.00,0.0,0
2013-12-20,78,65,0.00,0.0,0
2013-12-21,79,69,T,0.0,0
2013-12-22,74,55,1.23,0.0,0
2013-12-23,57,38,0.02,0.0,0
2013-12-24,52,36,0.00,0.0,0
2013-12-25,48,38,0.00,0.0,0
2013-12-26,55,43,0.00,0.0,0
2013-12-27,59,45,T,0.0,0
2013-12-28,51,46,1.17,0.0,0
2013-12-29,59,46,T,0.0,0
2013-12-30,58,44,T,0.0,0
2013-12-31,51,44,0.11,0.0,0
2014-01-01,62,45,0.03,0.0,0
2014-01-02,58,40,0.32,0.0,0
2014-01-03,45,33,0.00,0.0,0
2014-01-04,60,31,0.00,0.0,0
2014-01-05,70,39,0.12,0.0,0
2014-01-06,40,27,0.00,0.0,0
2014-01-07,36,24,0.00,0.0,0
2014-01-08,48,25,0.00,0.0,0
2014-01-09,63,39,0.00,0.0,0
2014-01-10,67,50,0.10,0.0,0
2014-01-11,74,47,0.52,0.0,0
2014-01-12,67,41,0.00,0.0,0
2014-01-13,65,54,0.91,0.0,0
2014-01-14,64,44,0.00,0.0,0
2014-01-15,54,39,0.00,0.0,0
2014-01-16,60,33,0.00,0.0,0
2014-01-17,61,39,0.00,0.0,0
2014-01-18,58,34,0.00,0.0,0
2014-01-19,64,44,T,M,0
2014-01-20,68,39,0.00,0.0,0
2014-01-21,61,39,0.00,0.0,0
2014-01-22,51,33,0.00,0.0,0
2014-01-23,56,39,0.00,0.0,0
2014-01-24,39,32,0.09,T,0
2014-01-25,56,32,0.00,0.0,0
2014-01-26,63,39,0.00,0.0,0
2014-01-27,65,48,0.57,M,0
2014-01-28,48,28,0.06,T,0
2014-01-29,35,28,0.00,0.0,0
2014-01-30,50,25,0.00,0.0,0
2014-01-31,63,36,0.00,0.0,0
2014-02-01,74,51,0.00,0.0,0
2014-02-02,72,64,0.12,0.0,0
2014-02-03,71,40,0.09,0.0,0
2014-02-04,71,45,0.75,0.0,0
2014-02-05,58,40,T,0.0,0
2014-02-06,40,35,0.11,T,0
2014-02-07,50,34,T,0.0,0
2014-02-08,58,44,0.00,0.0,0
2014-02-09,69,47,0.00,0.0,0
2014-02-10,70,50,0.17,0.0,0
2014-02-11,50,40,0.60,0.0,0
2014-02-12,44,36,0.99,0.0,0
2014-02-13,56,36,0.00,0.0,0
2014-02-14,67,36,0.00,0.0,0
2014-02-15,61,45,0.00,0.0,0
2014-02-16,70,42,0.00,0.0,0
2014-02-17,77,58,0.00,0.0,0
2014-02-18,76,61,0.00,0.0,0
2014-02-19,79,63,0.00,0.0,0
2014-02-20,80,66,0.02,0.0,0
2014-02-21,72,50,0.77,0.0,0
2014-02-22,70,47,0.00,0.0,0
2014-02-23,70,59,0.84,0.0,0
2014-02-24,70,58,0.00,0.0,0
2014-02-25,70,56,0.36,0.0,0
2014-02-26,66,41,1.49,0.0,0
2014-02-27,53,36,0.00,0.0,0
2014-02-28,66,35,0.00,0.0,0
2014-03-01,77,58,0.00,0.0,0
2014-03-02,77,61,0.00,0.0,0
2014-03-03,68,35,0.01,0.0,0
2014-03-04,42,35,0.46,0.0,0
2014-03-05,55,42,0.02,0.0,0
2014-03-06,54,45,T,0.0,0
2014-03-07,54,45,0.00,0.0,0
2014-03-08,67,45,0.00,0.0,0
2014-03-09,72,50,0.00,0.0,0
2014-03-10,77,51,0.00,0.0,0
2014-03-11,71,60,0.25,0.0,0
2014-03-12,69,52,T,0.0,0
2014-03-13,64,47,0.00,0.0,0
2014-03-14,70,42,0.00,0.0,0
2014-03-15,70,60,T,0.0,0
2014-03-16,79,60,0.25,0.0,0
2014-03-17,60,45,0.00,0.0,0
2014-03-18,62,42,0.00,0.0,0
2014-03-19,76,47,0.00,0.0,0
2014-03-20,74,58,0.00,0.0,0
2014-03-21,75,53,0.00,0.0,0
2014-03-22,78,60,0.00,0.0,0
2014-03-23,72,55,T,0.0,0
2014-03-24,65,52,0.17,0.0,0
2014-03-25,68,50,0.00,0.0,0
2014-03-26,58,47,T,M,0
2014-03-27,69,54,0.14,0.0,0
2014-03-28,72,63,2.59,0.0,0
2014-03-29,73,55,1.36,0.0,0
2014-03-30,70,52,0.00,0.0,0
2014-03-31,74,47,0.00,0.0,0
2014-04-01,79,59,0.00,0.0,0
2014-04-02,81,65,0.00,0.0,0
2014-04-03,81,69,0.00,0.0,0
2014-04-04,80,67,0.07,0.0,0
2014-04-05,68,59,0.47,0.0,0
2014-04-06,76,60,0.01,0.0,0
2014-04-07,75,59,0.14,0.0,0
2014-04-08,70,53,0.11,0.0,0
2014-04-09,71,46,0.00,0.0,0
2014-04-10,73,51,0.00,0.0,0
2014-04-11,78,56,0.00,0.0,0
2014-04-12,81,61,0.00,0.0,0
2014-04-13,82,66,0.00,0.0,0
2014-04-14,80,56,1.25,0.0,0
2014-04-15,61,47,0.12,0.0,0
2014-04-16,63,47,0.00,0.0,0
2014-04-17,66,50,T,0.0,0
2014-04-18,74,60,T,0.0,0
2014-04-19,78,55,0.00,0.0,0
2014-04-20,82,58,0.00,0.0,0
2014-04-21,76,58,0.00,0.0,0
2014-04-22,78,61,T,0.0,0
2014-04-23,83,61,0.00,0.0,0
2014-04-24,83,63,0.00,0.0,0
2014-04-25,86,69,0.00,0.0,0
2014-04-26,84,68,0.00,0.0,0
2014-04-27,84,74,T,0.0,0
2014-04-28,86,75,0.02,0.0,0
2014-04-29,84,71,0.12,0.0,0
2014-04-30,74,63,T,0.0,0
2014-05-01,73,58,0.00,0.0,0
2014-05-02,75,59,0.00,0.0,0
2014-05-03,84,57,0.00,0.0,0
2014-05-04,87,62,0.00,0.0,0
2014-05-05,85,62,0.00,0.0,0
2014-05-06,83,62,0.00,0.0,0
2014-05-07,85,70,0.00,0.0,0
2014-05-08,86,71,0.00,0.0,0
2014-05-09,81,66,3.54,0.0,0
2014-05-10,83,66,0.37,0.0,0
2014-05-11,85,73,0.04,0.0,0
2014-05-12,88,74,0.00,0.0,0
2014-05-13,87,73,0.02,0.0,0
2014-05-14,86,60,T,0.0,0
2014-05-15,75,54,0.00,0.0,0
2014-05-16,81,54,0.00,0.0,0
2014-05-17,83,62,0.00,0.0,0
2014-05-18,83,62,0.00,0.0,0
2014-05-19,85,65,0.00,0.0,0
2014-05-20,86,69,0.00,0.0,0
2014-05-21,87,70,0.00,0.0,0
2014-05-22,88,68,0.00,0.0,0
2014-05-23,87,67,0.00,0.0,0
2014-05-24,86,70,0.00,0.0,0
2014-05-25,89,68,0.00,0.0,0
2014-05-26,89,69,0.00,0.0,0
2014-05-27,88,74,0.05,0.0,0
2014-05-28,80,71,1.52,0.0,0
2014-05-29,87,71,0.09,0.0,0
2014-05-30,82,74,0.28,0.0,0
2014-05-31,76,72,2.44,0.0,0
2014-06-01,84,74,0.84,0.0,0
2014-06-02,86,75,T,0.0,0
2014-06-03,83,73,T,0.0,0
2014-06-04,87,73,0.00,0.0,0
2014-06-05,88,74,0.00,0.0,0
2014-06-06,91,74,0.00,0.0,0
2014-06-07,92,76,0.00,0.0,0
2014-06-08,92,77,0.00,0.0,0
2014-06-09,90,77,0.00,0.0,0
2014-06-10,85,74,0.28,0.0,0
2014-06-11,88,70,0.04,0.0,0
2014-06-12,90,73,0.00,0.0,0
2014-06-13,80,69,0.57,0.0,0
2014-06-14,90,72,0.00,0.0,0
2014-06-15,87,73,0.01,0.0,0
2014-06-16,89,75,0.00,0.0,0
2014-06-17,90,77,0.00,0.0,0
2014-06-18,91,74,0.00,0.0,0
2014-06-19,91,76,T,0.0,0
2014-06-20,93,75,0.00,0.0,0
2014-06-21,91,76,0.00,0.0,0
2014-06-22,91,73,1.14,0.0,0
2014-06-23,90,71,1.65,0.0,0
2014-06-24,91,75,0.09,0.0,0
2014-06-25,90,72,1.61,0.0,0
2014-06-26,89,73,0.30,0.0,0
2014-06-27,86,73,1.50,0.0,0
2014-06-28,91,74,0.00,0.0,0
2014-06-29,91,79,0.00,0.0,0
2014-06-30,92,77,0.00,0.0,0
2014-07-01,92,76,0.00,0.0,0
2014-07-02,95,78,0.00,0.0,0
2014-07-03,91,72,0.00,0.0,0
2014-07-04,89,78,0.00,0.0,0
2014-07-05,88,76,0.00,0.0,0
2014-07-06,90,70,0.00,0.0,0
2014-07-07,91,72,0.00,0.0,0
2014-07-08,87,74,0.01,0.0,0
2014-07-09,90,73,0.25,0.0,0
2014-07-10,90,74,0.57,0.0,0
2014-07-11,93,75,T,0.0,0
2014-07-12,92,75,0.00,0.0,0
2014-07-13,88,76,0.05,0.0,0
2014-07-14,88,77,0.27,0.0,0
2014-07-15,91,75,0.82,0.0,0
2014-07-16,88,75,0.00,0.0,0
2014-07-17,89,73,0.00,0.0,0
2014-07-18,82,73,1.26,0.0,0
2014-07-19,91,74,0.60,0.0,0
2014-07-20,87,76,0.55,0.0,0
2014-07-21,90,76,0.00,0.0,0
2014-07-22,89,76,0.04,0.0,0
2014-07-23,85,74,0.07,0.0,0
2014-07-24,89,73,0.00,0.0,0
2014-07-25,94,77,0.00,0.0,0
2014-07-26,93,77,0.00,0.0,0
2014-07-27,94,77,0.00,0.0,0
2014-07-28,94,79,0.00,0.0,0
2014-07-29,90,77,0.00,0.0,0
2014-07-30,87,74,0.00,0.0,0
2014-07-31,91,70,0.00,0.0,0
2014-08-01,89,77,0.00,0.0,0
2014-08-02,92,77,0.03,0.0,0
2014-08-03,95,76,0.00,0.0,0
2014-08-04,92,76,0.00,0.0,0
2014-08-05,94,76,0.00,0.0,0
2014-08-06,94,77,0.00,0.0,0
2014-08-07,94,78,0.00,0.0,0
2014-08-08,94,78,0.97,0.0,0
2014-08-09,94,76,0.59,0.0,0
2014-08-10,89,76,0.10,0.0,0
2014-08-11,91,75,0.67,0.0,0
2014-08-12,91,74,0.00,0.0,0
2014-08-13,92,79,0.00,0.0,0
2014-08-14,90,76,0.00,0.0,0
2014-08-15,92,72,0.00,0.0,0
2014-08-16,94,78,T,0.0,0
2014-08-17,92,74,0.81,0.0,0
2014-08-18,92,79,T,0.0,0
2014-08-19,94,77,0.14,0.0,0
2014-08-20,92,77,T,0.0,0
2014-08-21,94,77,0.11,0.0,0
2014-08-22,95,75,0.00,0.0,0
2014-08-23,96,79,0.00,0.0,0
2014-08-24,95,79,0.00,0.0,0
2014-08-25,90,76,0.49,0.0,0
2014-08-26,89,76,0.03,0.0,0
2014-08-27,91,80,0.00,0.0,0
2014-08-28,93,79,0.00,0.0,0
2014-08-29,88,76,0.05,0.0,0
2014-08-30,87,74,1.51,0.0,0
2014-08-31,92,74,T,0.0,0
2014-09-01,92,79,0.01,0.0,0
2014-09-02,93,75,0.08,0.0,0
2014-09-03,91,75,T,0.0,0
2014-09-04,90,77,0.01,0.0,0
2014-09-05,90,74,0.03,0.0,0
2014-09-06,91,73,0.00,0.0,0
2014-09-07,93,74,0.00,0.0,0
2014-09-08,92,77,0.02,0.0,0
2014-09-09,93,76,0.29,0.0,0
2014-09-10,94,77,T,0.0,0
2014-09-11,95,79,0.51,0.0,0
2014-09-12,92,78,0.01,0.0,0
2014-09-13,85,75,0.02,0.0,0
2014-09-14,90,74,0.00,0.0,0
2014-09-15,90,76,1.66,0.0,0
2014-09-16,89,75,0.05,0.0,0
2014-09-17,89,73,0.00,0.0,0
2014-09-18,88,75,T,0.0,0
2014-09-19,89,74,T,0.0,0
2014-09-20,89,77,0.00,0.0,0
2014-09-21,88,73,0.00,0.0,0
2014-09-22,90,72,0.00,0.0,0
2014-09-23,85,70,0.00,0.0,0
2014-09-24,85,71,0.00,0.0,0
2014-09-25,84,69,0.00,0.0,0
2014-09-26,84,70,0.00,0.0,0
2014-09-27,84,67,T,0.0,0
2014-09-28,79,75,1.15,0.0,0
2014-09-29,84,75,0.00,0.0,0
2014-09-30,88,73,0.00,0.0,0
2014-10-01,85,75,T,0.0,0
2014-10-02,91,76,T,0.0,0
2014-10-03,81,70,0.41,0.0,0
2014-10-04,73,57,0.00,0.0,0
2014-10-05,79,55,0.00,0.0,0
2014-10-06,85,66,0.00,0.0,0
2014-10-07,87,69,0.00,0.0,0
2014-10-08,87,68,0.00,0.0,0
2014-10-09,89,73,0.36,0.0,0
2014-10-10,89,74,0.00,0.0,0
2014-10-11,88,73,T,0.0,0
2014-10-12,88,73,0.21,0.0,0
2014-10-13,89,64,0.86,0.0,0
2014-10-14,76,58,0.00,0.0,0
2014-10-15,78,53,0.00,0.0,0
2014-10-16,83,56,0.00,0.0,0
2014-10-17,83,62,0.00,0.0,0
2014-10-18,85,64,0.00,0.0,0
2014-10-19,76,60,0.00,0.0,0
2014-10-20,79,58,0.00,0.0,0
2014-10-21,80,59,0.00,0.0,0
2014-10-22,79,61,0.00,0.0,0
2014-10-23,74,61,0.00,0.0,0
2014-10-24,76,59,0.00,0.0,0
2014-10-25,79,55,0.00,0.0,0
2014-10-26,84,58,0.00,0.0,0
2014-10-27,82,61,0.00,0.0,0
2014-10-28,87,66,0.00,0.0,0
2014-10-29,84,65,0.00,0.0,0
2014-10-30,74,54,0.00,0.0,0
2014-10-31,76,52,0.00,0.0,0
2014-11-01,61,46,0.00,0.0,M
2014-11-02,64,47,0.00,0.0,0
2014-11-03,73,44,0.00,0.0,0
2014-11-04,79,58,0.00,0.0,0
2014-11-05,81,68,0.00,0.0,0
2014-11-06,76,61,0.01,0.0,0
2014-11-07,65,52,0.00,0.0,0
2014-11-08,66,53,0.00,0.0,0
2014-11-09,68,51,0.00,0.0,0
2014-11-10,74,45,0.00,0.0,0
2014-11-11,80,59,0.00,0.0,0
2014-11-12,67,48,T,0.0,0
2014-11-13,48,39,0.71,0.0,0
2014-11-14,50,35,0.00,0.0,0
2014-11-15,58,39,0.00,0.0,0
2014-11-16,77,56,T,0.0,0
2014-11-17,72,41,1.04,0.0,0
2014-11-18,50,34,0.00,0.0,0
2014-11-19,60,31,0.00,0.0,0
2014-11-20,71,44,0.00,0.0,0
2014-11-21,71,46,0.00,0.0,0
2014-11-22,69,54,T,0.0,0
2014-11-23,76,62,0.38,0.0,0
2014-11-24,70,56,0.00,0.0,0
2014-11-25,58,47,T,0.0,0
2014-11-26,69,38,0.00,0.0,0
2014-11-27,61,48,0.00,0.0,0
2014-11-28,62,43,0.00,0.0,0
2014-11-29,76,49,0.00,0.0,0
2014-11-30,80,54,0.00,0.0,0
2014-12-01,80,60,0.00,0.0,0
2014-12-02,74,52,0.00,0.0,0
2014-12-03,74,54,0.00,0.0,0
2014-12-04,78,60,0.00,0.0,0
2014-12-05,81,66,0.00,0.0,0
2014-12-06,78,60,T,0.0,0
2014-12-07,59,48,0.00,0.0,0
2014-12-08,66,47,0.00,0.0,0
2014-12-09,68,48,0.00,0.0,0
2014-12-10,58,45,0.00,0.0,0
2014-12-11,61,42,0.00,0.0,0
2014-12-12,65,46,0.00,0.0,0
2014-12-13,69,48,0.00,0.0,0
2014-12-14,70,46,0.00,0.0,0
2014-12-15,79,54,0.00,0.0,0
2014-12-16,68,51,T,0.0,0
2014-12-17,59,46,0.00,0.0,0
2014-12-18,69,48,0.03,0.0,0
2014-12-19,58,50,1.22,0.0,0
2014-12-20,53,49,0.03,M,0
2014-12-21,58,52,0.00,0.0,0
2014-12-22,77,57,0.21,0.0,0
2014-12-23,79,56,1.69,0.0,0
2014-12-24,57,44,0.06,0.0,0
2014-12-25,58,38,0.00,0.0,0
2014-12-26,68,42,0.00,0.0,0
2014-12-27,71,63,0.52,0.0,0
2014-12-28,69,57,0.20,0.0,0
2014-12-29,63,55,0.00,0.0,0
2014-12-30,57,46,0.00,0.0,0
2014-12-31,55,42,0.00,0.0,0
2015-01-01,59,45,0.01,0.0,0
2015-01-02,76,57,0.03,0.0,0
2015-01-03,77,65,1.09,0.0,0
2015-01-04,65,48,0.14,0.0,0
2015-01-05,51,39,0.00,0.0,0
2015-01-06,61,35,0.00,0.0,0
2015-01-07,57,33,0.00,0.0,0
2015-01-08,36,25,0.00,0.0,0
2015-01-09,45,36,T,0.0,0
2015-01-10,49,36,0.00,0.0,0
2015-01-11,61,46,0.00,0.0,0
2015-01-12,72,55,0.49,0.0,0
2015-01-13,55,44,0.00,0.0,0
2015-01-14,45,41,0.02,0.0,0
2015-01-15,46,41,0.71,0.0,0
2015-01-16,55,39,0.00,0.0,0
2015-01-17,64,35,0.00,0.0,0
2015-01-18,66,45,0.00,0.0,0
2015-01-19,67,36,0.00,0.0,0
2015-01-20,69,46,0.00,0.0,0
2015-01-21,69,44,0.00,0.0,0
2015-01-22,61,47,2.17,0.0,0
2015-01-23,50,43,1.01,0.0,0
2015-01-24,58,37,0.00,0.0,0
2015-01-25,68,41,0.00,0.0,0
2015-01-26,62,47,0.00,0.0,0
2015-01-27,74,45,0.00,0.0,0
2015-01-28,68,48,0.00,0.0,0
2015-01-29,77,45,0.00,0.0,0
2015-01-30,61,47,0.00,0.0,0
2015-01-31,61,45,0.00,0.0,0
2015-02-01,75,58,0.07,0.0,0
2015-02-02,58,42,T,0.0,0
2015-02-03,49,39,0.03,0.0,0
2015-02-04,52,46,0.96,0.0,0
2015-02-05,58,47,0.00,0.0,0
2015-02-06,57,38,0.00,0.0,0
2015-02-07,69,37,0.00,0.0,0
2015-02-08,75,55,0.00,0.0,0
2015-02-09,76,56,0.05,0.0,0
2015-02-10,63,45,0.00,0.0,0
2015-02-11,67,42,0.00,0.0,0
2015-02-12,65,43,0.00,0.0,0
2015-02-13,54,37,0.00,0.0,0
2015-02-14,71,39,0.00,0.0,0
2015-02-15,67,51,T,0.0,0
2015-02-16,73,40,0.31,0.0,0
2015-02-17,47,34,0.02,0.0,0
2015-02-18,56,30,0.00,0.0,0
2015-02-19,49,39,0.00,0.0,0
2015-02-20,65,37,T,0.0,0
2015-02-21,75,60,0.07,0.0,0
2015-02-22,79,58,0.00,0.0,0
2015-02-23,58,44,0.16,0.0,0
2015-02-24,48,40,0.00,0.0,0
2015-02-25,50,41,0.36,0.0,0
2015-02-26,48,38,0.00,0.0,0
2015-02-27,52,37,0.00,0.0,0
2015-02-28,62,41,0.00,0.0,0
2015-03-01,67,56,0.13,0.0,0
2015-03-02,76,59,0.99,0.0,0
2015-03-03,80,65,0.00,0.0,0
2015-03-04,82,67,0.01,0.0,0
2015-03-05,72,34,0.01,0.0,0
2015-03-06,53,31,0.00,0.0,0
2015-03-07,62,40,0.00,0.0,0
2015-03-08,71,44,0.00,0.0,0
2015-03-09,69,59,0.08,0.0,0
2015-03-10,78,63,2.27,0.0,0
2015-03-11,68,61,0.20,0.0,0
2015-03-12,72,65,0.49,0.0,0
2015-03-13,77,61,1.03,0.0,0
2015-03-14,73,60,0.00,0.0,0
2015-03-15,78,61,0.00,0.0,0
2015-03-16,82,59,0.00,0.0,0
2015-03-17,86,62,0.00,0.0,0
2015-03-18,81,67,0.01,0.0,0
2015-03-19,81,66,0.60,0.0,0
2015-03-20,83,66,0.00,0.0,0
2015-03-21,82,68,0.18,0.0,0
2015-03-22,81,64,0.01,0.0,0
2015-03-23,68,59,T,0.0,0
2015-03-24,73,63,0.00,0.0,0
2015-03-25,77,58,0.00,0.0,0
2015-03-26,70,59,0.35,0.0,0
2015-03-27,70,51,0.00,0.0,0
2015-03-28,70,50,0.00,0.0,0
2015-03-29,77,56,0.00,0.0,0
2015-03-30,82,59,0.00,0.0,0
2015-03-31,82,61,0.00,0.0,0
2015-04-01,81,64,0.00,0.0,0
2015-04-02,84,69,0.00,0.0,0
2015-04-03,86,69,0.00,0.0,0
2015-04-04,73,59,T,0.0,0
2015-04-05,78,62,0.27,0.0,0
2015-04-06,84,68,0.00,0.0,0
2015-04-07,84,71,0.00,0.0,0
2015-04-08,85,69,0.00,0.0,0
2015-04-09,83,72,0.38,0.0,0
2015-04-10,86,70,0.02,0.0,0
2015-04-11,78,69,0.34,0.0,0
2015-04-12,74,70,1.61,0.0,0
2015-04-13,81,70,0.53,0.0,0
2015-04-14,76,65,3.35,0.0,0
2015-04-15,82,65,0.36,0.0,0
2015-04-16,78,69,0.72,0.0,0
2015-04-17,83,67,0.07,0.0,0
2015-04-18,79,70,1.16,0.0,0
2015-04-19,85,70,0.00,0.0,0
2015-04-20,80,66,0.00,0.0,0
2015-04-21,78,63,0.00,0.0,0
2015-04-22,84,59,0.00,0.0,0
2015-04-23,84,69,0.04,0.0,0
2015-04-24,83,71,0.25,0.0,0
2015-04-25,85,69,0.56,0.0,0
2015-04-26,84,67,T,0.0,0
2015-04-27,76,64,2.31,0.0,0
2015-04-28,76,62,T,0.0,0
2015-04-29,74,59,0.00,0.0,0
2015-04-30,81,56,0.00,0.0,0
2015-05-01,82,62,0.00,0.0,0
2015-05-02,82,64,0.00,0.0,0
2015-05-03,82,64,0.00,0.0,0
2015-05-04,82,63,0.02,0.0,0
2015-05-05,84,68,0.00,0.0,0
2015-05-06,85,68,0.00,0.0,0
2015-05-07,86,71,0.00,0.0,0
2015-05-08,85,68,0.00,0.0,0
2015-05-09,86,72,0.00,0.0,0
2015-05-10,87,72,0.00,0.0,0
2015-05-11,87,74,T,0.0,0
2015-05-12,87,76,0.00,0.0,0
2015-05-13,87,72,0.00,0.0,0
2015-05-14,87,74,T,0.0,0
2015-05-15,84,72,2.98,0.0,0
2015-05-16,87,73,0.02,0.0,0
2015-05-17,87,78,0.00,0.0,0
2015-05-18,87,71,0.81,0.0,0
2015-05-19,87,73,0.00,0.0,0
2015-05-20,90,73,0.15,0.0,0
2015-05-21,91,69,1.45,0.0,0
2015-05-22,83,68,0.00,0.0,0
2015-05-23,87,72,T,0.0,0
2015-05-24,88,73,0.12,0.0,0
2015-05-25,87,72,1.74,0.0,0
2015-05-26,86,66,1.27,0.0,0
2015-05-27,84,68,0.20,0.0,0
2015-05-28,89,69,T,0.0,0
2015-05-29,86,75,T,0.0,0
2015-05-30,86,74,0.25,0.0,0
2015-05-31,87,72,0.13,0.0,0
2015-06-01,88,70,0.35,0.0,0
2015-06-02,89,72,0.00,0.0,0
2015-06-03,89,75,0.05,0.0,0
2015-06-04,90,75,0.00,0.0,0
2015-06-05,91,74,0.00,0.0,0
2015-06-06,91,73,0.00,0.0,0
2015-06-07,90,76,T,0.0,0
2015-06-08,90,77,0.00,0.0,0
2015-06-09,83,71,0.23,0.0,0
2015-06-10,91,69,0.00,0.0,0
2015-06-11,90,76,0.07,0.0,0
2015-06-12,85,72,1.15,0.0,0
2015-06-13,90,75,0.00,0.0,0
2015-06-14,88,76,0.64,0.0,0
2015-06-15,90,78,0.08,0.0,0
2015-06-16,91,79,0.00,0.0,0
2015-06-17,91,79,0.00,0.0,0
2015-06-18,89,78,0.00,0.0,0
2015-06-19,90,77,0.02,0.0,0
2015-06-20,92,77,0.00,0.0,0
2015-06-21,92,78,0.00,0.0,0
2015-06-22,93,77,T,0.0,0
2015-06-23,93,76,0.00,0.0,0
2015-06-24,91,76,0.00,0.0,0
2015-06-25,89,74,T,0.0,0
2015-06-26,90,74,0.00,0.0,0
2015-06-27,93,74,0.41,0.0,0
2015-06-28,81,74,0.75,0.0,0
2015-06-29,92,74,0.00,0.0,0
2015-06-30,93,74,T,0.0,0
2015-07-01,90,73,0.59,0.0,0
2015-07-02,91,75,0.00,0.0,0
2015-07-03,94,78,0.00,0.0,0
2015-07-04,93,76,0.00,0.0,0
2015-07-05,93,72,1.17,0.0,0
2015-07-06,92,74,0.00,0.0,0
2015-07-07,92,79,0.00,0.0,0
2015-07-08,92,74,0.15,0.0,0
2015-07-09,92,77,0.02,0.0,0
2015-07-10,91,77,0.74,0.0,0
2015-07-11,94,75,0.00,0.0,0
2015-07-12,95,77,0.00,0.0,0
2015-07-13,95,78,0.00,0.0,0
2015-07-14,95,77,0.00,0.0,0
2015-07-15,95,77,0.00,0.0,0
2015-07-16,96,80,0.00,0.0,0
2015-07-17,94,79,0.09,0.0,0
2015-07-18,97,79,0.00,0.0,0
2015-07-19,98,77,0.63,0.0,0
2015-07-20,91,80,T,0.0,0
2015-07-21,93,79,0.06,0.0,0
2015-07-22,90,78,0.37,0.0,0
2015-07-23,95,78,0.00,0.0,0
2015-07-24,96,78,0.00,0.0,0
2015-07-25,97,78,T,0.0,0
2015-07-26,95,75,0.00,0.0,0
2015-07-27,94,79,0.00,0.0,0
2015-07-28,96,78,0.00,0.0,0
2015-07-29,99,77,0.29,0.0,0
2015-07-30,97,76,0.06,0.0,0
2015-07-31,93,80,0.00,0.0,0
2015-08-01,93,80,0.00,0.0,0
2015-08-02,96,74,0.00,0.0,0
2015-08-03,95,78,0.00,0.0,0
2015-08-04,92,79,T,0.0,0
2015-08-05,93,79,0.08,0.0,0
2015-08-06,95,80,0.00,0.0,0
2015-08-07,97,80,0.00,0.0,0
2015-08-08,96,78,0.00,0.0,0
2015-08-09,96,79,0.00,0.0,0
2015-08-10,98,81,0.00,0.0,0
2015-08-11,95,80,0.00,0.0,0
2015-08-12,96,78,T,0.0,0
2015-08-13,96,80,0.00,0.0,0
2015-08-14,96,78,0.00,0.0,0
2015-08-15,93,78,0.00,0.0,0
2015-08-16,89,76,0.21,0.0,0
2015-08-17,89,75,0.39,0.0,0
2015-08-18,91,77,0.29,0.0,0
2015-08-19,85,74,0.89,0.0,0
2015-08-20,91,77,0.81,0.0,0
2015-08-21,93,78,0.02,0.0,0
2015-08-22,91,76,0.59,0.0,0
2015-08-23,94,77,0.00,0.0,0
2015-08-24,96,79,0.00,0.0,0
2015-08-25,89,79,0.00,0.0,0
2015-08-26,87,75,0.00,0.0,0
2015-08-27,87,72,0.00,0.0,0
2015-08-28,91,69,0.00,0.0,0
2015-08-29,90,76,0.00,0.0,0
2015-08-30,91,72,0.00,0.0,0
2015-08-31,93,75,0.00,0.0,0
2015-09-01,92,75,0.00,0.0,0
2015-09-02,85,77,0.11,0.0,0
2015-09-03,86,76,0.02,0.0,0
2015-09-04,89,76,0.02,0.0,0
2015-09-05,94,75,T,0.0,0
2015-09-06,93,75,0.00,0.0,0
2015-09-07,92,77,0.00,0.0,0
2015-09-08,92,75,0.00,0.0,0
2015-09-09,92,75,0.00,0.0,0
2015-09-10,86,74,0.54,0.0,0
2015-09-11,77,73,0.80,0.0,0
2015-09-12,85,73,0.00,0.0,0
2015-09-13,79,62,0.00,0.0,0
2015-09-14,86,61,0.00,0.0,0
2015-09-15,87,75,0.00,0.0,0
2015-09-16,90,76,0.00,0.0,0
2015-09-17,89,74,0.03,0.0,0
2015-09-18,91,72,0.00,0.0,0
2015-09-19,93,73,0.00,0.0,0
2015-09-20,96,74,0.00,0.0,0
2015-09-21,83,73,0.00,0.0,0
2015-09-22,86,70,0.00,0.0,0
2015-09-23,88,75,0.00,0.0,0
2015-09-24,89,75,0.00,0.0,0
2015-09-25,88,73,0.00,0.0,0
2015-09-26,83,70,0.00,0.0,0
2015-09-27,81,70,1.18,0.0,0
2015-09-28,81,75,0.02,0.0,0
2015-09-29,88,75,0.00,0.0,0
2015-09-30,89,76,0.00,0.0,0
2015-10-01,85,71,0.00,0.0,0
2015-10-02,77,63,0.00,0.0,0
2015-10-03,68,62,0.00,0.0,0
2015-10-04,66,60,0.00,0.0,0
2015-10-05,79,62,T,0.0,0
2015-10-06,88,70,0.00,0.0,0
2015-10-07,89,70,0.00,0.0,0
2015-10-08,86,68,0.00,0.0,0
2015-10-09,87,67,0.00,0.0,0
2015-10-10,79,66,0.00,0.0,0
2015-10-11,79,61,0.00,0.0,0
2015-10-12,82,59,0.00,0.0,0
2015-10-13,87,65,0.00,0.0,0
2015-10-14,86,57,0.00,0.0,0
2015-10-15,90,60,0.00,0.0,0
2015-10-16,92,60,0.00,0.0,0
2015-10-17,77,66,0.00,0.0,0
2015-10-18,75,60,0.00,0.0,0
2015-10-19,76,61,0.00,0.0,0
2015-10-20,78,64,T,0.0,0
2015-10-21,82,67,0.00,0.0,0
2015-10-22,83,70,0.00,0.0,0
2015-10-23,85,73,0.00,0.0,0
2015-10-24,83,73,T,0.0,0
2015-10-25,78,72,8.67,0.0,0
2015-10-26,77,70,0.21,0.0,0
2015-10-27,75,69,T,0.0,0
2015-10-28,83,64,0.00,0.0,0
2015-10-29,82,64,0.00,0.0,0
2015-10-30,82,61,0.00,0.0,0
2015-10-31,83,70,0.66,0.0,0
2015-11-01,71,68,1.57,0.0,0
2015-11-02,76,69,T,0.0,0
2015-11-03,78,69,0.00,0.0,0
2015-11-04,80,63,0.00,0.0,0
2015-11-05,84,66,0.00,0.0,0
2015-11-06,86,74,0.05,0.0,0
2015-11-07,79,66,2.28,0.0,0
2015-11-08,67,59,0.29,0.0,0
2015-11-09,69,60,0.00,0.0,0
2015-11-10,72,60,0.00,0.0,0
2015-11-11,80,60,0.00,0.0,0
2015-11-12,71,59,0.10,0.0,0
2015-11-13,69,57,0.00,0.0,0
2015-11-14,67,57,0.00,0.0,0
2015-11-15,72,55,0.00,0.0,0
2015-11-16,79,64,T,0.0,0
2015-11-17,83,74,0.01,0.0,0
2015-11-18,76,52,1.69,0.0,0
2015-11-19,73,50,0.00,0.0,0
2015-11-20,72,58,0.00,0.0,0
2015-11-21,67,54,0.26,0.0,0
2015-11-22,55,43,0.00,0.0,0
2015-11-23,59,42,0.00,0.0,0
2015-11-24,67,42,0.00,0.0,0
2015-11-25,75,56,0.00,0.0,0
2015-11-26,75,64,0.00,0.0,0
2015-11-27,79,65,0.00,0.0,0
2015-11-28,80,66,0.00,0.0,0
2015-11-29,79,64,0.00,0.0,0
2015-11-30,79,65,0.00,0.0,0
2015-12-01,77,66,0.10,0.0,0
2015-12-02,67,54,0.02,0.0,0
2015-12-03,55,50,0.00,0.0,0
2015-12-04,60,46,0.00,0.0,0
2015-12-05,66,48,0.00,0.0,0
2015-12-06,71,53,0.00,0.0,0
2015-12-07,69,50,0.00,0.0,0
2015-12-08,71,46,0.00,0.0,0
2015-12-09,77,51,0.00,0.0,0
2015-12-10,80,57,0.00,0.0,0
2015-12-11,79,65,0.00,0.0,0
2015-12-12,79,69,0.00,0.0,0
2015-12-13,80,56,0.33,0.0,0
2015-12-14,72,52,0.33,0.0,0
2015-12-15,73,47,0.00,0.0,0
2015-12-16,80,65,0.29,0.0,0
2015-12-17,70,52,0.00,0.0,0
2015-12-18,61,49,0.00,0.0,0
2015-12-19,58,44,0.00,0.0,0
2015-12-20,71,41,0.00,0.0,0
2015-12-21,76,65,1.86,0.0,0
2015-12-22,72,66,0.60,0.0,0
2015-12-23,80,67,0.37,0.0,0
2015-12-24,81,72,0.05,0.0,0
2015-12-25,82,74,0.02,0.0,0
2015-12-26,83,74,0.00,0.0,0
2015-12-27,82,76,0.00,0.0,0
2015-12-28,78,54,1.04,0.0,0
2015-12-29,63,48,0.00,0.0,0
2015-12-30,63,58,1.45,0.0,0
2015-12-31,60,55,T,0.0,0
2016-01-01,56,48,0.58,0.0,0
2016-01-02,52,46,0.01,0.0,0
2016-01-03,55,44,T,0.0,0
2016-01-04,58,41,0.00,0.0,0
2016-01-05,55,39,0.00,0.0,0
2016-01-06,65,48,0.00,0.0,0
2016-01-07,59,55,0.24,0.0,0
2016-01-08,70,54,0.00,0.0,0
2016-01-09,71,52,0.51,0.0,0
2016-01-10,52,41,0.00,0.0,0
2016-01-11,49,35,0.00,0.0,0
2016-01-12,61,39,0.00,0.0,0
2016-01-13,64,40,0.00,0.0,0
2016-01-14,66,49,1.11,0.0,0
2016-01-15,75,53,0.22,0.0,0
2016-01-16,66,49,0.07,0.0,0
2016-01-17,55,43,T,0.0,0
2016-01-18,56,41,0.00,0.0,0
2016-01-19,59,38,0.00,0.0,0
2016-01-20,70,55,0.02,0.0,0
2016-01-21,73,56,0.31,0.0,0
2016-01-22,62,41,T,0.0,0
2016-01-23,51,37,0.00,0.0,0
2016-01-24,55,33,0.00,0.0,0
2016-01-25,72,46,0.08,0.0,0
2016-01-26,71,50,1.15,0.0,0
2016-01-27,55,45,0.10,0.0,0
2016-01-28,60,42,0.00,0.0,0
2016-01-29,72,42,0.00,0.0,0
2016-01-30,72,47,0.00,0.0,0
2016-01-31,77,60,0.01,0.0,0
2016-02-01,78,64,0.00,0.0,0
2016-02-02,79,70,0.01,0.0,0
2016-02-03,75,53,1.04,0.0,0
2016-02-04,57,45,0.00,0.0,0
2016-02-05,55,41,0.00,0.0,0
2016-02-06,58,36,0.00,0.0,0
2016-02-07,60,37,0.00,0.0,0
2016-02-08,61,42,0.00,0.0,0
2016-02-09,59,40,0.00,0.0,0
2016-02-10,59,41,0.00,0.0,0
2016-02-11,76,45,0.00,0.0,0
2016-02-12,77,56,0.00,0.0,0
2016-02-13,62,48,0.00,0.0,0
2016-02-14,71,46,0.00,0.0,0
2016-02-15,77,54,0.62,0.0,0
2016-02-16,72,45,0.00,0.0,0
2016-02-17,68,50,0.00,0.0,0
2016-02-18,71,48,0.00,0.0,0
2016-02-19,75,50,0.00,0.0,0
2016-02-20,78,59,0.00,0.0,0
2016-02-21,77,62,0.02,0.0,0
2016-02-22,73,63,0.42,0.0,0
2016-02-23,74,58,1.61,0.0,0
2016-02-24,61,48,0.00,0.0,M
2016-02-25,70,42,0.00,0.0,0
2016-02-26,59,45,0.00,0.0,0
2016-02-27,66,41,0.00,0.0,0
2016-02-28,70,42,0.00,0.0,0
2016-02-29,75,54,0.00,0.0,0
2016-03-01,79,60,T,0.0,0
2016-03-02,69,54,0.00,0.0,0
2016-03-03,77,54,0.03,0.0,0
2016-03-04,71,54,0.00,0.0,0
2016-03-05,75,49,0.00,0.0,0
2016-03-06,76,50,0.00,0.0,0
2016-03-07,77,57,0.00,0.0,0
2016-03-08,79,68,T,0.0,0
2016-03-09,81,70,0.00,0.0,0
2016-03-10,78,73,0.28,0.0,0
2016-03-11,76,66,1.51,0.0,0
2016-03-12,73,66,0.04,0.0,0
2016-03-13,81,64,0.00,0.0,0
2016-03-14,83,66,0.00,0.0,0
2016-03-15,83,68,0.00,0.0,0
2016-03-16,81,66,T,0.0,0
2016-03-17,85,62,0.24,0.0,0
2016-03-18,75,63,1.98,0.0,0
2016-03-19,72,55,0.07,0.0,0
2016-03-20,66,49,0.00,0.0,0
2016-03-21,61,46,0.00,0.0,0
2016-03-22,69,44,0.00,0.0,0
2016-03-23,78,60,0.00,0.0,0
2016-03-24,72,63,0.18,0.0,0
2016-03-25,72,56,0.00,0.0,0
2016-03-26,76,56,T,0.0,0
2016-03-27,72,64,1.88,0.0,0
2016-03-28,80,60,0.00,0.0,0
2016-03-29,75,65,0.15,0.0,0
2016-03-30,79,69,T,0.0,0
2016-03-31,80,73,0.00,0.0,0
2016-04-01,75,59,4.00,0.0,0
2016-04-02,71,57,0.00,0.0,0
2016-04-03,74,51,0.00,0.0,0
2016-04-04,79,54,0.00,0.0,0
2016-04-05,82,58,0.00,0.0,0
2016-04-06,77,59,0.00,0.0,0
2016-04-07,81,58,0.00,0.0,0
2016-04-08,77,58,0.00,0.0,0
2016-04-09,76,54,T,0.0,0
2016-04-10,79,58,0.00,0.0,0
2016-04-11,82,67,T,0.0,0
2016-04-12,77,67,0.70,0.0,0
2016-04-13,73,65,1.59,0.0,0
2016-04-14,78,66,0.44,0.0,0
2016-04-15,74,68,T,0.0,0
2016-04-16,72,68,0.01,0.0,0
2016-04-17,74,67,0.00,0.0,0
2016-04-18,80,67,0.00,0.0,0
2016-04-19,80,68,0.00,0.0,0
2016-04-20,82,69,0.00,0.0,0
2016-04-21,81,67,0.52,0.0,0
2016-04-22,81,66,0.00,0.0,0
2016-04-23,82,63,0.00,0.0,0
2016-04-24,82,62,0.00,0.0,0
2016-04-25,84,65,0.00,0.0,0
2016-04-26,86,71,0.00,0.0,0
2016-04-27,81,71,0.10,0.0,0
2016-04-28,83,72,0.46,0.0,0
2016-04-29,87,73,0.00,0.0,0
2016-04-30,82,70,2.07,0.0,0
2016-05-01,78,69,1.98,0.0,0
2016-05-02,81,68,0.01,0.0,0
2016-05-03,78,68,0.00,0.0,0
2016-05-04,78,63,0.00,0.0,0
2016-05-05,80,63,0.00,0.0,0
2016-05-06,78,63,0.00,0.0,0
2016-05-07,81,59,0.00,0.0,0
2016-05-08,80,59,0.00,0.0,0
2016-05-09,81,70,T,0.0,0
2016-05-10,86,72,0.00,0.0,0
2016-05-11,88,72,0.00,0.0,0
2016-05-12,88,72,T,0.0,0
2016-05-13,88,75,0.00,0.0,0
2016-05-14,88,70,0.00,0.0,0
2016-05-15,83,71,0.00,0.0,0
2016-05-16,83,73,0.01,0.0,0
2016-05-17,83,72,0.24,0.0,0
2016-05-18,84,72,0.00,0.0,0
2016-05-19,86,68,1.78,0.0,0
2016-05-20,89,70,0.08,0.0,0
2016-05-21,90,73,0.00,0.0,0
2016-05-22,85,73,0.00,0.0,0
2016-05-23,86,72,0.00,0.0,0
2016-05-24,89,69,0.00,0.0,0
2016-05-25,90,76,0.00,0.0,0
2016-05-26,89,74,0.00,0.0,0
2016-05-27,87,76,T,0.0,0
2016-05-28,87,72,0.07,0.0,0
2016-05-29,90,69,0.00,0.0,0
2016-05-30,92,73,0.78,0.0,0
2016-05-31,91,72,0.00,0.0,0
2016-06-01,88,73,0.00,0.0,0
2016-06-02,90,74,0.94,0.0,0
2016-06-03,90,73,0.54,0.0,0
2016-06-04,89,73,2.53,0.0,0
2016-06-05,89,73,T,0.0,0
2016-06-06,91,76,0.66,0.0,0
2016-06-07,92,77,0.00,0.0,0
2016-06-08,95,77,0.00,0.0,0
2016-06-09,93,77,0.00,0.0,0
2016-06-10,90,76,0.01,0.0,0
2016-06-11,91,79,0.26,0.0,0
2016-06-12,90,77,T,0.0,0
2016-06-13,90,78,0.62,0.0,0
2016-06-14,91,75,1.55,0.0,0
2016-06-15,95,80,0.00,0.0,0
2016-06-16,95,79,0.00,0.0,0
2016-06-17,96,80,0.00,0.0,0
2016-06-18,85,72,0.54,0.0,0
2016-06-19,89,74,0.98,0.0,0
2016-06-20,92,79,0.01,0.0,0
2016-06-21,91,77,0.00,0.0,0
2016-06-22,93,76,0.00,0.0,0
2016-06-23,93,75,0.00,0.0,0
2016-06-24,93,77,0.00,0.0,0
2016-06-25,97,78,0.00,0.0,0
2016-06-26,100,81,0.00,0.0,0
2016-06-27,94,77,0.36,0.0,0
2016-06-28,94,77,T,0.0,0
2016-06-29,93,76,0.36,0.0,0
2016-06-30,92,76,0.42,0.0,0
2016-07-01,97,78,0.00,0.0,0
2016-07-02,98,81,0.00,0.0,0
2016-07-03,94,80,0.14,0.0,0
2016-07-04,97,82,0.00,0.0,0
2016-07-05,94,82,0.02,0.0,0
2016-07-06,97,83,0.00,0.0,0
2016-07-07,97,83,0.00,0.0,0
2016-07-08,92,78,0.64,0.0,0
2016-07-09,95,80,T,0.0,0
2016-07-10,94,75,0.95,0.0,0
2016-07-11,91,78,0.27,0.0,0
2016-07-12,93,79,0.03,0.0,0
2016-07-13,96,77,0.76,0.0,0
2016-07-14,93,80,T,0.0,0
2016-07-15,88,77,0.07,0.0,0
2016-07-16,94,75,0.00,0.0,0
2016-07-17,91,80,0.34,0.0,0
2016-07-18,91,78,0.26,0.0,0
2016-07-19,95,80,T,0.0,0
2016-07-20,98,80,T,0.0,0
2016-07-21,99,82,0.00,0.0,0
2016-07-22,92,79,0.04,0.0,0
2016-07-23,96,80,T,0.0,0
2016-07-24,93,81,0.10,0.0,0
2016-07-25,94,80,0.02,0.0,0
2016-07-26,86,79,0.22,0.0,0
2016-07-27,87,76,0.57,0.0,0
2016-07-28,95,78,0.00,0.0,0
2016-07-29,95,80,0.02,0.0,0
2016-07-30,96,79,0.00,0.0,0
2016-07-31,95,80,0.00,0.0,0
2016-08-01,97,80,0.00,0.0,0
2016-08-02,98,82,0.00,0.0,0
2016-08-03,93,78,0.70,0.0,0
2016-08-04,97,77,1.80,0.0,0
2016-08-05,94,80,0.00,0.0,0
2016-08-06,96,79,0.19,0.0,0
2016-08-07,92,78,0.00,0.0,0
2016-08-08,91,79,0.32,0.0,0
2016-08-09,96,82,0.00,0.0,0
2016-08-10,93,79,1.40,0.0,0
2016-08-11,82,79,0.29,0.0,0
2016-08-12,81,77,2.33,0.0,0
2016-08-13,81,73,0.19,0.0,0
2016-08-14,92,76,0.08,0.0,0
2016-08-15,95,81,0.00,0.0,0
2016-08-16,92,78,0.16,0.0,0
2016-08-17,95,81,0.00,0.0,0
2016-08-18,92,78,0.77,0.0,0
2016-08-19,92,80,0.29,0.0,0
2016-08-20,89,80,0.91,0.0,0
2016-08-21,94,80,0.56,0.0,0
2016-08-22,96,80,T,0.0,0
2016-08-23,97,80,0.00,0.0,0
2016-08-24,95,81,0.60,0.0,0
2016-08-25,90,79,1.04,0.0,0
2016-08-26,93,76,0.17,0.0,0
2016-08-27,91,79,0.07,0.0,0
2016-08-28,90,81,0.00,0.0,0
2016-08-29,95,82,0.00,0.0,0
2016-08-30,95,82,0.00,0.0,0
2016-08-31,96,83,0.00,0.0,0
2016-09-01,98,84,0.00,0.0,0
2016-09-02,97,82,0.19,0.0,0
2016-09-03,95,81,0.00,0.0,0
2016-09-04,95,80,0.17,0.0,0
2016-09-05,86,77,1.43,0.0,0
2016-09-06,93,78,T,0.0,0
2016-09-07,92,78,0.00,0.0,0
2016-09-08,92,77,0.00,0.0,0
2016-09-09,92,79,0.00,0.0,0
2016-09-10,95,78,T,0.0,0
2016-09-11,91,74,1.87,0.0,0
2016-09-12,92,77,0.19,0.0,0
2016-09-13,91,79,0.00,0.0,0
2016-09-14,92,78,0.01,0.0,0
2016-09-15,93,81,T,0.0,0
2016-09-16,86,78,0.43,0.0,0
2016-09-17,88,79,0.02,0.0,0
2016-09-18,92,78,T,0.0,0
2016-09-19,94,78,0.00,0.0,0
2016-09-20,95,81,0.00,0.0,0
2016-09-21,96,80,0.00,0.0,0
2016-09-22,94,78,0.00,0.0,0
2016-09-23,93,78,0.04,0.0,0
2016-09-24,94,77,0.28,0.0,0
2016-09-25,94,76,0.00,0.0,0
2016-09-26,95,77,0.00,0.0,0
2016-09-27,90,78,T,0.0,0
2016-09-28,91,78,0.00,0.0,0
2016-09-29,87,74,0.00,0.0,0
2016-09-30,83,70,0.00,0.0,0
2016-10-01,86,67,0.00,0.0,0
2016-10-02,87,71,0.00,0.0,0
2016-10-03,88,68,0.00,0.0,0
2016-10-04,94,71,0.00,0.0,0
2016-10-05,91,78,0.00,0.0,0
2016-10-06,89,77,0.00,0.0,0
2016-10-07,91,78,0.00,0.0,0
2016-10-08,90,75,0.00,0.0,0
2016-10-09,81,67,0.00,0.0,0
2016-10-10,89,71,0.00,0.0,0
2016-10-11,87,68,0.00,0.0,0
2016-10-12,90,69,0.00,0.0,0
2016-10-13,87,67,0.00,0.0,0
2016-10-14,89,67,0.00,0.0,0
2016-10-15,90,73,0.00,0.0,0
2016-10-16,89,72,0.00,0.0,0
2016-10-17,91,75,0.00,0.0,0
2016-10-18,89,76,0.05,0.0,0
2016-10-19,92,74,T,0.0,0
2016-10-20,89,72,0.00,0.0,0
2016-10-21,78,65,0.00,0.0,0
2016-10-22,75,57,0.00,0.0,0
2016-10-23,80,54,0.00,0.0,0
2016-10-24,80,60,0.00,0.0,0
2016-10-25,84,59,0.00,0.0,0
2016-10-26,85,63,0.00,0.0,0
2016-10-27,85,68,0.00,0.0,0
2016-10-28,85,68,0.00,0.0,0
2016-10-29,87,64,0.00,0.0,0
2016-10-30,87,67,0.00,0.0,0
2016-10-31,89,65,0.00,0.0,0
2016-11-01,87,65,0.00,0.0,0
2016-11-02,88,70,0.00,0.0,0
2016-11-03,85,68,0.01,0.0,0
2016-11-04,88,69,0.00,0.0,0
2016-11-05,82,68,0.00,0.0,0
2016-11-06,81,66,0.00,0.0,0
2016-11-07,81,68,1.99,0.0,0
2016-11-08,75,68,0.06,0.0,0
2016-11-09,72,66,0.01,0.0,0
2016-11-10,70,58,0.00,0.0,0
2016-11-11,67,58,0.00,0.0,0
2016-11-12,72,54,0.00,0.0,0
2016-11-13,67,58,0.00,0.0,0
2016-11-14,72,52,0.00,0.0,0
2016-11-15,78,49,0.00,0.0,0
2016-11-16,76,52,0.00,0.0,0
2016-11-17,77,51,0.00,0.0,0
2016-11-18,80,61,0.00,0.0,0
2016-11-19,69,52,0.05,0.0,0
2016-11-20,60,41,0.00,0.0,0
2016-11-21,65,38,0.00,0.0,0
2016-11-22,72,39,0.00,0.0,0
2016-11-23,79,57,0.00,0.0,0
2016-11-24,75,58,0.00,0.0,0
2016-11-25,74,58,0.00,0.0,0
2016-11-26,65,55,0.00,0.0,0
2016-11-27,68,40,0.00,0.0,0
2016-11-28,79,55,T,0.0,0
2016-11-29,83,72,T,0.0,0
2016-11-30,76,49,0.65,0.0,0
2016-12-01,62,46,0.00,0.0,0
2016-12-02,65,47,0.02,M,0
2016-12-03,65,56,0.11,0.0,0
2016-12-04,68,60,0.85,0.0,0
2016-12-05,65,58,2.31,0.0,0
2016-12-06,66,55,0.00,0.0,0
2016-12-07,63,55,0.00,0.0,0
2016-12-08,58,46,T,M,0
2016-12-09,51,39,0.00,0.0,0
2016-12-10,53,39,0.00,0.0,0
2016-12-11,69,37,0.00,0.0,0
2016-12-12,82,57,0.00,0.0,0
2016-12-13,81,65,0.32,0.0,0
2016-12-14,67,54,0.00,0.0,0
2016-12-15,56,46,0.00,0.0,0
2016-12-16,70,46,0.00,0.0,0
2016-12-17,79,67,0.00,0.0,0
2016-12-18,72,39,1.66,0.0,0
2016-12-19,49,36,0.00,0.0,0
2016-12-20,54,38,0.00,0.0,0
2016-12-21,62,41,0.00,0.0,0
2016-12-22,63,51,T,0.0,0
2016-12-23,73,56,0.00,0.0,0
2016-12-24,78,56,0.00,0.0,0
2016-12-25,77,65,0.01,0.0,0
2016-12-26,79,68,0.00,0.0,0
2016-12-27,77,66,0.00,0.0,0
2016-12-28,80,69,0.01,0.0,0
2016-12-29,72,51,T,0.0,0
2016-12-30,54,49,0.00,0.0,0
2016-12-31,70,50,2.57,0.0,0
2017-01-01,76,63,2.13,0.0,0
2017-01-02,78,61,0.42,0.0,0
2017-01-03,74,58,0.00,0.0,0
2017-01-04,62,48,0.00,0.0,0
2017-01-05,66,46,0.17,M,0
2017-01-06,54,33,0.58,M,0
2017-01-07,39,27,0.00,0.0,0
2017-01-08,46,29,0.00,0.0,0
2017-01-09,63,33,0.00,0.0,0
2017-01-10,73,52,0.00,0.0,0
2017-01-11,72,56,0.20,0.0,0
2017-01-12,76,60,0.00,0.0,0
2017-01-13,77,60,0.00,0.0,0
2017-01-14,73,57,0.00,0.0,0
2017-01-15,73,57,0.00,0.0,0
2017-01-16,78,62,0.00,0.0,0
2017-01-17,79,64,0.00,0.0,0
2017-01-18,78,67,T,0.0,0
2017-01-19,76,62,0.23,0.0,0
2017-01-20,80,62,0.00,0.0,0
2017-01-21,78,60,0.86,0.0,0
2017-01-22,70,57,0.17,0.0,0
2017-01-23,68,51,0.00,0.0,0
2017-01-24,68,46,0.00,0.0,0
2017-01-25,78,52,0.14,0.0,0
2017-01-26,64,47,0.00,0.0,0
2017-01-27,53,44,0.00,0.0,0
2017-01-28,55,42,0.00,0.0,0
2017-01-29,66,42,0.00,0.0,0
2017-01-30,71,40,0.00,0.0,0
2017-01-31,74,52,0.00,0.0,0
2017-02-01,76,56,0.00,0.0,0
2017-02-02,76,53,0.00,0.0,0
2017-02-03,64,51,T,0.0,0
2017-02-04,60,45,0.00,0.0,0
2017-02-05,76,51,0.00,0.0,0
2017-02-06,75,58,T,0.0,0
2017-02-07,76,63,1.02,0.0,0
2017-02-08,81,66,0.00,0.0,0
2017-02-09,68,51,0.00,0.0,0
2017-02-10,72,47,0.00,0.0,0
2017-02-11,78,65,0.00,0.0,0
2017-02-12,80,67,T,0.0,0
2017-02-13,72,61,0.00,0.0,0
2017-02-14,77,59,0.04,0.0,0
2017-02-15,63,46,T,M,0
2017-02-16,63,48,0.00,0.0,0
2017-02-17,59,44,0.74,M,0
2017-02-18,72,50,T,0.0,0
2017-02-19,78,55,0.00,0.0,0
2017-02-20,79,61,0.52,0.0,0
2017-02-21,73,56,0.37,0.0,0
2017-02-22,75,55,0.00,0.0,0
2017-02-23,77,56,0.00,0.0,0
2017-02-24,78,60,0.00,0.0,0
2017-02-25,69,56,0.00,0.0,0
2017-02-26,69,46,0.00,0.0,0
2017-02-27,79,65,0.05,0.0,0
2017-02-28,79,71,0.00,0.0,0
2017-03-01,82,67,T,0.0,0
2017-03-02,67,56,0.00,0.0,0
2017-03-03,69,52,0.00,0.0,0
2017-03-04,69,54,0.00,0.0,0
2017-03-05,72,58,0.00,0.0,0
2017-03-06,76,63,T,0.0,0
2017-03-07,78,64,1.12,0.0,0
2017-03-08,71,59,T,0.0,0
2017-03-09,79,59,0.00,0.0,0
2017-03-10,80,64,0.00,0.0,0
2017-03-11,74,64,T,0.0,0
2017-03-12,67,50,0.21,0.0,0
2017-03-13,63,51,T,0.0,0
2017-03-14,61,46,0.00,0.0,0
2017-03-15,57,44,0.00,0.0,0
2017-03-16,66,44,0.00,0.0,0
2017-03-17,73,56,0.00,0.0,0
2017-03-18,80,59,0.00,0.0,0
2017-03-19,80,61,0.00,0.0,0
2017-03-20,81,60,0.00,0.0,0
2017-03-21,82,62,0.00,0.0,0
2017-03-22,83,64,0.00,0.0,0
2017-03-23,83,61,0.00,0.0,0
2017-03-24,80,67,0.00,0.0,0
2017-03-25,82,62,0.62,0.0,0
2017-03-26,81,66,0.00,0.0,0
2017-03-27,82,70,0.00,0.0,0
2017-03-28,83,67,0.00,0.0,0
2017-03-29,83,69,0.00,0.0,0
2017-03-30,74,61,0.93,0.0,0
2017-03-31,81,55,0.00,0.0,0
2017-04-01,82,59,0.00,0.0,0
2017-04-02,80,67,0.03,0.0,0
2017-04-03,81,62,1.82,0.0,0
2017-04-04,85,58,0.00,0.0,0
2017-04-05,86,63,0.01,0.0,0
2017-04-06,72,52,0.00,0.0,0
2017-04-07,73,50,0.00,0.0,0
2017-04-08,77,52,0.00,0.0,0
2017-04-09,75,52,0.00,0.0,0
2017-04-10,79,59,0.00,0.0,0
2017-04-11,82,64,0.00,0.0,0
2017-04-12,82,62,0.00,0.0,0
2017-04-13,83,60,0.00,0.0,0
2017-04-14,81,63,0.00,0.0,0
2017-04-15,81,66,0.00,0.0,0
2017-04-16,81,69,0.17,0.0,0
2017-04-17,79,66,0.27,0.0,0
2017-04-18,83,64,0.00,0.0,0
2017-04-19,84,65,0.20,0.0,0
2017-04-20,82,67,0.00,0.0,0
2017-04-21,83,67,0.00,0.0,0
2017-04-22,85,65,0.05,0.0,0
2017-04-23,69,54,T,0.0,0
2017-04-24,77,52,0.00,0.0,0
2017-04-25,79,56,0.00,0.0,0
2017-04-26,82,63,T,0.0,0
2017-04-27,82,66,0.01,0.0,0
2017-04-28,85,76,0.00,0.0,0
2017-04-29,85,77,0.00,0.0,0
2017-04-30,80,66,2.89,0.0,0
2017-05-01,81,58,0.00,0.0,0
2017-05-02,84,59,0.00,0.0,0
2017-05-03,74,60,3.66,0.0,0
2017-05-04,68,53,0.58,0.0,0
2017-05-05,74,54,0.00,0.0,0
2017-05-06,79,56,0.00,0.0,0
2017-05-07,81,58,0.00,0.0,0
2017-05-08,83,59,0.00,0.0,0
2017-05-09,83,60,0.00,0.0,0
2017-05-10,83,63,0.00,0.0,0
2017-05-11,85,67,0.00,0.0,0
2017-05-12,81,67,1.96,0.0,0
2017-05-13,80,64,0.00,0.0,0
2017-05-14,85,64,0.00,0.0,0
2017-05-15,85,67,0.00,0.0,0
2017-05-16,85,69,0.00,0.0,0
2017-05-17,85,73,0.00,0.0,0
2017-05-18,86,76,0.04,0.0,0
2017-05-19,89,74,T,0.0,0
2017-05-20,88,73,0.21,0.0,0
2017-05-21,82,70,0.46,0.0,0
2017-05-22,78,70,0.41,0.0,0
2017-05-23,83,72,T,0.0,0
2017-05-24,78,60,T,0.0,0
2017-05-25,83,57,0.00,0.0,0
2017-05-26,85,69,0.00,0.0,0
2017-05-27,89,76,0.00,0.0,0
2017-05-28,90,76,T,0.0,0
2017-05-29,85,68,0.78,0.0,0
2017-05-30,75,70,1.06,0.0,0
2017-05-31,83,70,0.77,0.0,0
2017-06-01,83,73,0.66,0.0,0
2017-06-02,84,72,0.04,0.0,0
2017-06-03,83,73,0.02,0.0,0
2017-06-04,87,73,0.11,0.0,0
2017-06-05,84,73,1.52,0.0,0
2017-06-06,79,72,2.03,0.0,0
2017-06-07,86,74,T,0.0,0
2017-06-08,85,72,0.00,0.0,0
2017-06-09,85,65,0.00,0.0,0
2017-06-10,87,71,0.00,0.0,0
2017-06-11,88,75,0.13,0.0,0
2017-06-12,83,74,0.95,0.0,0
2017-06-13,88,73,0.03,0.0,0
2017-06-14,89,75,0.03,0.0,0
2017-06-15,91,75,0.19,0.0,0
2017-06-16,91,74,0.00,0.0,0
2017-06-17,86,70,0.00,0.0,0
2017-06-18,91,71,1.30,0.0,0
2017-06-19,92,75,0.00,0.0,0
2017-06-20,82,73,1.62,0.0,0
2017-06-21,84,73,2.34,0.0,0
2017-06-22,88,78,0.20,0.0,0
2017-06-23,89,80,0.04,0.0,0
2017-06-24,90,73,3.47,0.0,0
2017-06-25,88,73,0.36,0.0,0
2017-06-26,87,76,0.00,0.0,0
2017-06-27,86,75,0.00,0.0,0
2017-06-28,85,75,T,0.0,0
2017-06-29,86,73,0.44,0.0,0
2017-06-30,90,79,0.00,0.0,0
2017-07-01,91,77,0.00,0.0,0
2017-07-02,92,73,0.00,0.0,0
2017-07-03,93,76,0.00,0.0,0
2017-07-04,94,76,0.00,0.0,0
2017-07-05,93,78,T,0.0,0
2017-07-06,91,76,0.10,0.0,0
2017-07-07,92,75,T,0.0,0
2017-07-08,88,76,0.19,0.0,0
2017-07-09,91,71,0.17,0.0,0
2017-07-10,91,72,0.27,0.0,0
2017-07-11,88,73,0.05,0.0,0
2017-07-12,91,75,0.07,0.0,0
2017-07-13,91,76,0.59,0.0,0
2017-07-14,89,75,3.50,0.0,0
2017-07-15,89,75,0.26,0.0,0
2017-07-16,88,75,T,0.0,0
2017-07-17,88,77,0.03,0.0,0
2017-07-18,89,75,T,0.0,0
2017-07-19,95,77,0.00,0.0,0
2017-07-20,96,76,T,0.0,0
2017-07-21,95,77,T,0.0,0
2017-07-22,91,77,0.06,0.0,0
2017-07-23,85,75,0.18,0.0,0
2017-07-24,91,71,1.03,0.0,0
2017-07-25,90,76,0.00,0.0,0
2017-07-26,94,78,0.00,0.0,0
2017-07-27,96,76,0.00,0.0,0
2017-07-28,95,77,0.00,0.0,0
2017-07-29,86,78,T,0.0,0
2017-07-30,91,77,0.00,0.0,0
2017-07-31,88,72,0.00,0.0,0
2017-08-01,91,73,0.00,0.0,0
2017-08-02,89,73,0.01,0.0,0
2017-08-03,84,74,2.06,0.0,0
2017-08-04,87,75,0.98,0.0,0
2017-08-05,87,75,0.50,0.0,0
2017-08-06,89,76,0.11,0.0,0
2017-08-07,91,77,0.24,0.0,0
2017-08-08,92,77,0.43,0.0,0
2017-08-09,89,75,0.93,0.0,0
2017-08-10,89,74,1.58,0.0,0
2017-08-11,90,78,0.05,0.0,0
2017-08-12,89,76,T,0.0,0
2017-08-13,94,75,0.00,0.0,0
2017-08-14,93,79,0.51,0.0,0
2017-08-15,90,73,1.75,0.0,0
2017-08-16,93,77,0.26,0.0,0
2017-08-17,94,76,T,0.0,0
2017-08-18,95,77,0.00,0.0,0
2017-08-19,96,78,T,0.0,0
2017-08-20,95,77,0.00,0.0,0
2017-08-21,93,75,0.11,0.0,0
2017-08-22,90,76,0.04,0.0,0
2017-08-23,93,78,0.00,0.0,0
2017-08-24,92,79,0.00,0.0,0
2017-08-25,91,81,T,0.0,0
2017-08-26,93,80,0.00,0.0,0
2017-08-27,88,74,0.75,0.0,0
2017-08-28,82,75,1.38,0.0,0
2017-08-29,80,73,3.13,0.0,0
2017-08-30,86,77,0.67,0.0,0
2017-08-31,88,75,0.28,0.0,0
2017-09-01,88,74,T,0.0,0
2017-09-02,89,74,0.00,0.0,0
2017-09-03,90,73,0.00,0.0,0
2017-09-04,89,73,0.00,0.0,0
2017-09-05,90,74,0.00,0.0,0
2017-09-06,81,73,0.08,0.0,0
2017-09-07,81,70,0.00,0.0,0
2017-09-08,83,70,0.00,0.0,0
2017-09-09,85,71,0.00,0.0,0
2017-09-10,85,71,T,0.0,0
2017-09-11,84,66,0.00,0.0,0
2017-09-12,83,63,0.00,0.0,0
2017-09-13,84,65,0.00,0.0,0
2017-09-14,87,65,0.00,0.0,0
2017-09-15,88,77,T,0.0,0
2017-09-16,91,76,T,0.0,0
2017-09-17,91,73,0.00,0.0,0
2017-09-18,91,73,0.00,0.0,0
2017-09-19,91,75,0.09,0.0,0
2017-09-20,90,74,0.19,0.0,0
2017-09-21,92,72,0.00,0.0,0
2017-09-22,92,74,T,0.0,0
2017-09-23,91,72,0.00,0.0,0
2017-09-24,88,73,0.06,0.0,0
2017-09-25,87,72,0.00,0.0,0
2017-09-26,88,74,T,0.0,0
2017-09-27,92,72,0.00,0.0,0
2017-09-28,92,74,0.00,0.0,0
2017-09-29,92,73,0.00,0.0,0
2017-09-30,90,75,0.00,0.0,0
2017-10-01,84,73,0.19,0.0,0
2017-10-02,79,70,0.45,0.0,0
2017-10-03,85,76,T,0.0,0
2017-10-04,82,72,0.00,0.0,0
2017-10-05,85,72,0.00,0.0,0
2017-10-06,86,74,T,0.0,0
2017-10-07,85,74,0.72,0.0,0
2017-10-08,90,73,T,0.0,0
2017-10-09,87,76,T,0.0,0
2017-10-10,89,75,0.00,0.0,0
2017-10-11,90,73,0.00,0.0,0
2017-10-12,90,76,0.00,0.0,0
2017-10-13,89,75,0.00,0.0,0
2017-10-14,89,76,0.40,0.0,0
2017-10-15,85,74,0.06,0.0,0
2017-10-16,77,64,T,0.0,0
2017-10-17,75,60,0.00,0.0,0
2017-10-18,79,64,0.00,0.0,0
2017-10-19,83,60,0.00,0.0,0
2017-10-20,82,69,0.00,0.0,0
2017-10-21,87,74,0.11,0.0,0
2017-10-22,83,65,0.96,0.0,0
2017-10-23,75,54,0.00,0.0,0
2017-10-24,73,54,0.00,0.0,0
2017-10-25,68,47,0.00,0.0,0
2017-10-26,76,48,0.00,0.0,0
2017-10-27,80,57,0.09,0.0,0
2017-10-28,60,49,0.15,M,0
2017-10-29,64,39,0.00,0.0,0
2017-10-30,74,46,0.00,0.0,0
2017-10-31,76,51,0.00,0.0,0
2017-11-01,79,65,T,0.0,0
2017-11-02,84,68,0.00,0.0,0
2017-11-03,84,66,0.00,0.0,0
2017-11-04,84,64,0.00,0.0,0
2017-11-05,83,65,0.00,0.0,0
2017-11-06,83,67,0.00,0.0,0
2017-11-07,83,66,0.00,0.0,0
2017-11-08,73,62,T,0.0,0
2017-11-09,62,57,0.05,0.0,0
2017-11-10,68,49,0.00,0.0,0
2017-11-11,72,54,0.00,0.0,0
2017-11-12,75,62,0.00,0.0,0
2017-11-13,74,60,0.00,0.0,0
2017-11-14,71,56,0.00,0.0,0
2017-11-15,75,56,0.00,0.0,0
2017-11-16,77,55,0.00,0.0,0
2017-11-17,78,56,0.00,0.0,0
2017-11-18,83,63,T,0.0,0
2017-11-19,64,51,0.00,0.0,0
2017-11-20,62,49,0.00,0.0,0
2017-11-21,73,50,T,0.0,0
2017-11-22,68,52,T,0.0,0
2017-11-23,63,46,0.00,0.0,0
2017-11-24,66,37,0.00,0.0,0
2017-11-25,71,38,0.00,0.0,0
2017-11-26,70,47,0.00,0.0,0
2017-11-27,68,41,0.00,0.0,0
2017-11-28,75,45,0.00,0.0,0
2017-11-29,78,62,0.00,0.0,0
2017-11-30,78,62,0.01,0.0,0
2017-12-01,73,55,0.00,0.0,0
2017-12-02,62,51,0.00,0.0,0
2017-12-03,72,51,0.00,0.0,0
2017-12-04,79,54,T,0.0,0
2017-12-05,85,57,0.10,0.0,0
2017-12-06,57,44,0.72,M,0
2017-12-07,51,43,0.12,0.0,0
2017-12-08,43,36,0.84,T,0
2017-12-09,52,29,0.00,0.0,0
2017-12-10,62,32,0.00,0.0,0
2017-12-11,70,36,0.00,0.0,0
2017-12-12,63,47,0.00,0.0,0
2017-12-13,62,34,0.00,0.0,0
2017-12-14,65,42,0.00,0.0,0
2017-12-15,55,47,T,M,0
2017-12-16,60,45,0.00,0.0,0
2017-12-17,70,60,2.72,0.0,0
2017-12-18,71,63,0.21,0.0,0
2017-12-19,75,63,0.00,0.0,0
2017-12-20,79,60,0.09,0.0,0
2017-12-21,77,55,0.00,0.0,0
2017-12-22,82,67,0.00,0.0,0
2017-12-23,73,52,0.10,0.0,0
2017-12-24,65,49,0.00,0.0,0
2017-12-25,51,42,0.00,0.0,0
2017-12-26,57,45,0.12,0.0,0
2017-12-27,50,44,0.03,0.0,0
2017-12-28,48,41,0.07,0.0,0
2017-12-29,53,41,0.00,0.0,0
2017-12-30,65,45,T,M,0
2017-12-31,54,33,0.04,0.0,0
2018-01-01,35,27,0.00,0.0,0
2018-01-02,39,25,0.00,0.0,0
2018-01-03,44,29,0.00,0.0,0
2018-01-04,48,27,0.00,0.0,0
2018-01-05,47,32,0.00,0.0,0
2018-01-06,58,29,0.00,0.0,0
2018-01-07,66,48,0.24,M,0
2018-01-08,65,55,1.25,0.0,0
2018-01-09,58,52,0.01,0.0,0
2018-01-10,74,57,0.28,0.0,0
2018-01-11,75,61,0.47,0.0,0
2018-01-12,62,36,0.01,0.0,0
2018-01-13,46,34,0.00,0.0,0
2018-01-14,49,31,0.00,0.0,0
2018-01-15,58,31,0.00,0.0,0
2018-01-16,46,26,0.05,M,0
2018-01-17,35,20,T,T,0
2018-01-18,43,27,0.00,0.0,0
2018-01-19,59,28,0.00,0.0,0
2018-01-20,71,41,0.02,0.0,0
2018-01-21,74,50,0.00,0.0,0
2018-01-22,75,55,T,0.0,0
2018-01-23,65,42,0.00,0.0,0
2018-01-24,55,42,0.00,0.0,0
2018-01-25,61,38,0.00,0.0,0
2018-01-26,71,47,0.02,M,0
2018-01-27,65,56,2.20,0.0,0
2018-01-28,65,57,0.00,0.0,0
2018-01-29,65,50,0.00,0.0,0
2018-01-30,55,39,0.00,0.0,0
2018-01-31,66,37,0.00,0.0,0
2018-02-01,76,54,T,0.0,0
2018-02-02,65,49,0.07,M,0
2018-02-03,64,44,0.19,M,0
2018-02-04,71,54,0.14,0.0,0
2018-02-05,68,51,0.00,0.0,0
2018-02-06,72,57,0.06,0.0,0
2018-02-07,80,48,0.50,0.0,0
2018-02-08,65,47,0.01,M,0
2018-02-09,77,56,0.00,0.0,0
2018-02-10,77,66,0.08,0.0,0
2018-02-11,79,58,0.42,0.0,0
2018-02-12,58,47,0.01,0.0,0
2018-02-13,74,50,0.00,0.0,0
2018-02-14,81,60,0.00,0.0,0
2018-02-15,83,65,T,0.0,0
2018-02-16,83,67,0.00,0.0,0
2018-02-17,82,63,0.00,0.0,0
2018-02-18,80,65,0.00,0.0,0
2018-02-19,82,63,T,0.0,0
2018-02-20,83,70,0.00,0.0,0
2018-02-21,84,70,0.00,0.0,0
2018-02-22,84,71,0.00,0.0,0
2018-02-23,82,69,0.84,0.0,0
2018-02-24,82,68,T,0.0,0
2018-02-25,74,64,0.13,0.0,0
2018-02-26,75,62,0.64,0.0,0
2018-02-27,76,65,T,0.0,0
2018-02-28,83,68,0.00,0.0,0
2018-03-01,84,65,T,0.0,0
2018-03-02,71,60,0.00,0.0,0
2018-03-03,72,52,0.00,0.0,0
2018-03-04,76,49,0.00,0.0,0
2018-03-05,78,57,0.00,0.0,0
2018-03-06,69,53,1.07,0.0,0
2018-03-07,62,51,0.00,0.0,0
2018-03-08,64,47,0.00,0.0,0
2018-03-09,68,43,0.00,0.0,0
2018-03-10,77,57,0.05,0.0,0
2018-03-11,71,60,0.59,0.0,0
2018-03-12,63,50,0.00,0.0,0
2018-03-13,64,50,0.00,0.0,0
2018-03-14,66,44,0.00,0.0,0
2018-03-15,70,41,0.00,0.0,0
2018-03-16,77,60,T,0.0,0
2018-03-17,81,63,0.03,0.0,0
2018-03-18,83,67,0.02,0.0,0
2018-03-19,84,69,0.00,0.0,0
2018-03-20,70,54,0.00,0.0,0
2018-03-21,70,45,0.00,0.0,0
2018-03-22,71,48,0.00,0.0,0
2018-03-23,74,50,0.00,0.0,0
2018-03-24,80,64,0.00,0.0,0
2018-03-25,84,65,0.00,0.0,0
2018-03-26,83,66,T,0.0,0
2018-03-27,82,69,0.00,0.0,0
2018-03-28,81,71,T,0.0,0
2018-03-29,77,61,1.24,0.0,0
2018-03-30,74,61,0.00,0.0,0
2018-03-31,74,59,0.00,0.0,0
2018-04-01,76,56,0.00,0.0,0
2018-04-02,82,63,0.00,0.0,0
2018-04-03,83,70,0.00,0.0,0
2018-04-04,74,59,0.69,0.0,0
2018-04-05,72,56,T,0.0,0
2018-04-06,79,59,T,0.0,0
2018-04-07,73,51,0.76,0.0,0
2018-04-08,59,50,0.02,0.0,0
2018-04-09,70,59,T,0.0,0
2018-04-10,76,62,T,0.0,0
2018-04-11,75,56,0.00,0.0,0
2018-04-12,77,53,0.00,0.0,0
2018-04-13,82,63,0.00,0.0,0
2018-04-14,77,56,3.98,0.0,0
2018-04-15,62,50,0.00,0.0,0
2018-04-16,71,46,0.00,0.0,0
2018-04-17,78,52,0.00,0.0,0
2018-04-18,82,62,0.00,0.0,0
2018-04-19,77,60,0.00,0.0,0
2018-04-20,69,54,0.00,0.0,0
2018-04-21,79,54,0.00,0.0,0
2018-04-22,82,62,0.34,0.0,0
2018-04-23,75,54,0.00,0.0,0
2018-04-24,80,58,0.00,0.0,0
2018-04-25,83,57,0.00,0.0,0
2018-04-26,74,62,0.03,0.0,0
2018-04-27,77,61,0.00,0.0,0
2018-04-28,82,56,0.00,0.0,0
2018-04-29,85,62,0.00,0.0,0
2018-04-30,83,61,0.00,0.0,0
2018-05-01,85,61,0.00,0.0,0
2018-05-02,87,69,0.00,0.0,0
2018-05-03,84,67,0.00,0.0,0
2018-05-04,85,69,0.00,0.0,0
2018-05-05,82,67,T,0.0,0
2018-05-06,87,67,0.00,0.0,0
2018-05-07,91,62,0.00,0.0,0
2018-05-08,91,66,0.00,0.0,0
2018-05-09,90,68,0.00,0.0,0
2018-05-10,87,64,0.00,0.0,0
2018-05-11,88,68,0.00,0.0,0
2018-05-12,88,73,0.00,0.0,0
2018-05-13,90,69,0.00,0.0,0
2018-05-14,96,72,0.00,0.0,0
2018-05-15,97,71,0.04,0.0,0
2018-05-16,95,72,0.00,0.0,0
2018-05-17,94,73,0.00,0.0,0
2018-05-18,92,70,0.20,0.0,0
2018-05-19,91,69,0.00,0.0,0
2018-05-20,91,75,0.00,0.0,0
2018-05-21,88,71,T,0.0,0
2018-05-22,90,73,0.00,0.0,0
2018-05-23,92,73,0.02,0.0,0
2018-05-24,86,73,0.20,0.0,0
2018-05-25,85,73,1.23,0.0,0
2018-05-26,86,71,T,0.0,0
2018-05-27,90,70,0.01,0.0,0
2018-05-28,92,79,0.00,0.0,0
2018-05-29,93,73,0.02,0.0,0
2018-05-30,91,78,0.00,0.0,0
2018-05-31,91,77,0.00,0.0,0
2018-06-01,91,78,0.05,0.0,0
2018-06-02,94,76,0.00,0.0,0
2018-06-03,93,77,0.00,0.0,0
2018-06-04,94,77,T,0.0,0
2018-06-05,91,71,1.07,0.0,0
2018-06-06,88,68,0.00,0.0,0
2018-06-07,94,71,0.00,0.0,0
2018-06-08,92,73,0.50,0.0,0
2018-06-09,91,72,0.00,0.0,0
2018-06-10,89,76,T,0.0,0
2018-06-11,90,73,0.86,0.0,0
2018-06-12,91,71,1.18,0.0,0
2018-06-13,92,73,0.37,0.0,0
2018-06-14,90,74,T,0.0,0
2018-06-15,90,76,0.00,0.0,0
2018-06-16,89,76,0.88,0.0,0
2018-06-17,90,76,0.11,0.0,0
2018-06-18,83,74,1.21,0.0,0
2018-06-19,91,80,T,0.0,0
2018-06-20,91,78,T,0.0,0
2018-06-21,91,77,0.00,0.0,0
2018-06-22,93,78,0.00,0.0,0
2018-06-23,94,78,0.00,0.0,0
2018-06-24,93,80,T,0.0,0
2018-06-25,96,79,0.00,0.0,0
2018-06-26,95,76,T,0.0,0
2018-06-27,93,79,0.01,0.0,0
2018-06-28,96,79,0.00,0.0,0
2018-06-29,96,79,T,0.0,0
2018-06-30,97,75,0.54,0.0,0
2018-07-01,96,74,0.67,0.0,0
2018-07-02,94,76,0.02,0.0,0
2018-07-03,86,77,0.92,0.0,0
2018-07-04,92,77,T,0.0,0
2018-07-05,91,78,0.06,0.0,0
2018-07-06,88,76,1.32,0.0,0
2018-07-07,89,76,0.05,0.0,0
2018-07-08,87,76,0.04,0.0,0
2018-07-09,91,76,0.32,0.0,0
2018-07-10,93,75,0.00,0.0,0
2018-07-11,95,76,0.00,0.0,0
2018-07-12,94,76,0.00,0.0,0
2018-07-13,94,76,0.00,0.0,0
2018-07-14,95,78,0.00,0.0,0
2018-07-15,94,79,0.00,0.0,0
2018-07-16,94,74,0.69,0.0,0
2018-07-17,90,79,0.01,0.0,0
2018-07-18,88,76,0.25,0.0,0
2018-07-19,95,76,0.00,0.0,0
2018-07-20,97,80,0.00,0.0,0
2018-07-21,95,80,0.00,0.0,0
2018-07-22,96,81,T,0.0,0
2018-07-23,96,78,T,0.0,0
2018-07-24,93,78,0.16,0.0,0
2018-07-25,93,80,0.03,0.0,0
2018-07-26,96,77,0.00,0.0,0
2018-07-27,97,76,0.00,0.0,0
2018-07-28,96,76,0.08,0.0,0
2018-07-29,93,76,T,0.0,0
2018-07-30,91,77,0.30,0.0,0
2018-07-31,90,76,0.25,0.0,0
2018-08-01,90,75,0.00,0.0,0
2018-08-02,92,74,0.91,0.0,0
2018-08-03,87,75,2.16,0.0,0
2018-08-04,87,74,0.42,0.0,0
2018-08-05,93,77,0.00,0.0,0
2018-08-06,92,77,0.65,0.0,0
2018-08-07,93,76,T,0.0,0
2018-08-08,92,76,T,0.0,0
2018-08-09,91,76,T,0.0,0
2018-08-10,89,77,0.06,0.0,0
2018-08-11,91,74,0.03,0.0,0
2018-08-12,94,75,0.00,0.0,0
2018-08-13,95,76,0.00,0.0,0
2018-08-14,96,76,T,0.0,0
2018-08-15,97,77,0.00,0.0,0
2018-08-16,91,79,0.18,0.0,0
2018-08-17,88,77,0.89,0.0,0
2018-08-18,90,76,0.91,0.0,0
2018-08-19,89,76,0.14,0.0,0
2018-08-20,92,77,0.23,0.0,0
2018-08-21,95,77,1.70,0.0,0
2018-08-22,92,77,0.00,0.0,0
2018-08-23,91,78,0.00,0.0,0
2018-08-24,93,75,0.00,0.0,0
2018-08-25,93,76,0.04,0.0,0
2018-08-26,93,79,0.01,0.0,0
2018-08-27,91,76,0.61,0.0,0
2018-08-28,87,79,0.14,0.0,0
2018-08-29,88,79,T,0.0,0
2018-08-30,88,76,0.11,0.0,0
2018-08-31,85,77,0.69,0.0,0
2018-09-01,85,78,0.57,0.0,0
2018-09-02,85,78,0.04,0.0,0
2018-09-03,90,78,0.03,0.0,0
2018-09-04,88,79,0.06,0.0,0
2018-09-05,91,73,0.03,0.0,0
2018-09-06,87,78,0.18,0.0,0
2018-09-07,86,76,T,0.0,0
2018-09-08,90,74,0.00,0.0,0
2018-09-09,92,76,T,0.0,0
2018-09-10,91,76,0.11,0.0,0
2018-09-11,89,77,0.10,0.0,0
2018-09-12,91,77,0.00,0.0,0
2018-09-13,93,77,0.02,0.0,0
2018-09-14,95,75,0.00,0.0,0
2018-09-15,96,76,0.01,0.0,0
2018-09-16,98,77,0.00,0.0,0
2018-09-17,98,77,0.00,0.0,0
2018-09-18,97,76,0.00,0.0,0
2018-09-19,97,77,0.11,0.0,0
2018-09-20,92,75,1.07,0.0,0
2018-09-21,93,77,T,0.0,0
2018-09-22,92,76,0.12,0.0,0
2018-09-23,91,76,0.00,0.0,0
2018-09-24,89,77,0.17,0.0,0
2018-09-25,91,77,0.15,0.0,0
2018-09-26,85,75,0.07,0.0,0
2018-09-27,82,75,0.17,0.0,0
2018-09-28,86,74,0.16,0.0,0
2018-09-29,85,77,0.10,0.0,0
2018-09-30,86,75,0.27,0.0,0
2018-10-01,90,77,T,0.0,0
2018-10-02,91,76,0.00,0.0,0
2018-10-03,89,76,0.39,0.0,0
2018-10-04,90,76,T,0.0,0
2018-10-05,90,74,0.00,0.0,0
2018-10-06,91,77,T,0.0,0
2018-10-07,91,75,0.05,0.0,0
2018-10-08,86,75,0.99,0.0,0
2018-10-09,86,77,0.20,0.0,0
2018-10-10,87,76,0.00,0.0,0
2018-10-11,84,70,0.00,0.0,0
2018-10-12,79,65,0.00,0.0,0
2018-10-13,86,65,0.00,0.0,0
2018-10-14,88,71,0.00,0.0,0
2018-10-15,90,75,0.41,0.0,0
2018-10-16,89,76,0.06,0.0,0
2018-10-17,77,72,0.00,0.0,0
2018-10-18,82,67,0.00,0.0,0
2018-10-19,88,70,0.00,0.0,0
2018-10-20,87,69,0.17,0.0,0
2018-10-21,73,62,0.00,0.0,0
2018-10-22,75,62,0.02,0.0,0
2018-10-23,71,67,0.43,0.0,0
2018-10-24,77,65,0.00,0.0,0
2018-10-25,82,67,2.41,0.0,0
2018-10-26,71,61,0.00,0.0,0
2018-10-27,75,55,0.00,0.0,0
2018-10-28,83,59,0.00,0.0,0
2018-10-29,85,66,0.00,0.0,0
2018-10-30,82,62,0.00,0.0,0
2018-10-31,84,71,T,0.0,0
2018-11-01,78,59,2.58,0.0,0
2018-11-02,68,53,0.00,0.0,0
2018-11-03,75,52,0.00,0.0,0
2018-11-04,80,64,1.59,0.0,0
2018-11-05,83,64,0.00,0.0,0
2018-11-06,85,73,0.05,0.0,0
2018-11-07,83,73,0.21,0.0,0
2018-11-08,79,70,0.00,0.0,0
2018-11-09,74,53,0.26,0.0,0
2018-11-10,58,49,0.00,0.0,0
2018-11-11,65,50,0.00,0.0,0
2018-11-12,74,57,1.79,0.0,0
2018-11-13,58,42,0.20,M,0
2018-11-14,42,39,T,0.0,0
2018-11-15,54,36,0.00,0.0,0
2018-11-16,64,37,0.00,0.0,0
2018-11-17,66,41,0.00,0.0,0
2018-11-18,72,45,0.00,0.0,0
2018-11-19,71,51,0.07,0.0,0
2018-11-20,60,52,0.11,0.0,0
2018-11-21,61,49,0.00,0.0,0
2018-11-22,62,45,T,M,0
2018-11-23,70,50,0.05,0.0,0
2018-11-24,73,60,T,0.0,0
2018-11-25,77,57,0.49,0.0,0
2018-11-26,61,45,0.00,0.0,0
2018-11-27,56,41,0.00,0.0,0
2018-11-28,61,38,0.00,0.0,0
2018-11-29,70,55,T,0.0,0
2018-11-30,79,66,0.18,0.0,0
2018-12-01,83,69,0.16,0.0,0
2018-12-02,83,62,0.00,0.0,0
2018-12-03,70,54,0.00,0.0,0
2018-12-04,58,47,0.00,0.0,0
2018-12-05,57,45,0.00,0.0,0
2018-12-06,62,43,0.00,0.0,0
2018-12-07,72,52,0.00,0.0,0
2018-12-08,71,52,1.22,0.0,0
2018-12-09,51,44,T,0.0,0
2018-12-10,56,43,0.00,0.0,0
2018-12-11,57,40,0.00,0.0,0
2018-12-12,64,36,0.00,0.0,0
2018-12-13,66,58,0.38,0.0,M
2018-12-14,64,52,0.00,0.0,0
2018-12-15,55,51,0.00,0.0,0
2018-12-16,56,46,T,0.0,0
2018-12-17,62,45,0.00,0.0,0
2018-12-18,65,43,0.00,0.0,0
2018-12-19,60,54,0.67,0.0,0
2018-12-20,57,50,0.33,0.0,0
2018-12-21,59,44,0.00,0.0,0
2018-12-22,65,39,0.00,0.0,0
2018-12-23,74,56,0.00,0.0,0
2018-12-24,62,50,0.00,0.0,0
2018-12-25,73,49,0.00,0.0,0
2018-12-26,72,61,0.21,0.0,0
2018-12-27,75,66,0.17,0.0,0
2018-12-28,72,60,1.76,0.0,0
2018-12-29,61,57,0.28,0.0,0
2018-12-30,75,57,0.02,0.0,0
2018-12-31,78,65,0.13,0.0,0
2019-01-01,67,63,0.38,0.0,0
2019-01-02,72,62,T,0.0,0
2019-01-03,70,56,1.31,0.0,0
2019-01-04,61,46,0.00,0.0,0
2019-01-05,65,42,0.00,0.0,0
2019-01-06,69,44,0.00,0.0,0
2019-01-07,72,50,0.00,0.0,0
2019-01-08,76,55,0.00,0.0,0
2019-01-09,63,51,0.00,0.0,0
2019-01-10,57,46,0.00,0.0,0
2019-01-11,64,43,0.00,0.0,0
2019-01-12,72,51,0.10,0.0,0
2019-01-13,58,45,0.00,0.0,0
2019-01-14,46,43,0.00,0.0,0
2019-01-15,47,42,0.00,0.0,0
2019-01-16,60,42,0.00,0.0,0
2019-01-17,66,48,0.12,M,0
2019-01-18,74,61,0.00,0.0,0
2019-01-19,72,43,0.02,M,0
2019-01-20,51,39,0.00,0.0,0
2019-01-21,56,36,0.00,0.0,0
2019-01-22,74,54,0.00,0.0,0
2019-01-23,71,39,2.32,M,0
2019-01-24,53,36,0.00,0.0,0
2019-01-25,55,38,0.00,0.0,0
2019-01-26,61,38,0.00,0.0,0
2019-01-27,62,45,0.00,0.0,0
2019-01-28,68,41,0.09,0.0,0
2019-01-29,54,40,0.06,0.0,0
2019-01-30,53,40,0.00,0.0,0
2019-01-31,65,45,0.00,0.0,0
2019-02-01,65,53,0.07,0.0,0
2019-02-02,65,50,0.00,0.0,0
2019-02-03,69,58,0.00,0.0,0
2019-02-04,75,59,0.19,0.0,0
2019-02-05,78,66,0.02,0.0,0
2019-02-06,80,67,0.00,0.0,0
2019-02-07,81,63,T,0.0,0
2019-02-08,63,49,T,M,0
2019-02-09,58,47,0.00,0.0,0
2019-02-10,66,52,T,0.0,0
2019-02-11,77,62,0.03,0.0,0
2019-02-12,72,53,1.34,0.0,0
2019-02-13,63,50,0.00,0.0,0
2019-02-14,71,45,0.00,0.0,0
2019-02-15,71,61,0.01,0.0,0
2019-02-16,77,65,T,0.0,0
2019-02-17,81,61,0.07,0.0,0
2019-02-18,61,52,0.12,0.0,0
2019-02-19,74,58,0.38,0.0,0
2019-02-20,76,63,0.13,0.0,0
2019-02-21,81,61,T,0.0,0
2019-02-22,81,71,T,0.0,0
2019-02-23,82,72,0.45,0.0,0
2019-02-24,72,58,0.00,0.0,0
2019-02-25,61,52,0.12,0.0,0
2019-02-26,66,54,0.40,0.0,0
2019-02-27,77,61,2.09,0.0,0
2019-02-28,77,65,0.69,0.0,0
2019-03-01,75,65,0.04,0.0,0
2019-03-02,75,66,0.00,0.0,0
2019-03-03,80,48,0.69,0.0,0
2019-03-04,49,40,0.03,0.0,0
2019-03-05,52,36,0.00,0.0,0
2019-03-06,57,41,0.00,0.0,0
2019-03-07,64,40,0.00,0.0,0
2019-03-08,78,61,0.00,0.0,0
2019-03-09,78,67,0.00,0.0,0
2019-03-10,83,66,T,0.0,0
2019-03-11,85,65,0.00,0.0,0
2019-03-12,73,60,0.00,0.0,0
2019-03-13,81,64,0.00,0.0,0
2019-03-14,83,67,0.07,0.0,0
2019-03-15,67,54,0.41,0.0,0
2019-03-16,60,50,0.26,0.0,0
2019-03-17,62,51,T,0.0,0
2019-03-18,63,49,0.00,0.0,0
2019-03-19,67,46,0.00,0.0,0
2019-03-20,70,44,0.00,0.0,0
2019-03-21,72,51,0.00,0.0,0
2019-03-22,75,53,0.00,0.0,0
2019-03-23,76,51,0.00,0.0,0
2019-03-24,79,53,0.00,0.0,0
2019-03-25,83,62,T,0.0,0
2019-03-26,72,57,0.00,0.0,0
2019-03-27,74,54,0.00,0.0,0
2019-03-28,75,51,0.00,0.0,0
2019-03-29,77,55,0.00,0.0,0
2019-03-30,83,63,T,0.0,0
2019-03-31,70,50,0.17,0.0,0
2019-04-01,66,50,T,0.0,0
2019-04-02,70,50,0.00,0.0,0
2019-04-03,76,49,0.00,0.0,0
2019-04-04,67,62,3.52,0.0,0
2019-04-05,76,65,0.46,0.0,0
2019-04-06,83,71,T,0.0,0
2019-04-07,83,68,0.31,0.0,0
2019-04-08,79,67,0.01,0.0,0
2019-04-09,83,65,0.00,0.0,0
2019-04-10,85,63,0.00,0.0,0
2019-04-11,83,65,0.00,0.0,0
2019-04-12,80,69,0.00,0.0,0
2019-04-13,84,74,0.07,0.0,0
2019-04-14,78,59,0.15,0.0,0
2019-04-15,76,49,0.00,0.0,0
2019-04-16,79,55,0.00,0.0,0
2019-04-17,81,65,0.00,0.0,0
2019-04-18,80,65,0.42,0.0,0
2019-04-19,71,54,T,0.0,0
2019-04-20,74,53,0.00,0.0,0
2019-04-21,78,50,0.00,0.0,0
2019-04-22,78,54,0.00,0.0,0
2019-04-23,78,61,0.00,0.0,0
2019-04-24,82,69,0.00,0.0,0
2019-04-25,77,65,1.87,0.0,0
2019-04-26,82,67,0.00,0.0,0
2019-04-27,79,61,0.00,0.0,0
2019-04-28,81,60,0.00,0.0,0
2019-04-29,83,66,0.00,0.0,0
2019-04-30,86,70,0.00,0.0,0
2019-05-01,86,75,0.00,0.0,0
2019-05-02,86,71,0.00,0.0,0
2019-05-03,84,69,0.00,0.0,0
2019-05-04,79,68,1.28,0.0,0
2019-05-05,83,69,0.00,0.0,0
2019-05-06,86,67,0.00,0.0,0
2019-05-07,87,65,0.00,0.0,0
2019-05-08,85,73,0.01,0.0,0
2019-05-09,87,72,0.11,0.0,0
2019-05-10,82,69,0.51,0.0,0
2019-05-11,87,71,2.10,0.0,0
2019-05-12,84,70,2.96,0.0,0
2019-05-13,84,71,0.00,0.0,0
2019-05-14,85,68,0.00,0.0,0
2019-05-15,86,66,0.00,0.0,0
2019-05-16,87,68,0.00,0.0,0
2019-05-17,88,67,0.00,0.0,0
2019-05-18,89,74,T,0.0,0
2019-05-19,80,69,1.07,0.0,0
2019-05-20,89,75,0.00,0.0,0
2019-05-21,89,77,0.00,0.0,0
2019-05-22,90,78,0.00,0.0,0
2019-05-23,91,76,0.00,0.0,0
2019-05-24,90,74,0.00,0.0,0
2019-05-25,91,75,0.00,0.0,0
2019-05-26,91,74,0.00,0.0,0
2019-05-27,90,77,0.00,0.0,0
2019-05-28,90,77,0.00,0.0,0
2019-05-29,91,76,0.00,0.0,0
2019-05-30,94,73,0.00,0.0,0
2019-05-31,95,75,0.00,0.0,0
2019-06-01,94,75,T,0.0,0
2019-06-02,96,75,0.00,0.0,0
2019-06-03,98,78,0.00,0.0,0
2019-06-04,94,76,0.00,0.0,0
2019-06-05,90,82,0.01,0.0,0
2019-06-06,89,76,0.55,0.0,0
2019-06-07,90,77,0.09,0.0,0
2019-06-08,92,76,0.00,0.0,0
2019-06-09,94,78,0.00,0.0,0
2019-06-10,94,80,0.00,0.0,0
2019-06-11,88,77,0.00,0.0,0
2019-06-12,85,69,0.00,0.0,0
2019-06-13,91,66,0.00,0.0,0
2019-06-14,91,70,0.00,0.0,0
2019-06-15,90,76,2.49,0.0,0
2019-06-16,93,75,T,0.0,0
2019-06-17,91,75,0.71,0.0,0
2019-06-18,89,77,0.29,0.0,0
2019-06-19,94,76,0.00,0.0,0
2019-06-20,94,80,0.00,0.0,0
2019-06-21,93,82,0.00,0.0,0
2019-06-22,93,81,0.00,0.0,0
2019-06-23,93,83,T,0.0,0
2019-06-24,85,75,0.02,0.0,0
2019-06-25,93,77,0.00,0.0,0
2019-06-26,93,78,0.00,0.0,0
2019-06-27,96,76,0.00,0.0,0
2019-06-28,96,73,0.00,0.0,0
2019-06-29,91,72,T,0.0,0
2019-06-30,93,74,0.16,0.0,0
2019-07-01,94,74,0.00,0.0,0
2019-07-02,89,76,T,0.0,0
2019-07-03,93,77,T,0.0,0
2019-07-04,96,76,0.00,0.0,0
2019-07-05,98,76,0.00,0.0,0
2019-07-06,99,79,0.00,0.0,0
2019-07-07,98,79,0.00,0.0,0
2019-07-08,97,79,0.00,0.0,0
2019-07-09,97,80,T,0.0,0
2019-07-10,87,75,2.61,0.0,0
2019-07-11,93,79,0.01,0.0,0
2019-07-12,88,80,0.18,0.0,0
2019-07-13,83,77,0.36,0.0,0
2019-07-14,83,77,0.49,0.0,0
2019-07-15,88,82,0.01,0.0,0
2019-07-16,92,81,T,0.0,0
2019-07-17,93,78,0.00,0.0,0
2019-07-18,93,78,0.45,0.0,0
2019-07-19,94,78,T,0.0,0
2019-07-20,90,76,0.30,0.0,0
2019-07-21,90,75,2.88,0.0,0
2019-07-22,89,77,1.17,0.0,0
2019-07-23,89,74,2.36,0.0,0
2019-07-24,89,77,0.00,0.0,0
2019-07-25,92,78,0.00,0.0,0
2019-07-26,92,80,0.00,0.0,0
2019-07-27,89,77,0.23,0.0,0
2019-07-28,89,76,0.37,0.0,0
2019-07-29,91,74,0.00,0.0,0
2019-07-30,88,74,0.10,0.0,0
2019-07-31,91,72,T,0.0,0
2019-08-01,94,74,0.01,0.0,0
2019-08-02,93,77,0.00,0.0,0
2019-08-03,91,75,1.26,0.0,0
2019-08-04,92,76,0.39,0.0,0
2019-08-05,89,77,0.14,0.0,0
2019-08-06,95,77,T,0.0,0
2019-08-07,93,80,T,0.0,0
2019-08-08,93,80,T,0.0,0
2019-08-09,96,81,0.00,0.0,0
2019-08-10,96,80,0.00,0.0,0
2019-08-11,95,81,0.00,0.0,0
2019-08-12,96,80,0.00,0.0,0
2019-08-13,97,81,0.12,0.0,0
2019-08-14,94,79,0.00,0.0,0
2019-08-15,97,77,T,0.0,0
2019-08-16,98,78,0.00,0.0,0
2019-08-17,94,77,T,0.0,0
2019-08-18,93,78,0.03,0.0,0
2019-08-19,92,78,0.01,0.0,0
2019-08-20,91,76,T,0.0,0
2019-08-21,88,79,T,0.0,0
2019-08-22,94,77,0.28,0.0,0
2019-08-23,88,78,0.08,0.0,0
2019-08-24,93,78,0.46,0.0,0
2019-08-25,86,77,0.04,0.0,0
2019-08-26,92,78,1.06,0.0,0
2019-08-27,94,79,0.01,0.0,0
2019-08-28,95,78,0.00,0.0,0
2019-08-29,93,77,0.00,0.0,0
2019-08-30,95,75,0.00,0.0,0
2019-08-31,94,74,0.00,0.0,0
2019-09-01,91,82,T,0.0,0
2019-09-02,94,82,T,0.0,0
2019-09-03,95,78,0.00,0.0,0
2019-09-04,98,76,0.00,0.0,0
2019-09-05,97,76,0.00,0.0,0
2019-09-06,98,76,0.00,0.0,0
2019-09-07,99,76,0.00,0.0,0
2019-09-08,99,78,0.00,0.0,0
2019-09-09,95,80,T,0.0,0
2019-09-10,95,81,T,0.0,0
2019-09-11,95,76,0.02,0.0,0
2019-09-12,96,74,0.00,0.0,0
2019-09-13,98,77,0.00,0.0,0
2019-09-14,93,76,0.00,0.0,0
2019-09-15,92,75,0.00,0.0,0
2019-09-16,89,80,T,0.0,0
2019-09-17,96,76,0.00,0.0,0
2019-09-18,95,74,0.00,0.0,0
2019-09-19,93,75,0.00,0.0,0
2019-09-20,93,78,T,0.0,0
2019-09-21,90,76,0.17,0.0,0
2019-09-22,93,73,0.00,0.0,0
2019-09-23,91,72,0.00,0.0,0
2019-09-24,93,72,0.00,0.0,0
2019-09-25,92,72,0.00,0.0,0
2019-09-26,93,73,0.00,0.0,0
2019-09-27,92,74,0.00,0.0,0
2019-09-28,95,79,0.00,0.0,0
2019-09-29,92,78,T,0.0,0
2019-09-30,93,76,0.00,0.0,0
2019-10-01,95,74,0.00,0.0,0
2019-10-02,96,77,0.00,0.0,0
2019-10-03,95,75,0.00,0.0,0
2019-10-04,97,75,0.00,0.0,0
2019-10-05,92,76,0.00,0.0,0
2019-10-06,91,74,0.11,0.0,0
2019-10-07,92,75,0.00,0.0,0
2019-10-08,86,74,0.00,0.0,0
2019-10-09,91,72,0.00,0.0,0
2019-10-10,92,75,1.94,0.0,0
2019-10-11,87,76,0.05,0.0,0
2019-10-12,77,64,0.00,0.0,0
2019-10-13,83,68,0.00,0.0,0
2019-10-14,83,73,0.02,0.0,0
2019-10-15,91,75,T,0.0,0
2019-10-16,80,66,0.29,0.0,0
2019-10-17,70,63,0.00,0.0,0
2019-10-18,71,66,T,0.0,0
2019-10-19,82,64,0.00,0.0,0
2019-10-20,88,65,0.00,0.0,0
2019-10-21,79,72,0.81,0.0,0
2019-10-22,79,57,0.00,0.0,0
2019-10-23,74,53,0.00,0.0,0
2019-10-24,74,58,T,0.0,0
2019-10-25,79,66,6.24,0.0,0
2019-10-26,79,57,1.09,0.0,0
2019-10-27,69,55,0.00,0.0,0
2019-10-28,76,57,T,0.0,0
2019-10-29,76,68,0.85,0.0,0
2019-10-30,85,75,0.29,0.0,0
2019-10-31,79,47,0.77,0.0,0
2019-11-01,58,44,0.00,0.0,0
2019-11-02,66,52,0.00,0.0,0
2019-11-03,66,51,0.00,0.0,0
2019-11-04,71,48,0.00,0.0,0
2019-11-05,76,53,0.00,0.0,0
2019-11-06,77,61,0.00,0.0,0
2019-11-07,82,69,0.02,0.0,0
2019-11-08,69,49,T,0.0,0
2019-11-09,65,46,0.00,0.0,0
2019-11-10,72,45,0.00,0.0,0
2019-11-11,82,56,0.01,0.0,0
2019-11-12,69,36,T,0.0,0
2019-11-13,52,34,0.00,0.0,0
2019-11-14,55,50,0.05,0.0,0
2019-11-15,62,47,0.00,0.0,0
2019-11-16,63,42,0.00,0.0,0
2019-11-17,66,39,0.00,0.0,0
2019-11-18,71,40,0.00,0.0,0
2019-11-19,78,43,0.00,0.0,0
2019-11-20,74,47,0.00,0.0,0
2019-11-21,79,52,0.00,0.0,0
2019-11-22,82,65,0.00,0.0,0
2019-11-23,72,53,0.17,0.0,0
2019-11-24,64,48,0.00,0.0,0
2019-11-25,70,41,0.00,0.0,0
2019-11-26,77,61,0.02,0.0,0
2019-11-27,77,62,0.02,0.0,0
2019-11-28,73,57,0.00,0.0,0
2019-11-29,78,56,0.00,0.0,0
2019-11-30,84,60,0.00,0.0,0
2019-12-01,76,56,T,0.0,0
2019-12-02,57,48,0.00,0.0,0
2019-12-03,59,41,0.00,0.0,0
2019-12-04,70,44,0.00,0.0,0
2019-12-05,72,45,0.00,0.0,0
2019-12-06,84,57,0.05,0.0,0
2019-12-07,65,58,0.00,0.0,0
2019-12-08,71,58,0.00,0.0,0
2019-12-09,80,59,T,0.0,0
2019-12-10,79,50,0.24,0.0,0
2019-12-11,58,48,0.55,0.0,0
2019-12-12,55,49,T,0.0,0
2019-12-13,59,50,0.01,0.0,0
2019-12-14,66,50,0.00,0.0,0
2019-12-15,78,54,0.00,0.0,0
2019-12-16,80,65,T,0.0,0
2019-12-17,73,40,0.89,M,0
2019-12-18,56,39,0.00,0.0,0
2019-12-19,57,37,0.00,0.0,0
2019-12-20,61,36,T,M,0
2019-12-21,57,53,0.92,0.0,0
2019-12-22,57,53,0.08,0.0,0
2019-12-23,62,54,0.00,0.0,0
2019-12-24,72,53,0.00,0.0,0
2019-12-25,69,54,T,0.0,0
2019-12-26,71,62,0.01,0.0,0
2019-12-27,71,63,0.07,0.0,0
2019-12-28,79,66,T,0.0,0
2019-12-29,78,58,0.01,0.0,0
2019-12-30,63,48,0.00,0.0,0
2019-12-31,63,47,0.00,0.0,0
2020-01-01,63,49,0.02,0.0,0
2020-01-02,78,60,0.35,0.0,0
2020-01-03,72,58,1.85,0.0,0
2020-01-04,65,47,0.00,0.0,0
2020-01-05,67,42,0.00,0.0,0
2020-01-06,72,50,0.00,0.0,0
2020-01-07,65,52,T,0.0,0
2020-01-08,66,42,0.00,0.0,0
2020-01-09,74,52,T,0.0,0
2020-01-10,78,68,0.17,0.0,0
2020-01-11,76,56,0.60,0.0,0
2020-01-12,61,52,0.05,0.0,0
2020-01-13,70,61,0.24,0.0,0
2020-01-14,82,68,T,0.0,0
2020-01-15,81,69,T,0.0,0
2020-01-16,77,64,0.00,0.0,0
2020-01-17,73,62,T,0.0,0
2020-01-18,80,66,0.06,0.0,0
2020-01-19,65,48,T,0.0,0
2020-01-20,53,43,0.00,0.0,0
2020-01-21,51,39,0.00,0.0,0
2020-01-22,54,40,T,0.0,0
2020-01-23,66,51,0.34,0.0,0
2020-01-24,66,47,0.00,0.0,0
2020-01-25,65,41,0.00,0.0,0
2020-01-26,57,52,0.57,0.0,0
2020-01-27,58,48,T,0.0,0
2020-01-28,66,44,0.00,0.0,0
2020-01-29,64,55,0.09,0.0,0
2020-01-30,60,51,T,0.0,0
2020-01-31,60,52,0.07,0.0,0
2020-02-01,61,45,0.00,0.0,M
2020-02-02,74,43,0.00,0.0,M
2020-02-03,72,51,0.00,0.0,0
2020-02-04,76,64,0.01,0.0,0
2020-02-05,75,68,0.91,0.0,M
2020-02-06,76,41,0.36,0.0,M
2020-02-07,62,37,0.00,0.0,M
2020-02-08,69,55,0.00,0.0,M
2020-02-09,73,53,T,0.0,M
2020-02-10,79,67,0.01,0.0,M
2020-02-11,81,71,T,0.0,M
2020-02-12,80,70,0.16,0.0,M
2020-02-13,75,50,0.19,0.0,M
2020-02-14,61,45,0.00,0.0,M
2020-02-15,69,46,T,0.0,M
2020-02-16,63,58,1.05,0.0,M
2020-02-17,68,58,0.00,0.0,M
2020-02-18,81,67,T,0.0,M
2020-02-19,74,61,T,0.0,M
2020-02-20,66,48,1.24,0.0,M
2020-02-21,56,43,0.00,0.0,M
2020-02-22,61,42,0.00,0.0,M
2020-02-23,68,47,0.00,0.0,M
2020-02-24,75,57,0.01,0.0,M
2020-02-25,68,56,0.00,0.0,M
2020-02-26,62,49,0.00,0.0,M
2020-02-27,56,41,0.00,0.0,M
2020-02-28,69,39,0.00,0.0,M
2020-02-29,73,42,0.00,0.0,M
2020-03-01,71,45,T,0.0,M
2020-03-02,79,65,0.01,0.0,M
2020-03-03,82,65,0.03,0.0,M
2020-03-04,82,59,0.11,0.0,M
2020-03-05,69,58,0.02,0.0,M
2020-03-06,72,55,0.00,0.0,M
2020-03-07,66,50,0.00,0.0,M
2020-03-08,73,55,0.00,0.0,0
2020-03-09,78,62,0.00,0.0,M
2020-03-10,76,66,0.78,0.0,M
2020-03-11,81,65,0.00,0.0,M
2020-03-12,82,64,0.00,0.0,M
2020-03-13,83,69,0.00,0.0,M
2020-03-14,83,68,0.00,0.0,M
2020-03-15,84,66,0.00,0.0,M
2020-03-16,82,62,T,0.0,M
2020-03-17,82,68,0.01,0.0,M
2020-03-18,83,66,0.00,0.0,M
2020-03-19,85,73,T,0.0,M
2020-03-20,85,70,0.06,0.0,M
2020-03-21,77,67,0.03,0.0,M
2020-03-22,81,65,T,0.0,M
2020-03-23,88,70,0.00,0.0,M
2020-03-24,86,71,0.00,0.0,M
2020-03-25,89,71,0.00,0.0,M
2020-03-26,88,69,0.00,0.0,M
2020-03-27,87,73,0.00,0.0,M
2020-03-28,88,75,0.00,0.0,M
2020-03-29,84,73,T,0.0,M
2020-03-30,84,74,0.00,0.0,M
2020-03-31,85,61,0.01,0.0,M
2020-04-01,75,58,0.00,0.0,M
2020-04-02,80,53,T,0.0,M
2020-04-03,81,60,0.00,0.0,M
2020-04-04,80,62,0.05,0.0,M
2020-04-05,83,62,0.01,0.0,M
2020-04-06,83,63,0.00,0.0,M
2020-04-07,88,71,T,0.0,M
2020-04-08,88,75,0.00,0.0,M
2020-04-09,90,71,0.05,0.0,M
2020-04-10,75,65,T,0.0,M
2020-04-11,79,63,0.00,0.0,M
2020-04-12,86,74,0.22,0.0,M
2020-04-13,79,62,0.00,0.0,M
2020-04-14,75,59,0.00,0.0,M
2020-04-15,71,54,0.00,0.0,M
2020-04-16,75,59,0.00,0.0,M
2020-04-17,83,58,T,0.0,M
2020-04-18,78,71,2.38,0.0,M
2020-04-19,86,73,0.57,0.0,M
2020-04-20,79,66,0.00,0.0,M
2020-04-21,85,64,0.00,0.0,M
2020-04-22,84,67,T,0.0,M
2020-04-23,82,68,0.10,0.0,M
2020-04-24,85,64,0.00,0.0,M
2020-04-25,88,67,0.03,0.0,M
2020-04-26,82,66,T,0.0,M
2020-04-27,80,62,0.00,0.0,M
2020-04-28,83,61,1.21,0.0,M
2020-04-29,76,65,0.79,0.0,M
2020-04-30,79,58,0.00,0.0,M
2020-05-01,83,56,0.00,0.0,0
2020-05-02,83,60,0.00,0.0,0
2020-05-03,83,66,0.00,0.0,M
2020-05-04,86,66,0.00,0.0,M
2020-05-05,90,67,0.00,0.0,M
2020-05-06,85,74,T,0.0,M
2020-05-07,79,62,0.00,0.0,M
2020-05-08,87,64,0.88,0.0,M
2020-05-09,69,62,0.00,0.0,M
2020-05-10,80,65,0.00,0.0,M
2020-05-11,84,56,0.00,0.0,M
2020-05-12,84,66,0.00,0.0,M
2020-05-13,87,73,0.07,0.0,M
2020-05-14,84,70,4.76,0.0,M
2020-05-15,83,70,0.57,0.0,M
2020-05-16,86,74,T,0.0,M
2020-05-17,89,70,0.09,0.0,M
2020-05-18,86,70,T,0.0,M
2020-05-19,91,69,0.00,0.0,M
2020-05-20,86,75,0.00,0.0,M
2020-05-21,91,74,0.00,0.0,M
2020-05-22,92,78,0.00,0.0,M
2020-05-23,90,73,0.23,0.0,M
2020-05-24,91,74,0.00,0.0,M
2020-05-25,88,77,0.43,0.0,M
2020-05-26,86,75,0.43,0.0,M
2020-05-27,90,73,T,0.0,M
2020-05-28,89,70,0.01,0.0,M
2020-05-29,90,75,T,0.0,M
2020-05-30,93,75,0.89,0.0,M
2020-05-31,90,76,0.00,0.0,M
2020-06-01,86,79,T,0.0,M
2020-06-02,89,74,0.00,0.0,M
2020-06-03,85,76,T,0.0,M
2020-06-04,91,73,0.04,0.0,M
2020-06-05,93,75,0.00,0.0,M
2020-06-06,89,79,0.24,0.0,M
2020-06-07,83,78,1.69,0.0,M
2020-06-08,86,78,0.77,0.0,M
2020-06-09,92,81,0.01,0.0,M
2020-06-10,93,77,2.75,0.0,M
2020-06-11,88,77,0.00,0.0,M
2020-06-12,90,77,0.00,0.0,M
2020-06-13,92,78,0.00,0.0,M
2020-06-14,91,78,0.00,0.0,M
2020-06-15,95,74,0.00,0.0,M
2020-06-16,93,76,0.00,0.0,M
2020-06-17,91,71,0.00,0.0,M
2020-06-18,94,76,0.00,0.0,M
2020-06-19,93,75,T,0.0,M
2020-06-20,93,73,0.00,0.0,M
2020-06-21,92,75,0.11,0.0,M
2020-06-22,88,73,0.71,0.0,M
2020-06-23,93,76,0.98,0.0,M
2020-06-24,83,75,2.01,0.0,M
2020-06-25,90,78,T,0.0,M
2020-06-26,92,80,T,0.0,M
2020-06-27,91,82,T,0.0,M
2020-06-28,94,79,T,0.0,M
2020-06-29,94,79,0.62,0.0,M
2020-06-30,95,81,0.23,0.0,M
2020-07-01,96,81,0.00,0.0,M
2020-07-02,97,77,0.45,0.0,M
2020-07-03,92,77,0.62,0.0,M
2020-07-04,90,77,0.00,0.0,M
2020-07-05,91,75,0.00,0.0,M
2020-07-06,84,76,2.12,0.0,M
2020-07-07,91,76,0.40,0.0,M
2020-07-08,95,79,0.00,0.0,M
2020-07-09,97,79,0.00,0.0,M
2020-07-10,97,78,0.00,0.0,M
2020-07-11,99,82,0.00,0.0,M
2020-07-12,98,83,T,0.0,M
2020-07-13,99,79,0.20,0.0,M
2020-07-14,98,80,T,0.0,M
2020-07-15,92,75,1.68,0.0,M
2020-07-16,87,77,1.99,0.0,M
2020-07-17,94,77,0.00,0.0,M
2020-07-18,95,79,0.00,0.0,M
2020-07-19,92,80,0.07,0.0,M
2020-07-20,92,81,0.01,0.0,M
2020-07-21,93,79,0.54,0.0,M
2020-07-22,94,82,T,0.0,M
2020-07-23,87,82,0.17,0.0,M
2020-07-24,89,79,0.53,0.0,M
2020-07-25,87,80,0.01,0.0,M
2020-07-26,83,76,1.34,0.0,M
2020-07-27,85,76,1.67,0.0,M
2020-07-28,92,77,3.33,0.0,M
2020-07-29,92,79,0.09,0.0,M
2020-07-30,95,78,0.00,0.0,M
2020-07-31,95,79,0.00,0.0,M
2020-08-01,95,80,0.00,0.0,M
2020-08-02,92,78,0.32,0.0,M
2020-08-03,96,76,0.00,0.0,M
2020-08-04,98,76,0.00,0.0,M
2020-08-05,94,76,0.00,0.0,M
2020-08-06,92,75,0.00,0.0,M
2020-08-07,95,73,0.00,0.0,M
2020-08-08,92,76,0.14,0.0,M
2020-08-09,94,75,0.02,0.0,M
2020-08-10,96,75,T,0.0,M
2020-08-11,93,77,1.43,0.0,M
2020-08-12,93,77,0.01,0.0,M
2020-08-13,92,76,1.27,0.0,M
2020-08-14,93,76,0.21,0.0,M
2020-08-15,95,76,0.21,0.0,M
2020-08-16,95,74,0.07,0.0,M
2020-08-17,93,73,0.00,0.0,M
2020-08-18,94,78,0.00,0.0,M
2020-08-19,95,76,0.00,0.0,M
2020-08-20,89,74,T,0.0,M
2020-08-21,91,73,0.00,0.0,M
2020-08-22,92,73,0.00,0.0,M
2020-08-23,88,74,0.32,0.0,M
2020-08-24,89,79,T,0.0,M
2020-08-25,93,81,0.06,0.0,M
2020-08-26,89,81,0.02,0.0,M
2020-08-27,85,78,0.98,0.0,M
2020-08-28,91,77,0.89,0.0,M
2020-08-29,90,79,0.19,0.0,M
2020-08-30,85,78,0.13,0.0,M
2020-08-31,92,79,0.01,0.0,M
2020-09-01,92,82,0.00,0.0,M
2020-09-02,93,79,0.00,0.0,M
2020-09-03,94,77,0.00,0.0,M
2020-09-04,93,77,0.00,0.0,M
2020-09-05,96,77,0.00,0.0,M
2020-09-06,91,74,0.00,0.0,M
2020-09-07,92,71,0.00,0.0,M
2020-09-08,90,74,0.07,0.0,M
2020-09-09,90,77,0.01,0.0,M
2020-09-10,92,74,0.00,0.0,M
2020-09-11,88,77,T,0.0,M
2020-09-12,85,76,0.25,0.0,M
2020-09-13,91,79,0.00,0.0,M
2020-09-14,89,79,T,0.0,M
2020-09-15,87,79,T,0.0,M
2020-09-16,86,78,0.00,0.0,M
2020-09-17,84,74,0.00,0.0,M
2020-09-18,81,75,T,0.0,M
2020-09-19,75,71,1.20,0.0,M
2020-09-20,73,70,0.02,0.0,M
2020-09-21,72,68,0.15,0.0,M
2020-09-22,79,70,0.01,0.0,M
2020-09-23,84,75,0.03,0.0,M
2020-09-24,80,72,T,0.0,M
2020-09-25,81,71,T,0.0,M
2020-09-26,84,73,0.04,0.0,M
2020-09-27,88,70,0.00,0.0,M
2020-09-28,93,69,T,0.0,M
2020-09-29,78,58,0.00,0.0,M
2020-09-30,81,56,0.00,0.0,M
2020-10-01,86,59,0.00,0.0,M
2020-10-02,79,61,0.00,0.0,M
2020-10-03,77,58,0.00,0.0,M
2020-10-04,78,56,0.00,0.0,M
2020-10-05,82,64,0.00,0.0,M
2020-10-06,81,70,0.00,0.0,M
2020-10-07,89,74,T,0.0,M
2020-10-08,88,77,0.11,0.0,M
2020-10-09,88,78,0.51,0.0,M
2020-10-10,87,73,0.00,0.0,M
2020-10-11,88,72,0.00,0.0,M
2020-10-12,89,73,0.00,0.0,M
2020-10-13,86,73,0.00,0.0,M
2020-10-14,83,61,0.00,0.0,M
2020-10-15,87,66,0.00,0.0,M
2020-10-16,73,65,T,0.0,M
2020-10-17,76,60,0.00,0.0,M
2020-10-18,84,62,0.00,0.0,M
2020-10-19,85,70,0.00,0.0,M
2020-10-20,85,70,0.00,0.0,M
2020-10-21,86,74,0.00,0.0,M
2020-10-22,87,74,0.00,0.0,M
2020-10-23,83,74,1.11,0.0,M
2020-10-24,81,63,0.00,0.0,M
2020-10-25,74,61,0.00,0.0,M
2020-10-26,83,68,0.00,0.0,M
2020-10-27,83,69,0.02,0.0,M
2020-10-28,81,74,2.93,0.0,M
2020-10-29,75,54,0.00,0.0,M
2020-10-30,64,54,0.00,0.0,M
2020-10-31,70,52,0.00,0.0,M
2020-11-01,75,56,0.00,0.0,M
2020-11-02,68,54,0.00,0.0,M
2020-11-03,70,47,0.00,0.0,M
2020-11-04,75,49,0.00,0.0,M
2020-11-05,75,53,0.00,0.0,M
2020-11-06,78,64,0.00,0.0,M
2020-11-07,74,68,0.36,0.0,M
2020-11-08,78,69,0.02,0.0,M
2020-11-09,81,69,0.00,0.0,M
2020-11-10,79,72,0.01,0.0,M
2020-11-11,81,72,0.00,0.0,M
2020-11-12,81,62,0.00,0.0,M
2020-11-13,80,60,0.00,0.0,M
2020-11-14,81,59,0.00,0.0,M
2020-11-15,83,63,0.00,0.0,M
2020-11-16,69,58,0.00,0.0,M
2020-11-17,73,49,0.00,0.0,M
2020-11-18,70,52,0.00,0.0,M
2020-11-19,75,56,0.00,0.0,M
2020-11-20,77,62,0.00,0.0,M
2020-11-21,77,59,0.00,0.0,M
2020-11-22,78,58,0.00,0.0,M
2020-11-23,68,56,0.00,0.0,M
2020-11-24,78,52,0.00,0.0,M
2020-11-25,80,68,3.68,0.0,M
2020-11-26,73,65,0.07,0.0,M
2020-11-27,82,67,0.36,0.0,M
2020-11-28,69,64,0.03,0.0,M
2020-11-29,72,53,1.86,0.0,M
2020-11-30,55,45,0.00,0.0,M
2020-12-01,57,36,0.00,0.0,M
2020-12-02,61,38,0.00,0.0,M
2020-12-03,77,57,0.44,0.0,M
2020-12-04,58,51,T,0.0,M
2020-12-05,58,49,T,M,M
2020-12-06,57,46,0.16,M,M
2020-12-07,61,44,0.00,0.0,M
2020-12-08,66,41,0.00,0.0,M
2020-12-09,75,47,0.00,0.0,M
2020-12-10,76,48,0.00,0.0,M
2020-12-11,76,55,0.00,0.0,M
2020-12-12,73,59,0.24,0.0,M
2020-12-13,75,59,0.11,0.0,M
2020-12-14,59,48,T,M,M
2020-12-15,57,48,T,M,M
2020-12-16,58,43,0.33,0.0,M
2020-12-17,52,37,0.00,0.0,M
2020-12-18,59,37,0.00,0.0,M
2020-12-19,69,48,0.82,0.0,M
2020-12-20,64,50,0.01,M,M
2020-12-21,68,44,0.00,0.0,0
2020-12-22,71,45,0.00,0.0,M
2020-12-23,71,51,0.02,0.0,M
2020-12-24,69,38,1.67,0.0,M
2020-12-25,53,38,0.00,0.0,M
2020-12-26,58,35,0.00,0.0,M
2020-12-27,67,40,0.00,0.0,M
2020-12-28,72,49,0.00,0.0,M
2020-12-29,72,49,0.00,0.0,M
2020-12-30,79,61,0.00,0.0,M
2020-12-31,78,64,0.26,0.0,M
2021-01-01,69,51,0.00,0.0,M
2021-01-02,59,45,0.00,0.0,M
2021-01-03,59,39,0.00,0.0,M
2021-01-04,73,40,0.00,0.0,M
2021-01-05,68,47,0.00,0.0,M
2021-01-06,67,45,T,M,M
2021-01-07,63,48,0.80,0.0,M
2021-01-08,51,43,0.00,0.0,M
2021-01-09,51,40,0.00,0.0,M
2021-01-10,45,38,0.08,0.0,M
2021-01-11,45,40,0.41,0.0,M
2021-01-12,48,37,0.00,0.0,M
2021-01-13,58,37,0.00,0.0,M
2021-01-14,71,38,0.00,0.0,M
2021-01-15,62,43,0.00,0.0,M
2021-01-16,57,39,0.00,0.0,M
2021-01-17,64,36,0.00,0.0,M
2021-01-18,64,37,0.00,0.0,M
2021-01-19,72,45,0.00,0.0,M
2021-01-20,70,50,0.00,0.0,M
2021-01-21,76,57,T,0.0,M
2021-01-22,68,62,0.59,0.0,M
2021-01-23,63,59,0.06,0.0,M
2021-01-24,76,61,0.00,0.0,M
2021-01-25,78,68,0.00,0.0,M
2021-01-26,73,63,0.01,0.0,M
2021-01-27,73,53,0.07,0.0,M
2021-01-28,57,44,0.00,0.0,M
2021-01-29,61,42,0.00,0.0,M
2021-01-30,73,47,0.00,0.0,M
2021-01-31,77,52,0.02,0.0,M
2021-02-01,58,44,0.00,0.0,M
2021-02-02,57,41,0.00,0.0,M
2021-02-03,62,40,0.00,0.0,M
2021-02-04,73,46,T,0.0,M
2021-02-05,66,49,0.12,M,M
2021-02-06,55,50,0.06,M,M
2021-02-07,61,46,0.00,0.0,M
2021-02-08,69,46,0.17,M,M
2021-02-09,75,58,T,0.0,M
2021-02-10,75,62,T,0.0,M
2021-02-11,75,52,2.12,0.0,M
2021-02-12,55,43,1.06,M,M
2021-02-13,47,41,0.00,0.0,M
2021-02-14,45,38,0.01,0.0,M
2021-02-15,42,29,0.18,M,M
2021-02-16,33,25,0.00,0.0,M
2021-02-17,57,32,0.90,0.0,M
2021-02-18,47,37,0.21,0.0,M
2021-02-19,54,33,0.00,0.0,M
2021-02-20,58,34,0.00,0.0,M
2021-02-21,70,41,0.00,0.0,M
2021-02-22,73,51,0.00,0.0,M
2021-02-23,72,43,0.00,0.0,M
2021-02-24,74,47,0.00,0.0,M
2021-02-25,78,58,0.00,0.0,M
2021-02-26,83,62,0.00,0.0,M
2021-02-27,80,66,T,0.0,M
2021-02-28,83,69,0.00,0.0,M
2021-03-01,78,60,T,0.0,M
2021-03-02,63,47,1.09,M,M
2021-03-03,63,44,0.00,0.0,M
2021-03-04,71,46,0.00,M,M
2021-03-05,71,49,0.03,M,M
2021-03-06,69,55,T,0.0,M
2021-03-07,67,46,0.00,0.0,M
2021-03-08,71,43,0.00,0.0,M
2021-03-09,75,46,0.00,0.0,M
2021-03-10,79,61,0.00,0.0,M
2021-03-11,79,63,0.00,0.0,M
2021-03-12,80,64,0.00,0.0,M
2021-03-13,78,64,0.00,0.0,M
2021-03-14,81,63,T,0.0,M
2021-03-15,83,70,0.65,0.0,M
2021-03-16,83,70,0.00,0.0,M
2021-03-17,81,66,1.21,0.0,M
2021-03-18,68,56,0.00,0.0,M
2021-03-19,59,54,0.00,0.0,M
2021-03-20,65,53,0.00,0.0,M
2021-03-21,72,51,0.00,0.0,M
2021-03-22,76,51,0.00,0.0,M
2021-03-23,74,62,5.54,0.0,M
2021-03-24,76,61,1.20,0.0,M
2021-03-25,79,73,T,0.0,M
2021-03-26,82,71,T,0.0,M
2021-03-27,85,73,0.00,0.0,M
2021-03-28,79,62,0.06,0.0,M
2021-03-29,73,58,0.00,0.0,M
2021-03-30,82,64,T,0.0,M
2021-03-31,85,59,T,0.0,M
2021-04-01,66,54,0.00,0.0,M
2021-04-02,65,48,0.00,0.0,M
2021-04-03,71,44,0.00,0.0,M
2021-04-04,75,53,0.00,0.0,M
2021-04-05,77,52,0.00,0.0,M
2021-04-06,81,64,0.00,0.0,M
2021-04-07,81,67,0.00,0.0,M
2021-04-08,82,65,2.69,0.0,M
2021-04-09,86,73,T,0.0,M
2021-04-10,78,63,2.35,0.0,M
2021-04-11,81,60,0.00,0.0,M
2021-04-12,83,61,0.00,0.0,M
2021-04-13,77,64,3.71,0.0,M
2021-04-14,72,65,1.61,0.0,M
2021-04-15,73,65,0.83,0.0,M
2021-04-16,70,62,0.69,0.0,M
2021-04-17,69,62,0.96,0.0,M
2021-04-18,71,61,T,0.0,M
2021-04-19,74,60,0.00,0.0,M
2021-04-20,79,61,T,0.0,M
2021-04-21,69,54,0.00,0.0,M
2021-04-22,70,56,0.00,0.0,M
2021-04-23,78,59,T,0.0,M
2021-04-24,87,70,0.01,0.0,M
2021-04-25,80,62,0.00,0.0,M
2021-04-26,83,58,0.00,0.0,M
2021-04-27,86,71,0.00,0.0,M
2021-04-28,86,75,0.00,0.0,M
2021-04-29,88,75,0.00,0.0,M
2021-04-30,84,74,0.00,0.0,M
2021-05-01,83,71,T,0.0,M
2021-05-02,81,69,0.50,0.0,M
2021-05-03,87,78,0.00,0.0,M
2021-05-04,87,72,1.30,0.0,M
2021-05-05,78,71,1.84,0.0,M
2021-05-06,82,69,0.00,0.0,M
2021-05-07,85,62,0.00,0.0,M
2021-05-08,85,66,0.00,0.0,M
2021-05-09,86,72,T,0.0,M
2021-05-10,85,71,4.10,0.0,M
2021-05-11,81,70,1.73,0.0,M
2021-05-12,81,71,1.66,0.0,M
2021-05-13,78,69,0.00,0.0,M
2021-05-14,81,65,0.00,0.0,M
2021-05-15,82,64,0.00,0.0,M
2021-05-16,84,67,0.00,0.0,M
2021-05-17,79,73,0.19,0.0,M
2021-05-18,83,68,0.64,0.0,M
2021-05-19,84,72,0.08,0.0,M
2021-05-20,82,73,0.72,0.0,M
2021-05-21,84,74,0.04,0.0,M
2021-05-22,85,72,0.00,0.0,M
2021-05-23,87,68,0.00,0.0,M
2021-05-24,85,72,0.00,0.0,M
2021-05-25,88,72,0.00,0.0,M
2021-05-26,90,71,0.00,0.0,M
2021-05-27,89,75,0.00,0.0,M
2021-05-28,90,72,0.00,0.0,M
2021-05-29,82,70,0.00,0.0,M
2021-05-30,84,67,0.00,0.0,M
2021-05-31,88,70,0.00,0.0,M
2021-06-01,89,73,0.00,0.0,M
2021-06-02,88,75,0.15,0.0,M
2021-06-03,88,75,0.10,0.0,M
2021-06-04,87,75,0.01,0.0,M
2021-06-05,80,74,0.27,0.0,M
2021-06-06,84,75,0.43,0.0,M
2021-06-07,90,76,T,0.0,M
2021-06-08,91,80,0.00,0.0,M
2021-06-09,90,79,T,0.0,M
2021-06-10,91,77,T,0.0,M
2021-06-11,92,77,0.00,0.0,M
2021-06-12,95,75,0.00,0.0,M
2021-06-13,97,73,0.49,0.0,M
2021-06-14,93,75,0.00,0.0,M
2021-06-15,95,77,0.00,0.0,M
2021-06-16,94,77,0.00,0.0,M
2021-06-17,92,80,0.00,0.0,M
2021-06-18,83,72,1.54,0.0,M
2021-06-19,90,76,0.03,0.0,M
2021-06-20,89,78,T,0.0,M
2021-06-21,91,74,0.69,0.0,M
2021-06-22,87,76,0.10,0.0,M
2021-06-23,88,78,1.48,0.0,M
2021-06-24,93,77,0.94,0.0,M
2021-06-25,87,78,0.01,0.0,M
2021-06-26,90,77,0.02,0.0,M
2021-06-27,87,78,0.04,0.0,M
2021-06-28,89,78,0.04,0.0,M
2021-06-29,89,76,0.21,0.0,M
2021-06-30,89,76,1.60,0.0,M
2021-07-01,90,77,0.00,0.0,M
2021-07-02,91,77,1.46,0.0,M
2021-07-03,87,77,1.12,0.0,M
2021-07-04,88,76,0.76,0.0,M
2021-07-05,89,76,1.82,0.0,M
2021-07-06,88,78,0.01,0.0,M
2021-07-07,89,77,0.60,0.0,M
2021-07-08,91,77,0.07,0.0,M
2021-07-09,87,76,0.12,0.0,M
2021-07-10,92,80,0.02,0.0,M
2021-07-11,89,74,1.45,0.0,M
2021-07-12,89,75,1.03,0.0,M
2021-07-13,92,77,0.00,0.0,M
2021-07-14,91,78,0.43,0.0,M
2021-07-15,91,77,0.83,0.0,M
2021-07-16,90,78,0.35,0.0,M
2021-07-17,90,79,0.02,0.0,M
2021-07-18,90,78,0.02,0.0,M
2021-07-19,91,78,0.29,0.0,M
2021-07-20,87,78,T,0.0,M
2021-07-21,94,77,T,0.0,M
2021-07-22,95,79,T,0.0,M
2021-07-23,97,80,0.00,0.0,M
2021-07-24,98,81,0.17,0.0,M
2021-07-25,97,81,0.02,0.0,M
2021-07-26,97,81,T,0.0,M
2021-07-27,96,78,0.00,0.0,M
2021-07-28,96,79,0.00,0.0,M
2021-07-29,94,81,T,0.0,M
2021-07-30,97,79,0.00,0.0,M
2021-07-31,96,78,0.02,0.0,M
2021-08-01,97,78,T,0.0,M
2021-08-02,89,78,1.00,0.0,M
2021-08-03,89,76,0.83,0.0,M
2021-08-04,92,79,0.01,0.0,M
2021-08-05,91,73,0.00,0.0,M
2021-08-06,91,72,0.00,0.0,M
2021-08-07,95,76,0.00,0.0,M
2021-08-08,94,80,0.01,0.0,M
2021-08-09,94,79,T,0.0,M
2021-08-10,93,79,0.04,0.0,M
2021-08-11,93,77,0.01,0.0,M
2021-08-12,93,77,0.00,0.0,M
2021-08-13,90,76,1.52,0.0,M
2021-08-14,96,76,0.00,0.0,M
2021-08-15,92,78,0.21,0.0,M
2021-08-16,94,79,0.00,0.0,M
2021-08-17,96,78,T,0.0,M
2021-08-18,95,81,0.00,0.0,M
2021-08-19,95,81,0.60,0.0,M
2021-08-20,94,80,0.00,0.0,M
2021-08-21,95,79,0.00,0.0,M
2021-08-22,98,78,0.00,0.0,M
2021-08-23,97,79,M,0.0,M
2021-08-24,98,80,0.00,0.0,M
2021-08-25,96,80,M,0.0,M
2021-08-26,92,77,0.45,0.0,M
2021-08-27,85,76,0.07,0.0,M
2021-08-28,89,76,T,0.0,M
2021-08-29,84,75,4.73,0.0,M
2021-08-30,88,79,T,0.0,M
2021-08-31,92,77,0.13,0.0,M
2021-09-01,90,76,0.00,0.0,M
2021-09-02,93,76,0.00,0.0,M
2021-09-03,92,77,0.00,0.0,M
2021-09-04,93,76,0.00,0.0,M
2021-09-05,92,76,0.00,0.0,M
2021-09-06,88,77,0.07,0.0,M
2021-09-07,90,77,T,0.0,M
2021-09-08,87,77,0.00,0.0,M
2021-09-09,89,73,0.00,0.0,M
2021-09-10,86,71,0.00,0.0,M
2021-09-11,87,68,0.02,0.0,M
2021-09-12,85,73,0.42,0.0,M
2021-09-13,89,75,0.01,0.0,M
2021-09-14,81,72,1.88,0.0,M
2021-09-15,84,73,3.13,0.0,M
2021-09-16,88,78,T,0.0,M
2021-09-17,84,75,0.78,0.0,M
2021-09-18,85,74,1.02,0.0,M
2021-09-19,87,74,0.07,0.0,M
2021-09-20,89,75,0.12,0.0,M
2021-09-21,91,76,0.21,0.0,M
2021-09-22,81,71,0.00,0.0,M
2021-09-23,79,68,0.00,0.0,M
2021-09-24,79,62,0.00,0.0,M
2021-09-25,82,61,0.00,0.0,M
2021-09-26,84,61,0.00,0.0,M
2021-09-27,87,66,0.00,0.0,M
2021-09-28,83,73,0.20,0.0,M
2021-09-29,79,72,0.55,0.0,M
2021-09-30,83,72,0.90,0.0,M
2021-10-01,86,75,0.00,0.0,M
2021-10-02,85,74,0.11,0.0,M
2021-10-03,85,74,1.20,0.0,M
2021-10-04,84,73,0.15,0.0,M
2021-10-05,82,72,0.00,0.0,M
2021-10-06,86,70,0.00,0.0,M
2021-10-07,87,70,0.00,0.0,M
2021-10-08,87,70,0.00,0.0,M
2021-10-09,87,67,0.00,0.0,M
2021-10-10,86,69,0.00,0.0,M
2021-10-11,85,72,0.00,0.0,M
2021-10-12,86,75,0.00,0.0,M
2021-10-13,87,73,0.00,0.0,M
2021-10-14,87,73,T,0.0,M
2021-10-15,88,72,T,0.0,M
2021-10-16,79,65,0.00,0.0,M
2021-10-17,74,63,0.00,0.0,M
2021-10-18,74,61,0.00,0.0,M
2021-10-19,80,63,0.00,0.0,M
2021-10-20,86,73,0.00,0.0,M
2021-10-21,87,72,0.00,0.0,M
2021-10-22,87,70,0.00,0.0,M
2021-10-23,85,71,0.00,0.0,M
2021-10-24,83,73,T,0.0,M
2021-10-25,87,70,0.00,0.0,M
2021-10-26,81,68,0.00,0.0,M
2021-10-27,84,68,0.98,0.0,M
2021-10-28,73,62,0.00,0.0,M
2021-10-29,67,56,0.00,0.0,M
2021-10-30,68,53,0.00,0.0,M
2021-10-31,74,53,0.00,0.0,M
2021-11-01,75,56,0.00,0.0,M
2021-11-02,75,56,0.00,0.0,M
2021-11-03,70,58,0.00,0.0,M
2021-11-04,64,56,0.00,0.0,M
2021-11-05,61,56,0.00,0.0,M
2021-11-06,66,51,0.00,0.0,M
2021-11-07,67,47,0.00,0.0,M
2021-11-08,72,47,0.00,0.0,M
2021-11-09,75,48,0.00,0.0,M
2021-11-10,77,58,0.00,0.0,M
2021-11-11,81,62,0.00,0.0,M
2021-11-12,74,58,0.00,0.0,M
2021-11-13,63,52,0.00,0.0,M
2021-11-14,68,42,0.00,0.0,M
2021-11-15,74,48,0.00,M,M
2021-11-16,77,53,0.00,0.0,M
2021-11-17,80,63,0.00,0.0,M
2021-11-18,77,55,0.17,0.0,M
2021-11-19,65,52,0.00,0.0,M
2021-11-20,73,50,0.00,0.0,M
2021-11-21,79,59,0.00,0.0,M
2021-11-22,67,55,0.29,0.0,M
2021-11-23,62,48,0.00,0.0,M
2021-11-24,72,45,0.00,0.0,M
2021-11-25,77,57,0.04,0.0,M
2021-11-26,65,51,0.00,0.0,M
2021-11-27,63,43,T,M,M
2021-11-28,62,53,0.02,0.0,M
2021-11-29,63,46,0.00,0.0,M
2021-11-30,69,43,0.00,0.0,M
2021-12-01,74,48,0.00,0.0,M
2021-12-02,76,51,0.00,0.0,M
2021-12-03,76,52,0.00,0.0,M
2021-12-04,77,59,0.00,0.0,M
2021-12-05,78,59,0.00,0.0,M
2021-12-06,82,64,0.27,0.0,M
2021-12-07,65,58,0.24,0.0,M
2021-12-08,65,56,0.16,0.0,M
2021-12-09,80,54,1.17,0.0,M
2021-12-10,81,71,0.00,0.0,M
2021-12-11,82,55,0.03,0.0,M
2021-12-12,59,50,0.00,0.0,M
2021-12-13,69,54,0.00,0.0,M
2021-12-14,75,59,0.00,0.0,M
2021-12-15,76,63,0.00,0.0,M
2021-12-16,79,66,0.00,0.0,M
2021-12-17,75,66,0.16,0.0,M
2021-12-18,79,64,0.86,0.0,M
2021-12-19,66,49,0.00,0.0,M
2021-12-20,51,48,0.02,M,M
2021-12-21,52,42,0.00,0.0,M
2021-12-22,62,39,0.00,0.0,M
2021-12-23,66,41,0.00,0.0,M
2021-12-24,77,53,0.00,0.0,M
2021-12-25,78,57,0.00,0.0,M
2021-12-26,77,61,0.00,0.0,M
2021-12-27,79,64,0.00,0.0,M
2021-12-28,79,68,0.09,0.0,M
2021-12-29,81,68,0.07,0.0,M
2021-12-30,84,72,0.00,0.0,M
2021-12-31,83,73,T,0.0,M
2022-01-01,82,74,0.01,0.0,M
2022-01-02,78,35,0.07,M,M
2022-01-03,51,35,0.00,0.0,M
2022-01-04,57,37,0.00,0.0,M
2022-01-05,68,49,0.00,0.0,M
2022-01-06,77,45,0.02,M,M
2022-01-07,54,42,0.00,0.0,M
2022-01-08,68,54,0.02,0.0,M
2022-01-09,82,64,0.07,0.0,M
2022-01-10,64,48,0.04,M,M
2022-01-11,58,45,0.00,0.0,M
2022-01-12,58,43,0.00,0.0,M
2022-01-13,68,41,0.00,0.0,M
2022-01-14,70,45,0.00,0.0,M
2022-01-15,67,40,0.49,0.0,M
2022-01-16,48,35,0.00,0.0,M
2022-01-17,58,37,0.00,0.0,M
2022-01-18,64,37,0.00,0.0,M
2022-01-19,73,52,0.00,0.0,M
2022-01-20,64,39,0.19,M,M
2022-01-21,42,36,0.03,M,M
2022-01-22,47,33,0.00,0.0,M
2022-01-23,53,28,0.00,0.0,M
2022-01-24,57,35,0.27,0.0,M
2022-01-25,54,48,0.69,M,M
2022-01-26,54,41,0.00,0.0,M
2022-01-27,59,39,0.00,0.0,M
2022-01-28,55,39,0.00,0.0,M
2022-01-29,51,37,0.00,0.0,M
2022-01-30,66,38,0.00,0.0,M
2022-01-31,68,43,0.00,0.0,M
2022-02-01,70,57,0.08,0.0,M
2022-02-02,68,62,0.34,0.0,M
2022-02-03,74,44,2.08,M,M
2022-02-04,44,35,0.21,M,M
2022-02-05,50,33,0.00,0.0,M
2022-02-06,55,34,0.00,0.0,M
2022-02-07,54,42,0.00,0.0,M
2022-02-08,59,44,0.00,0.0,M
2022-02-09,64,39,0.00,0.0,M
2022-02-10,69,39,0.00,0.0,M
2022-02-11,69,43,0.00,0.0,M
2022-02-12,70,44,0.00,0.0,M
2022-02-13,55,38,0.03,M,M
2022-02-14,65,37,0.00,0.0,M
2022-02-15,67,41,0.00,0.0,M
2022-02-16,77,53,0.00,0.0,M
2022-02-17,78,63,0.20,0.0,M
2022-02-18,63,46,0.00,0.0,M
2022-02-19,63,44,0.00,0.0,M
2022-02-20,71,48,0.00,0.0,M
2022-02-21,78,61,T,0.0,M
2022-02-22,81,68,T,0.0,M
2022-02-23,81,69,0.00,0.0,M
2022-02-24,81,69,T,0.0,M
2022-02-25,72,52,0.01,0.0,M
2022-02-26,63,51,0.00,0.0,M
2022-02-27,63,46,0.44,M,M
2022-02-28,65,45,0.00,0.0,M
2022-03-01,69,44,0.00,0.0,M
2022-03-02,74,46,0.00,0.0,M
2022-03-03,73,50,0.00,0.0,M
2022-03-04,74,48,0.00,0.0,M
2022-03-05,79,60,0.00,0.0,M
2022-03-06,81,67,0.00,0.0,M
2022-03-07,81,66,0.10,0.0,M
2022-03-08,67,58,0.07,0.0,M
2022-03-09,58,50,0.10,M,M
2022-03-10,71,54,T,0.0,M
2022-03-11,72,50,0.37,M,M
2022-03-12,53,37,0.00,0.0,M
2022-03-13,59,37,0.00,0.0,M
2022-03-14,71,46,0.00,0.0,M
2022-03-15,74,58,0.58,0.0,M
2022-03-16,69,56,0.00,0.0,M
2022-03-17,74,52,0.00,0.0,M
2022-03-18,84,64,T,0.0,M
2022-03-19,70,55,0.00,0.0,M
2022-03-20,75,47,0.00,0.0,M
2022-03-21,77,54,0.00,0.0,M
2022-03-22,79,64,0.24,0.0,M
2022-03-23,69,52,0.00,0.0,M
2022-03-24,73,50,0.00,0.0,M
2022-03-25,75,47,0.00,0.0,M
2022-03-26,79,51,0.00,0.0,M
2022-03-27,82,53,0.00,0.0,M
2022-03-28,83,60,0.00,0.0,M
2022-03-29,81,64,0.00,0.0,M
2022-03-30,80,60,1.31,0.0,M
2022-03-31,72,58,0.00,0.0,M
2022-04-01,74,53,0.00,0.0,M
2022-04-02,75,60,0.21,0.0,M
2022-04-03,81,56,0.00,0.0,M
2022-04-04,81,60,0.57,0.0,M
2022-04-05,82,71,T,0.0,M
2022-04-06,86,69,0.00,0.0,M
2022-04-07,74,60,0.00,0.0,M
2022-04-08,70,50,0.00,0.0,M
2022-04-09,74,49,0.00,0.0,M
2022-04-10,76,57,0.00,0.0,M
2022-04-11,74,65,0.10,0.0,M
2022-04-12,80,63,0.06,0.0,M
2022-04-13,82,66,2.61,0.0,M
2022-04-14,78,66,0.21,0.0,M
2022-04-15,81,70,T,0.0,M
2022-04-16,85,73,0.00,0.0,M
2022-04-17,85,70,0.09,0.0,M
2022-04-18,74,63,0.00,0.0,M
2022-04-19,73,58,0.00,0.0,M
2022-04-20,79,57,0.00,0.0,M
2022-04-21,85,68,0.00,0.0,M
2022-04-22,84,66,0.00,0.0,M
2022-04-23,83,65,T,0.0,M
2022-04-24,85,68,0.00,0.0,M
2022-04-25,85,68,0.64,0.0,M
2022-04-26,77,69,0.00,0.0,M
2022-04-27,79,64,0.00,0.0,M
2022-04-28,81,61,0.00,0.0,M
2022-04-29,83,61,0.00,0.0,M
2022-04-30,85,61,0.00,0.0,M
2022-05-01,85,67,0.30,0.0,M
2022-05-02,85,72,0.00,0.0,M
2022-05-03,88,74,0.00,0.0,M
2022-05-04,87,71,0.00,0.0,M
2022-05-05,88,68,1.42,0.0,M
2022-05-06,88,68,1.13,0.0,M
2022-05-07,87,68,0.00,0.0,M
2022-05-08,88,73,0.00,0.0,M
2022-05-09,89,76,0.00,0.0,M
2022-05-10,86,73,0.00,0.0,M
2022-05-11,89,70,0.00,0.0,M
2022-05-12,92,72,1.22,0.0,M
2022-05-13,87,70,0.17,0.0,M
2022-05-14,88,68,0.00,0.0,M
2022-05-15,89,73,0.06,0.0,M
2022-05-16,93,72,T,0.0,M
2022-05-17,92,74,0.00,0.0,M
2022-05-18,91,74,0.00,0.0,M
2022-05-19,90,74,0.00,0.0,M
2022-05-20,89,77,0.00,0.0,M
2022-05-21,89,73,0.16,0.0,M
2022-05-22,86,75,0.00,0.0,M
2022-05-23,87,75,0.02,0.0,M
2022-05-24,87,72,0.70,0.0,M
2022-05-25,85,70,2.46,0.0,M
2022-05-26,86,70,1.15,0.0,M
2022-05-27,88,69,0.00,0.0,M
2022-05-28,85,70,0.00,0.0,M
2022-05-29,87,66,0.00,0.0,M
2022-05-30,90,75,0.00,0.0,M
2022-05-31,89,78,0.44,0.0,M
2022-06-01,88,76,0.01,0.0,M
2022-06-02,91,74,0.00,0.0,M
2022-06-03,90,76,T,0.0,M
2022-06-04,90,78,0.00,0.0,M
2022-06-05,90,73,1.00,0.0,M
2022-06-06,90,74,0.00,0.0,M
2022-06-07,91,77,0.00,0.0,M
2022-06-08,92,76,0.00,0.0,M
2022-06-09,93,78,0.01,0.0,M
2022-06-10,85,72,0.92,0.0,M
2022-06-11,91,72,0.01,0.0,M
2022-06-12,94,77,0.00,0.0,M
2022-06-13,93,79,0.00,0.0,M
2022-06-14,93,78,T,0.0,M
2022-06-15,95,77,0.00,0.0,M
2022-06-16,97,80,T,0.0,M
2022-06-17,95,80,T,0.0,M
2022-06-18,97,79,0.00,0.0,M
2022-06-19,96,84,0.00,0.0,M
2022-06-20,96,79,0.00,0.0,M
2022-06-21,95,79,0.00,0.0,M
2022-06-22,96,78,0.00,0.0,M
2022-06-23,99,80,0.00,0.0,M
2022-06-24,99,81,0.00,0.0,M
2022-06-25,97,81,T,0.0,M
2022-06-26,86,79,0.01,0.0,M
2022-06-27,90,78,0.02,0.0,M
2022-06-28,93,79,0.00,0.0,M
2022-06-29,90,76,1.86,0.0,M
2022-06-30,88,77,0.18,0.0,M
2022-07-01,90,77,0.20,0.0,M
2022-07-02,90,77,0.33,0.0,M
2022-07-03,90,77,1.06,0.0,M
2022-07-04,89,79,0.02,0.0,M
2022-07-05,85,76,0.25,0.0,M
2022-07-06,91,74,0.70,0.0,M
2022-07-07,93,76,0.00,0.0,M
2022-07-08,93,78,0.00,0.0,M
2022-07-09,95,79,0.00,0.0,M
2022-07-10,90,79,0.00,0.0,M
2022-07-11,95,77,0.00,0.0,M
2022-07-12,92,78,T,0.0,M
2022-07-13,90,77,0.00,0.0,M
2022-07-14,89,76,0.44,0.0,M
2022-07-15,88,78,T,0.0,M
2022-07-16,94,75,T,0.0,M
2022-07-17,93,74,0.00,0.0,M
2022-07-18,93,77,0.03,0.0,M
2022-07-19,95,80,0.00,0.0,M
2022-07-20,95,80,T,0.0,M
2022-07-21,95,79,0.22,0.0,M
2022-07-22,91,75,0.65,0.0,M
2022-07-23,91,76,0.39,0.0,M
2022-07-24,91,77,0.02,0.0,M
2022-07-25,90,78,0.05,0.0,M
2022-07-26,91,78,0.60,0.0,M
2022-07-27,90,77,T,0.0,M
2022-07-28,88,76,0.23,0.0,M
2022-07-29,88,74,0.76,0.0,M
2022-07-30,90,77,T,0.0,M
2022-07-31,90,76,T,0.0,M
2022-08-01,91,75,0.26,0.0,M
2022-08-02,83,75,0.45,0.0,M
2022-08-03,87,76,0.00,0.0,M
2022-08-04,91,74,T,0.0,M
2022-08-05,90,76,0.12,0.0,M
2022-08-06,89,77,0.03,0.0,M
2022-08-07,89,76,0.28,0.0,M
2022-08-08,87,75,0.43,0.0,M
2022-08-09,88,75,0.25,0.0,M
2022-08-10,89,76,0.02,0.0,M
2022-08-11,85,74,0.06,0.0,M
2022-08-12,88,76,0.02,0.0,M
2022-08-13,90,77,0.01,0.0,M
2022-08-14,93,76,0.07,0.0,M
2022-08-15,94,77,0.00,0.0,M
2022-08-16,95,79,0.00,0.0,M
2022-08-17,92,78,0.00,0.0,M
2022-08-18,89,79,0.01,0.0,M
2022-08-19,89,79,T,0.0,M
2022-08-20,88,74,1.45,0.0,M
2022-08-21,88,78,0.22,0.0,M
2022-08-22,88,77,0.28,0.0,M
2022-08-23,87,76,0.20,0.0,M
2022-08-24,85,75,0.72,0.0,M
2022-08-25,85,76,0.71,0.0,M
2022-08-26,84,77,0.05,0.0,M
2022-08-27,87,76,1.02,0.0,M
2022-08-28,92,77,0.00,0.0,M
2022-08-29,91,77,0.72,0.0,M
2022-08-30,95,77,0.02,0.0,M
2022-08-31,93,77,0.00,0.0,M
2022-09-01,93,78,0.00,0.0,M
2022-09-02,93,76,0.00,0.0,M
2022-09-03,86,74,2.08,0.0,M
2022-09-04,83,75,T,0.0,M
2022-09-05,87,75,T,0.0,M
2022-09-06,85,75,0.00,0.0,M
2022-09-07,90,70,0.35,0.0,M
2022-09-08,86,72,T,0.0,M
2022-09-09,85,74,T,0.0,M
2022-09-10,89,72,0.00,0.0,M
2022-09-11,90,73,0.00,0.0,M
2022-09-12,89,74,0.00,0.0,M
2022-09-13,85,72,0.00,0.0,M
2022-09-14,87,67,0.00,0.0,M
2022-09-15,89,67,0.00,0.0,M
2022-09-16,89,69,0.00,0.0,M
2022-09-17,90,73,0.03,0.0,M
2022-09-18,90,75,T,0.0,M
2022-09-19,92,75,0.00,0.0,M
2022-09-20,92,73,0.00,0.0,M
2022-09-21,95,73,T,0.0,M
2022-09-22,96,76,0.00,0.0,M
2022-09-23,92,78,0.00,0.0,M
2022-09-24,93,77,0.00,0.0,M
2022-09-25,93,72,0.00,0.0,M
2022-09-26,93,76,0.00,0.0,M
2022-09-27,84,72,0.00,0.0,M
2022-09-28,83,70,0.00,0.0,M
2022-09-29,77,63,0.00,0.0,M
2022-09-30,79,66,0.00,0.0,M
2022-10-01,82,59,0.00,0.0,M
2022-10-02,83,56,0.00,0.0,M
2022-10-03,83,68,0.00,0.0,M
2022-10-04,83,68,0.00,0.0,M
2022-10-05,84,65,0.00,0.0,M
2022-10-06,85,65,0.00,0.0,M
2022-10-07,88,62,0.00,0.0,M
2022-10-08,85,70,0.00,0.0,M
2022-10-09,80,61,0.00,0.0,M
2022-10-10,81,59,0.00,0.0,M
2022-10-11,84,64,0.00,0.0,M
2022-10-12,88,72,0.18,0.0,M
2022-10-13,85,70,0.00,0.0,M
2022-10-14,85,68,0.00,0.0,M
2022-10-15,86,61,0.00,0.0,M
2022-10-16,85,62,0.00,M,M
2022-10-17,80,65,T,0.0,M
2022-10-18,66,51,0.00,0.0,M
2022-10-19,62,43,0.00,0.0,M
2022-10-20,70,40,0.00,0.0,M
2022-10-21,79,51,0.00,0.0,M
2022-10-22,79,56,0.00,0.0,M
2022-10-23,82,63,0.00,0.0,M
2022-10-24,85,63,0.21,0.0,M
2022-10-25,80,63,0.21,0.0,M
2022-10-26,72,56,0.00,0.0,M
2022-10-27,73,56,0.00,0.0,M
2022-10-28,71,54,0.00,0.0,M
2022-10-29,81,61,0.25,0.0,M
2022-10-30,74,55,0.00,0.0,M
2022-10-31,77,56,0.00,0.0,M
2022-11-01,77,59,0.00,0.0,M
2022-11-02,77,63,0.00,0.0,M
2022-11-03,84,60,0.00,0.0,M
2022-11-04,83,70,0.01,0.0,M
2022-11-05,77,62,1.46,0.0,M
2022-11-06,85,69,0.00,0.0,M
2022-11-07,85,70,0.00,0.0,M
2022-11-08,85,70,0.00,0.0,M
2022-11-09,77,65,0.00,0.0,M
2022-11-10,75,63,0.00,0.0,M
2022-11-11,80,55,0.00,0.0,M
2022-11-12,65,45,0.10,0.0,M
2022-11-13,57,42,0.00,0.0,M
2022-11-14,64,48,1.37,M,M
2022-11-15,65,48,0.15,M,M
2022-11-16,53,46,T,M,M
2022-11-17,53,47,0.00,0.0,M
2022-11-18,56,42,T,M,M
2022-11-19,53,47,0.36,M,M
2022-11-20,54,46,T,M,M
2022-11-21,57,45,T,M,M
2022-11-22,57,49,0.01,M,M
2022-11-23,74,53,0.00,0.0,M
2022-11-24,74,58,1.19,0.0,M
2022-11-25,67,61,0.35,0.0,M
2022-11-26,73,60,1.57,0.0,M
2022-11-27,77,52,0.00,0.0,M
2022-11-28,75,59,0.00,0.0,M
2022-11-29,80,64,T,0.0,M
2022-11-30,77,51,0.52,0.0,M
2022-12-01,60,46,0.00,0.0,M
2022-12-02,77,46,0.00,0.0,M
2022-12-03,81,67,T,0.0,M
2022-12-04,72,63,0.00,0.0,M
2022-12-05,76,63,0.04,0.0,M
2022-12-06,82,68,0.01,0.0,M
2022-12-07,82,64,0.00,0.0,M
2022-12-08,77,65,0.00,0.0,M
2022-12-09,79,66,0.00,0.0,M
2022-12-10,79,64,0.00,0.0,M
2022-12-11,71,65,1.91,0.0,M
2022-12-12,74,61,0.00,0.0,M
2022-12-13,78,62,0.00,0.0,M
2022-12-14,77,57,1.28,0.0,M
2022-12-15,64,46,0.00,0.0,M
2022-12-16,64,44,0.00,0.0,M
2022-12-17,54,44,0.01,M,M
2022-12-18,54,46,0.00,0.0,M
2022-12-19,53,46,1.65,M,M
2022-12-20,55,50,0.06,M,M
2022-12-21,52,49,T,0.0,M
2022-12-22,62,46,0.04,0.0,M
2022-12-23,46,27,0.00,0.0,M
2022-12-24,37,25,0.00,0.0,M
2022-12-25,46,32,0.00,0.0,M
2022-12-26,53,30,0.00,0.0,M
2022-12-27,60,41,0.00,0.0,M
2022-12-28,73,46,0.00,0.0,M
2022-12-29,77,62,0.02,0.0,M
2022-12-30,69,57,3.00,0.0,M
2022-12-31,74,55,T,0.0,M
2023-01-01,73,53,T,0.0,M
2023-01-02,79,68,0.00,0.0,M
2023-01-03,77,68,0.12,0.0,M
2023-01-04,77,57,0.44,0.0,M
2023-01-05,70,50,0.00,0.0,M
2023-01-06,69,48,0.00,0.0,M
2023-01-07,75,52,0.00,0.0,M
2023-01-08,66,59,0.92,0.0,M
2023-01-09,63,50,0.00,0.0,M
2023-01-10,73,45,0.00,0.0,M
2023-01-11,81,65,0.00,0.0,M
2023-01-12,78,53,T,0.0,M
2023-01-13,56,42,0.00,0.0,M
2023-01-14,55,39,0.00,0.0,M
2023-01-15,65,36,0.00,0.0,M
2023-01-16,72,56,0.00,0.0,M
2023-01-17,81,65,0.02,0.0,M
2023-01-18,77,66,0.00,0.0,M
2023-01-19,75,57,0.44,0.0,M
2023-01-20,59,54,T,0.0,M
2023-01-21,62,53,0.14,0.0,M
2023-01-22,58,48,0.01,0.0,M
2023-01-23,57,45,0.00,0.0,M
2023-01-24,71,47,0.44,M,M
2023-01-25,63,47,T,0.0,M
2023-01-26,57,45,0.00,0.0,M
2023-01-27,60,38,0.00,0.0,M
2023-01-28,70,45,0.00,0.0,M
2023-01-29,75,60,0.38,0.0,M
2023-01-30,80,67,0.00,0.0,M
2023-01-31,78,57,T,0.0,M
2023-02-01,58,51,T,0.0,M
2023-02-02,63,50,0.11,M,M
2023-02-03,60,48,0.01,M,M
2023-02-04,60,44,0.00,0.0,M
2023-02-05,69,51,0.00,0.0,M
2023-02-06,71,47,0.00,0.0,M
2023-02-07,79,56,T,0.0,M
2023-02-08,79,66,1.95,0.0,M
2023-02-09,67,61,0.25,0.0,M
2023-02-10,62,56,0.01,0.0,M
2023-02-11,57,46,0.06,0.0,M
2023-02-12,65,45,0.00,0.0,M
2023-02-13,71,42,0.00,0.0,M
2023-02-14,74,53,T,0.0,M
2023-02-15,77,67,T,0.0,M
2023-02-16,78,56,0.20,0.0,M
2023-02-17,56,45,0.14,M,M
2023-02-18,55,41,0.00,0.0,M
2023-02-19,69,42,0.00,0.0,M
2023-02-20,80,56,0.00,0.0,M
2023-02-21,83,67,0.00,0.0,M
2023-02-22,81,68,0.00,0.0,M
2023-02-23,83,71,0.00,0.0,M
2023-02-24,82,70,0.00,0.0,M
2023-02-25,82,68,0.00,0.0,M
2023-02-26,80,66,0.00,0.0,M
2023-02-27,83,71,0.00,0.0,M
2023-02-28,84,70,0.00,0.0,M
2023-03-01,84,71,0.00,0.0,M
2023-03-02,83,72,0.00,0.0,M
2023-03-03,78,60,0.01,0.0,M
2023-03-04,74,57,0.00,0.0,M
2023-03-05,80,58,0.00,0.0,M
2023-03-06,85,67,0.00,0.0,M
2023-03-07,83,69,T,0.0,M
2023-03-08,84,67,0.00,0.0,M
2023-03-09,86,65,0.00,0.0,M
2023-03-10,78,65,0.05,0.0,M
2023-03-11,82,62,0.00,0.0,M
2023-03-12,84,61,0.01,0.0,M
2023-03-13,66,55,T,0.0,M
2023-03-14,62,48,0.01,M,M
2023-03-15,65,50,0.00,0.0,M
2023-03-16,75,50,0.00,0.0,M
2023-03-17,70,51,1.66,0.0,M
2023-03-18,56,50,T,M,M
2023-03-19,53,43,0.00,0.0,M
2023-03-20,57,39,0.00,0.0,M
2023-03-21,69,43,0.00,0.0,M
2023-03-22,76,57,0.00,0.0,M
2023-03-23,81,62,0.00,0.0,M
2023-03-24,80,69,T,0.0,M
2023-03-25,85,73,0.00,0.0,M
2023-03-26,85,74,T,0.0,M
2023-03-27,82,74,0.06,0.0,M
2023-03-28,79,65,0.33,0.0,M
2023-03-29,65,52,0.02,0.0,M
2023-03-30,79,51,0.00,0.0,M
2023-03-31,80,67,0.00,0.0,M
2023-04-01,86,66,T,0.0,M
2023-04-02,82,62,0.00,0.0,M
2023-04-03,86,73,T,0.0,M
2023-04-04,84,74,0.00,0.0,M
2023-04-05,84,75,0.00,0.0,M
2023-04-06,85,73,0.00,0.0,M
2023-04-07,75,68,0.38,0.0,M
2023-04-08,74,65,0.03,0.0,M
2023-04-09,67,59,0.01,0.0,M
2023-04-10,73,60,0.01,0.0,M
2023-04-11,71,64,0.00,0.0,M
2023-04-12,71,63,0.02,0.0,M
2023-04-13,71,60,0.00,0.0,M
2023-04-14,80,58,0.00,0.0,M
2023-04-15,80,65,1.43,0.0,M
2023-04-16,73,56,0.55,0.0,M
2023-04-17,74,54,0.00,0.0,M
2023-04-18,75,52,0.00,0.0,M
2023-04-19,80,61,0.00,0.0,M
2023-04-20,83,66,0.00,0.0,M
2023-04-21,79,67,0.10,0.0,M
2023-04-22,79,60,0.00,0.0,M
2023-04-23,77,64,T,0.0,M
2023-04-24,70,60,T,0.0,M
2023-04-25,79,63,0.00,0.0,M
2023-04-26,82,67,0.00,0.0,M
2023-04-27,85,67,0.56,0.0,M
2023-04-28,83,66,0.00,0.0,M
2023-04-29,78,63,0.07,0.0,M
2023-04-30,80,58,0.00,0.0,M
2023-05-01,83,61,0.00,0.0,M
2023-05-02,82,60,0.00,0.0,M
2023-05-03,85,65,0.00,0.0,M
2023-05-04,87,65,0.00,0.0,M
2023-05-05,86,72,0.02,0.0,M
2023-05-06,77,68,1.83,0.0,M
2023-05-07,84,68,0.00,0.0,M
2023-05-08,85,73,T,0.0,M
2023-05-09,85,74,0.19,0.0,M
2023-05-10,84,75,0.02,0.0,M
2023-05-11,87,72,0.00,0.0,M
2023-05-12,88,75,0.00,0.0,M
2023-05-13,87,74,0.26,0.0,M
2023-05-14,89,74,0.00,0.0,M
2023-05-15,91,74,T,0.0,M
2023-05-16,90,71,0.00,0.0,M
2023-05-17,87,72,T,0.0,M
2023-05-18,88,69,T,0.0,M
2023-05-19,90,71,0.00,0.0,M
2023-05-20,93,74,0.89,0.0,M
2023-05-21,84,73,0.01,0.0,M
2023-05-22,86,74,0.00,0.0,M
2023-05-23,90,70,0.05,0.0,M
2023-05-24,81,74,0.00,0.0,M
2023-05-25,86,72,0.00,0.0,M
2023-05-26,87,69,0.00,0.0,M
2023-05-27,84,68,0.00,0.0,M
2023-05-28,88,65,0.00,0.0,M
2023-05-29,88,71,0.03,0.0,M
2023-05-30,86,73,T,0.0,M
2023-05-31,90,70,T,0.0,M
2023-06-01,88,70,T,0.0,M
2023-06-02,91,76,0.00,0.0,M
2023-06-03,93,73,0.00,0.0,M
2023-06-04,94,72,0.03,0.0,M
2023-06-05,87,72,0.01,0.0,M
2023-06-06,84,71,0.01,0.0,M
2023-06-07,92,70,0.00,0.0,M
2023-06-08,94,71,0.87,0.0,M
2023-06-09,93,71,0.00,0.0,M
2023-06-10,93,74,0.35,0.0,M
2023-06-11,93,76,0.00,0.0,M
2023-06-12,94,77,0.00,0.0,M
2023-06-13,94,76,0.00,0.0,M
2023-06-14,94,81,0.00,0.0,M
2023-06-15,95,81,0.01,0.0,M
2023-06-16,94,80,0.00,0.0,M
2023-06-17,96,80,0.00,0.0,M
2023-06-18,96,80,0.00,0.0,M
2023-06-19,96,74,0.01,0.0,M
2023-06-20,91,73,0.02,0.0,M
2023-06-21,93,74,0.00,0.0,M
2023-06-22,95,75,T,0.0,M
2023-06-23,92,76,0.00,0.0,M
2023-06-24,94,77,T,0.0,M
2023-06-25,98,79,0.00,0.0,M
2023-06-26,93,77,0.23,0.0,M
2023-06-27,97,79,0.00,0.0,M
2023-06-28,98,81,0.00,0.0,M
2023-06-29,100,81,0.00,0.0,M
2023-06-30,98,81,0.00,0.0,M
2023-07-01,97,78,0.00,0.0,M
2023-07-02,96,81,0.00,0.0,M
2023-07-03,94,79,T,0.0,M
2023-07-04,92,80,T,0.0,M
2023-07-05,96,78,0.30,0.0,M
2023-07-06,94,78,0.02,0.0,M
2023-07-07,89,77,0.00,0.0,M
2023-07-08,94,78,T,0.0,M
2023-07-09,94,79,0.04,0.0,M
2023-07-10,95,78,0.02,0.0,M
2023-07-11,95,78,0.37,0.0,M
2023-07-12,98,80,T,0.0,M
2023-07-13,96,82,0.07,0.0,M
2023-07-14,95,80,T,0.0,M
2023-07-15,98,79,0.00,0.0,M
2023-07-16,98,76,0.42,0.0,M
2023-07-17,95,76,T,0.0,M
2023-07-18,96,78,T,0.0,M
2023-07-19,97,79,0.00,0.0,M
2023-07-20,98,79,0.00,0.0,M
2023-07-21,98,80,0.00,0.0,M
2023-07-22,96,75,1.03,0.0,M
2023-07-23,92,73,1.04,0.0,M
2023-07-24,94,76,0.00,0.0,M
2023-07-25,94,75,0.00,0.0,M
2023-07-26,95,75,0.00,0.0,M
2023-07-27,95,77,0.00,0.0,M
2023-07-28,94,76,T,0.0,M
2023-07-29,96,75,0.00,0.0,M
2023-07-30,99,78,0.00,0.0,M
2023-07-31,101,81,0.00,0.0,M
2023-08-01,99,83,0.00,0.0,M
2023-08-02,95,80,0.00,0.0,M
2023-08-03,98,76,0.00,0.0,M
2023-08-04,99,80,0.00,0.0,M
2023-08-05,100,81,0.00,0.0,M
2023-08-06,100,80,0.00,0.0,M
2023-08-07,100,82,0.00,0.0,M
2023-08-08,97,81,0.00,0.0,M
2023-08-09,98,82,0.00,0.0,M
2023-08-10,100,82,0.00,0.0,M
2023-08-11,101,81,0.00,0.0,M
2023-08-12,100,81,0.00,0.0,M
2023-08-13,100,82,0.00,0.0,M
2023-08-14,100,81,0.00,0.0,M
2023-08-15,101,75,1.60,0.0,M
2023-08-16,92,78,0.00,0.0,M
2023-08-17,97,72,0.00,0.0,M
2023-08-18,99,77,0.00,0.0,M
2023-08-19,100,79,0.00,0.0,M
2023-08-20,97,83,0.00,0.0,M
2023-08-21,93,83,0.09,0.0,M
2023-08-22,96,81,0.00,0.0,M
2023-08-23,102,79,0.00,0.0,M
2023-08-24,100,83,0.00,0.0,M
2023-08-25,100,81,0.00,0.0,M
2023-08-26,102,78,0.00,0.0,M
2023-08-27,105,80,T,0.0,M
2023-08-28,94,77,1.24,0.0,M
2023-08-29,90,79,0.04,0.0,M
2023-08-30,94,79,0.00,0.0,M
2023-08-31,94,80,0.00,0.0,M
2023-09-01,94,78,T,0.0,M
2023-09-02,88,76,0.70,0.0,M
2023-09-03,93,79,0.01,0.0,M
2023-09-04,89,76,0.41,0.0,M
2023-09-05,93,79,0.00,0.0,M
2023-09-06,94,75,0.00,0.0,M
2023-09-07,98,75,0.46,0.0,M
2023-09-08,90,75,0.00,0.0,M
2023-09-09,92,75,0.00,0.0,M
2023-09-10,91,74,0.00,0.0,M
2023-09-11,94,72,0.00,0.0,M
2023-09-12,94,76,0.00,0.0,M
2023-09-13,95,75,0.02,0.0,M
2023-09-14,90,76,T,0.0,M
2023-09-15,92,77,0.00,0.0,M
2023-09-16,94,75,0.00,0.0,M
2023-09-17,92,78,0.00,0.0,M
2023-09-18,92,72,0.00,0.0,M
2023-09-19,91,69,0.00,0.0,M
2023-09-20,90,67,0.00,0.0,M
2023-09-21,92,79,0.00,0.0,M
2023-09-22,93,80,0.00,0.0,M
2023-09-23,93,76,T,0.0,M
2023-09-24,91,77,0.07,0.0,M
2023-09-25,91,74,2.45,0.0,M
2023-09-26,91,74,0.00,0.0,M
2023-09-27,90,77,0.00,0.0,M
2023-09-28,87,77,0.00,0.0,M
2023-09-29,87,76,0.00,0.0,M
2023-09-30,90,76,0.00,0.0,M
2023-10-01,89,76,0.00,0.0,M
2023-10-02,87,74,0.00,0.0,M
2023-10-03,89,73,0.00,0.0,M
2023-10-04,90,69,0.00,0.0,M
2023-10-05,89,74,0.00,0.0,M
2023-10-06,86,76,T,0.0,M
2023-10-07,79,67,0.00,0.0,M
2023-10-08,74,60,0.00,0.0,M
2023-10-09,80,57,0.00,0.0,M
2023-10-10,78,59,0.00,0.0,M
2023-10-11,74,61,1.05,0.0,M
2023-10-12,72,62,0.00,0.0,M
2023-10-13,83,69,0.00,0.0,M
2023-10-14,80,65,0.00,0.0,M
2023-10-15,71,60,0.00,0.0,M
2023-10-16,70,55,0.00,0.0,M
2023-10-17,73,52,0.00,0.0,M
2023-10-18,75,51,0.00,0.0,M
2023-10-19,82,60,0.00,0.0,M
2023-10-20,87,66,0.00,0.0,M
2023-10-21,86,63,0.00,0.0,M
2023-10-22,86,64,0.00,0.0,M
2023-10-23,87,63,0.00,0.0,M
2023-10-24,85,68,0.00,0.0,M
2023-10-25,87,68,0.00,0.0,M
2023-10-26,86,70,0.00,0.0,M
2023-10-27,86,72,0.00,0.0,M
2023-10-28,85,69,0.00,0.0,M
2023-10-29,86,70,0.00,0.0,M
2023-10-30,78,55,0.00,0.0,M
2023-10-31,61,51,0.01,0.0,M
2023-11-01,60,46,0.00,0.0,M
2023-11-02,67,45,0.00,0.0,M
2023-11-03,73,47,0.00,0.0,M
2023-11-04,77,55,0.00,0.0,M
2023-11-05,80,54,0.00,0.0,M
2023-11-06,81,55,0.00,0.0,M
2023-11-07,84,61,0.00,0.0,M
2023-11-08,82,60,0.00,0.0,M
2023-11-09,81,65,0.18,0.0,M
2023-11-10,76,68,0.06,0.0,M
2023-11-11,69,64,0.13,0.0,M
2023-11-12,70,63,0.00,0.0,M
2023-11-13,66,61,0.45,0.0,M
2023-11-14,63,59,0.37,0.0,M
2023-11-15,64,60,0.03,0.0,M
2023-11-16,68,63,T,0.0,M
2023-11-17,75,62,0.00,0.0,M
2023-11-18,72,58,0.00,0.0,M
2023-11-19,71,51,0.00,0.0,M
2023-11-20,83,60,T,0.0,M
2023-11-21,75,57,0.73,0.0,M
2023-11-22,62,52,T,0.0,M
2023-11-23,56,50,0.01,M,M
2023-11-24,59,54,T,0.0,M
2023-11-25,67,56,0.16,0.0,M
2023-11-26,67,54,0.98,0.0,M
2023-11-27,57,46,0.00,0.0,M
2023-11-28,60,42,0.00,0.0,M
2023-11-29,62,40,0.00,0.0,M
2023-11-30,68,48,0.05,M,M
2023-12-01,78,65,2.53,0.0,M
2023-12-02,76,67,2.76,0.0,M
2023-12-03,73,60,0.00,0.0,M
2023-12-04,69,56,0.00,0.0,M
2023-12-05,62,50,0.00,0.0,M
2023-12-06,58,44,0.00,0.0,M
2023-12-07,64,41,0.00,0.0,M
2023-12-08,71,54,0.01,0.0,M
2023-12-09,83,63,0.00,0.0,M
2023-12-10,69,49,0.49,M,M
2023-12-11,59,44,0.00,0.0,M
2023-12-12,62,42,0.00,0.0,M
2023-12-13,64,51,0.00,0.0,M
2023-12-14,64,53,0.00,0.0,M
2023-12-15,67,54,0.00,0.0,M
2023-12-16,65,57,1.61,0.0,M
2023-12-17,62,51,T,0.0,M
2023-12-18,67,44,0.00,0.0,M
2023-12-19,56,45,0.00,0.0,M
2023-12-20,61,45,0.00,0.0,M
2023-12-21,67,50,0.00,0.0,M
2023-12-22,72,56,0.00,0.0,M
2023-12-23,75,55,0.00,0.0,M
2023-12-24,68,63,2.05,0.0,M
2023-12-25,67,53,0.00,0.0,M
2023-12-26,55,49,0.00,0.0,M
2023-12-27,63,49,0.00,0.0,M
2023-12-28,54,43,0.00,0.0,M
2023-12-29,54,36,0.00,0.0,M
2023-12-30,60,37,0.00,0.0,M
2023-12-31,69,37,0.00,0.0,M
2024-01-01,65,49,0.00,0.0,M
2024-01-02,54,41,T,M,M
2024-01-03,58,48,0.47,M,M
2024-01-04,58,43,0.00,0.0,M
2024-01-05,65,42,1.06,M,M
2024-01-06,58,45,0.00,0.0,M
2024-01-07,56,42,0.00,0.0,M
2024-01-08,72,50,0.81,0.0,M
2024-01-09,74,44,1.18,0.0,M
2024-01-10,59,37,0.00,0.0,M
2024-01-11,71,50,0.00,0.0,M
2024-01-12,77,46,0.09,0.0,M
2024-01-13,55,40,0.00,0.0,M
2024-01-14,67,38,0.00,0.0,M
2024-01-15,61,36,0.00,0.0,M
2024-01-16,36,24,0.07,M,M
2024-01-17,41,26,0.00,0.0,M
2024-01-18,65,34,0.28,0.0,M
2024-01-19,65,40,0.00,0.0,M
2024-01-20,45,32,0.00,0.0,M
2024-01-21,44,32,0.00,0.0,M
2024-01-22,59,43,0.02,M,M
2024-01-23,68,57,0.04,0.0,M
2024-01-24,75,65,2.21,0.0,M
2024-01-25,73,61,0.65,0.0,M
2024-01-26,67,59,0.11,0.0,M
2024-01-27,70,55,1.57,0.0,M
2024-01-28,57,45,T,M,M
2024-01-29,64,41,0.00,0.0,M
2024-01-30,71,43,0.00,0.0,M
2024-01-31,71,49,0.00,0.0,M
2024-02-01,67,47,0.00,0.0,M
2024-02-02,72,47,0.00,0.0,M
2024-02-03,63,50,2.03,M,M
2024-02-04,71,51,0.01,0.0,M
2024-02-05,61,49,0.03,M,M
2024-02-06,70,48,0.00,0.0,M
2024-02-07,69,45,0.00,M,M
2024-02-08,72,59,0.00,0.0,M
2024-02-09,78,58,0.00,0.0,M
2024-02-10,78,63,0.00,0.0,M
2024-02-11,77,69,T,0.0,M
2024-02-12,73,48,1.25,M,M
2024-02-13,61,47,0.00,0.0,M
2024-02-14,65,44,0.00,0.0,M
2024-02-15,67,53,0.00,0.0,M
2024-02-16,64,57,0.14,0.0,M
2024-02-17,62,45,0.19,M,M
2024-02-18,57,41,0.00,0.0,M
2024-02-19,62,39,0.00,0.0,M
2024-02-20,71,43,0.00,0.0,M
2024-02-21,73,48,0.00,0.0,M
2024-02-22,76,52,T,0.0,M
2024-02-23,77,56,0.00,0.0,M
2024-02-24,76,47,0.00,0.0,M
2024-02-25,76,47,0.00,0.0,M
2024-02-26,80,52,0.00,0.0,M
2024-02-27,80,65,0.00,0.0,M
2024-02-28,80,59,0.00,0.0,M
2024-02-29,60,52,0.09,0.0,M
2024-03-01,62,52,1.07,0.0,M
2024-03-02,66,58,0.04,0.0,M
2024-03-03,79,63,T,0.0,M
2024-03-04,75,66,1.93,0.0,M
2024-03-05,73,60,0.75,0.0,M
2024-03-06,79,58,0.00,0.0,M
2024-03-07,79,59,0.00,0.0,M
2024-03-08,78,66,1.20,0.0,M
2024-03-09,68,58,0.00,0.0,M
2024-03-10,68,54,0.00,0.0,M
2024-03-11,68,56,0.00,0.0,M
2024-03-12,74,50,0.00,0.0,M
2024-03-13,78,60,0.00,0.0,M
2024-03-14,83,65,0.00,0.0,M
2024-03-15,81,65,0.35,0.0,M
2024-03-16,80,63,0.00,0.0,M
2024-03-17,69,64,1.35,0.0,M
2024-03-18,69,51,0.00,0.0,M
2024-03-19,60,44,0.00,0.0,M
2024-03-20,70,46,0.00,0.0,M
2024-03-21,67,50,0.17,0.0,M
2024-03-22,79,60,0.68,0.0,M
2024-03-23,75,59,0.00,0.0,M
2024-03-24,71,56,0.00,0.0,M
2024-03-25,77,67,0.01,0.0,M
2024-03-26,75,58,1.14,0.0,M
2024-03-27,71,59,0.00,0.0,M
2024-03-28,72,54,0.00,0.0,M
2024-03-29,75,50,0.00,0.0,M
2024-03-30,79,58,0.00,0.0,M
2024-03-31,80,66,0.00,0.0,M
2024-04-01,81,70,0.00,M,M
2024-04-02,83,71,0.01,M,M
2024-04-03,74,58,0.00,M,M
2024-04-04,76,57,0.00,M,M
2024-04-05,83,58,0.00,M,M
2024-04-06,79,59,0.00,M,M
2024-04-07,80,66,0.00,M,M
2024-04-08,77,70,0.04,M,M
2024-04-09,81,71,0.00,M,M
2024-04-10,75,64,6.24,M,M
2024-04-11,75,60,0.00,M,M
2024-04-12,78,58,0.00,M,M
2024-04-13,80,55,0.00,M,M
2024-04-14,80,59,0.00,M,M
2024-04-15,82,64,0.00,M,M
2024-04-16,82,69,0.00,M,M
2024-04-17,82,72,0.00,M,M
2024-04-18,81,72,0.00,M,M
2024-04-19,86,71,T,M,M
2024-04-20,85,71,0.00,M,M
2024-04-21,72,60,0.04,M,M
2024-04-22,71,55,0.00,M,M
2024-04-23,76,49,0.00,M,M
2024-04-24,83,59,0.00,M,M
2024-04-25,83,64,0.00,0.0,M
2024-04-26,85,68,0.00,0.0,M
2024-04-27,85,73,0.00,0.0,M
2024-04-28,84,72,0.00,0.0,M
2024-04-29,79,65,0.83,0.0,M
2024-04-30,86,63,0.00,0.0,M
2024-05-01,86,67,0.00,M,M
2024-05-02,84,74,0.00,M,M
2024-05-03,79,70,0.16,M,M
2024-05-04,86,71,0.00,M,M
2024-05-05,86,73,0.00,M,M
2024-05-06,87,75,0.00,M,M
2024-05-07,87,78,0.00,M,M
2024-05-08,88,79,0.00,M,M
2024-05-09,90,78,0.00,M,M
2024-05-10,90,79,0.04,M,M
2024-05-11,83,72,0.01,M,M
2024-05-12,84,72,T,M,M
2024-05-13,84,69,1.76,M,M
2024-05-14,87,70,0.01,M,M
2024-05-15,89,72,0.00,M,M
2024-05-16,88,70,1.47,0.0,M
2024-05-17,88,72,0.08,0.0,M
2024-05-18,84,70,0.34,0.0,M
2024-05-19,92,71,0.00,0.0,M
2024-05-20,90,74,0.00,0.0,M
2024-05-21,88,73,0.00,0.0,M
2024-05-22,87,75,0.00,0.0,M
2024-05-23,89,76,0.00,0.0,M
2024-05-24,90,79,0.00,0.0,M
2024-05-25,90,78,0.00,0.0,M
2024-05-26,90,79,0.00,0.0,M
2024-05-27,92,80,T,0.0,M
2024-05-28,96,72,0.17,0.0,M
2024-05-29,91,72,T,0.0,M
2024-05-30,87,71,1.91,0.0,M
2024-05-31,86,71,0.71,0.0,M
2024-06-01,91,73,0.05,0.0,M
2024-06-02,85,74,0.30,0.0,M
2024-06-03,90,77,0.00,0.0,M
2024-06-04,89,71,0.10,0.0,M
2024-06-05,90,74,0.00,0.0,M
2024-06-06,87,76,0.31,0.0,M
2024-06-07,94,76,0.00,0.0,M
2024-06-08,96,78,0.00,0.0,M
2024-06-09,94,77,0.00,0.0,M
2024-06-10,93,77,0.00,0.0,M
2024-06-11,92,81,0.00,0.0,M
2024-06-12,92,78,0.00,0.0,M
2024-06-13,94,77,0.00,0.0,M
2024-06-14,97,79,0.00,0.0,M
2024-06-15,97,78,0.00,0.0,M
2024-06-16,92,76,0.43,0.0,M
2024-06-17,86,74,1.36,0.0,M
2024-06-18,86,77,0.65,0.0,M
2024-06-19,90,81,0.07,0.0,M
2024-06-20,89,81,T,0.0,M
2024-06-21,93,80,0.00,0.0,M
2024-06-22,92,76,0.00,0.0,M
2024-06-23,93,77,0.00,0.0,M
2024-06-24,95,79,0.59,0.0,M
2024-06-25,93,79,0.00,0.0,M
2024-06-26,95,80,0.00,0.0,M
2024-06-27,94,76,2.33,0.0,M
2024-06-28,91,78,0.48,0.0,M
2024-06-29,94,81,0.00,0.0,M
2024-06-30,95,81,T,0.0,M
2024-07-01,98,81,0.00,0.0,M
2024-07-02,98,78,0.00,0.0,M
2024-07-03,91,81,0.05,0.0,M
2024-07-04,91,79,T,0.0,M
2024-07-05,94,76,0.87,0.0,M
2024-07-06,90,78,0.00,0.0,M
2024-07-07,94,81,0.00,0.0,M
2024-07-08,93,81,0.05,0.0,M
2024-07-09,91,77,0.29,0.0,M
2024-07-10,88,78,0.04,0.0,M
2024-07-11,89,76,1.01,0.0,M
2024-07-12,92,76,0.66,0.0,M
2024-07-13,96,79,0.00,0.0,M
2024-07-14,95,77,0.00,0.0,M
2024-07-15,91,79,T,0.0,M
2024-07-16,93,77,0.64,0.0,M
2024-07-17,91,75,1.50,0.0,M
2024-07-18,91,74,0.27,0.0,M
2024-07-19,87,76,0.15,0.0,M
2024-07-20,89,77,T,0.0,M
2024-07-21,87,76,0.15,0.0,M
2024-07-22,89,73,3.05,0.0,M
2024-07-23,89,75,0.16,0.0,M
2024-07-24,90,77,0.35,0.0,M
2024-07-25,92,76,0.01,0.0,M
2024-07-26,90,76,1.22,0.0,M
2024-07-27,89,76,0.01,0.0,M
2024-07-28,93,78,0.36,0.0,M
2024-07-29,93,78,T,0.0,M
2024-07-30,96,78,0.00,0.0,M
2024-07-31,95,80,0.00,0.0,M
2024-08-01,96,79,0.00,0.0,M
2024-08-02,96,81,0.00,0.0,M
2024-08-03,95,78,0.00,0.0,M
2024-08-04,96,76,0.00,0.0,M
2024-08-05,97,80,0.00,0.0,M
2024-08-06,98,78,0.00,0.0,M
2024-08-07,97,78,0.00,0.0,M
2024-08-08,98,78,0.00,0.0,M
2024-08-09,95,77,0.00,0.0,M
2024-08-10,95,82,0.00,0.0,M
2024-08-11,96,81,0.00,0.0,M
2024-08-12,97,78,0.00,0.0,M
2024-08-13,98,77,0.00,0.0,M
2024-08-14,98,80,0.00,0.0,M
2024-08-15,95,77,0.20,0.0,M
2024-08-16,94,76,0.06,0.0,M
2024-08-17,97,76,0.06,0.0,M
2024-08-18,98,76,0.00,0.0,M
2024-08-19,93,78,0.00,0.0,M
2024-08-20,94,81,0.00,0.0,M
2024-08-21,94,79,0.00,0.0,M
2024-08-22,95,73,0.00,0.0,M
2024-08-23,93,74,0.00,0.0,M
2024-08-24,92,73,0.00,0.0,M
2024-08-25,89,77,0.57,0.0,M
2024-08-26,94,76,0.00,0.0,M
2024-08-27,95,77,0.00,0.0,M
2024-08-28,91,79,0.00,0.0,M
2024-08-29,90,76,1.14,0.0,M
2024-08-30,86,75,0.37,0.0,M
2024-08-31,87,76,0.17,0.0,M
2024-09-01,89,77,0.00,0.0,M
2024-09-02,95,78,0.00,0.0,M
2024-09-03,95,78,0.00,0.0,M
2024-09-04,85,77,2.15,0.0,M
2024-09-05,82,77,1.20,0.0,M
2024-09-06,79,75,3.19,0.0,M
2024-09-07,79,74,0.34,0.0,M
2024-09-08,87,74,0.00,0.0,M
2024-09-09,81,76,T,0.0,M
2024-09-10,80,76,1.10,0.0,M
2024-09-11,78,74,7.33,0.0,M
2024-09-12,86,73,T,0.0,M
2024-09-13,88,73,0.00,0.0,M
2024-09-14,90,73,0.02,0.0,M
2024-09-15,86,75,0.00,0.0,M
2024-09-16,90,73,0.31,0.0,M
2024-09-17,86,74,1.09,0.0,M
2024-09-18,91,76,0.00,0.0,M
2024-09-19,93,76,0.00,0.0,M
2024-09-20,92,77,0.00,0.0,M
2024-09-21,92,76,0.00,0.0,M
2024-09-22,88,75,0.06,0.0,M
2024-09-23,90,74,0.00,0.0,M
2024-09-24,91,75,0.08,0.0,M
2024-09-25,91,75,0.50,0.0,M
2024-09-26,86,75,0.00,0.0,M
2024-09-27,86,65,0.00,0.0,M
2024-09-28,90,69,0.00,0.0,M
2024-09-29,89,67,0.00,0.0,M
2024-09-30,87,72,0.00,0.0,M
2024-10-01,89,70,0.00,0.0,M
2024-10-02,88,73,0.00,0.0,M
2024-10-03,86,72,0.08,0.0,M
2024-10-04,80,75,1.94,0.0,M
2024-10-05,85,74,0.00,0.0,M
2024-10-06,88,76,0.00,0.0,M
2024-10-07,89,75,0.00,0.0,M
2024-10-08,83,71,0.00,0.0,M
2024-10-09,86,70,0.00,0.0,M
2024-10-10,86,69,0.00,0.0,M
2024-10-11,85,65,0.00,0.0,M
2024-10-12,84,62,0.00,0.0,M
2024-10-13,85,64,0.00,0.0,M
2024-10-14,88,67,0.00,0.0,M
2024-10-15,86,72,0.00,0.0,M
2024-10-16,72,58,0.00,0.0,M
2024-10-17,70,52,0.00,0.0,M
2024-10-18,75,51,0.00,0.0,M
2024-10-19,78,62,0.00,0.0,M
2024-10-20,79,60,0.00,0.0,M
2024-10-21,81,57,0.00,0.0,M
2024-10-22,81,56,0.00,0.0,M
2024-10-23,83,59,0.00,0.0,M
2024-10-24,85,60,0.00,0.0,M
2024-10-25,83,61,0.00,0.0,M
2024-10-26,85,62,0.00,0.0,M
2024-10-27,85,61,0.00,0.0,M
2024-10-28,85,61,0.00,0.0,M
2024-10-29,86,69,0.00,0.0,M
2024-10-30,86,70,T,0.0,M
2024-10-31,87,74,0.01,0.0,M
2024-11-01,82,73,0.55,0.0,M
2024-11-02,84,73,0.00,0.0,M
2024-11-03,84,72,0.01,0.0,M
2024-11-04,85,75,0.08,0.0,M
2024-11-05,85,74,0.02,0.0,M
2024-11-06,87,72,0.00,0.0,M
2024-11-07,83,77,0.12,0.0,M
2024-11-08,81,76,0.00,0.0,M
2024-11-09,85,75,0.15,0.0,M
2024-11-10,79,73,0.15,0.0,M
2024-11-11,83,72,0.01,0.0,M
2024-11-12,77,68,0.47,0.0,M
2024-11-13,80,73,0.09,0.0,M
2024-11-14,74,65,0.00,0.0,M
2024-11-15,73,60,0.00,0.0,M
2024-11-16,77,56,0.00,0.0,M
2024-11-17,81,65,0.00,0.0,M
2024-11-18,83,70,0.12,0.0,M
2024-11-19,81,68,1.84,0.0,M
2024-11-20,72,59,0.00,0.0,M
2024-11-21,67,53,0.00,0.0,M
2024-11-22,64,49,0.00,0.0,M
2024-11-23,67,46,0.00,0.0,M
2024-11-24,74,48,0.00,0.0,M
2024-11-25,81,57,0.04,0.0,M
2024-11-26,69,57,0.03,0.0,M
2024-11-27,78,55,0.01,0.0,M
2024-11-28,73,54,0.01,0.0,M
2024-11-29,58,48,T,0.0,M
2024-11-30,58,44,0.00,0.0,M
2024-12-01,64,41,0.00,0.0,M
2024-12-02,61,44,0.00,0.0,M
2024-12-03,58,41,0.00,0.0,M
2024-12-04,69,41,0.01,M,M
2024-12-05,69,47,1.27,M,M
2024-12-06,52,40,0.00,0.0,M
2024-12-07,55,44,T,M,M
2024-12-08,71,53,0.02,0.0,M
2024-12-09,76,68,0.25,0.0,M
2024-12-10,77,58,0.60,0.0,M
2024-12-11,58,41,0.00,0.0,M
2024-12-12,58,39,0.00,0.0,M
2024-12-13,68,51,0.00,0.0,M
2024-12-14,74,58,0.00,0.0,M
2024-12-15,78,56,0.02,0.0,M
2024-12-16,76,62,0.02,0.0,M
2024-12-17,79,58,0.00,0.0,M
2024-12-18,77,57,0.00,0.0,M
2024-12-19,63,50,0.00,0.0,M
2024-12-20,66,43,0.00,0.0,M
2024-12-21,53,40,0.00,0.0,M
2024-12-22,56,37,0.00,0.0,M
2024-12-23,65,39,0.00,0.0,M
2024-12-24,72,51,0.00,0.0,M
2024-12-25,66,57,0.80,0.0,M
2024-12-26,72,59,0.00,0.0,M
2024-12-27,80,68,0.87,0.0,M
2024-12-28,75,59,1.47,0.0,M
2024-12-29,67,54,0.00,0.0,M
2024-12-30,74,50,0.00,0.0,M
2024-12-31,76,56,0.00,0.0,M
2025-01-01,61,50,0.00,0.0,M
2025-01-02,63,49,0.00,0.0,M
2025-01-03,67,53,0.00,0.0,M
2025-01-04,63,53,0.01,0.0,M
2025-01-05,77,56,0.71,0.0,M
2025-01-06,56,35,0.03,M,M
2025-01-07,46,34,0.00,0.0,M
2025-01-08,47,33,0.00,0.0,M
2025-01-09,51,38,T,M,M
2025-01-10,60,41,1.01,M,M
2025-01-11,48,35,0.00,0.0,M
2025-01-12,56,34,1.64,M,M
2025-01-13,61,48,0.39,M,M
2025-01-14,52,43,0.00,0.0,M
2025-01-15,61,49,0.12,0.0,M
2025-01-16,64,43,0.09,M,M
2025-01-17,66,39,T,M,M
2025-01-18,71,57,0.44,0.0,M
2025-01-19,57,35,0.00,0.0,M
2025-01-20,41,30,T,M,M
2025-01-21,38,26,0.24,8.0,7
2025-01-22,34,22,0.00,0.0,6
2025-01-23,48,21,0.00,0.0,2
2025-01-24,53,32,0.00,0.0,M
2025-01-25,57,28,0.00,0.0,M
2025-01-26,69,51,0.00,0.0,M
2025-01-27,68,53,T,0.0,M
2025-01-28,60,50,0.00,0.0,M
2025-01-29,71,49,0.00,0.0,M
2025-01-30,77,64,0.00,0.0,M
2025-01-31,77,57,T,0.0,M
2025-02-01,69,50,0.00,0.0,M
2025-02-02,72,46,0.00,0.0,M
2025-02-03,77,51,0.00,0.0,M
2025-02-04,76,65,0.00,0.0,M
2025-02-05,78,62,0.00,0.0,M
2025-02-06,82,67,0.03,0.0,M
2025-02-07,79,59,0.00,0.0,M
2025-02-08,85,66,0.00,0.0,M
2025-02-09,77,68,0.11,0.0,M
2025-02-10,70,64,0.00,0.0,M
2025-02-11,83,64,0.41,0.0,M
2025-02-12,83,66,0.03,0.0,M
2025-02-13,66,52,0.00,0.0,M
2025-02-14,67,48,0.00,0.0,M
2025-02-15,81,68,0.00,0.0,M
2025-02-16,75,47,M,M,M
2025-02-17,56,41,0.00,0.0,M
2025-02-18,61,44,0.66,M,M
2025-02-19,58,34,2.35,M,M
2025-02-20,45,29,M,M,M
2025-02-21,48,33,0.00,0.0,M
2025-02-22,59,47,T,M,M
2025-02-23,57,49,1.71,M,M
2025-02-24,66,49,0.15,M,M
2025-02-25,73,50,M,M,M
2025-02-26,74,48,0.00,0.0,M
2025-02-27,77,55,0.00,0.0,M
2025-02-28,74,52,0.00,0.0,M
2025-03-01,80,54,0.00,0.0,M
2025-03-02,67,51,0.00,0.0,M
2025-03-03,73,48,M,M,M
2025-03-04,76,57,0.54,0.0,M
2025-03-05,67,54,0.00,0.0,M
2025-03-06,66,50,0.00,0.0,M
2025-03-07,74,47,0.03,0.0,M
2025-03-08,77,64,0.27,0.0,M
2025-03-09,71,53,T,0.0,M
2025-03-10,72,50,0.00,0.0,M
2025-03-11,76,47,0.00,0.0,M
2025-03-12,78,51,0.00,0.0,M
2025-03-13,83,63,0.00,0.0,M
2025-03-14,81,66,0.00,0.0,M
2025-03-15,81,64,0.92,0.0,M
2025-03-16,72,58,0.00,0.0,M
2025-03-17,72,43,0.00,0.0,M
2025-03-18,73,47,0.00,0.0,M
2025-03-19,82,62,T,0.0,M
2025-03-20,69,53,0.00,0.0,M
2025-03-21,66,41,0.00,0.0,M
2025-03-22,77,52,0.00,0.0,M
2025-03-23,77,60,0.00,0.0,M
2025-03-24,75,62,0.65,0.0,M
2025-03-25,83,57,0.00,0.0,M
2025-03-26,83,62,0.00,0.0,M
2025-03-27,80,67,0.00,0.0,M
2025-03-28,80,69,0.01,0.0,M
2025-03-29,82,66,0.45,0.0,M
2025-03-30,86,69,0.00,0.0,M
2025-03-31,80,67,1.38,0.0,M
2025-04-01,81,69,T,0.0,M
2025-04-02,83,77,0.00,0.0,M
2025-04-03,84,77,0.00,0.0,M
2025-04-04,85,79,0.00,0.0,M
2025-04-05,80,75,0.00,0.0,M
2025-04-06,79,59,0.71,0.0,M
2025-04-07,63,54,0.04,0.0,M
2025-04-08,71,47,0.00,0.0,M
2025-04-09,76,51,0.00,0.0,M
2025-04-10,80,55,0.00,0.0,M
2025-04-11,81,64,0.00,0.0,M
2025-04-12,76,57,0.00,0.0,M
2025-04-13,80,54,0.00,0.0,M
2025-04-14,81,58,0.00,0.0,M
2025-04-15,80,63,0.00,0.0,M
2025-04-16,78,63,0.00,0.0,M
2025-04-17,81,59,0.00,0.0,M
2025-04-18,83,69,0.00,0.0,M
2025-04-19,84,72,0.00,0.0,M
2025-04-20,84,72,0.01,0.0,M
2025-04-21,83,67,4.38,0.0,M
2025-04-22,83,69,0.01,0.0,M
2025-04-23,83,71,0.00,0.0,M
2025-04-24,84,73,T,0.0,M
2025-04-25,84,70,T,0.0,M
2025-04-26,86,68,0.00,0.0,M
2025-04-27,84,70,0.08,0.0,M
2025-04-28,85,69,0.00,0.0,M
2025-04-29,86,70,0.00,0.0,M
2025-04-30,85,73,0.00,0.0,M
2025-05-01,85,71,T,0.0,M
2025-05-02,84,69,0.02,0.0,M
2025-05-03,82,67,0.15,0.0,M
2025-05-04,80,68,0.00,0.0,M
2025-05-05,82,67,0.01,0.0,M
2025-05-06,83,70,1.10,0.0,M
2025-05-07,76,66,1.64,0.0,M
2025-05-08,86,69,0.00,0.0,M
2025-05-09,75,67,2.27,0.0,M
2025-05-10,79,64,T,0.0,M
2025-05-11,76,59,0.00,0.0,M
2025-05-12,78,62,0.00,0.0,M
2025-05-13,87,64,0.00,0.0,M
2025-05-14,88,72,0.00,0.0,M
2025-05-15,90,75,0.00,0.0,M
2025-05-16,91,77,0.00,0.0,M
2025-05-17,91,77,0.00,0.0,M
2025-05-18,90,76,0.00,0.0,M
2025-05-19,89,78,0.00,0.0,M
2025-05-20,91,79,0.00,0.0,M
2025-05-21,82,74,0.01,0.0,M
2025-05-22,89,72,0.00,0.0,M
2025-05-23,89,72,0.38,0.0,M
2025-05-24,90,72,0.28,0.0,M
2025-05-25,92,76,0.00,0.0,M
2025-05-26,92,78,T,0.0,M
2025-05-27,92,76,0.03,0.0,M
2025-05-28,90,73,0.29,0.0,M
2025-05-29,86,74,1.37,0.0,M
2025-05-30,91,74,T,0.0,M
2025-05-31,86,73,0.00,0.0,M
2025-06-01,88,68,0.00,0.0,M
2025-06-02,89,72,T,0.0,M
2025-06-03,89,73,T,0.0,M
2025-06-04,91,76,0.00,0.0,M
2025-06-05,92,77,0.00,0.0,M
2025-06-06,93,77,0.15,0.0,M
2025-06-07,95,78,0.00,0.0,M
2025-06-08,95,78,T,0.0,M
2025-06-09,91,79,T,0.0,M
2025-06-10,94,72,0.23,0.0,M
2025-06-11,93,72,0.27,0.0,M
2025-06-12,92,79,0.00,0.0,M
2025-06-13,89,74,1.00,0.0,M
2025-06-14,92,72,3.87,0.0,M
2025-06-15,91,75,0.10,0.0,M
2025-06-16,89,76,0.30,0.0,M
2025-06-17,88,78,0.64,0.0,M
2025-06-18,92,77,1.16,0.0,M
2025-06-19,93,77,0.08,0.0,M
2025-06-20,95,75,T,0.0,M
2025-06-21,94,79,0.00,0.0,M
2025-06-22,96,81,0.00,0.0,M
2025-06-23,96,80,0.00,0.0,M
2025-06-24,90,78,0.51,0.0,M
2025-06-25,92,77,0.33,0.0,M
2025-06-26,92,77,T,0.0,M
2025-06-27,90,78,0.66,0.0,M
2025-06-28,90,77,0.93,0.0,M
2025-06-29,90,77,0.14,0.0,M
2025-06-30,92,78,0.13,0.0,M
2025-07-01,94,78,0.00,0.0,M
2025-07-02,92,77,0.65,0.0,M
2025-07-03,93,79,T,0.0,M
2025-07-04,94,78,0.01,0.0,M
2025-07-05,97,77,0.00,0.0,M
2025-07-06,94,77,T,0.0,M
2025-07-07,92,77,0.01,0.0,M
2025-07-08,91,76,0.88,0.0,M
2025-07-09,90,74,0.93,0.0,M
2025-07-10,90,76,T,0.0,M
2025-07-11,93,75,0.00,0.0,M
2025-07-12,93,77,T,0.0,M
2025-07-13,93,77,0.02,0.0,M
2025-07-14,93,77,T,0.0,M
2025-07-15,95,75,0.00,0.0,M
2025-07-16,93,77,0.61,0.0,M
2025-07-17,86,76,0.13,0.0,M
2025-07-18,92,77,0.00,0.0,M
2025-07-19,91,80,0.19,0.0,M
2025-07-20,96,78,0.00,0.0,M
2025-07-21,95,78,T,0.0,M
2025-07-22,97,80,0.00,0.0,M
2025-07-23,96,78,0.07,0.0,M
2025-07-24,93,78,2.06,0.0,M
2025-07-25,93,80,0.04,0.0,M
2025-07-26,92,78,0.75,0.0,M
2025-07-27,94,79,0.00,0.0,M
2025-07-28,97,79,0.00,0.0,M
2025-07-29,98,81,0.00,0.0,M
2025-07-30,96,76,0.07,0.0,M
2025-07-31,95,75,0.00,0.0,M
2025-08-01,94,79,T,0.0,M
2025-08-02,91,79,0.00,0.0,M
2025-08-03,93,81,0.00,0.0,M
2025-08-04,94,82,0.00,0.0,M
2025-08-05,93,80,T,0.0,M
2025-08-06,94,76,0.72,0.0,M
2025-08-07,94,78,0.20,0.0,M
2025-08-08,91,76,0.73,0.0,M
2025-08-09,91,77,0.00,0.0,M
2025-08-10,91,79,T,0.0,M
2025-08-11,92,80,0.00,0.0,M
2025-08-12,90,80,0.00,0.0,M
2025-08-13,95,78,0.00,0.0,M
2025-08-14,95,79,T,0.0,M
2025-08-15,92,76,0.14,0.0,M
2025-08-16,95,74,0.00,0.0,M
2025-08-17,99,78,0.22,0.0,M
2025-08-18,96,78,0.00,0.0,M
2025-08-19,97,78,0.00,0.0,M
2025-08-20,97,77,0.46,0.0,M
2025-08-21,95,78,T,0.0,M
2025-08-22,91,78,0.02,0.0,M
2025-08-23,94,77,1.47,0.0,M
2025-08-24,94,76,0.00,0.0,M
2025-08-25,95,77,0.00,0.0,M
2025-08-26,93,77,0.00,0.0,M
2025-08-27,91,77,0.00,0.0,M
2025-08-28,92,78,0.69,0.0,M
2025-08-29,85,76,0.20,0.0,M
2025-08-30,89,75,0.00,0.0,M
2025-08-31,90,76,M,0.0,M
2025-09-01,90,74,0.00,0.0,M
2025-09-02,91,74,0.00,0.0,M
2025-09-03,92,71,0.00,0.0,M
2025-09-04,93,73,0.00,0.0,M
2025-09-05,93,75,T,0.0,M
2025-09-06,93,75,0.00,0.0,M
2025-09-07,91,78,0.00,0.0,M
2025-09-08,87,72,0.00,0.0,M
2025-09-09,91,73,0.00,0.0,M
2025-09-10,92,78,0.00,0.0,M
2025-09-11,93,74,0.00,0.0,M
2025-09-12,95,73,0.00,0.0,M
2025-09-13,96,74,0.00,0.0,M
2025-09-14,93,75,0.00,0.0,M
2025-09-15,93,72,0.00,0.0,M
2025-09-16,93,74,0.00,0.0,M
2025-09-17,94,73,0.00,0.0,M
2025-09-18,90,70,0.00,0.0,M
2025-09-19,93,75,0.00,0.0,M
2025-09-20,94,71,0.00,0.0,M
2025-09-21,92,73,T,0.0,M
2025-09-22,93,77,0.06,0.0,M
2025-09-23,92,75,0.00,0.0,M
2025-09-24,92,77,0.17,0.0,M
2025-09-25,84,75,0.41,0.0,M
2025-09-26,88,73,0.00,0.0,M
2025-09-27,90,69,0.00,0.0,M
2025-09-28,92,72,0.00,0.0,M
2025-09-29,93,70,0.00,0.0,M
2025-09-30,92,72,0.00,0.0,M
2025-10-01,92,71,0.00,0.0,M
2025-10-02,90,74,0.00,0.0,M
2025-10-03,85,74,T,0.0,M
2025-10-04,81,75,0.02,0.0,M
2025-10-05,82,74,0.92,0.0,M
2025-10-06,88,73,0.21,0.0,M
2025-10-07,91,76,M,0.0,M
2025-10-08,91,77,0.00,0.0,M
2025-10-09,90,76,0.00,0.0,M
2025-10-10,84,73,0.00,0.0,M
2025-10-11,84,71,0.00,0.0,M
2025-10-12,85,62,0.00,0.0,M
2025-10-13,86,60,0.00,0.0,M
2025-10-14,87,63,0.00,0.0,M
2025-10-15,88,66,0.00,0.0,M
2025-10-16,88,65,0.00,0.0,M
2025-10-17,88,67,0.00,0.0,M
2025-10-18,88,73,0.01,0.0,M
2025-10-19,90,70,0.00,0.0,M
2025-10-20,83,63,0.00,0.0,M
2025-10-21,89,67,0.00,0.0,M
2025-10-22,82,59,0.00,0.0,M
2025-10-23,82,57,0.00,0.0,M
2025-10-24,84,59,0.00,0.0,M
2025-10-25,82,71,0.22,0.0,M
2025-10-26,83,72,1.88,0.0,M
2025-10-27,83,71,0.00,0.0,M
2025-10-28,78,66,T,0.0,M
2025-10-29,74,58,0.08,0.0,M
2025-10-30,68,56,0.00,0.0,M
2025-10-31,70,49,0.00,0.0,M
2025-11-01,73,50,T,0.0,M
2025-11-02,71,59,0.00,0.0,M
2025-11-03,70,52,0.00,0.0,M
2025-11-04,76,48,0.00,0.0,M
2025-11-05,80,53,0.00,0.0,M
2025-11-06,78,58,0.00,0.0,M
2025-11-07,85,65,0.00,0.0,M
2025-11-08,85,63,0.00,0.0,M
2025-11-09,73,52,T,0.0,M
2025-11-10,55,44,0.00,0.0,M
2025-11-11,59,35,0.00,0.0,M
2025-11-12,75,43,0.00,0.0,M
2025-11-13,77,52,0.00,0.0,M
2025-11-14,77,53,0.00,0.0,M
2025-11-15,79,54,0.00,0.0,M
2025-11-16,81,57,0.00,0.0,M
2025-11-17,77,58,0.00,0.0,M
2025-11-18,82,64,0.00,0.0,M
2025-11-19,80,62,0.00,0.0,M
2025-11-20,80,63,0.00,0.0,M
2025-11-21,85,70,0.01,0.0,M
2025-11-22,84,68,0.00,0.0,M
2025-11-23,75,61,0.00,0.0,M
2025-11-24,82,59,0.11,0.0,M
2025-11-25,85,67,0.22,0.0,M
2025-11-26,69,55,0.00,0.0,M
2025-11-27,62,50,0.00,0.0,M
2025-11-28,58,49,0.00,0.0,M
2025-11-29,72,47,0.00,0.0,M
2025-11-30,67,54,0.00,0.0,M
