date,max_temp_f,min_temp_f,precip_in,snow_in,snow_depth_in
1903-01-30,M,M,0.00,0.0,0
1903-01-31,M,M,M,M,M
1903-02-01,M,M,M,M,M
1903-02-02,M,M,M,M,M
1903-02-03,M,M,M,M,M
1903-02-04,M,M,M,M,M
1903-02-05,M,M,M,M,M
1903-02-06,M,M,M,M,M
1903-02-07,M,M,M,M,M
1903-02-08,M,M,M,M,M
1903-02-09,M,M,M,M,M
1903-02-10,M,M,M,M,M
1903-02-11,M,M,M,M,M
1903-02-12,M,M,M,M,M
1903-02-13,M,M,M,M,M
1903-02-14,M,M,M,M,M
1903-02-15,M,M,M,M,M
1903-02-16,M,M,M,M,M
1903-02-17,M,M,M,M,M
1903-02-18,M,M,M,M,M
1903-02-19,M,M,M,M,M
1903-02-20,M,M,M,M,M
1903-02-21,M,M,M,M,M
1903-02-22,M,M,M,M,M
1903-02-23,M,M,M,M,M
1903-02-24,M,M,M,M,M
1903-02-25,M,M,M,M,M
1903-02-26,M,M,M,M,M
1903-02-27,M,M,M,M,M
1903-02-28,M,M,M,M,M
1903-03-01,M,M,M,M,M
1903-03-02,M,M,M,M,M
1903-03-03,M,M,M,M,M
1903-03-04,M,M,M,M,M
1903-03-05,M,M,M,M,M
1903-03-06,M,M,M,M,M
1903-03-07,M,M,M,M,M
1903-03-08,M,M,M,M,M
1903-03-09,M,M,M,M,M
1903-03-10,M,M,M,M,M
1903-03-11,M,M,M,M,M
1903-03-12,M,M,M,M,M
1903-03-13,M,M,M,M,M
1903-03-14,M,M,M,M,M
1903-03-15,M,M,M,M,M
1903-03-16,M,M,M,M,M
1903-03-17,M,M,M,M,M
1903-03-18,M,M,M,M,M
1903-03-19,M,M,M,M,M
1903-03-20,M,M,M,M,M
1903-03-21,M,M,M,M,M
1903-03-22,M,M,M,M,M
1903-03-23,M,M,M,M,M
1903-03-24,M,M,M,M,M
1903-03-25,M,M,M,M,M
1903-03-26,M,M,M,M,M
1903-03-27,M,M,M,M,M
1903-03-28,M,M,M,M,M
1903-03-29,M,M,M,M,M
1903-03-30,M,M,M,M,M
1903-03-31,M,M,M,M,M
1903-04-01,M,M,M,M,M
1903-04-02,M,M,M,M,M
1903-04-03,M,M,M,M,M
1903-04-04,M,M,M,M,M
1903-04-05,M,M,M,M,M
1903-04-06,M,M,M,M,M
1903-04-07,M,M,M,M,M
1903-04-08,M,M,M,M,M
1903-04-09,M,M,M,M,M
1903-04-10,M,M,M,M,M
1903-04-11,M,M,M,M,M
1903-04-12,M,M,M,M,M
1903-04-13,M,M,M,M,M
1903-04-14,M,M,M,M,M
1903-04-15,M,M,M,M,M
1903-04-16,M,M,M,M,M
1903-04-17,M,M,M,M,M
1903-04-18,M,M,M,M,M
1903-04-19,M,M,M,M,M
1903-04-20,M,M,M,M,M
1903-04-21,M,M,M,M,M
1903-04-22,M,M,M,M,M
1903-04-23,M,M,M,M,M
1903-04-24,M,M,M,M,M
1903-04-25,M,M,M,M,M
1903-04-26,M,M,M,M,M
1903-04-27,M,M,M,M,M
1903-04-28,M,M,M,M,M
1903-04-29,M,M,M,M,M
1903-04-30,M,M,M,M,M
1903-05-01,M,M,M,M,M
1903-05-02,M,M,M,M,M
1903-05-03,M,M,M,M,M
1903-05-04,M,M,M,M,M
1903-05-05,M,M,M,M,M
1903-05-06,M,M,M,M,M
1903-05-07,M,M,M,M,M
1903-05-08,M,M,M,M,M
1903-05-09,M,M,M,M,M
1903-05-10,M,M,M,M,M
1903-05-11,M,M,M,M,M
1903-05-12,M,M,M,M,M
1903-05-13,M,M,M,M,M
1903-05-14,M,M,M,M,M
1903-05-15,M,M,M,M,M
1903-05-16,M,M,M,M,M
1903-05-17,M,M,M,M,M
1903-05-18,M,M,M,M,M
1903-05-19,M,M,M,M,M
1903-05-20,M,M,M,M,M
1903-05-21,M,M,M,M,M
1903-05-22,M,M,M,M,M
1903-05-23,M,M,M,M,M
1903-05-24,M,M,M,M,M
1903-05-25,M,M,M,M,M
1903-05-26,M,M,M,M,M
1903-05-27,M,M,M,M,M
1903-05-28,M,M,M,M,M
1903-05-29,M,M,M,M,M
1903-05-30,M,M,M,M,M
1903-05-31,M,M,M,M,M
1903-06-01,M,M,M,M,M
1903-06-02,M,M,M,M,M
1903-06-03,M,M,M,M,M
1903-06-04,M,M,M,M,M
1903-06-05,M,M,M,M,M
1903-06-06,M,M,M,M,M
1903-06-07,M,M,M,M,M
1903-06-08,M,M,M,M,M
1903-06-09,M,M,M,M,M
1903-06-10,M,M,M,M,M
1903-06-11,M,M,M,M,M
1903-06-12,M,M,M,M,M
1903-06-13,M,M,M,M,M
1903-06-14,M,M,M,M,M
1903-06-15,M,M,M,M,M
1903-06-16,M,M,M,M,M
1903-06-17,M,M,M,M,M
1903-06-18,M,M,M,M,M
1903-06-19,M,M,M,M,M
1903-06-20,M,M,M,M,M
1903-06-21,M,M,M,M,M
1903-06-22,M,M,M,M,M
1903-06-23,M,M,M,M,M
1903-06-24,M,M,M,M,M
1903-06-25,M,M,M,M,M
1903-06-26,M,M,M,M,M
1903-06-27,M,M,M,M,M
1903-06-28,M,M,M,M,M
1903-06-29,M,M,M,M,M
1903-06-30,M,M,M,M,M
1903-07-01,M,M,M,M,M
1903-07-02,M,M,M,M,M
1903-07-03,M,M,M,M,M
1903-07-04,M,M,M,M,M
1903-07-05,M,M,M,M,M
1903-07-06,M,M,M,M,M
1903-07-07,M,M,M,M,M
1903-07-08,M,M,M,M,M
1903-07-09,M,M,M,M,M
1903-07-10,M,M,M,M,M
1903-07-11,M,M,M,M,M
1903-07-12,M,M,M,M,M
1903-07-13,M,M,M,M,M
1903-07-14,M,M,M,M,M
1903-07-15,M,M,M,M,M
1903-07-16,M,M,M,M,M
1903-07-17,M,M,M,M,M
1903-07-18,M,M,M,M,M
1903-07-19,M,M,M,M,M
1903-07-20,M,M,M,M,M
1903-07-21,M,M,M,M,M
1903-07-22,M,M,M,M,M
1903-07-23,M,M,M,M,M
1903-07-24,M,M,M,M,M
1903-07-25,M,M,M,M,M
1903-07-26,M,M,M,M,M
1903-07-27,M,M,M,M,M
1903-07-28,M,M,M,M,M
1903-07-29,M,M,M,M,M
1903-07-30,M,M,M,M,M
1903-07-31,M,M,M,M,M
1903-08-01,M,M,M,M,M
1903-08-02,M,M,M,M,M
1903-08-03,M,M,M,M,M
1903-08-04,M,M,M,M,M
1903-08-05,M,M,M,M,M
1903-08-06,M,M,M,M,M
1903-08-07,M,M,M,M,M
1903-08-08,M,M,M,M,M
1903-08-09,M,M,M,M,M
1903-08-10,M,M,M,M,M
1903-08-11,M,M,M,M,M
1903-08-12,M,M,M,M,M
1903-08-13,M,M,M,M,M
1903-08-14,M,M,M,M,M
1903-08-15,M,M,M,M,M
1903-08-16,M,M,M,M,M
1903-08-17,M,M,M,M,M
1903-08-18,M,M,M,M,M
1903-08-19,M,M,M,M,M
1903-08-20,M,M,M,M,M
1903-08-21,M,M,M,M,M
1903-08-22,M,M,M,M,M
1903-08-23,M,M,M,M,M
1903-08-24,M,M,M,M,M
1903-08-25,M,M,M,M,M
1903-08-26,M,M,M,M,M
1903-08-27,M,M,M,M,M
1903-08-28,M,M,M,M,M
1903-08-29,M,M,M,M,M
1903-08-30,M,M,M,M,M
1903-08-31,M,M,M,M,M
1903-09-01,M,M,M,M,M
1903-09-02,M,M,M,M,M
1903-09-03,M,M,M,M,M
1903-09-04,M,M,M,M,M
1903-09-05,M,M,M,M,M
1903-09-06,M,M,M,M,M
1903-09-07,M,M,M,M,M
1903-09-08,M,M,M,M,M
1903-09-09,M,M,M,M,M
1903-09-10,M,M,M,M,M
1903-09-11,M,M,M,M,M
1903-09-12,M,M,M,M,M
1903-09-13,M,M,M,M,M
1903-09-14,M,M,M,M,M
1903-09-15,M,M,M,M,M
1903-09-16,M,M,M,M,M
1903-09-17,M,M,M,M,M
1903-09-18,M,M,M,M,M
1903-09-19,M,M,M,M,M
1903-09-20,M,M,M,M,M
1903-09-21,M,M,M,M,M
1903-09-22,M,M,M,M,M
1903-09-23,M,M,M,M,M
1903-09-24,M,M,M,M,M
1903-09-25,M,M,M,M,M
1903-09-26,M,M,M,M,M
1903-09-27,M,M,M,M,M
1903-09-28,M,M,M,M,M
1903-09-29,M,M,M,M,M
1903-09-30,M,M,M,M,M
1903-10-01,M,M,M,M,M
1903-10-02,M,M,M,M,M
1903-10-03,M,M,M,M,M
1903-10-04,M,M,M,M,M
1903-10-05,M,M,M,M,M
1903-10-06,M,M,M,M,M
1903-10-07,M,M,M,M,M
1903-10-08,M,M,M,M,M
1903-10-09,M,M,M,M,M
1903-10-10,M,M,M,M,M
1903-10-11,M,M,M,M,M
1903-10-12,M,M,M,M,M
1903-10-13,M,M,M,M,M
1903-10-14,M,M,M,M,M
1903-10-15,M,M,M,M,M
1903-10-16,M,M,M,M,M
1903-10-17,M,M,M,M,M
1903-10-18,M,M,M,M,M
1903-10-19,M,M,M,M,M
1903-10-20,M,M,M,M,M
1903-10-21,M,M,M,M,M
1903-10-22,M,M,M,M,M
1903-10-23,M,M,M,M,M
1903-10-24,M,M,M,M,M
1903-10-25,M,M,M,M,M
1903-10-26,M,M,M,M,M
1903-10-27,M,M,M,M,M
1903-10-28,M,M,M,M,M
1903-10-29,M,M,M,M,M
1903-10-30,M,M,M,M,M
1903-10-31,M,M,M,M,M
1903-11-01,M,M,M,M,M
1903-11-02,M,M,M,M,M
1903-11-03,M,M,M,M,M
1903-11-04,M,M,M,M,M
1903-11-05,M,M,M,M,M
1903-11-06,M,M,M,M,M
1903-11-07,M,M,M,M,M
1903-11-08,M,M,M,M,M
1903-11-09,M,M,M,M,M
1903-11-10,M,M,M,M,M
1903-11-11,M,M,M,M,M
1903-11-12,M,M,M,M,M
1903-11-13,M,M,M,M,M
1903-11-14,M,M,M,M,M
1903-11-15,M,M,M,M,M
1903-11-16,M,M,M,M,M
1903-11-17,M,M,M,M,M
1903-11-18,M,M,M,M,M
1903-11-19,M,M,M,M,M
1903-11-20,M,M,M,M,M
1903-11-21,M,M,M,M,M
1903-11-22,M,M,M,M,M
1903-11-23,M,M,M,M,M
1903-11-24,M,M,M,M,M
1903-11-25,M,M,M,M,M
1903-11-26,M,M,M,M,M
1903-11-27,M,M,M,M,M
1903-11-28,M,M,M,M,M
1903-11-29,M,M,M,M,M
1903-11-30,M,M,M,M,M
1903-12-01,M,M,M,M,M
1903-12-02,M,M,M,M,M
1903-12-03,M,M,M,M,M
1903-12-04,M,M,M,M,M
1903-12-05,M,M,M,M,M
1903-12-06,M,M,M,M,M
1903-12-07,M,M,M,M,M
1903-12-08,M,M,M,M,M
1903-12-09,M,M,M,M,M
1903-12-10,M,M,M,M,M
1903-12-11,M,M,M,M,M
1903-12-12,M,M,M,M,M
1903-12-13,M,M,M,M,M
1903-12-14,M,M,M,M,M
1903-12-15,M,M,M,M,M
1903-12-16,M,M,M,M,M
1903-12-17,M,M,M,M,M
1903-12-18,M,M,M,M,M
1903-12-19,M,M,M,M,M
1903-12-20,M,M,M,M,M
1903-12-21,M,M,M,M,M
1903-12-22,M,M,M,M,M
1903-12-23,M,M,M,M,M
1903-12-24,M,M,M,M,M
1903-12-25,M,M,M,M,M
1903-12-26,M,M,M,M,M
1903-12-27,M,M,M,M,M
1903-12-28,M,M,M,M,M
1903-12-29,M,M,M,M,M
1903-12-30,M,M,M,M,M
1903-12-31,M,M,M,M,M
1904-01-01,M,M,M,M,M
1904-01-02,M,M,M,M,M
1904-01-03,M,M,M,M,M
1904-01-04,M,M,M,M,M
1904-01-05,M,M,M,M,M
1904-01-06,M,M,M,M,M
1904-01-07,M,M,M,M,M
1904-01-08,M,M,M,M,M
1904-01-09,M,M,M,M,M
1904-01-10,M,M,M,M,M
1904-01-11,M,M,M,M,M
1904-01-12,M,M,M,M,M
1904-01-13,M,M,M,M,M
1904-01-14,M,M,M,M,M
1904-01-15,M,M,M,M,M
1904-01-16,M,M,M,M,M
1904-01-17,M,M,M,M,M
1904-01-18,M,M,M,M,M
1904-01-19,M,M,M,M,M
1904-01-20,M,M,M,M,M
1904-01-21,M,M,M,M,M
1904-01-22,M,M,M,M,M
1904-01-23,M,M,M,M,M
1904-01-24,M,M,M,M,M
1904-01-25,M,M,M,M,M
1904-01-26,M,M,M,M,M
1904-01-27,M,M,M,M,M
1904-01-28,M,M,M,M,M
1904-01-29,M,M,M,M,M
1904-01-30,M,M,M,M,M
1904-01-31,M,M,M,M,M
1904-02-01,M,M,M,M,M
1904-02-02,M,M,M,M,M
1904-02-03,M,M,M,M,M
1904-02-04,M,M,M,M,M
1904-02-05,M,M,M,M,M
1904-02-06,M,M,M,M,M
1904-02-07,M,M,M,M,M
1904-02-08,M,M,M,M,M
1904-02-09,M,M,M,M,M
1904-02-10,M,M,M,M,M
1904-02-11,M,M,M,M,M
1904-02-12,M,M,M,M,M
1904-02-13,M,M,M,M,M
1904-02-14,M,M,M,M,M
1904-02-15,M,M,M,M,M
1904-02-16,M,M,M,M,M
1904-02-17,M,M,M,M,M
1904-02-18,M,M,M,M,M
1904-02-19,M,M,M,M,M
1904-02-20,M,M,M,M,M
1904-02-21,M,M,M,M,M
1904-02-22,M,M,M,M,M
1904-02-23,M,M,M,M,M
1904-02-24,M,M,M,M,M
1904-02-25,M,M,M,M,M
1904-02-26,M,M,M,M,M
1904-02-27,M,M,M,M,M
1904-02-28,M,M,M,M,M
1904-02-29,M,M,M,M,M
1904-03-01,M,M,M,M,M
1904-03-02,M,M,M,M,M
1904-03-03,M,M,M,M,M
1904-03-04,M,M,M,M,M
1904-03-05,M,M,M,M,M
1904-03-06,M,M,M,M,M
1904-03-07,M,M,M,M,M
1904-03-08,M,M,M,M,M
1904-03-09,M,M,M,M,M
1904-03-10,M,M,M,M,M
1904-03-11,M,M,M,M,M
1904-03-12,M,M,M,M,M
1904-03-13,M,M,M,M,M
1904-03-14,M,M,M,M,M
1904-03-15,M,M,M,M,M
1904-03-16,M,M,M,M,M
1904-03-17,M,M,M,M,M
1904-03-18,M,M,M,M,M
1904-03-19,M,M,M,M,M
1904-03-20,M,M,M,M,M
1904-03-21,M,M,M,M,M
1904-03-22,M,M,M,M,M
1904-03-23,M,M,M,M,M
1904-03-24,M,M,M,M,M
1904-03-25,M,M,M,M,M
1904-03-26,M,M,M,M,M
1904-03-27,M,M,M,M,M
1904-03-28,M,M,M,M,M
1904-03-29,M,M,M,M,M
1904-03-30,M,M,M,M,M
1904-03-31,M,M,M,M,M
1904-04-01,M,M,M,M,M
1904-04-02,M,M,M,M,M
1904-04-03,M,M,M,M,M
1904-04-04,M,M,M,M,M
1904-04-05,M,M,M,M,M
1904-04-06,M,M,M,M,M
1904-04-07,M,M,M,M,M
1904-04-08,M,M,M,M,M
1904-04-09,M,M,M,M,M
1904-04-10,M,M,M,M,M
1904-04-11,M,M,M,M,M
1904-04-12,M,M,M,M,M
1904-04-13,M,M,M,M,M
1904-04-14,M,M,M,M,M
1904-04-15,M,M,M,M,M
1904-04-16,M,M,M,M,M
1904-04-17,M,M,M,M,M
1904-04-18,M,M,M,M,M
1904-04-19,M,M,M,M,M
1904-04-20,M,M,M,M,M
1904-04-21,M,M,M,M,M
1904-04-22,M,M,M,M,M
1904-04-23,M,M,M,M,M
1904-04-24,M,M,M,M,M
1904-04-25,M,M,M,M,M
1904-04-26,M,M,M,M,M
1904-04-27,M,M,M,M,M
1904-04-28,M,M,M,M,M
1904-04-29,M,M,M,M,M
1904-04-30,M,M,M,M,M
1904-05-01,M,M,M,M,M
1904-05-02,M,M,M,M,M
1904-05-03,M,M,M,M,M
1904-05-04,M,M,M,M,M
1904-05-05,M,M,M,M,M
1904-05-06,M,M,M,M,M
1904-05-07,M,M,M,M,M
1904-05-08,M,M,M,M,M
1904-05-09,M,M,M,M,M
1904-05-10,M,M,M,M,M
1904-05-11,M,M,M,M,M
1904-05-12,M,M,M,M,M
1904-05-13,M,M,M,M,M
1904-05-14,M,M,M,M,M
1904-05-15,M,M,M,M,M
1904-05-16,M,M,M,M,M
1904-05-17,M,M,M,M,M
1904-05-18,M,M,M,M,M
1904-05-19,M,M,M,M,M
1904-05-20,M,M,M,M,M
1904-05-21,M,M,M,M,M
1904-05-22,M,M,M,M,M
1904-05-23,M,M,M,M,M
1904-05-24,M,M,M,M,M
1904-05-25,M,M,M,M,M
1904-05-26,M,M,M,M,M
1904-05-27,M,M,M,M,M
1904-05-28,M,M,M,M,M
1904-05-29,M,M,M,M,M
1904-05-30,M,M,M,M,M
1904-05-31,M,M,M,M,M
1904-06-01,M,M,M,M,M
1904-06-02,M,M,M,M,M
1904-06-03,M,M,M,M,M
1904-06-04,M,M,M,M,M
1904-06-05,M,M,M,M,M
1904-06-06,M,M,M,M,M
1904-06-07,M,M,M,M,M
1904-06-08,M,M,M,M,M
1904-06-09,M,M,M,M,M
1904-06-10,M,M,M,M,M
1904-06-11,M,M,M,M,M
1904-06-12,M,M,M,M,M
1904-06-13,M,M,M,M,M
1904-06-14,M,M,M,M,M
1904-06-15,M,M,M,M,M
1904-06-16,M,M,M,M,M
1904-06-17,M,M,M,M,M
1904-06-18,M,M,M,M,M
1904-06-19,M,M,M,M,M
1904-06-20,M,M,M,M,M
1904-06-21,M,M,M,M,M
1904-06-22,M,M,M,M,M
1904-06-23,M,M,M,M,M
1904-06-24,M,M,M,M,M
1904-06-25,M,M,M,M,M
1904-06-26,M,M,M,M,M
1904-06-27,M,M,M,M,M
1904-06-28,M,M,M,M,M
1904-06-29,M,M,M,M,M
1904-06-30,M,M,M,M,M
1904-07-01,M,M,M,M,M
1904-07-02,M,M,M,M,M
1904-07-03,M,M,M,M,M
1904-07-04,M,M,M,M,M
1904-07-05,M,M,M,M,M
1904-07-06,M,M,M,M,M
1904-07-07,M,M,M,M,M
1904-07-08,M,M,M,M,M
1904-07-09,M,M,M,M,M
1904-07-10,M,M,M,M,M
1904-07-11,M,M,M,M,M
1904-07-12,M,M,M,M,M
1904-07-13,M,M,M,M,M
1904-07-14,M,M,M,M,M
1904-07-15,M,M,M,M,M
1904-07-16,M,M,M,M,M
1904-07-17,M,M,M,M,M
1904-07-18,M,M,M,M,M
1904-07-19,M,M,M,M,M
1904-07-20,M,M,M,M,M
1904-07-21,M,M,M,M,M
1904-07-22,M,M,M,M,M
1904-07-23,M,M,M,M,M
1904-07-24,M,M,M,M,M
1904-07-25,M,M,M,M,M
1904-07-26,M,M,M,M,M
1904-07-27,M,M,M,M,M
1904-07-28,M,M,M,M,M
1904-07-29,M,M,M,M,M
1904-07-30,M,M,M,M,M
1904-07-31,M,M,M,M,M
1904-08-01,M,M,M,M,M
1904-08-02,M,M,M,M,M
1904-08-03,M,M,M,M,M
1904-08-04,M,M,M,M,M
1904-08-05,M,M,M,M,M
1904-08-06,M,M,M,M,M
1904-08-07,M,M,M,M,M
1904-08-08,M,M,M,M,M
1904-08-09,M,M,M,M,M
1904-08-10,M,M,M,M,M
1904-08-11,M,M,M,M,M
1904-08-12,M,M,M,M,M
1904-08-13,M,M,M,M,M
1904-08-14,M,M,M,M,M
1904-08-15,M,M,M,M,M
1904-08-16,M,M,M,M,M
1904-08-17,M,M,M,M,M
1904-08-18,M,M,M,M,M
1904-08-19,M,M,M,M,M
1904-08-20,M,M,M,M,M
1904-08-21,M,M,M,M,M
1904-08-22,M,M,M,M,M
1904-08-23,M,M,M,M,M
1904-08-24,M,M,M,M,M
1904-08-25,M,M,M,M,M
1904-08-26,M,M,M,M,M
1904-08-27,M,M,M,M,M
1904-08-28,M,M,M,M,M
1904-08-29,M,M,M,M,M
1904-08-30,M,M,M,M,M
1904-08-31,M,M,M,M,M
1904-09-01,M,M,M,M,M
1904-09-02,M,M,M,M,M
1904-09-03,M,M,M,M,M
1904-09-04,M,M,M,M,M
1904-09-05,M,M,M,M,M
1904-09-06,M,M,M,M,M
1904-09-07,M,M,M,M,M
1904-09-08,M,M,M,M,M
1904-09-09,M,M,M,M,M
1904-09-10,M,M,M,M,M
1904-09-11,M,M,M,M,M
1904-09-12,M,M,M,M,M
1904-09-13,M,M,M,M,M
1904-09-14,M,M,M,M,M
1904-09-15,M,M,M,M,M
1904-09-16,M,M,M,M,M
1904-09-17,M,M,M,M,M
1904-09-18,M,M,M,M,M
1904-09-19,M,M,M,M,M
1904-09-20,M,M,M,M,M
1904-09-21,M,M,M,M,M
1904-09-22,M,M,M,M,M
1904-09-23,M,M,M,M,M
1904-09-24,M,M,M,M,M
1904-09-25,M,M,M,M,M
1904-09-26,M,M,M,M,M
1904-09-27,M,M,M,M,M
1904-09-28,M,M,M,M,M
1904-09-29,M,M,M,M,M
1904-09-30,M,M,M,M,M
1904-10-01,M,M,M,M,M
1904-10-02,M,M,M,M,M
1904-10-03,M,M,M,M,M
1904-10-04,M,M,M,M,M
1904-10-05,M,M,M,M,M
1904-10-06,M,M,M,M,M
1904-10-07,M,M,M,M,M
1904-10-08,M,M,M,M,M
1904-10-09,M,M,M,M,M
1904-10-10,M,M,M,M,M
1904-10-11,M,M,M,M,M
1904-10-12,M,M,M,M,M
1904-10-13,M,M,M,M,M
1904-10-14,M,M,M,M,M
1904-10-15,M,M,M,M,M
1904-10-16,M,M,M,M,M
1904-10-17,M,M,M,M,M
1904-10-18,M,M,M,M,M
1904-10-19,M,M,M,M,M
1904-10-20,M,M,M,M,M
1904-10-21,M,M,M,M,M
1904-10-22,M,M,M,M,M
1904-10-23,M,M,M,M,M
1904-10-24,M,M,M,M,M
1904-10-25,M,M,M,M,M
1904-10-26,M,M,M,M,M
1904-10-27,M,M,M,M,M
1904-10-28,M,M,M,M,M
1904-10-29,M,M,M,M,M
1904-10-30,M,M,M,M,M
1904-10-31,M,M,M,M,M
1904-11-01,M,M,M,M,M
1904-11-02,M,M,M,M,M
1904-11-03,M,M,M,M,M
1904-11-04,M,M,M,M,M
1904-11-05,M,M,M,M,M
1904-11-06,M,M,M,M,M
1904-11-07,M,M,M,M,M
1904-11-08,M,M,M,M,M
1904-11-09,M,M,M,M,M
1904-11-10,M,M,M,M,M
1904-11-11,M,M,M,M,M
1904-11-12,M,M,M,M,M
1904-11-13,M,M,M,M,M
1904-11-14,M,M,M,M,M
1904-11-15,M,M,M,M,M
1904-11-16,M,M,M,M,M
1904-11-17,M,M,M,M,M
1904-11-18,M,M,M,M,M
1904-11-19,M,M,M,M,M
1904-11-20,M,M,M,M,M
1904-11-21,M,M,M,M,M
1904-11-22,M,M,M,M,M
1904-11-23,M,M,M,M,M
1904-11-24,M,M,M,M,M
1904-11-25,M,M,M,M,M
1904-11-26,M,M,M,M,M
1904-11-27,M,M,M,M,M
1904-11-28,M,M,M,M,M
1904-11-29,M,M,M,M,M
1904-11-30,M,M,M,M,M
1904-12-01,M,M,M,M,M
1904-12-02,M,M,M,M,M
1904-12-03,M,M,M,M,M
1904-12-04,M,M,M,M,M
1904-12-05,M,M,M,M,M
1904-12-06,M,M,M,M,M
1904-12-07,M,M,M,M,M
1904-12-08,M,M,M,M,M
1904-12-09,M,M,M,M,M
1904-12-10,M,M,M,M,M
1904-12-11,M,M,M,M,M
1904-12-12,M,M,M,M,M
1904-12-13,M,M,M,M,M
1904-12-14,M,M,M,M,M
1904-12-15,M,M,M,M,M
1904-12-16,M,M,M,M,M
1904-12-17,M,M,M,M,M
1904-12-18,M,M,M,M,M
1904-12-19,M,M,M,M,M
1904-12-20,M,M,M,M,M
1904-12-21,M,M,M,M,M
1904-12-22,M,M,M,M,M
1904-12-23,M,M,M,M,M
1904-12-24,M,M,M,M,M
1904-12-25,M,M,M,M,M
1904-12-26,M,M,M,M,M
1904-12-27,M,M,M,M,M
1904-12-28,M,M,M,M,M
1904-12-29,M,M,M,M,M
1904-12-30,M,M,M,M,M
1904-12-31,M,M,M,M,M
1905-01-01,M,M,M,M,M
1905-01-02,M,M,M,M,M
1905-01-03,M,M,M,M,M
1905-01-04,M,M,M,M,M
1905-01-05,M,M,M,M,M
1905-01-06,M,M,M,M,M
1905-01-07,M,M,M,M,M
1905-01-08,M,M,M,M,M
1905-01-09,M,M,M,M,M
1905-01-10,M,M,M,M,M
1905-01-11,M,M,M,M,M
1905-01-12,M,M,M,M,M
1905-01-13,M,M,M,M,M
1905-01-14,M,M,M,M,M
1905-01-15,M,M,M,M,M
1905-01-16,M,M,M,M,M
1905-01-17,M,M,M,M,M
1905-01-18,M,M,M,M,M
1905-01-19,M,M,M,M,M
1905-01-20,M,M,M,M,M
1905-01-21,M,M,M,M,M
1905-01-22,M,M,M,M,M
1905-01-23,M,M,M,M,M
1905-01-24,M,M,M,M,M
1905-01-25,M,M,M,M,M
1905-01-26,M,M,M,M,M
1905-01-27,M,M,M,M,M
1905-01-28,M,M,M,M,M
1905-01-29,M,M,M,M,M
1905-01-30,M,M,M,M,M
1905-01-31,M,M,M,M,M
1905-02-01,M,M,M,M,M
1905-02-02,M,M,M,M,M
1905-02-03,M,M,M,M,M
1905-02-04,M,M,M,M,M
1905-02-05,M,M,M,M,M
1905-02-06,M,M,M,M,M
1905-02-07,M,M,M,M,M
1905-02-08,M,M,M,M,M
1905-02-09,M,M,M,M,M
1905-02-10,M,M,M,M,M
1905-02-11,M,M,M,M,M
1905-02-12,M,M,M,M,M
1905-02-13,M,M,M,M,M
1905-02-14,M,M,M,M,M
1905-02-15,M,M,M,M,M
1905-02-16,M,M,M,M,M
1905-02-17,M,M,M,M,M
1905-02-18,M,M,M,M,M
1905-02-19,M,M,M,M,M
1905-02-20,M,M,M,M,M
1905-02-21,M,M,M,M,M
1905-02-22,M,M,M,M,M
1905-02-23,M,M,M,M,M
1905-02-24,M,M,M,M,M
1905-02-25,M,M,M,M,M
1905-02-26,M,M,M,M,M
1905-02-27,M,M,M,M,M
1905-02-28,M,M,M,M,M
1905-03-01,M,M,M,M,M
1905-03-02,M,M,M,M,M
1905-03-03,M,M,M,M,M
1905-03-04,M,M,M,M,M
1905-03-05,M,M,M,M,M
1905-03-06,M,M,M,M,M
1905-03-07,M,M,M,M,M
1905-03-08,M,M,M,M,M
1905-03-09,M,M,M,M,M
1905-03-10,M,M,M,M,M
1905-03-11,M,M,M,M,M
1905-03-12,M,M,M,M,M
1905-03-13,M,M,M,M,M
1905-03-14,M,M,M,M,M
1905-03-15,M,M,M,M,M
1905-03-16,M,M,M,M,M
1905-03-17,M,M,M,M,M
1905-03-18,M,M,M,M,M
1905-03-19,M,M,M,M,M
1905-03-20,M,M,M,M,M
1905-03-21,M,M,M,M,M
1905-03-22,M,M,M,M,M
1905-03-23,M,M,M,M,M
1905-03-24,M,M,M,M,M
1905-03-25,M,M,M,M,M
1905-03-26,M,M,M,M,M
1905-03-27,M,M,M,M,M
1905-03-28,M,M,M,M,M
1905-03-29,M,M,M,M,M
1905-03-30,M,M,M,M,M
1905-03-31,M,M,M,M,M
1905-04-01,M,M,M,M,M
1905-04-02,M,M,M,M,M
1905-04-03,M,M,M,M,M
1905-04-04,M,M,M,M,M
1905-04-05,M,M,M,M,M
1905-04-06,M,M,M,M,M
1905-04-07,M,M,M,M,M
1905-04-08,M,M,M,M,M
1905-04-09,M,M,M,M,M
1905-04-10,M,M,M,M,M
1905-04-11,M,M,M,M,M
1905-04-12,M,M,M,M,M
1905-04-13,M,M,M,M,M
1905-04-14,M,M,M,M,M
1905-04-15,M,M,M,M,M
1905-04-16,M,M,M,M,M
1905-04-17,M,M,M,M,M
1905-04-18,M,M,M,M,M
1905-04-19,M,M,M,M,M
1905-04-20,M,M,M,M,M
1905-04-21,M,M,M,M,M
1905-04-22,M,M,M,M,M
1905-04-23,M,M,M,M,M
1905-04-24,M,M,M,M,M
1905-04-25,M,M,M,M,M
1905-04-26,M,M,M,M,M
1905-04-27,M,M,M,M,M
1905-04-28,M,M,M,M,M
1905-04-29,M,M,M,M,M
1905-04-30,M,M,M,M,M
1905-05-01,M,M,M,M,M
1905-05-02,M,M,M,M,M
1905-05-03,M,M,M,M,M
1905-05-04,M,M,M,M,M
1905-05-05,M,M,M,M,M
1905-05-06,M,M,M,M,M
1905-05-07,M,M,M,M,M
1905-05-08,M,M,M,M,M
1905-05-09,M,M,M,M,M
1905-05-10,M,M,M,M,M
1905-05-11,M,M,M,M,M
1905-05-12,M,M,M,M,M
1905-05-13,M,M,M,M,M
1905-05-14,M,M,M,M,M
1905-05-15,M,M,M,M,M
1905-05-16,M,M,M,M,M
1905-05-17,M,M,M,M,M
1905-05-18,M,M,M,M,M
1905-05-19,M,M,M,M,M
1905-05-20,M,M,M,M,M
1905-05-21,M,M,M,M,M
1905-05-22,M,M,M,M,M
1905-05-23,M,M,M,M,M
1905-05-24,M,M,M,M,M
1905-05-25,M,M,M,M,M
1905-05-26,M,M,M,M,M
1905-05-27,M,M,M,M,M
1905-05-28,M,M,M,M,M
1905-05-29,M,M,M,M,M
1905-05-30,M,M,M,M,M
1905-05-31,M,M,M,M,M
1905-06-01,M,M,M,M,M
1905-06-02,M,M,M,M,M
1905-06-03,M,M,M,M,M
1905-06-04,M,M,M,M,M
1905-06-05,M,M,M,M,M
1905-06-06,M,M,M,M,M
1905-06-07,M,M,M,M,M
1905-06-08,M,M,M,M,M
1905-06-09,M,M,M,M,M
1905-06-10,M,M,M,M,M
1905-06-11,M,M,M,M,M
1905-06-12,M,M,M,M,M
1905-06-13,M,M,M,M,M
1905-06-14,M,M,M,M,M
1905-06-15,M,M,M,M,M
1905-06-16,M,M,M,M,M
1905-06-17,M,M,M,M,M
1905-06-18,M,M,M,M,M
1905-06-19,M,M,M,M,M
1905-06-20,M,M,M,M,M
1905-06-21,M,M,M,M,M
1905-06-22,M,M,M,M,M
1905-06-23,M,M,M,M,M
1905-06-24,M,M,M,M,M
1905-06-25,M,M,M,M,M
1905-06-26,M,M,M,M,M
1905-06-27,M,M,M,M,M
1905-06-28,M,M,M,M,M
1905-06-29,M,M,M,M,M
1905-06-30,M,M,M,M,M
1905-07-01,M,M,M,M,M
1905-07-02,M,M,M,M,M
1905-07-03,M,M,M,M,M
1905-07-04,M,M,M,M,M
1905-07-05,M,M,M,M,M
1905-07-06,M,M,M,M,M
1905-07-07,M,M,M,M,M
1905-07-08,M,M,M,M,M
1905-07-09,M,M,M,M,M
1905-07-10,M,M,M,M,M
1905-07-11,M,M,M,M,M
1905-07-12,M,M,M,M,M
1905-07-13,M,M,M,M,M
1905-07-14,M,M,M,M,M
1905-07-15,M,M,M,M,M
1905-07-16,M,M,M,M,M
1905-07-17,M,M,M,M,M
1905-07-18,M,M,M,M,M
1905-07-19,M,M,M,M,M
1905-07-20,M,M,M,M,M
1905-07-21,M,M,M,M,M
1905-07-22,M,M,M,M,M
1905-07-23,M,M,M,M,M
1905-07-24,M,M,M,M,M
1905-07-25,M,M,M,M,M
1905-07-26,M,M,M,M,M
1905-07-27,M,M,M,M,M
1905-07-28,M,M,M,M,M
1905-07-29,M,M,M,M,M
1905-07-30,M,M,M,M,M
1905-07-31,M,M,M,M,M
1905-08-01,M,M,M,M,M
1905-08-02,M,M,M,M,M
1905-08-03,M,M,M,M,M
1905-08-04,M,M,M,M,M
1905-08-05,M,M,M,M,M
1905-08-06,M,M,M,M,M
1905-08-07,M,M,M,M,M
1905-08-08,M,M,M,M,M
1905-08-09,M,M,M,M,M
1905-08-10,M,M,M,M,M
1905-08-11,M,M,M,M,M
1905-08-12,M,M,M,M,M
1905-08-13,M,M,M,M,M
1905-08-14,M,M,M,M,M
1905-08-15,M,M,M,M,M
1905-08-16,M,M,M,M,M
1905-08-17,M,M,M,M,M
1905-08-18,M,M,M,M,M
1905-08-19,M,M,M,M,M
1905-08-20,M,M,M,M,M
1905-08-21,M,M,M,M,M
1905-08-22,M,M,M,M,M
1905-08-23,M,M,M,M,M
1905-08-24,M,M,M,M,M
1905-08-25,M,M,M,M,M
1905-08-26,M,M,M,M,M
1905-08-27,M,M,M,M,M
1905-08-28,M,M,M,M,M
1905-08-29,M,M,M,M,M
1905-08-30,M,M,M,M,M
1905-08-31,M,M,M,M,M
1905-09-01,M,M,M,M,M
1905-09-02,M,M,M,M,M
1905-09-03,M,M,M,M,M
1905-09-04,M,M,M,M,M
1905-09-05,M,M,M,M,M
1905-09-06,M,M,M,M,M
1905-09-07,M,M,M,M,M
1905-09-08,M,M,M,M,M
1905-09-09,M,M,M,M,M
1905-09-10,M,M,M,M,M
1905-09-11,M,M,M,M,M
1905-09-12,M,M,M,M,M
1905-09-13,M,M,M,M,M
1905-09-14,M,M,M,M,M
1905-09-15,M,M,M,M,M
1905-09-16,M,M,M,M,M
1905-09-17,M,M,M,M,M
1905-09-18,M,M,M,M,M
1905-09-19,M,M,M,M,M
1905-09-20,M,M,M,M,M
1905-09-21,M,M,M,M,M
1905-09-22,M,M,M,M,M
1905-09-23,M,M,M,M,M
1905-09-24,M,M,M,M,M
1905-09-25,M,M,M,M,M
1905-09-26,M,M,M,M,M
1905-09-27,M,M,M,M,M
1905-09-28,M,M,M,M,M
1905-09-29,M,M,M,M,M
1905-09-30,M,M,M,M,M
1905-10-01,M,M,M,M,M
1905-10-02,M,M,M,M,M
1905-10-03,M,M,M,M,M
1905-10-04,M,M,M,M,M
1905-10-05,M,M,M,M,M
1905-10-06,M,M,M,M,M
1905-10-07,M,M,M,M,M
1905-10-08,M,M,M,M,M
1905-10-09,M,M,M,M,M
1905-10-10,M,M,M,M,M
1905-10-11,M,M,M,M,M
1905-10-12,M,M,M,M,M
1905-10-13,M,M,M,M,M
1905-10-14,M,M,M,M,M
1905-10-15,M,M,M,M,M
1905-10-16,M,M,M,M,M
1905-10-17,M,M,M,M,M
1905-10-18,M,M,M,M,M
1905-10-19,M,M,M,M,M
1905-10-20,M,M,M,M,M
1905-10-21,M,M,M,M,M
1905-10-22,M,M,M,M,M
1905-10-23,M,M,M,M,M
1905-10-24,M,M,M,M,M
1905-10-25,M,M,M,M,M
1905-10-26,M,M,M,M,M
1905-10-27,M,M,M,M,M
1905-10-28,M,M,M,M,M
1905-10-29,M,M,M,M,M
1905-10-30,M,M,M,M,M
1905-10-31,M,M,M,M,M
1905-11-01,M,M,M,M,M
1905-11-02,M,M,M,M,M
1905-11-03,M,M,M,M,M
1905-11-04,M,M,M,M,M
1905-11-05,M,M,M,M,M
1905-11-06,M,M,M,M,M
1905-11-07,M,M,M,M,M
1905-11-08,M,M,M,M,M
1905-11-09,M,M,M,M,M
1905-11-10,M,M,M,M,M
1905-11-11,M,M,M,M,M
1905-11-12,M,M,M,M,M
1905-11-13,M,M,M,M,M
1905-11-14,M,M,M,M,M
1905-11-15,M,M,M,M,M
1905-11-16,M,M,M,M,M
1905-11-17,M,M,M,M,M
1905-11-18,M,M,M,M,M
1905-11-19,M,M,M,M,M
1905-11-20,M,M,M,M,M
1905-11-21,M,M,M,M,M
1905-11-22,M,M,M,M,M
1905-11-23,M,M,M,M,M
1905-11-24,M,M,M,M,M
1905-11-25,M,M,M,M,M
1905-11-26,M,M,M,M,M
1905-11-27,M,M,M,M,M
1905-11-28,M,M,M,M,M
1905-11-29,M,M,M,M,M
1905-11-30,M,M,M,M,M
1905-12-01,M,M,M,M,M
1905-12-02,M,M,M,M,M
1905-12-03,M,M,M,M,M
1905-12-04,M,M,M,M,M
1905-12-05,M,M,M,M,M
1905-12-06,M,M,M,M,M
1905-12-07,M,M,M,M,M
1905-12-08,M,M,M,M,M
1905-12-09,M,M,M,M,M
1905-12-10,M,M,M,M,M
1905-12-11,M,M,M,M,M
1905-12-12,M,M,M,M,M
1905-12-13,M,M,M,M,M
1905-12-14,M,M,M,M,M
1905-12-15,M,M,M,M,M
1905-12-16,M,M,M,M,M
1905-12-17,M,M,M,M,M
1905-12-18,M,M,M,M,M
1905-12-19,M,M,M,M,M
1905-12-20,M,M,M,M,M
1905-12-21,M,M,M,M,M
1905-12-22,M,M,M,M,M
1905-12-23,M,M,M,M,M
1905-12-24,M,M,M,M,M
1905-12-25,M,M,M,M,M
1905-12-26,M,M,M,M,M
1905-12-27,M,M,M,M,M
1905-12-28,M,M,M,M,M
1905-12-29,M,M,M,M,M
1905-12-30,M,M,M,M,M
1905-12-31,M,M,M,M,M
1906-01-01,M,M,M,M,M
1906-01-02,M,M,M,M,M
1906-01-03,M,M,M,M,M
1906-01-04,M,M,M,M,M
1906-01-05,M,M,M,M,M
1906-01-06,M,M,M,M,M
1906-01-07,M,M,M,M,M
1906-01-08,M,M,M,M,M
1906-01-09,M,M,M,M,M
1906-01-10,M,M,M,M,M
1906-01-11,M,M,M,M,M
1906-01-12,M,M,M,M,M
1906-01-13,M,M,M,M,M
1906-01-14,M,M,M,M,M
1906-01-15,M,M,M,M,M
1906-01-16,M,M,M,M,M
1906-01-17,M,M,M,M,M
1906-01-18,M,M,M,M,M
1906-01-19,M,M,M,M,M
1906-01-20,M,M,M,M,M
1906-01-21,M,M,M,M,M
1906-01-22,M,M,M,M,M
1906-01-23,M,M,M,M,M
1906-01-24,M,M,M,M,M
1906-01-25,M,M,M,M,M
1906-01-26,M,M,M,M,M
1906-01-27,M,M,M,M,M
1906-01-28,M,M,M,M,M
1906-01-29,M,M,M,M,M
1906-01-30,M,M,M,M,M
1906-01-31,M,M,M,M,M
1906-02-01,M,M,M,M,M
1906-02-02,M,M,M,M,M
1906-02-03,M,M,M,M,M
1906-02-04,M,M,M,M,M
1906-02-05,M,M,M,M,M
1906-02-06,M,M,M,M,M
1906-02-07,M,M,M,M,M
1906-02-08,M,M,M,M,M
1906-02-09,M,M,M,M,M
1906-02-10,M,M,M,M,M
1906-02-11,M,M,M,M,M
1906-02-12,M,M,M,M,M
1906-02-13,M,M,M,M,M
1906-02-14,M,M,M,M,M
1906-02-15,M,M,M,M,M
1906-02-16,M,M,M,M,M
1906-02-17,M,M,M,M,M
1906-02-18,M,M,M,M,M
1906-02-19,M,M,M,M,M
1906-02-20,M,M,M,M,M
1906-02-21,M,M,M,M,M
1906-02-22,M,M,M,M,M
1906-02-23,M,M,M,M,M
1906-02-24,M,M,M,M,M
1906-02-25,M,M,M,M,M
1906-02-26,M,M,M,M,M
1906-02-27,M,M,M,M,M
1906-02-28,M,M,M,M,M
1906-03-01,M,M,M,M,M
1906-03-02,M,M,M,M,M
1906-03-03,M,M,M,M,M
1906-03-04,M,M,M,M,M
1906-03-05,M,M,M,M,M
1906-03-06,M,M,M,M,M
1906-03-07,M,M,M,M,M
1906-03-08,M,M,M,M,M
1906-03-09,M,M,M,M,M
1906-03-10,M,M,M,M,M
1906-03-11,M,M,M,M,M
1906-03-12,M,M,M,M,M
1906-03-13,M,M,M,M,M
1906-03-14,M,M,M,M,M
1906-03-15,M,M,M,M,M
1906-03-16,M,M,M,M,M
1906-03-17,M,M,M,M,M
1906-03-18,M,M,M,M,M
1906-03-19,M,M,M,M,M
1906-03-20,M,M,M,M,M
1906-03-21,M,M,M,M,M
1906-03-22,M,M,M,M,M
1906-03-23,M,M,M,M,M
1906-03-24,M,M,M,M,M
1906-03-25,M,M,M,M,M
1906-03-26,M,M,M,M,M
1906-03-27,M,M,M,M,M
1906-03-28,M,M,M,M,M
1906-03-29,M,M,M,M,M
1906-03-30,M,M,M,M,M
1906-03-31,M,M,M,M,M
1906-04-01,M,M,M,M,M
1906-04-02,M,M,M,M,M
1906-04-03,M,M,M,M,M
1906-04-04,M,M,M,M,M
1906-04-05,M,M,M,M,M
1906-04-06,M,M,M,M,M
1906-04-07,M,M,M,M,M
1906-04-08,M,M,M,M,M
1906-04-09,M,M,M,M,M
1906-04-10,M,M,M,M,M
1906-04-11,M,M,M,M,M
1906-04-12,M,M,M,M,M
1906-04-13,M,M,M,M,M
1906-04-14,M,M,M,M,M
1906-04-15,M,M,M,M,M
1906-04-16,M,M,M,M,M
1906-04-17,M,M,M,M,M
1906-04-18,M,M,M,M,M
1906-04-19,M,M,M,M,M
1906-04-20,M,M,M,M,M
1906-04-21,M,M,M,M,M
1906-04-22,M,M,M,M,M
1906-04-23,M,M,M,M,M
1906-04-24,M,M,M,M,M
1906-04-25,M,M,M,M,M
1906-04-26,M,M,M,M,M
1906-04-27,M,M,M,M,M
1906-04-28,M,M,M,M,M
1906-04-29,M,M,M,M,M
1906-04-30,M,M,M,M,M
1906-05-01,M,M,M,M,M
1906-05-02,M,M,M,M,M
1906-05-03,M,M,M,M,M
1906-05-04,M,M,M,M,M
1906-05-05,M,M,M,M,M
1906-05-06,M,M,M,M,M
1906-05-07,M,M,M,M,M
1906-05-08,M,M,M,M,M
1906-05-09,M,M,M,M,M
1906-05-10,M,M,M,M,M
1906-05-11,M,M,M,M,M
1906-05-12,M,M,M,M,M
1906-05-13,M,M,M,M,M
1906-05-14,M,M,M,M,M
1906-05-15,M,M,M,M,M
1906-05-16,M,M,M,M,M
1906-05-17,M,M,M,M,M
1906-05-18,M,M,M,M,M
1906-05-19,M,M,M,M,M
1906-05-20,M,M,M,M,M
1906-05-21,M,M,M,M,M
1906-05-22,M,M,M,M,M
1906-05-23,M,M,M,M,M
1906-05-24,M,M,M,M,M
1906-05-25,M,M,M,M,M
1906-05-26,M,M,M,M,M
1906-05-27,M,M,M,M,M
1906-05-28,M,M,M,M,M
1906-05-29,M,M,M,M,M
1906-05-30,M,M,M,M,M
1906-05-31,M,M,M,M,M
1906-06-01,M,M,M,M,M
1906-06-02,M,M,M,M,M
1906-06-03,M,M,M,M,M
1906-06-04,M,M,M,M,M
1906-06-05,M,M,M,M,M
1906-06-06,M,M,M,M,M
1906-06-07,M,M,M,M,M
1906-06-08,M,M,M,M,M
1906-06-09,M,M,M,M,M
1906-06-10,M,M,M,M,M
1906-06-11,M,M,M,M,M
1906-06-12,M,M,M,M,M
1906-06-13,M,M,M,M,M
1906-06-14,M,M,M,M,M
1906-06-15,M,M,M,M,M
1906-06-16,M,M,M,M,M
1906-06-17,M,M,M,M,M
1906-06-18,M,M,M,M,M
1906-06-19,M,M,M,M,M
1906-06-20,M,M,M,M,M
1906-06-21,M,M,M,M,M
1906-06-22,M,M,M,M,M
1906-06-23,M,M,M,M,M
1906-06-24,M,M,M,M,M
1906-06-25,M,M,M,M,M
1906-06-26,M,M,M,M,M
1906-06-27,M,M,M,M,M
1906-06-28,M,M,M,M,M
1906-06-29,M,M,M,M,M
1906-06-30,M,M,M,M,M
1906-07-01,M,M,M,M,M
1906-07-02,M,M,M,M,M
1906-07-03,M,M,M,M,M
1906-07-04,M,M,M,M,M
1906-07-05,M,M,M,M,M
1906-07-06,M,M,M,M,M
1906-07-07,M,M,M,M,M
1906-07-08,M,M,M,M,M
1906-07-09,M,M,M,M,M
1906-07-10,M,M,M,M,M
1906-07-11,M,M,M,M,M
1906-07-12,M,M,M,M,M
1906-07-13,M,M,M,M,M
1906-07-14,M,M,M,M,M
1906-07-15,M,M,M,M,M
1906-07-16,M,M,M,M,M
1906-07-17,M,M,M,M,M
1906-07-18,M,M,M,M,M
1906-07-19,M,M,M,M,M
1906-07-20,M,M,M,M,M
1906-07-21,M,M,M,M,M
1906-07-22,M,M,M,M,M
1906-07-23,M,M,M,M,M
1906-07-24,M,M,M,M,M
1906-07-25,M,M,M,M,M
1906-07-26,M,M,M,M,M
1906-07-27,M,M,M,M,M
1906-07-28,M,M,M,M,M
1906-07-29,M,M,M,M,M
1906-07-30,M,M,M,M,M
1906-07-31,M,M,M,M,M
1906-08-01,M,M,M,M,M
1906-08-02,M,M,M,M,M
1906-08-03,M,M,M,M,M
1906-08-04,M,M,M,M,M
1906-08-05,M,M,M,M,M
1906-08-06,M,M,M,M,M
1906-08-07,M,M,M,M,M
1906-08-08,M,M,M,M,M
1906-08-09,M,M,M,M,M
1906-08-10,M,M,M,M,M
1906-08-11,M,M,M,M,M
1906-08-12,M,M,M,M,M
1906-08-13,M,M,M,M,M
1906-08-14,M,M,M,M,M
1906-08-15,M,M,M,M,M
1906-08-16,M,M,M,M,M
1906-08-17,M,M,M,M,M
1906-08-18,M,M,M,M,M
1906-08-19,M,M,M,M,M
1906-08-20,M,M,M,M,M
1906-08-21,M,M,M,M,M
1906-08-22,M,M,M,M,M
1906-08-23,M,M,M,M,M
1906-08-24,M,M,M,M,M
1906-08-25,M,M,M,M,M
1906-08-26,M,M,M,M,M
1906-08-27,M,M,M,M,M
1906-08-28,M,M,M,M,M
1906-08-29,M,M,M,M,M
1906-08-30,M,M,M,M,M
1906-08-31,M,M,M,M,M
1906-09-01,M,M,M,M,M
1906-09-02,M,M,M,M,M
1906-09-03,M,M,M,M,M
1906-09-04,M,M,M,M,M
1906-09-05,M,M,M,M,M
1906-09-06,M,M,M,M,M
1906-09-07,M,M,M,M,M
1906-09-08,M,M,M,M,M
1906-09-09,M,M,M,M,M
1906-09-10,M,M,M,M,M
1906-09-11,M,M,M,M,M
1906-09-12,M,M,M,M,M
1906-09-13,M,M,M,M,M
1906-09-14,M,M,M,M,M
1906-09-15,M,M,M,M,M
1906-09-16,M,M,M,M,M
1906-09-17,M,M,M,M,M
1906-09-18,M,M,M,M,M
1906-09-19,M,M,M,M,M
1906-09-20,M,M,M,M,M
1906-09-21,M,M,M,M,M
1906-09-22,M,M,M,M,M
1906-09-23,M,M,M,M,M
1906-09-24,M,M,M,M,M
1906-09-25,M,M,M,M,M
1906-09-26,M,M,M,M,M
1906-09-27,M,M,M,M,M
1906-09-28,M,M,M,M,M
1906-09-29,M,M,M,M,M
1906-09-30,M,M,M,M,M
1906-10-01,M,M,M,M,M
1906-10-02,M,M,M,M,M
1906-10-03,M,M,M,M,M
1906-10-04,M,M,M,M,M
1906-10-05,M,M,M,M,M
1906-10-06,M,M,M,M,M
1906-10-07,M,M,M,M,M
1906-10-08,M,M,M,M,M
1906-10-09,M,M,M,M,M
1906-10-10,M,M,M,M,M
1906-10-11,M,M,M,M,M
1906-10-12,M,M,M,M,M
1906-10-13,M,M,M,M,M
1906-10-14,M,M,M,M,M
1906-10-15,M,M,M,M,M
1906-10-16,M,M,M,M,M
1906-10-17,M,M,M,M,M
1906-10-18,M,M,M,M,M
1906-10-19,M,M,M,M,M
1906-10-20,M,M,M,M,M
1906-10-21,M,M,M,M,M
1906-10-22,M,M,M,M,M
1906-10-23,M,M,M,M,M
1906-10-24,M,M,M,M,M
1906-10-25,M,M,M,M,M
1906-10-26,M,M,M,M,M
1906-10-27,M,M,M,M,M
1906-10-28,M,M,M,M,M
1906-10-29,M,M,M,M,M
1906-10-30,M,M,M,M,M
1906-10-31,M,M,M,M,M
1906-11-01,M,M,M,M,M
1906-11-02,M,M,M,M,M
1906-11-03,M,M,M,M,M
1906-11-04,M,M,M,M,M
1906-11-05,M,M,M,M,M
1906-11-06,M,M,M,M,M
1906-11-07,M,M,M,M,M
1906-11-08,M,M,M,M,M
1906-11-09,M,M,M,M,M
1906-11-10,M,M,M,M,M
1906-11-11,M,M,M,M,M
1906-11-12,M,M,M,M,M
1906-11-13,M,M,M,M,M
1906-11-14,M,M,M,M,M
1906-11-15,M,M,M,M,M
1906-11-16,M,M,M,M,M
1906-11-17,M,M,M,M,M
1906-11-18,M,M,M,M,M
1906-11-19,M,M,M,M,M
1906-11-20,M,M,M,M,M
1906-11-21,M,M,M,M,M
1906-11-22,M,M,M,M,M
1906-11-23,M,M,M,M,M
1906-11-24,M,M,M,M,M
1906-11-25,M,M,M,M,M
1906-11-26,M,M,M,M,M
1906-11-27,M,M,M,M,M
1906-11-28,M,M,M,M,M
1906-11-29,M,M,M,M,M
1906-11-30,M,M,M,M,M
1906-12-01,M,M,M,M,M
1906-12-02,M,M,M,M,M
1906-12-03,M,M,M,M,M
1906-12-04,M,M,M,M,M
1906-12-05,M,M,M,M,M
1906-12-06,M,M,M,M,M
1906-12-07,M,M,M,M,M
1906-12-08,M,M,M,M,M
1906-12-09,M,M,M,M,M
1906-12-10,M,M,M,M,M
1906-12-11,M,M,M,M,M
1906-12-12,M,M,M,M,M
1906-12-13,M,M,M,M,M
1906-12-14,M,M,M,M,M
1906-12-15,M,M,M,M,M
1906-12-16,M,M,M,M,M
1906-12-17,M,M,M,M,M
1906-12-18,M,M,M,M,M
1906-12-19,M,M,M,M,M
1906-12-20,M,M,M,M,M
1906-12-21,M,M,M,M,M
1906-12-22,M,M,M,M,M
1906-12-23,M,M,M,M,M
1906-12-24,M,M,M,M,M
1906-12-25,M,M,M,M,M
1906-12-26,M,M,M,M,M
1906-12-27,M,M,M,M,M
1906-12-28,M,M,M,M,M
1906-12-29,M,M,M,M,M
1906-12-30,M,M,M,M,M
1906-12-31,M,M,M,M,M
1907-01-01,M,M,M,M,M
1907-01-02,M,M,M,M,M
1907-01-03,M,M,M,M,M
1907-01-04,M,M,M,M,M
1907-01-05,M,M,M,M,M
1907-01-06,M,M,M,M,M
1907-01-07,M,M,M,M,M
1907-01-08,M,M,M,M,M
1907-01-09,M,M,M,M,M
1907-01-10,M,M,M,M,M
1907-01-11,M,M,M,M,M
1907-01-12,M,M,M,M,M
1907-01-13,M,M,M,M,M
1907-01-14,M,M,M,M,M
1907-01-15,M,M,M,M,M
1907-01-16,M,M,M,M,M
1907-01-17,M,M,M,M,M
1907-01-18,M,M,M,M,M
1907-01-19,M,M,M,M,M
1907-01-20,M,M,M,M,M
1907-01-21,M,M,M,M,M
1907-01-22,M,M,M,M,M
1907-01-23,M,M,M,M,M
1907-01-24,M,M,M,M,M
1907-01-25,M,M,M,M,M
1907-01-26,M,M,M,M,M
1907-01-27,M,M,M,M,M
1907-01-28,M,M,M,M,M
1907-01-29,M,M,M,M,M
1907-01-30,M,M,M,M,M
1907-01-31,M,M,M,M,M
1907-02-01,M,M,M,M,M
1907-02-02,M,M,M,M,M
1907-02-03,M,M,M,M,M
1907-02-04,M,M,M,M,M
1907-02-05,M,M,M,M,M
1907-02-06,M,M,M,M,M
1907-02-07,M,M,M,M,M
1907-02-08,M,M,M,M,M
1907-02-09,M,M,M,M,M
1907-02-10,M,M,M,M,M
1907-02-11,M,M,M,M,M
1907-02-12,M,M,M,M,M
1907-02-13,M,M,M,M,M
1907-02-14,M,M,M,M,M
1907-02-15,M,M,M,M,M
1907-02-16,M,M,M,M,M
1907-02-17,M,M,M,M,M
1907-02-18,M,M,M,M,M
1907-02-19,M,M,M,M,M
1907-02-20,M,M,M,M,M
1907-02-21,M,M,M,M,M
1907-02-22,M,M,M,M,M
1907-02-23,M,M,M,M,M
1907-02-24,M,M,M,M,M
1907-02-25,M,M,M,M,M
1907-02-26,M,M,M,M,M
1907-02-27,M,M,M,M,M
1907-02-28,M,M,M,M,M
1907-03-01,M,M,M,M,M
1907-03-02,M,M,M,M,M
1907-03-03,M,M,M,M,M
1907-03-04,M,M,M,M,M
1907-03-05,M,M,M,M,M
1907-03-06,M,M,M,M,M
1907-03-07,M,M,M,M,M
1907-03-08,M,M,M,M,M
1907-03-09,M,M,M,M,M
1907-03-10,M,M,M,M,M
1907-03-11,M,M,M,M,M
1907-03-12,M,M,M,M,M
1907-03-13,M,M,M,M,M
1907-03-14,M,M,M,M,M
1907-03-15,M,M,M,M,M
1907-03-16,M,M,M,M,M
1907-03-17,M,M,M,M,M
1907-03-18,M,M,M,M,M
1907-03-19,M,M,M,M,M
1907-03-20,M,M,M,M,M
1907-03-21,M,M,M,M,M
1907-03-22,M,M,M,M,M
1907-03-23,M,M,M,M,M
1907-03-24,M,M,M,M,M
1907-03-25,M,M,M,M,M
1907-03-26,M,M,M,M,M
1907-03-27,M,M,M,M,M
1907-03-28,M,M,M,M,M
1907-03-29,M,M,M,M,M
1907-03-30,M,M,M,M,M
1907-03-31,M,M,M,M,M
1907-04-01,M,M,M,M,M
1907-04-02,M,M,M,M,M
1907-04-03,M,M,M,M,M
1907-04-04,M,M,M,M,M
1907-04-05,M,M,M,M,M
1907-04-06,M,M,M,M,M
1907-04-07,M,M,M,M,M
1907-04-08,M,M,M,M,M
1907-04-09,M,M,M,M,M
1907-04-10,M,M,M,M,M
1907-04-11,M,M,M,M,M
1907-04-12,M,M,M,M,M
1907-04-13,M,M,M,M,M
1907-04-14,M,M,M,M,M
1907-04-15,M,M,M,M,M
1907-04-16,M,M,M,M,M
1907-04-17,M,M,M,M,M
1907-04-18,M,M,M,M,M
1907-04-19,M,M,M,M,M
1907-04-20,M,M,M,M,M
1907-04-21,M,M,M,M,M
1907-04-22,M,M,M,M,M
1907-04-23,M,M,M,M,M
1907-04-24,M,M,M,M,M
1907-04-25,M,M,M,M,M
1907-04-26,M,M,M,M,M
1907-04-27,M,M,M,M,M
1907-04-28,M,M,M,M,M
1907-04-29,M,M,M,M,M
1907-04-30,M,M,M,M,M
1907-05-01,M,M,M,M,M
1907-05-02,M,M,M,M,M
1907-05-03,M,M,M,M,M
1907-05-04,M,M,M,M,M
1907-05-05,M,M,M,M,M
1907-05-06,M,M,M,M,M
1907-05-07,M,M,M,M,M
1907-05-08,M,M,M,M,M
1907-05-09,M,M,M,M,M
1907-05-10,M,M,M,M,M
1907-05-11,M,M,M,M,M
1907-05-12,M,M,M,M,M
1907-05-13,M,M,M,M,M
1907-05-14,M,M,M,M,M
1907-05-15,M,M,M,M,M
1907-05-16,M,M,M,M,M
1907-05-17,M,M,M,M,M
1907-05-18,M,M,M,M,M
1907-05-19,M,M,M,M,M
1907-05-20,M,M,M,M,M
1907-05-21,M,M,M,M,M
1907-05-22,M,M,M,M,M
1907-05-23,M,M,M,M,M
1907-05-24,M,M,M,M,M
1907-05-25,M,M,M,M,M
1907-05-26,M,M,M,M,M
1907-05-27,M,M,M,M,M
1907-05-28,M,M,M,M,M
1907-05-29,M,M,M,M,M
1907-05-30,M,M,M,M,M
1907-05-31,M,M,M,M,M
1907-06-01,M,M,M,M,M
1907-06-02,M,M,M,M,M
1907-06-03,M,M,M,M,M
1907-06-04,M,M,M,M,M
1907-06-05,M,M,M,M,M
1907-06-06,M,M,M,M,M
1907-06-07,M,M,M,M,M
1907-06-08,M,M,M,M,M
1907-06-09,M,M,M,M,M
1907-06-10,M,M,M,M,M
1907-06-11,M,M,M,M,M
1907-06-12,M,M,M,M,M
1907-06-13,M,M,M,M,M
1907-06-14,M,M,M,M,M
1907-06-15,M,M,M,M,M
1907-06-16,M,M,M,M,M
1907-06-17,M,M,M,M,M
1907-06-18,M,M,M,M,M
1907-06-19,M,M,M,M,M
1907-06-20,M,M,M,M,M
1907-06-21,M,M,M,M,M
1907-06-22,M,M,M,M,M
1907-06-23,M,M,M,M,M
1907-06-24,M,M,M,M,M
1907-06-25,M,M,M,M,M
1907-06-26,M,M,M,M,M
1907-06-27,M,M,M,M,M
1907-06-28,M,M,M,M,M
1907-06-29,M,M,M,M,M
1907-06-30,M,M,M,M,M
1907-07-01,M,M,M,M,M
1907-07-02,M,M,M,M,M
1907-07-03,M,M,M,M,M
1907-07-04,M,M,M,M,M
1907-07-05,M,M,M,M,M
1907-07-06,M,M,M,M,M
1907-07-07,M,M,M,M,M
1907-07-08,M,M,M,M,M
1907-07-09,M,M,M,M,M
1907-07-10,M,M,M,M,M
1907-07-11,M,M,M,M,M
1907-07-12,M,M,M,M,M
1907-07-13,M,M,M,M,M
1907-07-14,M,M,M,M,M
1907-07-15,M,M,M,M,M
1907-07-16,M,M,M,M,M
1907-07-17,M,M,M,M,M
1907-07-18,M,M,M,M,M
1907-07-19,M,M,M,M,M
1907-07-20,M,M,M,M,M
1907-07-21,M,M,M,M,M
1907-07-22,M,M,M,M,M
1907-07-23,M,M,M,M,M
1907-07-24,M,M,M,M,M
1907-07-25,M,M,M,M,M
1907-07-26,M,M,M,M,M
1907-07-27,M,M,M,M,M
1907-07-28,M,M,M,M,M
1907-07-29,M,M,M,M,M
1907-07-30,M,M,M,M,M
1907-07-31,M,M,M,M,M
1907-08-01,M,M,M,M,M
1907-08-02,M,M,M,M,M
1907-08-03,M,M,M,M,M
1907-08-04,M,M,M,M,M
1907-08-05,M,M,M,M,M
1907-08-06,M,M,M,M,M
1907-08-07,M,M,M,M,M
1907-08-08,M,M,M,M,M
1907-08-09,M,M,M,M,M
1907-08-10,M,M,M,M,M
1907-08-11,M,M,M,M,M
1907-08-12,M,M,M,M,M
1907-08-13,M,M,M,M,M
1907-08-14,M,M,M,M,M
1907-08-15,M,M,M,M,M
1907-08-16,M,M,M,M,M
1907-08-17,M,M,M,M,M
1907-08-18,M,M,M,M,M
1907-08-19,M,M,M,M,M
1907-08-20,M,M,M,M,M
1907-08-21,M,M,M,M,M
1907-08-22,M,M,M,M,M
1907-08-23,M,M,M,M,M
1907-08-24,M,M,M,M,M
1907-08-25,M,M,M,M,M
1907-08-26,M,M,M,M,M
1907-08-27,M,M,M,M,M
1907-08-28,M,M,M,M,M
1907-08-29,M,M,M,M,M
1907-08-30,M,M,M,M,M
1907-08-31,M,M,M,M,M
1907-09-01,M,M,M,M,M
1907-09-02,M,M,M,M,M
1907-09-03,M,M,M,M,M
1907-09-04,M,M,M,M,M
1907-09-05,M,M,M,M,M
1907-09-06,M,M,M,M,M
1907-09-07,M,M,M,M,M
1907-09-08,M,M,M,M,M
1907-09-09,M,M,M,M,M
1907-09-10,M,M,M,M,M
1907-09-11,M,M,M,M,M
1907-09-12,M,M,M,M,M
1907-09-13,M,M,M,M,M
1907-09-14,M,M,M,M,M
1907-09-15,M,M,M,M,M
1907-09-16,M,M,M,M,M
1907-09-17,M,M,M,M,M
1907-09-18,M,M,M,M,M
1907-09-19,M,M,M,M,M
1907-09-20,M,M,M,M,M
1907-09-21,M,M,M,M,M
1907-09-22,M,M,M,M,M
1907-09-23,M,M,M,M,M
1907-09-24,M,M,M,M,M
1907-09-25,M,M,M,M,M
1907-09-26,M,M,M,M,M
1907-09-27,M,M,M,M,M
1907-09-28,M,M,M,M,M
1907-09-29,M,M,M,M,M
1907-09-30,M,M,M,M,M
1907-10-01,M,M,M,M,M
1907-10-02,M,M,M,M,M
1907-10-03,M,M,M,M,M
1907-10-04,M,M,M,M,M
1907-10-05,M,M,M,M,M
1907-10-06,M,M,M,M,M
1907-10-07,M,M,M,M,M
1907-10-08,M,M,M,M,M
1907-10-09,M,M,M,M,M
1907-10-10,M,M,M,M,M
1907-10-11,M,M,M,M,M
1907-10-12,M,M,M,M,M
1907-10-13,M,M,M,M,M
1907-10-14,M,M,M,M,M
1907-10-15,M,M,M,M,M
1907-10-16,M,M,M,M,M
1907-10-17,M,M,M,M,M
1907-10-18,M,M,M,M,M
1907-10-19,M,M,M,M,M
1907-10-20,M,M,M,M,M
1907-10-21,M,M,M,M,M
1907-10-22,M,M,M,M,M
1907-10-23,M,M,M,M,M
1907-10-24,M,M,M,M,M
1907-10-25,M,M,M,M,M
1907-10-26,M,M,M,M,M
1907-10-27,M,M,M,M,M
1907-10-28,M,M,M,M,M
1907-10-29,M,M,M,M,M
1907-10-30,M,M,M,M,M
1907-10-31,M,M,M,M,M
1907-11-01,M,M,M,M,M
1907-11-02,M,M,M,M,M
1907-11-03,M,M,M,M,M
1907-11-04,M,M,M,M,M
1907-11-05,M,M,M,M,M
1907-11-06,M,M,M,M,M
1907-11-07,M,M,M,M,M
1907-11-08,M,M,M,M,M
1907-11-09,M,M,M,M,M
1907-11-10,M,M,M,M,M
1907-11-11,M,M,M,M,M
1907-11-12,M,M,M,M,M
1907-11-13,M,M,M,M,M
1907-11-14,M,M,M,M,M
1907-11-15,M,M,M,M,M
1907-11-16,M,M,M,M,M
1907-11-17,M,M,M,M,M
1907-11-18,M,M,M,M,M
1907-11-19,M,M,M,M,M
1907-11-20,M,M,M,M,M
1907-11-21,M,M,M,M,M
1907-11-22,M,M,M,M,M
1907-11-23,M,M,M,M,M
1907-11-24,M,M,M,M,M
1907-11-25,M,M,M,M,M
1907-11-26,M,M,M,M,M
1907-11-27,M,M,M,M,M
1907-11-28,M,M,M,M,M
1907-11-29,M,M,M,M,M
1907-11-30,M,M,M,M,M
1907-12-01,M,M,M,M,M
1907-12-02,M,M,M,M,M
1907-12-03,M,M,M,M,M
1907-12-04,M,M,M,M,M
1907-12-05,M,M,M,M,M
1907-12-06,M,M,M,M,M
1907-12-07,M,M,M,M,M
1907-12-08,M,M,M,M,M
1907-12-09,M,M,M,M,M
1907-12-10,M,M,M,M,M
1907-12-11,M,M,M,M,M
1907-12-12,M,M,M,M,M
1907-12-13,M,M,M,M,M
1907-12-14,M,M,M,M,M
1907-12-15,M,M,M,M,M
1907-12-16,M,M,M,M,M
1907-12-17,M,M,M,M,M
1907-12-18,M,M,M,M,M
1907-12-19,M,M,M,M,M
1907-12-20,M,M,M,M,M
1907-12-21,M,M,M,M,M
1907-12-22,M,M,M,M,M
1907-12-23,M,M,M,M,M
1907-12-24,M,M,M,M,M
1907-12-25,M,M,M,M,M
1907-12-26,M,M,M,M,M
1907-12-27,M,M,M,M,M
1907-12-28,M,M,M,M,M
1907-12-29,M,M,M,M,M
1907-12-30,M,M,M,M,M
1907-12-31,M,M,M,M,M
1908-01-01,M,M,M,M,M
1908-01-02,M,M,M,M,M
1908-01-03,M,M,M,M,M
1908-01-04,M,M,M,M,M
1908-01-05,M,M,M,M,M
1908-01-06,M,M,M,M,M
1908-01-07,M,M,M,M,M
1908-01-08,M,M,M,M,M
1908-01-09,M,M,M,M,M
1908-01-10,M,M,M,M,M
1908-01-11,M,M,M,M,M
1908-01-12,M,M,M,M,M
1908-01-13,M,M,M,M,M
1908-01-14,M,M,M,M,M
1908-01-15,M,M,M,M,M
1908-01-16,M,M,M,M,M
1908-01-17,M,M,M,M,M
1908-01-18,M,M,M,M,M
1908-01-19,M,M,M,M,M
1908-01-20,M,M,M,M,M
1908-01-21,M,M,M,M,M
1908-01-22,M,M,M,M,M
1908-01-23,M,M,M,M,M
1908-01-24,M,M,M,M,M
1908-01-25,M,M,M,M,M
1908-01-26,M,M,M,M,M
1908-01-27,M,M,M,M,M
1908-01-28,M,M,M,M,M
1908-01-29,M,M,M,M,M
1908-01-30,M,M,M,M,M
1908-01-31,M,M,M,M,M
1908-02-01,M,M,M,M,M
1908-02-02,M,M,M,M,M
1908-02-03,M,M,M,M,M
1908-02-04,M,M,M,M,M
1908-02-05,M,M,M,M,M
1908-02-06,M,M,M,M,M
1908-02-07,M,M,M,M,M
1908-02-08,M,M,M,M,M
1908-02-09,M,M,M,M,M
1908-02-10,M,M,M,M,M
1908-02-11,M,M,M,M,M
1908-02-12,M,M,M,M,M
1908-02-13,M,M,M,M,M
1908-02-14,M,M,M,M,M
1908-02-15,M,M,M,M,M
1908-02-16,M,M,M,M,M
1908-02-17,M,M,M,M,M
1908-02-18,M,M,M,M,M
1908-02-19,M,M,M,M,M
1908-02-20,M,M,M,M,M
1908-02-21,M,M,M,M,M
1908-02-22,M,M,M,M,M
1908-02-23,M,M,M,M,M
1908-02-24,M,M,M,M,M
1908-02-25,M,M,M,M,M
1908-02-26,M,M,M,M,M
1908-02-27,M,M,M,M,M
1908-02-28,M,M,M,M,M
1908-02-29,M,M,M,M,M
1908-03-01,M,M,M,M,M
1908-03-02,M,M,M,M,M
1908-03-03,M,M,M,M,M
1908-03-04,M,M,M,M,M
1908-03-05,M,M,M,M,M
1908-03-06,M,M,M,M,M
1908-03-07,M,M,M,M,M
1908-03-08,M,M,M,M,M
1908-03-09,M,M,M,M,M
1908-03-10,M,M,M,M,M
1908-03-11,M,M,M,M,M
1908-03-12,M,M,M,M,M
1908-03-13,M,M,M,M,M
1908-03-14,M,M,M,M,M
1908-03-15,M,M,M,M,M
1908-03-16,M,M,M,M,M
1908-03-17,M,M,M,M,M
1908-03-18,M,M,M,M,M
1908-03-19,M,M,M,M,M
1908-03-20,M,M,M,M,M
1908-03-21,M,M,M,M,M
1908-03-22,M,M,M,M,M
1908-03-23,M,M,M,M,M
1908-03-24,M,M,M,M,M
1908-03-25,M,M,M,M,M
1908-03-26,M,M,M,M,M
1908-03-27,M,M,M,M,M
1908-03-28,M,M,M,M,M
1908-03-29,M,M,M,M,M
1908-03-30,M,M,M,M,M
1908-03-31,M,M,M,M,M
1908-04-01,M,M,M,M,M
1908-04-02,M,M,M,M,M
1908-04-03,M,M,M,M,M
1908-04-04,M,M,M,M,M
1908-04-05,M,M,M,M,M
1908-04-06,M,M,M,M,M
1908-04-07,M,M,M,M,M
1908-04-08,M,M,M,M,M
1908-04-09,M,M,M,M,M
1908-04-10,M,M,M,M,M
1908-04-11,M,M,M,M,M
1908-04-12,M,M,M,M,M
1908-04-13,M,M,M,M,M
1908-04-14,M,M,M,M,M
1908-04-15,M,M,M,M,M
1908-04-16,M,M,M,M,M
1908-04-17,M,M,M,M,M
1908-04-18,M,M,M,M,M
1908-04-19,M,M,M,M,M
1908-04-20,M,M,M,M,M
1908-04-21,M,M,M,M,M
1908-04-22,M,M,M,M,M
1908-04-23,M,M,M,M,M
1908-04-24,M,M,M,M,M
1908-04-25,M,M,M,M,M
1908-04-26,M,M,M,M,M
1908-04-27,M,M,M,M,M
1908-04-28,M,M,M,M,M
1908-04-29,M,M,M,M,M
1908-04-30,M,M,M,M,M
1908-05-01,M,M,M,M,M
1908-05-02,M,M,M,M,M
1908-05-03,M,M,M,M,M
1908-05-04,M,M,M,M,M
1908-05-05,M,M,M,M,M
1908-05-06,M,M,M,M,M
1908-05-07,M,M,M,M,M
1908-05-08,M,M,M,M,M
1908-05-09,M,M,M,M,M
1908-05-10,M,M,M,M,M
1908-05-11,M,M,M,M,M
1908-05-12,M,M,M,M,M
1908-05-13,M,M,M,M,M
1908-05-14,M,M,M,M,M
1908-05-15,M,M,M,M,M
1908-05-16,M,M,M,M,M
1908-05-17,M,M,M,M,M
1908-05-18,M,M,M,M,M
1908-05-19,M,M,M,M,M
1908-05-20,M,M,M,M,M
1908-05-21,M,M,M,M,M
1908-05-22,M,M,M,M,M
1908-05-23,M,M,M,M,M
1908-05-24,M,M,M,M,M
1908-05-25,M,M,M,M,M
1908-05-26,M,M,M,M,M
1908-05-27,M,M,M,M,M
1908-05-28,M,M,M,M,M
1908-05-29,M,M,M,M,M
1908-05-30,M,M,M,M,M
1908-05-31,M,M,M,M,M
1908-06-01,M,M,M,M,M
1908-06-02,M,M,M,M,M
1908-06-03,M,M,M,M,M
1908-06-04,M,M,M,M,M
1908-06-05,M,M,M,M,M
1908-06-06,M,M,M,M,M
1908-06-07,M,M,M,M,M
1908-06-08,M,M,M,M,M
1908-06-09,M,M,M,M,M
1908-06-10,M,M,M,M,M
1908-06-11,M,M,M,M,M
1908-06-12,M,M,M,M,M
1908-06-13,M,M,M,M,M
1908-06-14,M,M,M,M,M
1908-06-15,M,M,M,M,M
1908-06-16,M,M,M,M,M
1908-06-17,M,M,M,M,M
1908-06-18,M,M,M,M,M
1908-06-19,M,M,M,M,M
1908-06-20,M,M,M,M,M
1908-06-21,M,M,M,M,M
1908-06-22,M,M,M,M,M
1908-06-23,M,M,M,M,M
1908-06-24,M,M,M,M,M
1908-06-25,M,M,M,M,M
1908-06-26,M,M,M,M,M
1908-06-27,M,M,M,M,M
1908-06-28,M,M,M,M,M
1908-06-29,M,M,M,M,M
1908-06-30,M,M,M,M,M
1908-07-01,M,M,M,M,M
1908-07-02,M,M,M,M,M
1908-07-03,M,M,M,M,M
1908-07-04,M,M,M,M,M
1908-07-05,M,M,M,M,M
1908-07-06,M,M,M,M,M
1908-07-07,M,M,M,M,M
1908-07-08,M,M,M,M,M
1908-07-09,M,M,M,M,M
1908-07-10,M,M,M,M,M
1908-07-11,M,M,M,M,M
1908-07-12,M,M,M,M,M
1908-07-13,M,M,M,M,M
1908-07-14,M,M,M,M,M
1908-07-15,M,M,M,M,M
1908-07-16,M,M,M,M,M
1908-07-17,M,M,M,M,M
1908-07-18,M,M,M,M,M
1908-07-19,M,M,M,M,M
1908-07-20,M,M,M,M,M
1908-07-21,M,M,M,M,M
1908-07-22,M,M,M,M,M
1908-07-23,M,M,M,M,M
1908-07-24,M,M,M,M,M
1908-07-25,M,M,M,M,M
1908-07-26,M,M,M,M,M
1908-07-27,M,M,M,M,M
1908-07-28,M,M,M,M,M
1908-07-29,M,M,M,M,M
1908-07-30,M,M,M,M,M
1908-07-31,M,M,M,M,M
1908-08-01,M,M,M,M,M
1908-08-02,M,M,M,M,M
1908-08-03,M,M,M,M,M
1908-08-04,M,M,M,M,M
1908-08-05,M,M,M,M,M
1908-08-06,M,M,M,M,M
1908-08-07,M,M,M,M,M
1908-08-08,M,M,M,M,M
1908-08-09,M,M,M,M,M
1908-08-10,M,M,M,M,M
1908-08-11,M,M,M,M,M
1908-08-12,M,M,M,M,M
1908-08-13,M,M,M,M,M
1908-08-14,M,M,M,M,M
1908-08-15,M,M,M,M,M
1908-08-16,M,M,M,M,M
1908-08-17,M,M,M,M,M
1908-08-18,M,M,M,M,M
1908-08-19,M,M,M,M,M
1908-08-20,M,M,M,M,M
1908-08-21,M,M,M,M,M
1908-08-22,M,M,M,M,M
1908-08-23,M,M,M,M,M
1908-08-24,M,M,M,M,M
1908-08-25,M,M,M,M,M
1908-08-26,M,M,M,M,M
1908-08-27,M,M,M,M,M
1908-08-28,M,M,M,M,M
1908-08-29,M,M,M,M,M
1908-08-30,M,M,M,M,M
1908-08-31,M,M,M,M,M
1908-09-01,M,M,M,M,M
1908-09-02,M,M,M,M,M
1908-09-03,M,M,M,M,M
1908-09-04,M,M,M,M,M
1908-09-05,M,M,M,M,M
1908-09-06,M,M,M,M,M
1908-09-07,M,M,M,M,M
1908-09-08,M,M,M,M,M
1908-09-09,M,M,M,M,M
1908-09-10,M,M,M,M,M
1908-09-11,M,M,M,M,M
1908-09-12,M,M,M,M,M
1908-09-13,M,M,M,M,M
1908-09-14,M,M,M,M,M
1908-09-15,M,M,M,M,M
1908-09-16,M,M,M,M,M
1908-09-17,M,M,M,M,M
1908-09-18,M,M,M,M,M
1908-09-19,M,M,M,M,M
1908-09-20,M,M,M,M,M
1908-09-21,M,M,M,M,M
1908-09-22,M,M,M,M,M
1908-09-23,M,M,M,M,M
1908-09-24,M,M,M,M,M
1908-09-25,M,M,M,M,M
1908-09-26,M,M,M,M,M
1908-09-27,M,M,M,M,M
1908-09-28,M,M,M,M,M
1908-09-29,M,M,M,M,M
1908-09-30,M,M,M,M,M
1908-10-01,M,M,M,M,M
1908-10-02,M,M,M,M,M
1908-10-03,M,M,M,M,M
1908-10-04,M,M,M,M,M
1908-10-05,M,M,M,M,M
1908-10-06,M,M,M,M,M
1908-10-07,M,M,M,M,M
1908-10-08,M,M,M,M,M
1908-10-09,M,M,M,M,M
1908-10-10,M,M,M,M,M
1908-10-11,M,M,M,M,M
1908-10-12,M,M,M,M,M
1908-10-13,M,M,M,M,M
1908-10-14,M,M,M,M,M
1908-10-15,M,M,M,M,M
1908-10-16,M,M,M,M,M
1908-10-17,M,M,M,M,M
1908-10-18,M,M,M,M,M
1908-10-19,M,M,M,M,M
1908-10-20,M,M,M,M,M
1908-10-21,M,M,M,M,M
1908-10-22,M,M,M,M,M
1908-10-23,M,M,M,M,M
1908-10-24,M,M,M,M,M
1908-10-25,M,M,M,M,M
1908-10-26,M,M,M,M,M
1908-10-27,M,M,M,M,M
1908-10-28,M,M,M,M,M
1908-10-29,M,M,M,M,M
1908-10-30,M,M,M,M,M
1908-10-31,M,M,M,M,M
1908-11-01,M,M,M,M,M
1908-11-02,M,M,M,M,M
1908-11-03,M,M,M,M,M
1908-11-04,M,M,M,M,M
1908-11-05,M,M,M,M,M
1908-11-06,M,M,M,M,M
1908-11-07,M,M,M,M,M
1908-11-08,M,M,M,M,M
1908-11-09,M,M,M,M,M
1908-11-10,M,M,M,M,M
1908-11-11,M,M,M,M,M
1908-11-12,M,M,M,M,M
1908-11-13,M,M,M,M,M
1908-11-14,M,M,M,M,M
1908-11-15,M,M,M,M,M
1908-11-16,M,M,M,M,M
1908-11-17,M,M,M,M,M
1908-11-18,M,M,M,M,M
1908-11-19,M,M,M,M,M
1908-11-20,M,M,M,M,M
1908-11-21,M,M,M,M,M
1908-11-22,M,M,M,M,M
1908-11-23,M,M,M,M,M
1908-11-24,M,M,M,M,M
1908-11-25,M,M,M,M,M
1908-11-26,M,M,M,M,M
1908-11-27,M,M,M,M,M
1908-11-28,M,M,M,M,M
1908-11-29,M,M,M,M,M
1908-11-30,M,M,M,M,M
1908-12-01,M,M,M,M,M
1908-12-02,M,M,M,M,M
1908-12-03,M,M,M,M,M
1908-12-04,M,M,M,M,M
1908-12-05,M,M,M,M,M
1908-12-06,M,M,M,M,M
1908-12-07,M,M,M,M,M
1908-12-08,M,M,M,M,M
1908-12-09,M,M,M,M,M
1908-12-10,M,M,M,M,M
1908-12-11,M,M,M,M,M
1908-12-12,M,M,M,M,M
1908-12-13,M,M,M,M,M
1908-12-14,M,M,M,M,M
1908-12-15,M,M,M,M,M
1908-12-16,M,M,M,M,M
1908-12-17,M,M,M,M,M
1908-12-18,M,M,M,M,M
1908-12-19,M,M,M,M,M
1908-12-20,M,M,M,M,M
1908-12-21,M,M,M,M,M
1908-12-22,M,M,M,M,M
1908-12-23,M,M,M,M,M
1908-12-24,M,M,M,M,M
1908-12-25,M,M,M,M,M
1908-12-26,M,M,M,M,M
1908-12-27,M,M,M,M,M
1908-12-28,M,M,M,M,M
1908-12-29,M,M,M,M,M
1908-12-30,M,M,M,M,M
1908-12-31,M,M,M,M,M
1909-01-01,M,M,M,M,M
1909-01-02,M,M,M,M,M
1909-01-03,M,M,M,M,M
1909-01-04,M,M,M,M,M
1909-01-05,M,M,M,M,M
1909-01-06,M,M,M,M,M
1909-01-07,M,M,M,M,M
1909-01-08,M,M,M,M,M
1909-01-09,M,M,M,M,M
1909-01-10,M,M,M,M,M
1909-01-11,M,M,M,M,M
1909-01-12,M,M,M,M,M
1909-01-13,M,M,M,M,M
1909-01-14,M,M,M,M,M
1909-01-15,M,M,M,M,M
1909-01-16,M,M,M,M,M
1909-01-17,M,M,M,M,M
1909-01-18,M,M,M,M,M
1909-01-19,M,M,M,M,M
1909-01-20,M,M,M,M,M
1909-01-21,M,M,M,M,M
1909-01-22,M,M,M,M,M
1909-01-23,M,M,M,M,M
1909-01-24,M,M,M,M,M
1909-01-25,M,M,M,M,M
1909-01-26,M,M,M,M,M
1909-01-27,M,M,M,M,M
1909-01-28,M,M,M,M,M
1909-01-29,M,M,M,M,M
1909-01-30,M,M,M,M,M
1909-01-31,M,M,M,M,M
1909-02-01,M,M,M,M,M
1909-02-02,M,M,M,M,M
1909-02-03,M,M,M,M,M
1909-02-04,M,M,M,M,M
1909-02-05,M,M,M,M,M
1909-02-06,M,M,M,M,M
1909-02-07,M,M,M,M,M
1909-02-08,M,M,M,M,M
1909-02-09,M,M,M,M,M
1909-02-10,M,M,M,M,M
1909-02-11,M,M,M,M,M
1909-02-12,M,M,M,M,M
1909-02-13,M,M,M,M,M
1909-02-14,M,M,M,M,M
1909-02-15,M,M,M,M,M
1909-02-16,M,M,M,M,M
1909-02-17,M,M,M,M,M
1909-02-18,M,M,M,M,M
1909-02-19,M,M,M,M,M
1909-02-20,M,M,M,M,M
1909-02-21,M,M,M,M,M
1909-02-22,M,M,M,M,M
1909-02-23,M,M,M,M,M
1909-02-24,M,M,M,M,M
1909-02-25,M,M,M,M,M
1909-02-26,M,M,M,M,M
1909-02-27,M,M,M,M,M
1909-02-28,M,M,M,M,M
1909-03-01,M,M,M,M,M
1909-03-02,M,M,M,M,M
1909-03-03,M,M,M,M,M
1909-03-04,M,M,M,M,M
1909-03-05,M,M,M,M,M
1909-03-06,M,M,M,M,M
1909-03-07,M,M,M,M,M
1909-03-08,M,M,M,M,M
1909-03-09,M,M,M,M,M
1909-03-10,M,M,M,M,M
1909-03-11,M,M,M,M,M
1909-03-12,M,M,M,M,M
1909-03-13,M,M,M,M,M
1909-03-14,M,M,M,M,M
1909-03-15,M,M,M,M,M
1909-03-16,M,M,M,M,M
1909-03-17,M,M,M,M,M
1909-03-18,M,M,M,M,M
1909-03-19,M,M,M,M,M
1909-03-20,M,M,M,M,M
1909-03-21,M,M,M,M,M
1909-03-22,M,M,M,M,M
1909-03-23,M,M,M,M,M
1909-03-24,M,M,M,M,M
1909-03-25,M,M,M,M,M
1909-03-26,M,M,M,M,M
1909-03-27,M,M,M,M,M
1909-03-28,M,M,M,M,M
1909-03-29,M,M,M,M,M
1909-03-30,M,M,M,M,M
1909-03-31,M,M,M,M,M
1909-04-01,M,M,M,M,M
1909-04-02,M,M,M,M,M
1909-04-03,M,M,M,M,M
1909-04-04,M,M,M,M,M
1909-04-05,M,M,M,M,M
1909-04-06,M,M,M,M,M
1909-04-07,M,M,M,M,M
1909-04-08,M,M,M,M,M
1909-04-09,M,M,M,M,M
1909-04-10,M,M,M,M,M
1909-04-11,M,M,M,M,M
1909-04-12,M,M,M,M,M
1909-04-13,M,M,M,M,M
1909-04-14,M,M,M,M,M
1909-04-15,M,M,M,M,M
1909-04-16,M,M,M,M,M
1909-04-17,M,M,M,M,M
1909-04-18,M,M,M,M,M
1909-04-19,M,M,M,M,M
1909-04-20,M,M,M,M,M
1909-04-21,M,M,M,M,M
1909-04-22,M,M,M,M,M
1909-04-23,M,M,M,M,M
1909-04-24,M,M,M,M,M
1909-04-25,M,M,M,M,M
1909-04-26,M,M,M,M,M
1909-04-27,M,M,M,M,M
1909-04-28,M,M,M,M,M
1909-04-29,M,M,M,M,M
1909-04-30,M,M,M,M,M
1909-05-01,M,M,M,M,M
1909-05-02,M,M,M,M,M
1909-05-03,M,M,M,M,M
1909-05-04,M,M,M,M,M
1909-05-05,M,M,M,M,M
1909-05-06,M,M,M,M,M
1909-05-07,M,M,M,M,M
1909-05-08,M,M,M,M,M
1909-05-09,M,M,M,M,M
1909-05-10,M,M,M,M,M
1909-05-11,M,M,M,M,M
1909-05-12,M,M,M,M,M
1909-05-13,M,M,M,M,M
1909-05-14,M,M,M,M,M
1909-05-15,M,M,M,M,M
1909-05-16,M,M,M,M,M
1909-05-17,M,M,M,M,M
1909-05-18,M,M,M,M,M
1909-05-19,M,M,M,M,M
1909-05-20,M,M,M,M,M
1909-05-21,M,M,M,M,M
1909-05-22,M,M,M,M,M
1909-05-23,M,M,M,M,M
1909-05-24,M,M,M,M,M
1909-05-25,M,M,M,M,M
1909-05-26,M,M,M,M,M
1909-05-27,M,M,M,M,M
1909-05-28,M,M,M,M,M
1909-05-29,M,M,M,M,M
1909-05-30,M,M,M,M,M
1909-05-31,M,M,M,M,M
1909-06-01,M,M,M,M,M
1909-06-02,M,M,M,M,M
1909-06-03,M,M,M,M,M
1909-06-04,M,M,M,M,M
1909-06-05,M,M,M,M,M
1909-06-06,M,M,M,M,M
1909-06-07,M,M,M,M,M
1909-06-08,M,M,M,M,M
1909-06-09,M,M,M,M,M
1909-06-10,M,M,M,M,M
1909-06-11,M,M,M,M,M
1909-06-12,M,M,M,M,M
1909-06-13,M,M,M,M,M
1909-06-14,M,M,M,M,M
1909-06-15,M,M,M,M,M
1909-06-16,M,M,M,M,M
1909-06-17,M,M,M,M,M
1909-06-18,M,M,M,M,M
1909-06-19,M,M,M,M,M
1909-06-20,M,M,M,M,M
1909-06-21,M,M,M,M,M
1909-06-22,M,M,M,M,M
1909-06-23,M,M,M,M,M
1909-06-24,M,M,M,M,M
1909-06-25,M,M,M,M,M
1909-06-26,M,M,M,M,M
1909-06-27,M,M,M,M,M
1909-06-28,M,M,M,M,M
1909-06-29,M,M,M,M,M
1909-06-30,M,M,M,M,M
1909-07-01,M,M,M,M,M
1909-07-02,M,M,M,M,M
1909-07-03,M,M,M,M,M
1909-07-04,M,M,M,M,M
1909-07-05,M,M,M,M,M
1909-07-06,M,M,M,M,M
1909-07-07,M,M,M,M,M
1909-07-08,M,M,M,M,M
1909-07-09,M,M,M,M,M
1909-07-10,M,M,M,M,M
1909-07-11,M,M,M,M,M
1909-07-12,M,M,M,M,M
1909-07-13,M,M,M,M,M
1909-07-14,M,M,M,M,M
1909-07-15,M,M,M,M,M
1909-07-16,M,M,M,M,M
1909-07-17,M,M,M,M,M
1909-07-18,M,M,M,M,M
1909-07-19,M,M,M,M,M
1909-07-20,M,M,M,M,M
1909-07-21,M,M,M,M,M
1909-07-22,M,M,M,M,M
1909-07-23,M,M,M,M,M
1909-07-24,M,M,M,M,M
1909-07-25,M,M,M,M,M
1909-07-26,M,M,M,M,M
1909-07-27,M,M,M,M,M
1909-07-28,M,M,M,M,M
1909-07-29,M,M,M,M,M
1909-07-30,M,M,M,M,M
1909-07-31,M,M,M,M,M
1909-08-01,M,M,M,M,M
1909-08-02,M,M,M,M,M
1909-08-03,M,M,M,M,M
1909-08-04,M,M,M,M,M
1909-08-05,M,M,M,M,M
1909-08-06,M,M,M,M,M
1909-08-07,M,M,M,M,M
1909-08-08,M,M,M,M,M
1909-08-09,M,M,M,M,M
1909-08-10,M,M,M,M,M
1909-08-11,M,M,M,M,M
1909-08-12,M,M,M,M,M
1909-08-13,M,M,M,M,M
1909-08-14,M,M,M,M,M
1909-08-15,M,M,M,M,M
1909-08-16,M,M,M,M,M
1909-08-17,M,M,M,M,M
1909-08-18,M,M,M,M,M
1909-08-19,M,M,M,M,M
1909-08-20,M,M,M,M,M
1909-08-21,M,M,M,M,M
1909-08-22,M,M,M,M,M
1909-08-23,M,M,M,M,M
1909-08-24,M,M,M,M,M
1909-08-25,M,M,M,M,M
1909-08-26,M,M,M,M,M
1909-08-27,M,M,M,M,M
1909-08-28,M,M,M,M,M
1909-08-29,M,M,M,M,M
1909-08-30,M,M,M,M,M
1909-08-31,M,M,M,M,M
1909-09-01,M,M,M,M,M
1909-09-02,M,M,M,M,M
1909-09-03,M,M,M,M,M
1909-09-04,M,M,M,M,M
1909-09-05,M,M,M,M,M
1909-09-06,M,M,M,M,M
1909-09-07,M,M,M,M,M
1909-09-08,M,M,M,M,M
1909-09-09,M,M,M,M,M
1909-09-10,M,M,M,M,M
1909-09-11,M,M,M,M,M
1909-09-12,M,M,M,M,M
1909-09-13,M,M,M,M,M
1909-09-14,M,M,M,M,M
1909-09-15,M,M,M,M,M
1909-09-16,M,M,M,M,M
1909-09-17,M,M,M,M,M
1909-09-18,M,M,M,M,M
1909-09-19,M,M,M,M,M
1909-09-20,M,M,M,M,M
1909-09-21,M,M,M,M,M
1909-09-22,M,M,M,M,M
1909-09-23,M,M,M,M,M
1909-09-24,M,M,M,M,M
1909-09-25,M,M,M,M,M
1909-09-26,M,M,M,M,M
1909-09-27,M,M,M,M,M
1909-09-28,M,M,M,M,M
1909-09-29,M,M,M,M,M
1909-09-30,M,M,M,M,M
1909-10-01,M,M,M,M,M
1909-10-02,M,M,M,M,M
1909-10-03,M,M,M,M,M
1909-10-04,M,M,M,M,M
1909-10-05,M,M,M,M,M
1909-10-06,M,M,M,M,M
1909-10-07,M,M,M,M,M
1909-10-08,M,M,M,M,M
1909-10-09,M,M,M,M,M
1909-10-10,M,M,M,M,M
1909-10-11,M,M,M,M,M
1909-10-12,M,M,M,M,M
1909-10-13,M,M,M,M,M
1909-10-14,M,M,M,M,M
1909-10-15,M,M,M,M,M
1909-10-16,M,M,M,M,M
1909-10-17,M,M,M,M,M
1909-10-18,M,M,M,M,M
1909-10-19,M,M,M,M,M
1909-10-20,M,M,M,M,M
1909-10-21,M,M,M,M,M
1909-10-22,M,M,M,M,M
1909-10-23,M,M,M,M,M
1909-10-24,M,M,M,M,M
1909-10-25,M,M,M,M,M
1909-10-26,M,M,M,M,M
1909-10-27,M,M,M,M,M
1909-10-28,M,M,M,M,M
1909-10-29,M,M,M,M,M
1909-10-30,M,M,M,M,M
1909-10-31,M,M,M,M,M
1909-11-01,M,M,M,M,M
1909-11-02,M,M,M,M,M
1909-11-03,M,M,M,M,M
1909-11-04,M,M,M,M,M
1909-11-05,M,M,M,M,M
1909-11-06,M,M,M,M,M
1909-11-07,M,M,M,M,M
1909-11-08,M,M,M,M,M
1909-11-09,M,M,M,M,M
1909-11-10,M,M,M,M,M
1909-11-11,M,M,M,M,M
1909-11-12,M,M,M,M,M
1909-11-13,M,M,M,M,M
1909-11-14,M,M,M,M,M
1909-11-15,M,M,M,M,M
1909-11-16,M,M,M,M,M
1909-11-17,M,M,M,M,M
1909-11-18,M,M,M,M,M
1909-11-19,M,M,M,M,M
1909-11-20,M,M,M,M,M
1909-11-21,M,M,M,M,M
1909-11-22,M,M,M,M,M
1909-11-23,M,M,M,M,M
1909-11-24,M,M,M,M,M
1909-11-25,M,M,M,M,M
1909-11-26,M,M,M,M,M
1909-11-27,M,M,M,M,M
1909-11-28,M,M,M,M,M
1909-11-29,M,M,M,M,M
1909-11-30,M,M,M,M,M
1909-12-01,M,M,M,M,M
1909-12-02,M,M,M,M,M
1909-12-03,M,M,M,M,M
1909-12-04,M,M,M,M,M
1909-12-05,M,M,M,M,M
1909-12-06,M,M,M,M,M
1909-12-07,M,M,M,M,M
1909-12-08,M,M,M,M,M
1909-12-09,M,M,M,M,M
1909-12-10,M,M,M,M,M
1909-12-11,M,M,M,M,M
1909-12-12,M,M,M,M,M
1909-12-13,M,M,M,M,M
1909-12-14,M,M,M,M,M
1909-12-15,M,M,M,M,M
1909-12-16,M,M,M,M,M
1909-12-17,M,M,M,M,M
1909-12-18,M,M,M,M,M
1909-12-19,M,M,M,M,M
1909-12-20,M,M,M,M,M
1909-12-21,M,M,M,M,M
1909-12-22,M,M,M,M,M
1909-12-23,M,M,M,M,M
1909-12-24,M,M,M,M,M
1909-12-25,M,M,M,M,M
1909-12-26,M,M,M,M,M
1909-12-27,M,M,M,M,M
1909-12-28,M,M,M,M,M
1909-12-29,M,M,M,M,M
1909-12-30,M,M,M,M,M
1909-12-31,M,M,M,M,M
1910-01-01,M,M,M,M,M
1910-01-02,M,M,M,M,M
1910-01-03,M,M,M,M,M
1910-01-04,M,M,M,M,M
1910-01-05,M,M,M,M,M
1910-01-06,M,M,M,M,M
1910-01-07,M,M,M,M,M
1910-01-08,M,M,M,M,M
1910-01-09,M,M,M,M,M
1910-01-10,M,M,M,M,M
1910-01-11,M,M,M,M,M
1910-01-12,M,M,M,M,M
1910-01-13,M,M,M,M,M
1910-01-14,M,M,M,M,M
1910-01-15,M,M,M,M,M
1910-01-16,M,M,M,M,M
1910-01-17,M,M,M,M,M
1910-01-18,M,M,M,M,M
1910-01-19,M,M,M,M,M
1910-01-20,M,M,M,M,M
1910-01-21,M,M,M,M,M
1910-01-22,M,M,M,M,M
1910-01-23,M,M,M,M,M
1910-01-24,M,M,M,M,M
1910-01-25,M,M,M,M,M
1910-01-26,M,M,M,M,M
1910-01-27,M,M,M,M,M
1910-01-28,M,M,M,M,M
1910-01-29,M,M,M,M,M
1910-01-30,M,M,M,M,M
1910-01-31,M,M,M,M,M
1910-02-01,M,M,M,M,M
1910-02-02,M,M,M,M,M
1910-02-03,M,M,M,M,M
1910-02-04,M,M,M,M,M
1910-02-05,M,M,M,M,M
1910-02-06,M,M,M,M,M
1910-02-07,M,M,M,M,M
1910-02-08,M,M,M,M,M
1910-02-09,M,M,M,M,M
1910-02-10,M,M,M,M,M
1910-02-11,M,M,M,M,M
1910-02-12,M,M,M,M,M
1910-02-13,M,M,M,M,M
1910-02-14,M,M,M,M,M
1910-02-15,M,M,M,M,M
1910-02-16,M,M,M,M,M
1910-02-17,M,M,M,M,M
1910-02-18,M,M,M,M,M
1910-02-19,M,M,M,M,M
1910-02-20,M,M,M,M,M
1910-02-21,M,M,M,M,M
1910-02-22,M,M,M,M,M
1910-02-23,M,M,M,M,M
1910-02-24,M,M,M,M,M
1910-02-25,M,M,M,M,M
1910-02-26,M,M,M,M,M
1910-02-27,M,M,M,M,M
1910-02-28,M,M,M,M,M
1910-03-01,M,M,M,M,M
1910-03-02,M,M,M,M,M
1910-03-03,M,M,M,M,M
1910-03-04,M,M,M,M,M
1910-03-05,M,M,M,M,M
1910-03-06,M,M,M,M,M
1910-03-07,M,M,M,M,M
1910-03-08,M,M,M,M,M
1910-03-09,M,M,M,M,M
1910-03-10,M,M,M,M,M
1910-03-11,M,M,M,M,M
1910-03-12,M,M,M,M,M
1910-03-13,M,M,M,M,M
1910-03-14,M,M,M,M,M
1910-03-15,M,M,M,M,M
1910-03-16,M,M,M,M,M
1910-03-17,M,M,M,M,M
1910-03-18,M,M,M,M,M
1910-03-19,M,M,M,M,M
1910-03-20,M,M,M,M,M
1910-03-21,M,M,M,M,M
1910-03-22,M,M,M,M,M
1910-03-23,M,M,M,M,M
1910-03-24,M,M,M,M,M
1910-03-25,M,M,M,M,M
1910-03-26,M,M,M,M,M
1910-03-27,M,M,M,M,M
1910-03-28,M,M,M,M,M
1910-03-29,M,M,M,M,M
1910-03-30,M,M,M,M,M
1910-03-31,M,M,M,M,M
1910-04-01,M,M,M,M,M
1910-04-02,M,M,M,M,M
1910-04-03,M,M,M,M,M
1910-04-04,M,M,M,M,M
1910-04-05,M,M,M,M,M
1910-04-06,M,M,M,M,M
1910-04-07,M,M,M,M,M
1910-04-08,M,M,M,M,M
1910-04-09,M,M,M,M,M
1910-04-10,M,M,M,M,M
1910-04-11,M,M,M,M,M
1910-04-12,M,M,M,M,M
1910-04-13,M,M,M,M,M
1910-04-14,M,M,M,M,M
1910-04-15,M,M,M,M,M
1910-04-16,M,M,M,M,M
1910-04-17,M,M,M,M,M
1910-04-18,M,M,M,M,M
1910-04-19,M,M,M,M,M
1910-04-20,M,M,M,M,M
1910-04-21,M,M,M,M,M
1910-04-22,M,M,M,M,M
1910-04-23,M,M,M,M,M
1910-04-24,M,M,M,M,M
1910-04-25,M,M,M,M,M
1910-04-26,M,M,M,M,M
1910-04-27,M,M,M,M,M
1910-04-28,M,M,M,M,M
1910-04-29,M,M,M,M,M
1910-04-30,M,M,M,M,M
1910-05-01,M,M,M,M,M
1910-05-02,M,M,M,M,M
1910-05-03,M,M,M,M,M
1910-05-04,M,M,M,M,M
1910-05-05,M,M,M,M,M
1910-05-06,M,M,M,M,M
1910-05-07,M,M,M,M,M
1910-05-08,M,M,M,M,M
1910-05-09,M,M,M,M,M
1910-05-10,M,M,M,M,M
1910-05-11,M,M,M,M,M
1910-05-12,M,M,M,M,M
1910-05-13,M,M,M,M,M
1910-05-14,M,M,M,M,M
1910-05-15,M,M,M,M,M
1910-05-16,M,M,M,M,M
1910-05-17,M,M,M,M,M
1910-05-18,M,M,M,M,M
1910-05-19,M,M,M,M,M
1910-05-20,M,M,M,M,M
1910-05-21,M,M,M,M,M
1910-05-22,M,M,M,M,M
1910-05-23,M,M,M,M,M
1910-05-24,M,M,M,M,M
1910-05-25,M,M,M,M,M
1910-05-26,M,M,M,M,M
1910-05-27,M,M,M,M,M
1910-05-28,M,M,M,M,M
1910-05-29,M,M,M,M,M
1910-05-30,M,M,M,M,M
1910-05-31,M,M,M,M,M
1910-06-01,M,M,M,M,M
1910-06-02,M,M,M,M,M
1910-06-03,M,M,M,M,M
1910-06-04,M,M,M,M,M
1910-06-05,M,M,M,M,M
1910-06-06,M,M,M,M,M
1910-06-07,M,M,M,M,M
1910-06-08,M,M,M,M,M
1910-06-09,M,M,M,M,M
1910-06-10,M,M,M,M,M
1910-06-11,M,M,M,M,M
1910-06-12,M,M,M,M,M
1910-06-13,M,M,M,M,M
1910-06-14,M,M,M,M,M
1910-06-15,M,M,M,M,M
1910-06-16,M,M,M,M,M
1910-06-17,M,M,M,M,M
1910-06-18,M,M,M,M,M
1910-06-19,M,M,M,M,M
1910-06-20,M,M,M,M,M
1910-06-21,M,M,M,M,M
1910-06-22,M,M,M,M,M
1910-06-23,M,M,M,M,M
1910-06-24,M,M,M,M,M
1910-06-25,M,M,M,M,M
1910-06-26,M,M,M,M,M
1910-06-27,M,M,M,M,M
1910-06-28,M,M,M,M,M
1910-06-29,M,M,M,M,M
1910-06-30,M,M,M,M,M
1910-07-01,M,M,M,M,M
1910-07-02,M,M,M,M,M
1910-07-03,M,M,M,M,M
1910-07-04,M,M,M,M,M
1910-07-05,M,M,M,M,M
1910-07-06,M,M,M,M,M
1910-07-07,M,M,M,M,M
1910-07-08,M,M,M,M,M
1910-07-09,M,M,M,M,M
1910-07-10,M,M,M,M,M
1910-07-11,M,M,M,M,M
1910-07-12,M,M,M,M,M
1910-07-13,M,M,M,M,M
1910-07-14,M,M,M,M,M
1910-07-15,M,M,M,M,M
1910-07-16,M,M,M,M,M
1910-07-17,M,M,M,M,M
1910-07-18,M,M,M,M,M
1910-07-19,M,M,M,M,M
1910-07-20,M,M,M,M,M
1910-07-21,M,M,M,M,M
1910-07-22,M,M,M,M,M
1910-07-23,M,M,M,M,M
1910-07-24,M,M,M,M,M
1910-07-25,M,M,M,M,M
1910-07-26,M,M,M,M,M
1910-07-27,M,M,M,M,M
1910-07-28,M,M,M,M,M
1910-07-29,M,M,M,M,M
1910-07-30,M,M,M,M,M
1910-07-31,M,M,M,M,M
1910-08-01,M,M,M,M,M
1910-08-02,M,M,M,M,M
1910-08-03,M,M,M,M,M
1910-08-04,M,M,M,M,M
1910-08-05,M,M,M,M,M
1910-08-06,M,M,M,M,M
1910-08-07,M,M,M,M,M
1910-08-08,M,M,M,M,M
1910-08-09,M,M,M,M,M
1910-08-10,M,M,M,M,M
1910-08-11,M,M,M,M,M
1910-08-12,M,M,M,M,M
1910-08-13,M,M,M,M,M
1910-08-14,M,M,M,M,M
1910-08-15,M,M,M,M,M
1910-08-16,M,M,M,M,M
1910-08-17,M,M,M,M,M
1910-08-18,M,M,M,M,M
1910-08-19,M,M,M,M,M
1910-08-20,M,M,M,M,M
1910-08-21,M,M,M,M,M
1910-08-22,M,M,M,M,M
1910-08-23,M,M,M,M,M
1910-08-24,M,M,M,M,M
1910-08-25,M,M,M,M,M
1910-08-26,M,M,M,M,M
1910-08-27,M,M,M,M,M
1910-08-28,M,M,M,M,M
1910-08-29,M,M,M,M,M
1910-08-30,M,M,M,M,M
1910-08-31,M,M,M,M,M
1910-09-01,M,M,M,M,M
1910-09-02,M,M,M,M,M
1910-09-03,M,M,M,M,M
1910-09-04,M,M,M,M,M
1910-09-05,M,M,M,M,M
1910-09-06,M,M,M,M,M
1910-09-07,M,M,M,M,M
1910-09-08,M,M,M,M,M
1910-09-09,M,M,M,M,M
1910-09-10,M,M,M,M,M
1910-09-11,M,M,M,M,M
1910-09-12,M,M,M,M,M
1910-09-13,M,M,M,M,M
1910-09-14,M,M,M,M,M
1910-09-15,M,M,M,M,M
1910-09-16,M,M,M,M,M
1910-09-17,M,M,M,M,M
1910-09-18,M,M,M,M,M
1910-09-19,M,M,M,M,M
1910-09-20,M,M,M,M,M
1910-09-21,M,M,M,M,M
1910-09-22,M,M,M,M,M
1910-09-23,M,M,M,M,M
1910-09-24,M,M,M,M,M
1910-09-25,M,M,M,M,M
1910-09-26,M,M,M,M,M
1910-09-27,M,M,M,M,M
1910-09-28,M,M,M,M,M
1910-09-29,M,M,M,M,M
1910-09-30,M,M,M,M,M
1910-10-01,M,M,M,M,M
1910-10-02,M,M,M,M,M
1910-10-03,M,M,M,M,M
1910-10-04,M,M,M,M,M
1910-10-05,M,M,M,M,M
1910-10-06,M,M,M,M,M
1910-10-07,M,M,M,M,M
1910-10-08,M,M,M,M,M
1910-10-09,M,M,M,M,M
1910-10-10,M,M,M,M,M
1910-10-11,M,M,M,M,M
1910-10-12,M,M,M,M,M
1910-10-13,M,M,M,M,M
1910-10-14,M,M,M,M,M
1910-10-15,M,M,M,M,M
1910-10-16,M,M,M,M,M
1910-10-17,M,M,M,M,M
1910-10-18,M,M,M,M,M
1910-10-19,M,M,M,M,M
1910-10-20,M,M,M,M,M
1910-10-21,M,M,M,M,M
1910-10-22,M,M,M,M,M
1910-10-23,M,M,M,M,M
1910-10-24,M,M,M,M,M
1910-10-25,M,M,M,M,M
1910-10-26,M,M,M,M,M
1910-10-27,M,M,M,M,M
1910-10-28,M,M,M,M,M
1910-10-29,M,M,M,M,M
1910-10-30,M,M,M,M,M
1910-10-31,M,M,M,M,M
1910-11-01,M,M,M,M,M
1910-11-02,M,M,M,M,M
1910-11-03,M,M,M,M,M
1910-11-04,M,M,M,M,M
1910-11-05,M,M,M,M,M
1910-11-06,M,M,M,M,M
1910-11-07,M,M,M,M,M
1910-11-08,M,M,M,M,M
1910-11-09,M,M,M,M,M
1910-11-10,M,M,M,M,M
1910-11-11,M,M,M,M,M
1910-11-12,M,M,M,M,M
1910-11-13,M,M,M,M,M
1910-11-14,M,M,M,M,M
1910-11-15,M,M,M,M,M
1910-11-16,M,M,M,M,M
1910-11-17,M,M,M,M,M
1910-11-18,M,M,M,M,M
1910-11-19,M,M,M,M,M
1910-11-20,M,M,M,M,M
1910-11-21,M,M,M,M,M
1910-11-22,M,M,M,M,M
1910-11-23,M,M,M,M,M
1910-11-24,M,M,M,M,M
1910-11-25,M,M,M,M,M
1910-11-26,M,M,M,M,M
1910-11-27,M,M,M,M,M
1910-11-28,M,M,M,M,M
1910-11-29,M,M,M,M,M
1910-11-30,M,M,M,M,M
1910-12-01,M,M,M,M,M
1910-12-02,M,M,M,M,M
1910-12-03,M,M,M,M,M
1910-12-04,M,M,M,M,M
1910-12-05,M,M,M,M,M
1910-12-06,M,M,M,M,M
1910-12-07,M,M,M,M,M
1910-12-08,M,M,M,M,M
1910-12-09,M,M,M,M,M
1910-12-10,M,M,M,M,M
1910-12-11,M,M,M,M,M
1910-12-12,M,M,M,M,M
1910-12-13,M,M,M,M,M
1910-12-14,M,M,M,M,M
1910-12-15,M,M,M,M,M
1910-12-16,M,M,M,M,M
1910-12-17,M,M,M,M,M
1910-12-18,M,M,M,M,M
1910-12-19,M,M,M,M,M
1910-12-20,M,M,M,M,M
1910-12-21,M,M,M,M,M
1910-12-22,M,M,M,M,M
1910-12-23,M,M,M,M,M
1910-12-24,M,M,M,M,M
1910-12-25,M,M,M,M,M
1910-12-26,M,M,M,M,M
1910-12-27,M,M,M,M,M
1910-12-28,M,M,M,M,M
1910-12-29,M,M,M,M,M
1910-12-30,M,M,M,M,M
1910-12-31,M,M,M,M,M
1911-01-01,M,M,M,M,M
1911-01-02,M,M,M,M,M
1911-01-03,M,M,M,M,M
1911-01-04,M,M,M,M,M
1911-01-05,M,M,M,M,M
1911-01-06,M,M,M,M,M
1911-01-07,M,M,M,M,M
1911-01-08,M,M,M,M,M
1911-01-09,M,M,M,M,M
1911-01-10,M,M,M,M,M
1911-01-11,M,M,M,M,M
1911-01-12,M,M,M,M,M
1911-01-13,M,M,M,M,M
1911-01-14,M,M,M,M,M
1911-01-15,M,M,M,M,M
1911-01-16,M,M,M,M,M
1911-01-17,M,M,M,M,M
1911-01-18,M,M,M,M,M
1911-01-19,M,M,M,M,M
1911-01-20,M,M,M,M,M
1911-01-21,M,M,M,M,M
1911-01-22,M,M,M,M,M
1911-01-23,M,M,M,M,M
1911-01-24,M,M,M,M,M
1911-01-25,M,M,M,M,M
1911-01-26,M,M,M,M,M
1911-01-27,M,M,M,M,M
1911-01-28,M,M,M,M,M
1911-01-29,M,M,M,M,M
1911-01-30,M,M,M,M,M
1911-01-31,M,M,M,M,M
1911-02-01,M,M,M,M,M
1911-02-02,M,M,M,M,M
1911-02-03,M,M,M,M,M
1911-02-04,M,M,M,M,M
1911-02-05,M,M,M,M,M
1911-02-06,M,M,M,M,M
1911-02-07,M,M,M,M,M
1911-02-08,M,M,M,M,M
1911-02-09,M,M,M,M,M
1911-02-10,M,M,M,M,M
1911-02-11,M,M,M,M,M
1911-02-12,M,M,M,M,M
1911-02-13,M,M,M,M,M
1911-02-14,M,M,M,M,M
1911-02-15,M,M,M,M,M
1911-02-16,M,M,M,M,M
1911-02-17,M,M,M,M,M
1911-02-18,M,M,M,M,M
1911-02-19,M,M,M,M,M
1911-02-20,M,M,M,M,M
1911-02-21,M,M,M,M,M
1911-02-22,M,M,M,M,M
1911-02-23,M,M,M,M,M
1911-02-24,M,M,M,M,M
1911-02-25,M,M,M,M,M
1911-02-26,M,M,M,M,M
1911-02-27,M,M,M,M,M
1911-02-28,M,M,M,M,M
1911-03-01,M,M,M,M,M
1911-03-02,M,M,M,M,M
1911-03-03,M,M,M,M,M
1911-03-04,M,M,M,M,M
1911-03-05,M,M,M,M,M
1911-03-06,M,M,M,M,M
1911-03-07,M,M,M,M,M
1911-03-08,M,M,M,M,M
1911-03-09,M,M,M,M,M
1911-03-10,M,M,M,M,M
1911-03-11,M,M,M,M,M
1911-03-12,M,M,M,M,M
1911-03-13,M,M,M,M,M
1911-03-14,M,M,M,M,M
1911-03-15,M,M,M,M,M
1911-03-16,M,M,M,M,M
1911-03-17,M,M,M,M,M
1911-03-18,M,M,M,M,M
1911-03-19,M,M,M,M,M
1911-03-20,M,M,M,M,M
1911-03-21,M,M,M,M,M
1911-03-22,M,M,M,M,M
1911-03-23,M,M,M,M,M
1911-03-24,M,M,M,M,M
1911-03-25,M,M,M,M,M
1911-03-26,M,M,M,M,M
1911-03-27,M,M,M,M,M
1911-03-28,M,M,M,M,M
1911-03-29,M,M,M,M,M
1911-03-30,M,M,M,M,M
1911-03-31,M,M,M,M,M
1911-04-01,M,M,M,M,M
1911-04-02,M,M,M,M,M
1911-04-03,M,M,M,M,M
1911-04-04,M,M,M,M,M
1911-04-05,M,M,M,M,M
1911-04-06,M,M,M,M,M
1911-04-07,M,M,M,M,M
1911-04-08,M,M,M,M,M
1911-04-09,M,M,M,M,M
1911-04-10,M,M,M,M,M
1911-04-11,M,M,M,M,M
1911-04-12,M,M,M,M,M
1911-04-13,M,M,M,M,M
1911-04-14,M,M,M,M,M
1911-04-15,M,M,M,M,M
1911-04-16,M,M,M,M,M
1911-04-17,M,M,M,M,M
1911-04-18,M,M,M,M,M
1911-04-19,M,M,M,M,M
1911-04-20,M,M,M,M,M
1911-04-21,M,M,M,M,M
1911-04-22,M,M,M,M,M
1911-04-23,M,M,M,M,M
1911-04-24,M,M,M,M,M
1911-04-25,M,M,M,M,M
1911-04-26,M,M,M,M,M
1911-04-27,M,M,M,M,M
1911-04-28,M,M,M,M,M
1911-04-29,M,M,M,M,M
1911-04-30,M,M,M,M,M
1911-05-01,M,M,M,M,M
1911-05-02,M,M,M,M,M
1911-05-03,M,M,M,M,M
1911-05-04,M,M,M,M,M
1911-05-05,M,M,M,M,M
1911-05-06,M,M,M,M,M
1911-05-07,M,M,M,M,M
1911-05-08,M,M,M,M,M
1911-05-09,M,M,M,M,M
1911-05-10,M,M,M,M,M
1911-05-11,M,M,M,M,M
1911-05-12,M,M,M,M,M
1911-05-13,M,M,M,M,M
1911-05-14,M,M,M,M,M
1911-05-15,M,M,M,M,M
1911-05-16,M,M,M,M,M
1911-05-17,M,M,M,M,M
1911-05-18,M,M,M,M,M
1911-05-19,M,M,M,M,M
1911-05-20,M,M,M,M,M
1911-05-21,M,M,M,M,M
1911-05-22,M,M,M,M,M
1911-05-23,M,M,M,M,M
1911-05-24,M,M,M,M,M
1911-05-25,M,M,M,M,M
1911-05-26,M,M,M,M,M
1911-05-27,M,M,M,M,M
1911-05-28,M,M,M,M,M
1911-05-29,M,M,M,M,M
1911-05-30,M,M,M,M,M
1911-05-31,M,M,M,M,M
1911-06-01,M,M,M,M,M
1911-06-02,M,M,M,M,M
1911-06-03,M,M,M,M,M
1911-06-04,M,M,M,M,M
1911-06-05,M,M,M,M,M
1911-06-06,M,M,M,M,M
1911-06-07,M,M,M,M,M
1911-06-08,M,M,M,M,M
1911-06-09,M,M,M,M,M
1911-06-10,M,M,M,M,M
1911-06-11,M,M,M,M,M
1911-06-12,M,M,M,M,M
1911-06-13,M,M,M,M,M
1911-06-14,M,M,M,M,M
1911-06-15,M,M,M,M,M
1911-06-16,M,M,M,M,M
1911-06-17,M,M,M,M,M
1911-06-18,M,M,M,M,M
1911-06-19,M,M,M,M,M
1911-06-20,M,M,M,M,M
1911-06-21,M,M,M,M,M
1911-06-22,M,M,M,M,M
1911-06-23,M,M,M,M,M
1911-06-24,M,M,M,M,M
1911-06-25,M,M,M,M,M
1911-06-26,M,M,M,M,M
1911-06-27,M,M,M,M,M
1911-06-28,M,M,M,M,M
1911-06-29,M,M,M,M,M
1911-06-30,M,M,M,M,M
1911-07-01,M,M,M,M,M
1911-07-02,M,M,M,M,M
1911-07-03,M,M,M,M,M
1911-07-04,M,M,M,M,M
1911-07-05,M,M,M,M,M
1911-07-06,M,M,M,M,M
1911-07-07,M,M,M,M,M
1911-07-08,M,M,M,M,M
1911-07-09,M,M,M,M,M
1911-07-10,M,M,M,M,M
1911-07-11,M,M,M,M,M
1911-07-12,M,M,M,M,M
1911-07-13,M,M,M,M,M
1911-07-14,M,M,M,M,M
1911-07-15,M,M,M,M,M
1911-07-16,M,M,M,M,M
1911-07-17,M,M,M,M,M
1911-07-18,M,M,M,M,M
1911-07-19,M,M,M,M,M
1911-07-20,M,M,M,M,M
1911-07-21,M,M,M,M,M
1911-07-22,M,M,M,M,M
1911-07-23,M,M,M,M,M
1911-07-24,M,M,M,M,M
1911-07-25,M,M,M,M,M
1911-07-26,M,M,M,M,M
1911-07-27,M,M,M,M,M
1911-07-28,M,M,M,M,M
1911-07-29,M,M,M,M,M
1911-07-30,M,M,M,M,M
1911-07-31,M,M,M,M,M
1911-08-01,M,M,M,M,M
1911-08-02,M,M,M,M,M
1911-08-03,M,M,M,M,M
1911-08-04,M,M,M,M,M
1911-08-05,M,M,M,M,M
1911-08-06,M,M,M,M,M
1911-08-07,M,M,M,M,M
1911-08-08,M,M,M,M,M
1911-08-09,M,M,M,M,M
1911-08-10,M,M,M,M,M
1911-08-11,M,M,M,M,M
1911-08-12,M,M,M,M,M
1911-08-13,M,M,M,M,M
1911-08-14,M,M,M,M,M
1911-08-15,M,M,M,M,M
1911-08-16,M,M,M,M,M
1911-08-17,M,M,M,M,M
1911-08-18,M,M,M,M,M
1911-08-19,M,M,M,M,M
1911-08-20,M,M,M,M,M
1911-08-21,M,M,M,M,M
1911-08-22,M,M,M,M,M
1911-08-23,M,M,M,M,M
1911-08-24,M,M,M,M,M
1911-08-25,M,M,M,M,M
1911-08-26,M,M,M,M,M
1911-08-27,M,M,M,M,M
1911-08-28,M,M,M,M,M
1911-08-29,M,M,M,M,M
1911-08-30,M,M,M,M,M
1911-08-31,M,M,M,M,M
1911-09-01,M,M,M,M,M
1911-09-02,M,M,M,M,M
1911-09-03,M,M,M,M,M
1911-09-04,M,M,M,M,M
1911-09-05,M,M,M,M,M
1911-09-06,M,M,M,M,M
1911-09-07,M,M,M,M,M
1911-09-08,M,M,M,M,M
1911-09-09,M,M,M,M,M
1911-09-10,M,M,M,M,M
1911-09-11,M,M,M,M,M
1911-09-12,M,M,M,M,M
1911-09-13,M,M,M,M,M
1911-09-14,M,M,M,M,M
1911-09-15,M,M,M,M,M
1911-09-16,M,M,M,M,M
1911-09-17,M,M,M,M,M
1911-09-18,M,M,M,M,M
1911-09-19,M,M,M,M,M
1911-09-20,M,M,M,M,M
1911-09-21,M,M,M,M,M
1911-09-22,M,M,M,M,M
1911-09-23,M,M,M,M,M
1911-09-24,M,M,M,M,M
1911-09-25,M,M,M,M,M
1911-09-26,M,M,M,M,M
1911-09-27,M,M,M,M,M
1911-09-28,M,M,M,M,M
1911-09-29,M,M,M,M,M
1911-09-30,M,M,M,M,M
1911-10-01,M,M,M,M,M
1911-10-02,M,M,M,M,M
1911-10-03,M,M,M,M,M
1911-10-04,M,M,M,M,M
1911-10-05,M,M,M,M,M
1911-10-06,M,M,M,M,M
1911-10-07,M,M,M,M,M
1911-10-08,M,M,M,M,M
1911-10-09,M,M,M,M,M
1911-10-10,M,M,M,M,M
1911-10-11,M,M,M,M,M
1911-10-12,M,M,M,M,M
1911-10-13,M,M,M,M,M
1911-10-14,M,M,M,M,M
1911-10-15,M,M,M,M,M
1911-10-16,M,M,M,M,M
1911-10-17,M,M,M,M,M
1911-10-18,M,M,M,M,M
1911-10-19,M,M,M,M,M
1911-10-20,M,M,M,M,M
1911-10-21,M,M,M,M,M
1911-10-22,M,M,M,M,M
1911-10-23,M,M,M,M,M
1911-10-24,M,M,M,M,M
1911-10-25,M,M,M,M,M
1911-10-26,M,M,M,M,M
1911-10-27,M,M,M,M,M
1911-10-28,M,M,M,M,M
1911-10-29,M,M,M,M,M
1911-10-30,M,M,M,M,M
1911-10-31,M,M,M,M,M
1911-11-01,M,M,M,M,M
1911-11-02,M,M,M,M,M
1911-11-03,M,M,M,M,M
1911-11-04,M,M,M,M,M
1911-11-05,M,M,M,M,M
1911-11-06,M,M,M,M,M
1911-11-07,M,M,M,M,M
1911-11-08,M,M,M,M,M
1911-11-09,M,M,M,M,M
1911-11-10,M,M,M,M,M
1911-11-11,M,M,M,M,M
1911-11-12,M,M,M,M,M
1911-11-13,M,M,M,M,M
1911-11-14,M,M,M,M,M
1911-11-15,M,M,M,M,M
1911-11-16,M,M,M,M,M
1911-11-17,M,M,M,M,M
1911-11-18,M,M,M,M,M
1911-11-19,M,M,M,M,M
1911-11-20,M,M,M,M,M
1911-11-21,M,M,M,M,M
1911-11-22,M,M,M,M,M
1911-11-23,M,M,M,M,M
1911-11-24,M,M,M,M,M
1911-11-25,M,M,M,M,M
1911-11-26,M,M,M,M,M
1911-11-27,M,M,M,M,M
1911-11-28,M,M,M,M,M
1911-11-29,M,M,M,M,M
1911-11-30,M,M,M,M,M
1911-12-01,M,M,M,M,M
1911-12-02,M,M,M,M,M
1911-12-03,M,M,M,M,M
1911-12-04,M,M,M,M,M
1911-12-05,M,M,M,M,M
1911-12-06,M,M,M,M,M
1911-12-07,M,M,M,M,M
1911-12-08,M,M,M,M,M
1911-12-09,M,M,M,M,M
1911-12-10,M,M,M,M,M
1911-12-11,M,M,M,M,M
1911-12-12,M,M,M,M,M
1911-12-13,M,M,M,M,M
1911-12-14,M,M,M,M,M
1911-12-15,M,M,M,M,M
1911-12-16,M,M,M,M,M
1911-12-17,M,M,M,M,M
1911-12-18,M,M,M,M,M
1911-12-19,M,M,M,M,M
1911-12-20,M,M,M,M,M
1911-12-21,M,M,M,M,M
1911-12-22,M,M,M,M,M
1911-12-23,M,M,M,M,M
1911-12-24,M,M,M,M,M
1911-12-25,M,M,M,M,M
1911-12-26,M,M,M,M,M
1911-12-27,M,M,M,M,M
1911-12-28,M,M,M,M,M
1911-12-29,M,M,M,M,M
1911-12-30,M,M,M,M,M
1911-12-31,M,M,M,M,M
1912-01-01,M,M,M,M,M
1912-01-02,M,M,M,M,M
1912-01-03,M,M,M,M,M
1912-01-04,M,M,M,M,M
1912-01-05,M,M,M,M,M
1912-01-06,M,M,M,M,M
1912-01-07,M,M,M,M,M
1912-01-08,M,M,M,M,M
1912-01-09,M,M,M,M,M
1912-01-10,M,M,M,M,M
1912-01-11,M,M,M,M,M
1912-01-12,M,M,M,M,M
1912-01-13,M,M,M,M,M
1912-01-14,M,M,M,M,M
1912-01-15,M,M,M,M,M
1912-01-16,M,M,M,M,M
1912-01-17,M,M,M,M,M
1912-01-18,M,M,M,M,M
1912-01-19,M,M,M,M,M
1912-01-20,M,M,M,M,M
1912-01-21,M,M,M,M,M
1912-01-22,M,M,M,M,M
1912-01-23,M,M,M,M,M
1912-01-24,M,M,M,M,M
1912-01-25,M,M,M,M,M
1912-01-26,M,M,M,M,M
1912-01-27,M,M,M,M,M
1912-01-28,M,M,M,M,M
1912-01-29,M,M,M,M,M
1912-01-30,M,M,M,M,M
1912-01-31,M,M,M,M,M
1912-02-01,M,M,M,M,M
1912-02-02,M,M,M,M,M
1912-02-03,M,M,M,M,M
1912-02-04,M,M,M,M,M
1912-02-05,M,M,M,M,M
1912-02-06,M,M,M,M,M
1912-02-07,M,M,M,M,M
1912-02-08,M,M,M,M,M
1912-02-09,M,M,M,M,M
1912-02-10,M,M,M,M,M
1912-02-11,M,M,M,M,M
1912-02-12,M,M,M,M,M
1912-02-13,M,M,M,M,M
1912-02-14,M,M,M,M,M
1912-02-15,M,M,M,M,M
1912-02-16,M,M,M,M,M
1912-02-17,M,M,M,M,M
1912-02-18,M,M,M,M,M
1912-02-19,M,M,M,M,M
1912-02-20,M,M,M,M,M
1912-02-21,M,M,M,M,M
1912-02-22,M,M,M,M,M
1912-02-23,M,M,M,M,M
1912-02-24,M,M,M,M,M
1912-02-25,M,M,M,M,M
1912-02-26,M,M,M,M,M
1912-02-27,M,M,M,M,M
1912-02-28,M,M,M,M,M
1912-02-29,M,M,M,M,M
1912-03-01,M,M,M,M,M
1912-03-02,M,M,M,M,M
1912-03-03,M,M,M,M,M
1912-03-04,M,M,M,M,M
1912-03-05,M,M,M,M,M
1912-03-06,M,M,M,M,M
1912-03-07,M,M,M,M,M
1912-03-08,M,M,M,M,M
1912-03-09,M,M,M,M,M
1912-03-10,M,M,M,M,M
1912-03-11,M,M,M,M,M
1912-03-12,M,M,M,M,M
1912-03-13,M,M,M,M,M
1912-03-14,M,M,M,M,M
1912-03-15,M,M,M,M,M
1912-03-16,M,M,M,M,M
1912-03-17,M,M,M,M,M
1912-03-18,M,M,M,M,M
1912-03-19,M,M,M,M,M
1912-03-20,M,M,M,M,M
1912-03-21,M,M,M,M,M
1912-03-22,M,M,M,M,M
1912-03-23,M,M,M,M,M
1912-03-24,M,M,M,M,M
1912-03-25,M,M,M,M,M
1912-03-26,M,M,M,M,M
1912-03-27,M,M,M,M,M
1912-03-28,M,M,M,M,M
1912-03-29,M,M,M,M,M
1912-03-30,M,M,M,M,M
1912-03-31,M,M,M,M,M
1912-04-01,M,M,M,M,M
1912-04-02,M,M,M,M,M
1912-04-03,M,M,M,M,M
1912-04-04,M,M,M,M,M
1912-04-05,M,M,M,M,M
1912-04-06,M,M,M,M,M
1912-04-07,M,M,M,M,M
1912-04-08,M,M,M,M,M
1912-04-09,M,M,M,M,M
1912-04-10,M,M,M,M,M
1912-04-11,M,M,M,M,M
1912-04-12,M,M,M,M,M
1912-04-13,M,M,M,M,M
1912-04-14,M,M,M,M,M
1912-04-15,M,M,M,M,M
1912-04-16,M,M,M,M,M
1912-04-17,M,M,M,M,M
1912-04-18,M,M,M,M,M
1912-04-19,M,M,M,M,M
1912-04-20,M,M,M,M,M
1912-04-21,M,M,M,M,M
1912-04-22,M,M,M,M,M
1912-04-23,M,M,M,M,M
1912-04-24,M,M,M,M,M
1912-04-25,M,M,M,M,M
1912-04-26,M,M,M,M,M
1912-04-27,M,M,M,M,M
1912-04-28,M,M,M,M,M
1912-04-29,M,M,M,M,M
1912-04-30,M,M,M,M,M
1912-05-01,M,M,M,M,M
1912-05-02,M,M,M,M,M
1912-05-03,M,M,M,M,M
1912-05-04,M,M,M,M,M
1912-05-05,M,M,M,M,M
1912-05-06,M,M,M,M,M
1912-05-07,M,M,M,M,M
1912-05-08,M,M,M,M,M
1912-05-09,M,M,M,M,M
1912-05-10,M,M,M,M,M
1912-05-11,M,M,M,M,M
1912-05-12,M,M,M,M,M
1912-05-13,M,M,M,M,M
1912-05-14,M,M,M,M,M
1912-05-15,M,M,M,M,M
1912-05-16,M,M,M,M,M
1912-05-17,M,M,M,M,M
1912-05-18,M,M,M,M,M
1912-05-19,M,M,M,M,M
1912-05-20,M,M,M,M,M
1912-05-21,M,M,M,M,M
1912-05-22,M,M,M,M,M
1912-05-23,M,M,M,M,M
1912-05-24,M,M,M,M,M
1912-05-25,M,M,M,M,M
1912-05-26,M,M,M,M,M
1912-05-27,M,M,M,M,M
1912-05-28,M,M,M,M,M
1912-05-29,M,M,M,M,M
1912-05-30,M,M,M,M,M
1912-05-31,M,M,M,M,M
1912-06-01,M,M,M,M,M
1912-06-02,M,M,M,M,M
1912-06-03,M,M,M,M,M
1912-06-04,M,M,M,M,M
1912-06-05,M,M,M,M,M
1912-06-06,M,M,M,M,M
1912-06-07,M,M,M,M,M
1912-06-08,M,M,M,M,M
1912-06-09,M,M,M,M,M
1912-06-10,M,M,M,M,M
1912-06-11,M,M,M,M,M
1912-06-12,M,M,M,M,M
1912-06-13,M,M,M,M,M
1912-06-14,M,M,M,M,M
1912-06-15,M,M,M,M,M
1912-06-16,M,M,M,M,M
1912-06-17,M,M,M,M,M
1912-06-18,M,M,M,M,M
1912-06-19,M,M,M,M,M
1912-06-20,M,M,M,M,M
1912-06-21,M,M,M,M,M
1912-06-22,M,M,M,M,M
1912-06-23,M,M,M,M,M
1912-06-24,M,M,M,M,M
1912-06-25,M,M,M,M,M
1912-06-26,M,M,M,M,M
1912-06-27,M,M,M,M,M
1912-06-28,M,M,M,M,M
1912-06-29,M,M,M,M,M
1912-06-30,M,M,M,M,M
1912-07-01,M,M,M,M,M
1912-07-02,M,M,M,M,M
1912-07-03,M,M,M,M,M
1912-07-04,M,M,M,M,M
1912-07-05,M,M,M,M,M
1912-07-06,M,M,M,M,M
1912-07-07,M,M,M,M,M
1912-07-08,M,M,M,M,M
1912-07-09,M,M,M,M,M
1912-07-10,M,M,M,M,M
1912-07-11,M,M,M,M,M
1912-07-12,M,M,M,M,M
1912-07-13,M,M,M,M,M
1912-07-14,M,M,M,M,M
1912-07-15,M,M,M,M,M
1912-07-16,M,M,M,M,M
1912-07-17,M,M,M,M,M
1912-07-18,M,M,M,M,M
1912-07-19,M,M,M,M,M
1912-07-20,M,M,M,M,M
1912-07-21,M,M,M,M,M
1912-07-22,M,M,M,M,M
1912-07-23,M,M,M,M,M
1912-07-24,M,M,M,M,M
1912-07-25,M,M,M,M,M
1912-07-26,M,M,M,M,M
1912-07-27,M,M,M,M,M
1912-07-28,M,M,M,M,M
1912-07-29,M,M,M,M,M
1912-07-30,M,M,M,M,M
1912-07-31,M,M,M,M,M
1912-08-01,M,M,M,M,M
1912-08-02,M,M,M,M,M
1912-08-03,M,M,M,M,M
1912-08-04,M,M,M,M,M
1912-08-05,M,M,M,M,M
1912-08-06,M,M,M,M,M
1912-08-07,M,M,M,M,M
1912-08-08,M,M,M,M,M
1912-08-09,M,M,M,M,M
1912-08-10,M,M,M,M,M
1912-08-11,M,M,M,M,M
1912-08-12,M,M,M,M,M
1912-08-13,M,M,M,M,M
1912-08-14,M,M,M,M,M
1912-08-15,M,M,M,M,M
1912-08-16,M,M,M,M,M
1912-08-17,M,M,M,M,M
1912-08-18,M,M,M,M,M
1912-08-19,M,M,M,M,M
1912-08-20,M,M,M,M,M
1912-08-21,M,M,M,M,M
1912-08-22,M,M,M,M,M
1912-08-23,M,M,M,M,M
1912-08-24,M,M,M,M,M
1912-08-25,M,M,M,M,M
1912-08-26,M,M,M,M,M
1912-08-27,M,M,M,M,M
1912-08-28,M,M,M,M,M
1912-08-29,M,M,M,M,M
1912-08-30,M,M,M,M,M
1912-08-31,M,M,M,M,M
1912-09-01,M,M,M,M,M
1912-09-02,M,M,M,M,M
1912-09-03,M,M,M,M,M
1912-09-04,M,M,M,M,M
1912-09-05,M,M,M,M,M
1912-09-06,M,M,M,M,M
1912-09-07,M,M,M,M,M
1912-09-08,M,M,M,M,M
1912-09-09,M,M,M,M,M
1912-09-10,M,M,M,M,M
1912-09-11,M,M,M,M,M
1912-09-12,M,M,M,M,M
1912-09-13,M,M,M,M,M
1912-09-14,M,M,M,M,M
1912-09-15,M,M,M,M,M
1912-09-16,M,M,M,M,M
1912-09-17,M,M,M,M,M
1912-09-18,M,M,M,M,M
1912-09-19,M,M,M,M,M
1912-09-20,M,M,M,M,M
1912-09-21,M,M,M,M,M
1912-09-22,M,M,M,M,M
1912-09-23,M,M,M,M,M
1912-09-24,M,M,M,M,M
1912-09-25,M,M,M,M,M
1912-09-26,M,M,M,M,M
1912-09-27,M,M,M,M,M
1912-09-28,M,M,M,M,M
1912-09-29,M,M,M,M,M
1912-09-30,M,M,M,M,M
1912-10-01,M,M,M,M,M
1912-10-02,M,M,M,M,M
1912-10-03,M,M,M,M,M
1912-10-04,M,M,M,M,M
1912-10-05,M,M,M,M,M
1912-10-06,M,M,M,M,M
1912-10-07,M,M,M,M,M
1912-10-08,M,M,M,M,M
1912-10-09,M,M,M,M,M
1912-10-10,M,M,M,M,M
1912-10-11,M,M,M,M,M
1912-10-12,M,M,M,M,M
1912-10-13,M,M,M,M,M
1912-10-14,M,M,M,M,M
1912-10-15,M,M,M,M,M
1912-10-16,M,M,M,M,M
1912-10-17,M,M,M,M,M
1912-10-18,M,M,M,M,M
1912-10-19,M,M,M,M,M
1912-10-20,M,M,M,M,M
1912-10-21,M,M,M,M,M
1912-10-22,M,M,M,M,M
1912-10-23,M,M,M,M,M
1912-10-24,M,M,M,M,M
1912-10-25,M,M,M,M,M
1912-10-26,M,M,M,M,M
1912-10-27,M,M,M,M,M
1912-10-28,M,M,M,M,M
1912-10-29,M,M,M,M,M
1912-10-30,M,M,M,M,M
1912-10-31,M,M,M,M,M
1912-11-01,M,M,M,M,M
1912-11-02,M,M,M,M,M
1912-11-03,M,M,M,M,M
1912-11-04,M,M,M,M,M
1912-11-05,M,M,M,M,M
1912-11-06,M,M,M,M,M
1912-11-07,M,M,M,M,M
1912-11-08,M,M,M,M,M
1912-11-09,M,M,M,M,M
1912-11-10,M,M,M,M,M
1912-11-11,M,M,M,M,M
1912-11-12,M,M,M,M,M
1912-11-13,M,M,M,M,M
1912-11-14,M,M,M,M,M
1912-11-15,M,M,M,M,M
1912-11-16,M,M,M,M,M
1912-11-17,M,M,M,M,M
1912-11-18,M,M,M,M,M
1912-11-19,M,M,M,M,M
1912-11-20,M,M,M,M,M
1912-11-21,M,M,M,M,M
1912-11-22,M,M,M,M,M
1912-11-23,M,M,M,M,M
1912-11-24,M,M,M,M,M
1912-11-25,M,M,M,M,M
1912-11-26,M,M,M,M,M
1912-11-27,M,M,M,M,M
1912-11-28,M,M,M,M,M
1912-11-29,M,M,M,M,M
1912-11-30,M,M,M,M,M
1912-12-01,M,M,M,M,M
1912-12-02,M,M,M,M,M
1912-12-03,M,M,M,M,M
1912-12-04,M,M,M,M,M
1912-12-05,M,M,M,M,M
1912-12-06,M,M,M,M,M
1912-12-07,M,M,M,M,M
1912-12-08,M,M,M,M,M
1912-12-09,M,M,M,M,M
1912-12-10,M,M,M,M,M
1912-12-11,M,M,M,M,M
1912-12-12,M,M,M,M,M
1912-12-13,M,M,M,M,M
1912-12-14,M,M,M,M,M
1912-12-15,M,M,M,M,M
1912-12-16,M,M,M,M,M
1912-12-17,M,M,M,M,M
1912-12-18,M,M,M,M,M
1912-12-19,M,M,M,M,M
1912-12-20,M,M,M,M,M
1912-12-21,M,M,M,M,M
1912-12-22,M,M,M,M,M
1912-12-23,M,M,M,M,M
1912-12-24,M,M,M,M,M
1912-12-25,M,M,M,M,M
1912-12-26,M,M,M,M,M
1912-12-27,M,M,M,M,M
1912-12-28,M,M,M,M,M
1912-12-29,M,M,M,M,M
1912-12-30,M,M,M,M,M
1912-12-31,M,M,M,M,M
1913-01-01,M,M,M,M,M
1913-01-02,M,M,M,M,M
1913-01-03,M,M,M,M,M
1913-01-04,M,M,M,M,M
1913-01-05,M,M,M,M,M
1913-01-06,M,M,M,M,M
1913-01-07,M,M,M,M,M
1913-01-08,M,M,M,M,M
1913-01-09,M,M,M,M,M
1913-01-10,M,M,M,M,M
1913-01-11,M,M,M,M,M
1913-01-12,M,M,M,M,M
1913-01-13,M,M,M,M,M
1913-01-14,M,M,M,M,M
1913-01-15,M,M,M,M,M
1913-01-16,M,M,M,M,M
1913-01-17,M,M,M,M,M
1913-01-18,M,M,M,M,M
1913-01-19,M,M,M,M,M
1913-01-20,M,M,M,M,M
1913-01-21,M,M,M,M,M
1913-01-22,M,M,M,M,M
1913-01-23,M,M,M,M,M
1913-01-24,M,M,M,M,M
1913-01-25,M,M,M,M,M
1913-01-26,M,M,M,M,M
1913-01-27,M,M,M,M,M
1913-01-28,M,M,M,M,M
1913-01-29,M,M,M,M,M
1913-01-30,M,M,M,M,M
1913-01-31,M,M,M,M,M
1913-02-01,M,M,M,M,M
1913-02-02,M,M,M,M,M
1913-02-03,M,M,M,M,M
1913-02-04,M,M,M,M,M
1913-02-05,M,M,M,M,M
1913-02-06,M,M,M,M,M
1913-02-07,M,M,M,M,M
1913-02-08,M,M,M,M,M
1913-02-09,M,M,M,M,M
1913-02-10,M,M,M,M,M
1913-02-11,M,M,M,M,M
1913-02-12,M,M,M,M,M
1913-02-13,M,M,M,M,M
1913-02-14,M,M,M,M,M
1913-02-15,M,M,M,M,M
1913-02-16,M,M,M,M,M
1913-02-17,M,M,M,M,M
1913-02-18,M,M,M,M,M
1913-02-19,M,M,M,M,M
1913-02-20,M,M,M,M,M
1913-02-21,M,M,M,M,M
1913-02-22,M,M,M,M,M
1913-02-23,M,M,M,M,M
1913-02-24,M,M,M,M,M
1913-02-25,M,M,M,M,M
1913-02-26,M,M,M,M,M
1913-02-27,M,M,M,M,M
1913-02-28,M,M,M,M,M
1913-03-01,M,M,M,M,M
1913-03-02,M,M,M,M,M
1913-03-03,M,M,M,M,M
1913-03-04,M,M,M,M,M
1913-03-05,M,M,M,M,M
1913-03-06,M,M,M,M,M
1913-03-07,M,M,M,M,M
1913-03-08,M,M,M,M,M
1913-03-09,M,M,M,M,M
1913-03-10,M,M,M,M,M
1913-03-11,M,M,M,M,M
1913-03-12,M,M,M,M,M
1913-03-13,M,M,M,M,M
1913-03-14,M,M,M,M,M
1913-03-15,M,M,M,M,M
1913-03-16,M,M,M,M,M
1913-03-17,M,M,M,M,M
1913-03-18,M,M,M,M,M
1913-03-19,M,M,M,M,M
1913-03-20,M,M,M,M,M
1913-03-21,M,M,M,M,M
1913-03-22,M,M,M,M,M
1913-03-23,M,M,M,M,M
1913-03-24,M,M,M,M,M
1913-03-25,M,M,M,M,M
1913-03-26,M,M,M,M,M
1913-03-27,M,M,M,M,M
1913-03-28,M,M,M,M,M
1913-03-29,M,M,M,M,M
1913-03-30,M,M,M,M,M
1913-03-31,M,M,M,M,M
1913-04-01,M,M,M,M,M
1913-04-02,M,M,M,M,M
1913-04-03,M,M,M,M,M
1913-04-04,M,M,M,M,M
1913-04-05,M,M,M,M,M
1913-04-06,M,M,M,M,M
1913-04-07,M,M,M,M,M
1913-04-08,M,M,M,M,M
1913-04-09,M,M,M,M,M
1913-04-10,M,M,M,M,M
1913-04-11,M,M,M,M,M
1913-04-12,M,M,M,M,M
1913-04-13,M,M,M,M,M
1913-04-14,M,M,M,M,M
1913-04-15,M,M,M,M,M
1913-04-16,M,M,M,M,M
1913-04-17,M,M,M,M,M
1913-04-18,M,M,M,M,M
1913-04-19,M,M,M,M,M
1913-04-20,M,M,M,M,M
1913-04-21,M,M,M,M,M
1913-04-22,M,M,M,M,M
1913-04-23,M,M,M,M,M
1913-04-24,M,M,M,M,M
1913-04-25,M,M,M,M,M
1913-04-26,M,M,M,M,M
1913-04-27,M,M,M,M,M
1913-04-28,M,M,M,M,M
1913-04-29,M,M,M,M,M
1913-04-30,M,M,M,M,M
1913-05-01,M,M,M,M,M
1913-05-02,M,M,M,M,M
1913-05-03,M,M,M,M,M
1913-05-04,M,M,M,M,M
1913-05-05,M,M,M,M,M
1913-05-06,M,M,M,M,M
1913-05-07,M,M,M,M,M
1913-05-08,M,M,M,M,M
1913-05-09,M,M,M,M,M
1913-05-10,M,M,M,M,M
1913-05-11,M,M,M,M,M
1913-05-12,M,M,M,M,M
1913-05-13,M,M,M,M,M
1913-05-14,M,M,M,M,M
1913-05-15,M,M,M,M,M
1913-05-16,M,M,M,M,M
1913-05-17,M,M,M,M,M
1913-05-18,M,M,M,M,M
1913-05-19,M,M,M,M,M
1913-05-20,M,M,M,M,M
1913-05-21,M,M,M,M,M
1913-05-22,M,M,M,M,M
1913-05-23,M,M,M,M,M
1913-05-24,M,M,M,M,M
1913-05-25,M,M,M,M,M
1913-05-26,M,M,M,M,M
1913-05-27,M,M,M,M,M
1913-05-28,M,M,M,M,M
1913-05-29,M,M,M,M,M
1913-05-30,M,M,M,M,M
1913-05-31,M,M,M,M,M
1913-06-01,M,M,M,M,M
1913-06-02,M,M,M,M,M
1913-06-03,M,M,M,M,M
1913-06-04,M,M,M,M,M
1913-06-05,M,M,M,M,M
1913-06-06,M,M,M,M,M
1913-06-07,M,M,M,M,M
1913-06-08,M,M,M,M,M
1913-06-09,M,M,M,M,M
1913-06-10,M,M,M,M,M
1913-06-11,M,M,M,M,M
1913-06-12,M,M,M,M,M
1913-06-13,M,M,M,M,M
1913-06-14,M,M,M,M,M
1913-06-15,M,M,M,M,M
1913-06-16,M,M,M,M,M
1913-06-17,M,M,M,M,M
1913-06-18,M,M,M,M,M
1913-06-19,M,M,M,M,M
1913-06-20,M,M,M,M,M
1913-06-21,M,M,M,M,M
1913-06-22,M,M,M,M,M
1913-06-23,M,M,M,M,M
1913-06-24,M,M,M,M,M
1913-06-25,M,M,M,M,M
1913-06-26,M,M,M,M,M
1913-06-27,M,M,M,M,M
1913-06-28,M,M,M,M,M
1913-06-29,M,M,M,M,M
1913-06-30,M,M,M,M,M
1913-07-01,M,M,M,M,M
1913-07-02,M,M,M,M,M
1913-07-03,M,M,M,M,M
1913-07-04,M,M,M,M,M
1913-07-05,M,M,M,M,M
1913-07-06,M,M,M,M,M
1913-07-07,M,M,M,M,M
1913-07-08,M,M,M,M,M
1913-07-09,M,M,M,M,M
1913-07-10,M,M,M,M,M
1913-07-11,M,M,M,M,M
1913-07-12,M,M,M,M,M
1913-07-13,M,M,M,M,M
1913-07-14,M,M,M,M,M
1913-07-15,M,M,M,M,M
1913-07-16,M,M,M,M,M
1913-07-17,M,M,M,M,M
1913-07-18,M,M,M,M,M
1913-07-19,M,M,M,M,M
1913-07-20,M,M,M,M,M
1913-07-21,M,M,M,M,M
1913-07-22,M,M,M,M,M
1913-07-23,M,M,M,M,M
1913-07-24,M,M,M,M,M
1913-07-25,M,M,M,M,M
1913-07-26,M,M,M,M,M
1913-07-27,M,M,M,M,M
1913-07-28,M,M,M,M,M
1913-07-29,M,M,M,M,M
1913-07-30,M,M,M,M,M
1913-07-31,M,M,M,M,M
1913-08-01,M,M,M,M,M
1913-08-02,M,M,M,M,M
1913-08-03,M,M,M,M,M
1913-08-04,M,M,M,M,M
1913-08-05,M,M,M,M,M
1913-08-06,M,M,M,M,M
1913-08-07,M,M,M,M,M
1913-08-08,M,M,M,M,M
1913-08-09,M,M,M,M,M
1913-08-10,M,M,M,M,M
1913-08-11,M,M,M,M,M
1913-08-12,M,M,M,M,M
1913-08-13,M,M,M,M,M
1913-08-14,M,M,M,M,M
1913-08-15,M,M,M,M,M
1913-08-16,M,M,M,M,M
1913-08-17,M,M,M,M,M
1913-08-18,M,M,M,M,M
1913-08-19,M,M,M,M,M
1913-08-20,M,M,M,M,M
1913-08-21,M,M,M,M,M
1913-08-22,M,M,M,M,M
1913-08-23,M,M,M,M,M
1913-08-24,M,M,M,M,M
1913-08-25,M,M,M,M,M
1913-08-26,M,M,M,M,M
1913-08-27,M,M,M,M,M
1913-08-28,M,M,M,M,M
1913-08-29,M,M,M,M,M
1913-08-30,M,M,M,M,M
1913-08-31,M,M,M,M,M
1913-09-01,M,M,M,M,M
1913-09-02,M,M,M,M,M
1913-09-03,M,M,M,M,M
1913-09-04,M,M,M,M,M
1913-09-05,M,M,M,M,M
1913-09-06,M,M,M,M,M
1913-09-07,M,M,M,M,M
1913-09-08,M,M,M,M,M
1913-09-09,M,M,M,M,M
1913-09-10,M,M,M,M,M
1913-09-11,M,M,M,M,M
1913-09-12,M,M,M,M,M
1913-09-13,M,M,M,M,M
1913-09-14,M,M,M,M,M
1913-09-15,M,M,M,M,M
1913-09-16,M,M,M,M,M
1913-09-17,M,M,M,M,M
1913-09-18,M,M,M,M,M
1913-09-19,M,M,M,M,M
1913-09-20,M,M,M,M,M
1913-09-21,M,M,M,M,M
1913-09-22,M,M,M,M,M
1913-09-23,M,M,M,M,M
1913-09-24,M,M,M,M,M
1913-09-25,M,M,M,M,M
1913-09-26,M,M,M,M,M
1913-09-27,M,M,M,M,M
1913-09-28,M,M,M,M,M
1913-09-29,M,M,M,M,M
1913-09-30,M,M,M,M,M
1913-10-01,M,M,M,M,M
1913-10-02,M,M,M,M,M
1913-10-03,M,M,M,M,M
1913-10-04,M,M,M,M,M
1913-10-05,M,M,M,M,M
1913-10-06,M,M,M,M,M
1913-10-07,M,M,M,M,M
1913-10-08,M,M,M,M,M
1913-10-09,M,M,M,M,M
1913-10-10,M,M,M,M,M
1913-10-11,M,M,M,M,M
1913-10-12,M,M,M,M,M
1913-10-13,M,M,M,M,M
1913-10-14,M,M,M,M,M
1913-10-15,M,M,M,M,M
1913-10-16,M,M,M,M,M
1913-10-17,M,M,M,M,M
1913-10-18,M,M,M,M,M
1913-10-19,M,M,M,M,M
1913-10-20,M,M,M,M,M
1913-10-21,M,M,M,M,M
1913-10-22,M,M,M,M,M
1913-10-23,M,M,M,M,M
1913-10-24,M,M,M,M,M
1913-10-25,M,M,M,M,M
1913-10-26,M,M,M,M,M
1913-10-27,M,M,M,M,M
1913-10-28,M,M,M,M,M
1913-10-29,M,M,M,M,M
1913-10-30,M,M,M,M,M
1913-10-31,M,M,M,M,M
1913-11-01,M,M,M,M,M
1913-11-02,M,M,M,M,M
1913-11-03,M,M,M,M,M
1913-11-04,M,M,M,M,M
1913-11-05,M,M,M,M,M
1913-11-06,M,M,M,M,M
1913-11-07,M,M,M,M,M
1913-11-08,M,M,M,M,M
1913-11-09,M,M,M,M,M
1913-11-10,M,M,M,M,M
1913-11-11,M,M,M,M,M
1913-11-12,M,M,M,M,M
1913-11-13,M,M,M,M,M
1913-11-14,M,M,M,M,M
1913-11-15,M,M,M,M,M
1913-11-16,M,M,M,M,M
1913-11-17,M,M,M,M,M
1913-11-18,M,M,M,M,M
1913-11-19,M,M,M,M,M
1913-11-20,M,M,M,M,M
1913-11-21,M,M,M,M,M
1913-11-22,M,M,M,M,M
1913-11-23,M,M,M,M,M
1913-11-24,M,M,M,M,M
1913-11-25,M,M,M,M,M
1913-11-26,M,M,M,M,M
1913-11-27,M,M,M,M,M
1913-11-28,M,M,M,M,M
1913-11-29,M,M,M,M,M
1913-11-30,M,M,M,M,M
1913-12-01,M,M,M,M,M
1913-12-02,M,M,M,M,M
1913-12-03,M,M,M,M,M
1913-12-04,M,M,M,M,M
1913-12-05,M,M,M,M,M
1913-12-06,M,M,M,M,M
1913-12-07,M,M,M,M,M
1913-12-08,M,M,M,M,M
1913-12-09,M,M,M,M,M
1913-12-10,M,M,M,M,M
1913-12-11,M,M,M,M,M
1913-12-12,M,M,M,M,M
1913-12-13,M,M,M,M,M
1913-12-14,M,M,M,M,M
1913-12-15,M,M,M,M,M
1913-12-16,M,M,M,M,M
1913-12-17,M,M,M,M,M
1913-12-18,M,M,M,M,M
1913-12-19,M,M,M,M,M
1913-12-20,M,M,M,M,M
1913-12-21,M,M,M,M,M
1913-12-22,M,M,M,M,M
1913-12-23,M,M,M,M,M
1913-12-24,M,M,M,M,M
1913-12-25,M,M,M,M,M
1913-12-26,M,M,M,M,M
1913-12-27,M,M,M,M,M
1913-12-28,M,M,M,M,M
1913-12-29,M,M,M,M,M
1913-12-30,M,M,M,M,M
1913-12-31,M,M,M,M,M
1914-01-01,M,M,M,M,M
1914-01-02,M,M,M,M,M
1914-01-03,M,M,M,M,M
1914-01-04,M,M,M,M,M
1914-01-05,M,M,M,M,M
1914-01-06,M,M,M,M,M
1914-01-07,M,M,M,M,M
1914-01-08,M,M,M,M,M
1914-01-09,M,M,M,M,M
1914-01-10,M,M,M,M,M
1914-01-11,M,M,M,M,M
1914-01-12,M,M,M,M,M
1914-01-13,M,M,M,M,M
1914-01-14,M,M,M,M,M
1914-01-15,M,M,M,M,M
1914-01-16,M,M,M,M,M
1914-01-17,M,M,M,M,M
1914-01-18,M,M,M,M,M
1914-01-19,M,M,M,M,M
1914-01-20,M,M,M,M,M
1914-01-21,M,M,M,M,M
1914-01-22,M,M,M,M,M
1914-01-23,M,M,M,M,M
1914-01-24,M,M,M,M,M
1914-01-25,M,M,M,M,M
1914-01-26,M,M,M,M,M
1914-01-27,M,M,M,M,M
1914-01-28,M,M,M,M,M
1914-01-29,M,M,M,M,M
1914-01-30,M,M,M,M,M
1914-01-31,M,M,M,M,M
1914-02-01,M,M,M,M,M
1914-02-02,M,M,M,M,M
1914-02-03,M,M,M,M,M
1914-02-04,M,M,M,M,M
1914-02-05,M,M,M,M,M
1914-02-06,M,M,M,M,M
1914-02-07,M,M,M,M,M
1914-02-08,M,M,M,M,M
1914-02-09,M,M,M,M,M
1914-02-10,M,M,M,M,M
1914-02-11,M,M,M,M,M
1914-02-12,M,M,M,M,M
1914-02-13,M,M,M,M,M
1914-02-14,M,M,M,M,M
1914-02-15,M,M,M,M,M
1914-02-16,M,M,M,M,M
1914-02-17,M,M,M,M,M
1914-02-18,M,M,M,M,M
1914-02-19,M,M,M,M,M
1914-02-20,M,M,M,M,M
1914-02-21,M,M,M,M,M
1914-02-22,M,M,M,M,M
1914-02-23,M,M,M,M,M
1914-02-24,M,M,M,M,M
1914-02-25,M,M,M,M,M
1914-02-26,M,M,M,M,M
1914-02-27,M,M,M,M,M
1914-02-28,M,M,M,M,M
1914-03-01,M,M,M,M,M
1914-03-02,M,M,M,M,M
1914-03-03,M,M,M,M,M
1914-03-04,M,M,M,M,M
1914-03-05,M,M,M,M,M
1914-03-06,M,M,M,M,M
1914-03-07,M,M,M,M,M
1914-03-08,M,M,M,M,M
1914-03-09,M,M,M,M,M
1914-03-10,M,M,M,M,M
1914-03-11,M,M,M,M,M
1914-03-12,M,M,M,M,M
1914-03-13,M,M,M,M,M
1914-03-14,M,M,M,M,M
1914-03-15,M,M,M,M,M
1914-03-16,M,M,M,M,M
1914-03-17,M,M,M,M,M
1914-03-18,M,M,M,M,M
1914-03-19,M,M,M,M,M
1914-03-20,M,M,M,M,M
1914-03-21,M,M,M,M,M
1914-03-22,M,M,M,M,M
1914-03-23,M,M,M,M,M
1914-03-24,M,M,M,M,M
1914-03-25,M,M,M,M,M
1914-03-26,M,M,M,M,M
1914-03-27,M,M,M,M,M
1914-03-28,M,M,M,M,M
1914-03-29,M,M,M,M,M
1914-03-30,M,M,M,M,M
1914-03-31,M,M,M,M,M
1914-04-01,M,M,M,M,M
1914-04-02,M,M,M,M,M
1914-04-03,M,M,M,M,M
1914-04-04,M,M,M,M,M
1914-04-05,M,M,M,M,M
1914-04-06,M,M,M,M,M
1914-04-07,M,M,M,M,M
1914-04-08,M,M,M,M,M
1914-04-09,M,M,M,M,M
1914-04-10,M,M,M,M,M
1914-04-11,M,M,M,M,M
1914-04-12,M,M,M,M,M
1914-04-13,M,M,M,M,M
1914-04-14,M,M,M,M,M
1914-04-15,M,M,M,M,M
1914-04-16,M,M,M,M,M
1914-04-17,M,M,M,M,M
1914-04-18,M,M,M,M,M
1914-04-19,M,M,M,M,M
1914-04-20,M,M,M,M,M
1914-04-21,M,M,M,M,M
1914-04-22,M,M,M,M,M
1914-04-23,M,M,M,M,M
1914-04-24,M,M,M,M,M
1914-04-25,M,M,M,M,M
1914-04-26,M,M,M,M,M
1914-04-27,M,M,M,M,M
1914-04-28,M,M,M,M,M
1914-04-29,M,M,M,M,M
1914-04-30,M,M,M,M,M
1914-05-01,M,M,M,M,M
1914-05-02,M,M,M,M,M
1914-05-03,M,M,M,M,M
1914-05-04,M,M,M,M,M
1914-05-05,M,M,M,M,M
1914-05-06,M,M,M,M,M
1914-05-07,M,M,M,M,M
1914-05-08,M,M,M,M,M
1914-05-09,M,M,M,M,M
1914-05-10,M,M,M,M,M
1914-05-11,M,M,M,M,M
1914-05-12,M,M,M,M,M
1914-05-13,M,M,M,M,M
1914-05-14,M,M,M,M,M
1914-05-15,M,M,M,M,M
1914-05-16,M,M,M,M,M
1914-05-17,M,M,M,M,M
1914-05-18,M,M,M,M,M
1914-05-19,M,M,M,M,M
1914-05-20,M,M,M,M,M
1914-05-21,M,M,M,M,M
1914-05-22,M,M,M,M,M
1914-05-23,M,M,M,M,M
1914-05-24,M,M,M,M,M
1914-05-25,M,M,M,M,M
1914-05-26,M,M,M,M,M
1914-05-27,M,M,M,M,M
1914-05-28,M,M,M,M,M
1914-05-29,M,M,M,M,M
1914-05-30,M,M,M,M,M
1914-05-31,M,M,M,M,M
1914-06-01,M,M,M,M,M
1914-06-02,M,M,M,M,M
1914-06-03,M,M,M,M,M
1914-06-04,M,M,M,M,M
1914-06-05,M,M,M,M,M
1914-06-06,M,M,M,M,M
1914-06-07,M,M,M,M,M
1914-06-08,M,M,M,M,M
1914-06-09,M,M,M,M,M
1914-06-10,M,M,M,M,M
1914-06-11,M,M,M,M,M
1914-06-12,M,M,M,M,M
1914-06-13,M,M,M,M,M
1914-06-14,M,M,M,M,M
1914-06-15,M,M,M,M,M
1914-06-16,M,M,M,M,M
1914-06-17,M,M,M,M,M
1914-06-18,M,M,M,M,M
1914-06-19,M,M,M,M,M
1914-06-20,M,M,M,M,M
1914-06-21,M,M,M,M,M
1914-06-22,M,M,M,M,M
1914-06-23,M,M,M,M,M
1914-06-24,M,M,M,M,M
1914-06-25,M,M,M,M,M
1914-06-26,M,M,M,M,M
1914-06-27,M,M,M,M,M
1914-06-28,M,M,M,M,M
1914-06-29,M,M,M,M,M
1914-06-30,M,M,M,M,M
1914-07-01,M,M,M,M,M
1914-07-02,M,M,M,M,M
1914-07-03,M,M,M,M,M
1914-07-04,M,M,M,M,M
1914-07-05,M,M,M,M,M
1914-07-06,M,M,M,M,M
1914-07-07,M,M,M,M,M
1914-07-08,M,M,M,M,M
1914-07-09,M,M,M,M,M
1914-07-10,M,M,M,M,M
1914-07-11,M,M,M,M,M
1914-07-12,M,M,M,M,M
1914-07-13,M,M,M,M,M
1914-07-14,M,M,M,M,M
1914-07-15,M,M,M,M,M
1914-07-16,M,M,M,M,M
1914-07-17,M,M,M,M,M
1914-07-18,M,M,M,M,M
1914-07-19,M,M,M,M,M
1914-07-20,M,M,M,M,M
1914-07-21,M,M,M,M,M
1914-07-22,M,M,M,M,M
1914-07-23,M,M,M,M,M
1914-07-24,M,M,M,M,M
1914-07-25,M,M,M,M,M
1914-07-26,M,M,M,M,M
1914-07-27,M,M,M,M,M
1914-07-28,M,M,M,M,M
1914-07-29,M,M,M,M,M
1914-07-30,M,M,M,M,M
1914-07-31,M,M,M,M,M
1914-08-01,M,M,M,M,M
1914-08-02,M,M,M,M,M
1914-08-03,M,M,M,M,M
1914-08-04,M,M,M,M,M
1914-08-05,M,M,M,M,M
1914-08-06,M,M,M,M,M
1914-08-07,M,M,M,M,M
1914-08-08,M,M,M,M,M
1914-08-09,M,M,M,M,M
1914-08-10,M,M,M,M,M
1914-08-11,M,M,M,M,M
1914-08-12,M,M,M,M,M
1914-08-13,M,M,M,M,M
1914-08-14,M,M,M,M,M
1914-08-15,M,M,M,M,M
1914-08-16,M,M,M,M,M
1914-08-17,M,M,M,M,M
1914-08-18,M,M,M,M,M
1914-08-19,M,M,M,M,M
1914-08-20,M,M,M,M,M
1914-08-21,M,M,M,M,M
1914-08-22,M,M,M,M,M
1914-08-23,M,M,M,M,M
1914-08-24,M,M,M,M,M
1914-08-25,M,M,M,M,M
1914-08-26,M,M,M,M,M
1914-08-27,M,M,M,M,M
1914-08-28,M,M,M,M,M
1914-08-29,M,M,M,M,M
1914-08-30,M,M,M,M,M
1914-08-31,M,M,M,M,M
1914-09-01,M,M,M,M,M
1914-09-02,M,M,M,M,M
1914-09-03,M,M,M,M,M
1914-09-04,M,M,M,M,M
1914-09-05,M,M,M,M,M
1914-09-06,M,M,M,M,M
1914-09-07,M,M,M,M,M
1914-09-08,M,M,M,M,M
1914-09-09,M,M,M,M,M
1914-09-10,M,M,M,M,M
1914-09-11,M,M,M,M,M
1914-09-12,M,M,M,M,M
1914-09-13,M,M,M,M,M
1914-09-14,M,M,M,M,M
1914-09-15,M,M,M,M,M
1914-09-16,M,M,M,M,M
1914-09-17,M,M,M,M,M
1914-09-18,M,M,M,M,M
1914-09-19,M,M,M,M,M
1914-09-20,M,M,M,M,M
1914-09-21,M,M,M,M,M
1914-09-22,M,M,M,M,M
1914-09-23,M,M,M,M,M
1914-09-24,M,M,M,M,M
1914-09-25,M,M,M,M,M
1914-09-26,M,M,M,M,M
1914-09-27,M,M,M,M,M
1914-09-28,M,M,M,M,M
1914-09-29,M,M,M,M,M
1914-09-30,M,M,M,M,M
1914-10-01,M,M,M,M,M
1914-10-02,M,M,M,M,M
1914-10-03,M,M,M,M,M
1914-10-04,M,M,M,M,M
1914-10-05,M,M,M,M,M
1914-10-06,M,M,M,M,M
1914-10-07,M,M,M,M,M
1914-10-08,M,M,M,M,M
1914-10-09,M,M,M,M,M
1914-10-10,M,M,M,M,M
1914-10-11,M,M,M,M,M
1914-10-12,M,M,M,M,M
1914-10-13,M,M,M,M,M
1914-10-14,M,M,M,M,M
1914-10-15,M,M,M,M,M
1914-10-16,M,M,M,M,M
1914-10-17,M,M,M,M,M
1914-10-18,M,M,M,M,M
1914-10-19,M,M,M,M,M
1914-10-20,M,M,M,M,M
1914-10-21,M,M,M,M,M
1914-10-22,M,M,M,M,M
1914-10-23,M,M,M,M,M
1914-10-24,M,M,M,M,M
1914-10-25,M,M,M,M,M
1914-10-26,M,M,M,M,M
1914-10-27,M,M,M,M,M
1914-10-28,M,M,M,M,M
1914-10-29,M,M,M,M,M
1914-10-30,M,M,M,M,M
1914-10-31,M,M,M,M,M
1914-11-01,M,M,M,M,M
1914-11-02,M,M,M,M,M
1914-11-03,M,M,M,M,M
1914-11-04,M,M,M,M,M
1914-11-05,M,M,M,M,M
1914-11-06,M,M,M,M,M
1914-11-07,M,M,M,M,M
1914-11-08,M,M,M,M,M
1914-11-09,M,M,M,M,M
1914-11-10,M,M,M,M,M
1914-11-11,M,M,M,M,M
1914-11-12,M,M,M,M,M
1914-11-13,M,M,M,M,M
1914-11-14,M,M,M,M,M
1914-11-15,M,M,M,M,M
1914-11-16,M,M,M,M,M
1914-11-17,M,M,M,M,M
1914-11-18,M,M,M,M,M
1914-11-19,M,M,M,M,M
1914-11-20,M,M,M,M,M
1914-11-21,M,M,M,M,M
1914-11-22,M,M,M,M,M
1914-11-23,M,M,M,M,M
1914-11-24,M,M,M,M,M
1914-11-25,M,M,M,M,M
1914-11-26,M,M,M,M,M
1914-11-27,M,M,M,M,M
1914-11-28,M,M,M,M,M
1914-11-29,M,M,M,M,M
1914-11-30,M,M,M,M,M
1914-12-01,M,M,M,M,M
1914-12-02,M,M,M,M,M
1914-12-03,M,M,M,M,M
1914-12-04,M,M,M,M,M
1914-12-05,M,M,M,M,M
1914-12-06,M,M,M,M,M
1914-12-07,M,M,M,M,M
1914-12-08,M,M,M,M,M
1914-12-09,M,M,M,M,M
1914-12-10,M,M,M,M,M
1914-12-11,M,M,M,M,M
1914-12-12,M,M,M,M,M
1914-12-13,M,M,M,M,M
1914-12-14,M,M,M,M,M
1914-12-15,M,M,M,M,M
1914-12-16,M,M,M,M,M
1914-12-17,M,M,M,M,M
1914-12-18,M,M,M,M,M
1914-12-19,M,M,M,M,M
1914-12-20,M,M,M,M,M
1914-12-21,M,M,M,M,M
1914-12-22,M,M,M,M,M
1914-12-23,M,M,M,M,M
1914-12-24,M,M,M,M,M
1914-12-25,M,M,M,M,M
1914-12-26,M,M,M,M,M
1914-12-27,M,M,M,M,M
1914-12-28,M,M,M,M,M
1914-12-29,M,M,M,M,M
1914-12-30,M,M,M,M,M
1914-12-31,M,M,M,M,M
1915-01-01,M,M,M,M,M
1915-01-02,M,M,M,M,M
1915-01-03,M,M,M,M,M
1915-01-04,M,M,M,M,M
1915-01-05,M,M,M,M,M
1915-01-06,M,M,M,M,M
1915-01-07,M,M,M,M,M
1915-01-08,M,M,M,M,M
1915-01-09,M,M,M,M,M
1915-01-10,M,M,M,M,M
1915-01-11,M,M,M,M,M
1915-01-12,M,M,M,M,M
1915-01-13,M,M,M,M,M
1915-01-14,M,M,M,M,M
1915-01-15,M,M,M,M,M
1915-01-16,M,M,M,M,M
1915-01-17,M,M,M,M,M
1915-01-18,M,M,M,M,M
1915-01-19,M,M,M,M,M
1915-01-20,M,M,M,M,M
1915-01-21,M,M,M,M,M
1915-01-22,M,M,M,M,M
1915-01-23,M,M,M,M,M
1915-01-24,M,M,M,M,M
1915-01-25,M,M,M,M,M
1915-01-26,M,M,M,M,M
1915-01-27,M,M,M,M,M
1915-01-28,M,M,M,M,M
1915-01-29,M,M,M,M,M
1915-01-30,M,M,M,M,M
1915-01-31,M,M,M,M,M
1915-02-01,M,M,M,M,M
1915-02-02,M,M,M,M,M
1915-02-03,M,M,M,M,M
1915-02-04,M,M,M,M,M
1915-02-05,M,M,M,M,M
1915-02-06,M,M,M,M,M
1915-02-07,M,M,M,M,M
1915-02-08,M,M,M,M,M
1915-02-09,M,M,M,M,M
1915-02-10,M,M,M,M,M
1915-02-11,M,M,M,M,M
1915-02-12,M,M,M,M,M
1915-02-13,M,M,M,M,M
1915-02-14,M,M,M,M,M
1915-02-15,M,M,M,M,M
1915-02-16,M,M,M,M,M
1915-02-17,M,M,M,M,M
1915-02-18,M,M,M,M,M
1915-02-19,M,M,M,M,M
1915-02-20,M,M,M,M,M
1915-02-21,M,M,M,M,M
1915-02-22,M,M,M,M,M
1915-02-23,M,M,M,M,M
1915-02-24,M,M,M,M,M
1915-02-25,M,M,M,M,M
1915-02-26,M,M,M,M,M
1915-02-27,M,M,M,M,M
1915-02-28,M,M,M,M,M
1915-03-01,M,M,M,M,M
1915-03-02,M,M,M,M,M
1915-03-03,M,M,M,M,M
1915-03-04,M,M,M,M,M
1915-03-05,M,M,M,M,M
1915-03-06,M,M,M,M,M
1915-03-07,M,M,M,M,M
1915-03-08,M,M,M,M,M
1915-03-09,M,M,M,M,M
1915-03-10,M,M,M,M,M
1915-03-11,M,M,M,M,M
1915-03-12,M,M,M,M,M
1915-03-13,M,M,M,M,M
1915-03-14,M,M,M,M,M
1915-03-15,M,M,M,M,M
1915-03-16,M,M,M,M,M
1915-03-17,M,M,M,M,M
1915-03-18,M,M,M,M,M
1915-03-19,M,M,M,M,M
1915-03-20,M,M,M,M,M
1915-03-21,M,M,M,M,M
1915-03-22,M,M,M,M,M
1915-03-23,M,M,M,M,M
1915-03-24,M,M,M,M,M
1915-03-25,M,M,M,M,M
1915-03-26,M,M,M,M,M
1915-03-27,M,M,M,M,M
1915-03-28,M,M,M,M,M
1915-03-29,M,M,M,M,M
1915-03-30,M,M,M,M,M
1915-03-31,M,M,M,M,M
1915-04-01,M,M,M,M,M
1915-04-02,M,M,M,M,M
1915-04-03,M,M,M,M,M
1915-04-04,M,M,M,M,M
1915-04-05,M,M,M,M,M
1915-04-06,M,M,M,M,M
1915-04-07,M,M,M,M,M
1915-04-08,M,M,M,M,M
1915-04-09,M,M,M,M,M
1915-04-10,M,M,M,M,M
1915-04-11,M,M,M,M,M
1915-04-12,M,M,M,M,M
1915-04-13,M,M,M,M,M
1915-04-14,M,M,M,M,M
1915-04-15,M,M,M,M,M
1915-04-16,M,M,M,M,M
1915-04-17,M,M,M,M,M
1915-04-18,M,M,M,M,M
1915-04-19,M,M,M,M,M
1915-04-20,M,M,M,M,M
1915-04-21,M,M,M,M,M
1915-04-22,M,M,M,M,M
1915-04-23,M,M,M,M,M
1915-04-24,M,M,M,M,M
1915-04-25,M,M,M,M,M
1915-04-26,M,M,M,M,M
1915-04-27,M,M,M,M,M
1915-04-28,M,M,M,M,M
1915-04-29,M,M,M,M,M
1915-04-30,M,M,M,M,M
1915-05-01,M,M,M,M,M
1915-05-02,M,M,M,M,M
1915-05-03,M,M,M,M,M
1915-05-04,M,M,M,M,M
1915-05-05,M,M,M,M,M
1915-05-06,M,M,M,M,M
1915-05-07,M,M,M,M,M
1915-05-08,M,M,M,M,M
1915-05-09,M,M,M,M,M
1915-05-10,M,M,M,M,M
1915-05-11,M,M,M,M,M
1915-05-12,M,M,M,M,M
1915-05-13,M,M,M,M,M
1915-05-14,M,M,M,M,M
1915-05-15,M,M,M,M,M
1915-05-16,M,M,M,M,M
1915-05-17,M,M,M,M,M
1915-05-18,M,M,M,M,M
1915-05-19,M,M,M,M,M
1915-05-20,M,M,M,M,M
1915-05-21,M,M,M,M,M
1915-05-22,M,M,M,M,M
1915-05-23,M,M,M,M,M
1915-05-24,M,M,M,M,M
1915-05-25,M,M,M,M,M
1915-05-26,M,M,M,M,M
1915-05-27,M,M,M,M,M
1915-05-28,M,M,M,M,M
1915-05-29,M,M,M,M,M
1915-05-30,M,M,M,M,M
1915-05-31,M,M,M,M,M
1915-06-01,M,M,M,M,M
1915-06-02,M,M,M,M,M
1915-06-03,M,M,M,M,M
1915-06-04,M,M,M,M,M
1915-06-05,M,M,M,M,M
1915-06-06,M,M,M,M,M
1915-06-07,M,M,M,M,M
1915-06-08,M,M,M,M,M
1915-06-09,M,M,M,M,M
1915-06-10,M,M,M,M,M
1915-06-11,M,M,M,M,M
1915-06-12,M,M,M,M,M
1915-06-13,M,M,M,M,M
1915-06-14,M,M,M,M,M
1915-06-15,M,M,M,M,M
1915-06-16,M,M,M,M,M
1915-06-17,M,M,M,M,M
1915-06-18,M,M,M,M,M
1915-06-19,M,M,M,M,M
1915-06-20,M,M,M,M,M
1915-06-21,M,M,M,M,M
1915-06-22,M,M,M,M,M
1915-06-23,M,M,M,M,M
1915-06-24,M,M,M,M,M
1915-06-25,M,M,M,M,M
1915-06-26,M,M,M,M,M
1915-06-27,M,M,M,M,M
1915-06-28,M,M,M,M,M
1915-06-29,M,M,M,M,M
1915-06-30,M,M,M,M,M
1915-07-01,M,M,M,M,M
1915-07-02,M,M,M,M,M
1915-07-03,M,M,M,M,M
1915-07-04,M,M,M,M,M
1915-07-05,M,M,M,M,M
1915-07-06,M,M,M,M,M
1915-07-07,M,M,M,M,M
1915-07-08,M,M,M,M,M
1915-07-09,M,M,M,M,M
1915-07-10,M,M,M,M,M
1915-07-11,M,M,M,M,M
1915-07-12,M,M,M,M,M
1915-07-13,M,M,M,M,M
1915-07-14,M,M,M,M,M
1915-07-15,M,M,M,M,M
1915-07-16,M,M,M,M,M
1915-07-17,M,M,M,M,M
1915-07-18,M,M,M,M,M
1915-07-19,M,M,M,M,M
1915-07-20,M,M,M,M,M
1915-07-21,M,M,M,M,M
1915-07-22,M,M,M,M,M
1915-07-23,M,M,M,M,M
1915-07-24,M,M,M,M,M
1915-07-25,M,M,M,M,M
1915-07-26,M,M,M,M,M
1915-07-27,M,M,M,M,M
1915-07-28,M,M,M,M,M
1915-07-29,M,M,M,M,M
1915-07-30,M,M,M,M,M
1915-07-31,M,M,M,M,M
1915-08-01,M,M,M,M,M
1915-08-02,M,M,M,M,M
1915-08-03,M,M,M,M,M
1915-08-04,M,M,M,M,M
1915-08-05,M,M,M,M,M
1915-08-06,M,M,M,M,M
1915-08-07,M,M,M,M,M
1915-08-08,M,M,M,M,M
1915-08-09,M,M,M,M,M
1915-08-10,M,M,M,M,M
1915-08-11,M,M,M,M,M
1915-08-12,M,M,M,M,M
1915-08-13,M,M,M,M,M
1915-08-14,M,M,M,M,M
1915-08-15,M,M,M,M,M
1915-08-16,M,M,M,M,M
1915-08-17,M,M,M,M,M
1915-08-18,M,M,M,M,M
1915-08-19,M,M,M,M,M
1915-08-20,M,M,M,M,M
1915-08-21,M,M,M,M,M
1915-08-22,M,M,M,M,M
1915-08-23,M,M,M,M,M
1915-08-24,M,M,M,M,M
1915-08-25,M,M,M,M,M
1915-08-26,M,M,M,M,M
1915-08-27,M,M,M,M,M
1915-08-28,M,M,M,M,M
1915-08-29,M,M,M,M,M
1915-08-30,M,M,M,M,M
1915-08-31,M,M,M,M,M
1915-09-01,M,M,M,M,M
1915-09-02,M,M,M,M,M
1915-09-03,M,M,M,M,M
1915-09-04,M,M,M,M,M
1915-09-05,M,M,M,M,M
1915-09-06,M,M,M,M,M
1915-09-07,M,M,M,M,M
1915-09-08,M,M,M,M,M
1915-09-09,M,M,M,M,M
1915-09-10,M,M,M,M,M
1915-09-11,M,M,M,M,M
1915-09-12,M,M,M,M,M
1915-09-13,M,M,M,M,M
1915-09-14,M,M,M,M,M
1915-09-15,M,M,M,M,M
1915-09-16,M,M,M,M,M
1915-09-17,M,M,M,M,M
1915-09-18,M,M,M,M,M
1915-09-19,M,M,M,M,M
1915-09-20,M,M,M,M,M
1915-09-21,M,M,M,M,M
1915-09-22,M,M,M,M,M
1915-09-23,M,M,M,M,M
1915-09-24,M,M,M,M,M
1915-09-25,M,M,M,M,M
1915-09-26,M,M,M,M,M
1915-09-27,M,M,M,M,M
1915-09-28,M,M,M,M,M
1915-09-29,M,M,M,M,M
1915-09-30,M,M,M,M,M
1915-10-01,M,M,M,M,M
1915-10-02,M,M,M,M,M
1915-10-03,M,M,M,M,M
1915-10-04,M,M,M,M,M
1915-10-05,M,M,M,M,M
1915-10-06,M,M,M,M,M
1915-10-07,M,M,M,M,M
1915-10-08,M,M,M,M,M
1915-10-09,M,M,M,M,M
1915-10-10,M,M,M,M,M
1915-10-11,M,M,M,M,M
1915-10-12,M,M,M,M,M
1915-10-13,M,M,M,M,M
1915-10-14,M,M,M,M,M
1915-10-15,M,M,M,M,M
1915-10-16,M,M,M,M,M
1915-10-17,M,M,M,M,M
1915-10-18,M,M,M,M,M
1915-10-19,M,M,M,M,M
1915-10-20,M,M,M,M,M
1915-10-21,M,M,M,M,M
1915-10-22,M,M,M,M,M
1915-10-23,M,M,M,M,M
1915-10-24,M,M,M,M,M
1915-10-25,M,M,M,M,M
1915-10-26,M,M,M,M,M
1915-10-27,M,M,M,M,M
1915-10-28,M,M,M,M,M
1915-10-29,M,M,M,M,M
1915-10-30,M,M,M,M,M
1915-10-31,M,M,M,M,M
1915-11-01,M,M,M,M,M
1915-11-02,M,M,M,M,M
1915-11-03,M,M,M,M,M
1915-11-04,M,M,M,M,M
1915-11-05,M,M,M,M,M
1915-11-06,M,M,M,M,M
1915-11-07,M,M,M,M,M
1915-11-08,M,M,M,M,M
1915-11-09,M,M,M,M,M
1915-11-10,M,M,M,M,M
1915-11-11,M,M,M,M,M
1915-11-12,M,M,M,M,M
1915-11-13,M,M,M,M,M
1915-11-14,M,M,M,M,M
1915-11-15,M,M,M,M,M
1915-11-16,M,M,M,M,M
1915-11-17,M,M,M,M,M
1915-11-18,M,M,M,M,M
1915-11-19,M,M,M,M,M
1915-11-20,M,M,M,M,M
1915-11-21,M,M,M,M,M
1915-11-22,M,M,M,M,M
1915-11-23,M,M,M,M,M
1915-11-24,M,M,M,M,M
1915-11-25,M,M,M,M,M
1915-11-26,M,M,M,M,M
1915-11-27,M,M,M,M,M
1915-11-28,M,M,M,M,M
1915-11-29,M,M,M,M,M
1915-11-30,M,M,M,M,M
1915-12-01,M,M,M,M,M
1915-12-02,M,M,M,M,M
1915-12-03,M,M,M,M,M
1915-12-04,M,M,M,M,M
1915-12-05,M,M,M,M,M
1915-12-06,M,M,M,M,M
1915-12-07,M,M,M,M,M
1915-12-08,M,M,M,M,M
1915-12-09,M,M,M,M,M
1915-12-10,M,M,M,M,M
1915-12-11,M,M,M,M,M
1915-12-12,M,M,M,M,M
1915-12-13,M,M,M,M,M
1915-12-14,M,M,M,M,M
1915-12-15,M,M,M,M,M
1915-12-16,M,M,M,M,M
1915-12-17,M,M,M,M,M
1915-12-18,M,M,M,M,M
1915-12-19,M,M,M,M,M
1915-12-20,M,M,M,M,M
1915-12-21,M,M,M,M,M
1915-12-22,M,M,M,M,M
1915-12-23,M,M,M,M,M
1915-12-24,M,M,M,M,M
1915-12-25,M,M,M,M,M
1915-12-26,M,M,M,M,M
1915-12-27,M,M,M,M,M
1915-12-28,M,M,M,M,M
1915-12-29,M,M,M,M,M
1915-12-30,M,M,M,M,M
1915-12-31,M,M,M,M,M
1916-01-01,M,M,M,M,M
1916-01-02,M,M,M,M,M
1916-01-03,M,M,M,M,M
1916-01-04,M,M,M,M,M
1916-01-05,M,M,M,M,M
1916-01-06,M,M,M,M,M
1916-01-07,M,M,M,M,M
1916-01-08,M,M,M,M,M
1916-01-09,M,M,M,M,M
1916-01-10,M,M,M,M,M
1916-01-11,M,M,M,M,M
1916-01-12,M,M,M,M,M
1916-01-13,M,M,M,M,M
1916-01-14,M,M,M,M,M
1916-01-15,M,M,M,M,M
1916-01-16,M,M,M,M,M
1916-01-17,M,M,M,M,M
1916-01-18,M,M,M,M,M
1916-01-19,M,M,M,M,M
1916-01-20,M,M,M,M,M
1916-01-21,M,M,M,M,M
1916-01-22,M,M,M,M,M
1916-01-23,M,M,M,M,M
1916-01-24,M,M,M,M,M
1916-01-25,M,M,M,M,M
1916-01-26,M,M,M,M,M
1916-01-27,M,M,M,M,M
1916-01-28,M,M,M,M,M
1916-01-29,M,M,M,M,M
1916-01-30,M,M,M,M,M
1916-01-31,M,M,M,M,M
1916-02-01,M,M,M,M,M
1916-02-02,M,M,M,M,M
1916-02-03,M,M,M,M,M
1916-02-04,M,M,M,M,M
1916-02-05,M,M,M,M,M
1916-02-06,M,M,M,M,M
1916-02-07,M,M,M,M,M
1916-02-08,M,M,M,M,M
1916-02-09,M,M,M,M,M
1916-02-10,M,M,M,M,M
1916-02-11,M,M,M,M,M
1916-02-12,M,M,M,M,M
1916-02-13,M,M,M,M,M
1916-02-14,M,M,M,M,M
1916-02-15,M,M,M,M,M
1916-02-16,M,M,M,M,M
1916-02-17,M,M,M,M,M
1916-02-18,M,M,M,M,M
1916-02-19,M,M,M,M,M
1916-02-20,M,M,M,M,M
1916-02-21,M,M,M,M,M
1916-02-22,M,M,M,M,M
1916-02-23,M,M,M,M,M
1916-02-24,M,M,M,M,M
1916-02-25,M,M,M,M,M
1916-02-26,M,M,M,M,M
1916-02-27,M,M,M,M,M
1916-02-28,M,M,M,M,M
1916-02-29,M,M,M,M,M
1916-03-01,M,M,M,M,M
1916-03-02,M,M,M,M,M
1916-03-03,M,M,M,M,M
1916-03-04,M,M,M,M,M
1916-03-05,M,M,M,M,M
1916-03-06,M,M,M,M,M
1916-03-07,M,M,M,M,M
1916-03-08,M,M,M,M,M
1916-03-09,M,M,M,M,M
1916-03-10,M,M,M,M,M
1916-03-11,M,M,M,M,M
1916-03-12,M,M,M,M,M
1916-03-13,M,M,M,M,M
1916-03-14,M,M,M,M,M
1916-03-15,M,M,M,M,M
1916-03-16,M,M,M,M,M
1916-03-17,M,M,M,M,M
1916-03-18,M,M,M,M,M
1916-03-19,M,M,M,M,M
1916-03-20,M,M,M,M,M
1916-03-21,M,M,M,M,M
1916-03-22,M,M,M,M,M
1916-03-23,M,M,M,M,M
1916-03-24,M,M,M,M,M
1916-03-25,M,M,M,M,M
1916-03-26,M,M,M,M,M
1916-03-27,M,M,M,M,M
1916-03-28,M,M,M,M,M
1916-03-29,M,M,M,M,M
1916-03-30,M,M,M,M,M
1916-03-31,M,M,M,M,M
1916-04-01,M,M,M,M,M
1916-04-02,M,M,M,M,M
1916-04-03,M,M,M,M,M
1916-04-04,M,M,M,M,M
1916-04-05,M,M,M,M,M
1916-04-06,M,M,M,M,M
1916-04-07,M,M,M,M,M
1916-04-08,M,M,M,M,M
1916-04-09,M,M,M,M,M
1916-04-10,M,M,M,M,M
1916-04-11,M,M,M,M,M
1916-04-12,M,M,M,M,M
1916-04-13,M,M,M,M,M
1916-04-14,M,M,M,M,M
1916-04-15,M,M,M,M,M
1916-04-16,M,M,M,M,M
1916-04-17,M,M,M,M,M
1916-04-18,M,M,M,M,M
1916-04-19,M,M,M,M,M
1916-04-20,M,M,M,M,M
1916-04-21,M,M,M,M,M
1916-04-22,M,M,M,M,M
1916-04-23,M,M,M,M,M
1916-04-24,M,M,M,M,M
1916-04-25,M,M,M,M,M
1916-04-26,M,M,M,M,M
1916-04-27,M,M,M,M,M
1916-04-28,M,M,M,M,M
1916-04-29,M,M,M,M,M
1916-04-30,M,M,M,M,M
1916-05-01,M,M,M,M,M
1916-05-02,M,M,M,M,M
1916-05-03,M,M,M,M,M
1916-05-04,M,M,M,M,M
1916-05-05,M,M,M,M,M
1916-05-06,M,M,M,M,M
1916-05-07,M,M,M,M,M
1916-05-08,M,M,M,M,M
1916-05-09,M,M,M,M,M
1916-05-10,M,M,M,M,M
1916-05-11,M,M,M,M,M
1916-05-12,M,M,M,M,M
1916-05-13,M,M,M,M,M
1916-05-14,M,M,M,M,M
1916-05-15,M,M,M,M,M
1916-05-16,M,M,M,M,M
1916-05-17,M,M,M,M,M
1916-05-18,M,M,M,M,M
1916-05-19,M,M,M,M,M
1916-05-20,M,M,M,M,M
1916-05-21,M,M,M,M,M
1916-05-22,M,M,M,M,M
1916-05-23,M,M,M,M,M
1916-05-24,M,M,M,M,M
1916-05-25,M,M,M,M,M
1916-05-26,M,M,M,M,M
1916-05-27,M,M,M,M,M
1916-05-28,M,M,M,M,M
1916-05-29,M,M,M,M,M
1916-05-30,M,M,M,M,M
1916-05-31,M,M,M,M,M
1916-06-01,M,M,M,M,M
1916-06-02,M,M,M,M,M
1916-06-03,M,M,M,M,M
1916-06-04,M,M,M,M,M
1916-06-05,M,M,M,M,M
1916-06-06,M,M,M,M,M
1916-06-07,M,M,M,M,M
1916-06-08,M,M,M,M,M
1916-06-09,M,M,M,M,M
1916-06-10,M,M,M,M,M
1916-06-11,M,M,M,M,M
1916-06-12,M,M,M,M,M
1916-06-13,M,M,M,M,M
1916-06-14,M,M,M,M,M
1916-06-15,M,M,M,M,M
1916-06-16,M,M,M,M,M
1916-06-17,M,M,M,M,M
1916-06-18,M,M,M,M,M
1916-06-19,M,M,M,M,M
1916-06-20,M,M,M,M,M
1916-06-21,M,M,M,M,M
1916-06-22,M,M,M,M,M
1916-06-23,M,M,M,M,M
1916-06-24,M,M,M,M,M
1916-06-25,M,M,M,M,M
1916-06-26,M,M,M,M,M
1916-06-27,M,M,M,M,M
1916-06-28,M,M,M,M,M
1916-06-29,M,M,M,M,M
1916-06-30,M,M,M,M,M
1916-07-01,M,M,M,M,M
1916-07-02,M,M,M,M,M
1916-07-03,M,M,M,M,M
1916-07-04,M,M,M,M,M
1916-07-05,M,M,M,M,M
1916-07-06,M,M,M,M,M
1916-07-07,M,M,M,M,M
1916-07-08,M,M,M,M,M
1916-07-09,M,M,M,M,M
1916-07-10,M,M,M,M,M
1916-07-11,M,M,M,M,M
1916-07-12,M,M,M,M,M
1916-07-13,M,M,M,M,M
1916-07-14,M,M,M,M,M
1916-07-15,M,M,M,M,M
1916-07-16,M,M,M,M,M
1916-07-17,M,M,M,M,M
1916-07-18,M,M,M,M,M
1916-07-19,M,M,M,M,M
1916-07-20,M,M,M,M,M
1916-07-21,M,M,M,M,M
1916-07-22,M,M,M,M,M
1916-07-23,M,M,M,M,M
1916-07-24,M,M,M,M,M
1916-07-25,M,M,M,M,M
1916-07-26,M,M,M,M,M
1916-07-27,M,M,M,M,M
1916-07-28,M,M,M,M,M
1916-07-29,M,M,M,M,M
1916-07-30,M,M,M,M,M
1916-07-31,M,M,M,M,M
1916-08-01,M,M,M,M,M
1916-08-02,M,M,M,M,M
1916-08-03,M,M,M,M,M
1916-08-04,M,M,M,M,M
1916-08-05,M,M,M,M,M
1916-08-06,M,M,M,M,M
1916-08-07,M,M,M,M,M
1916-08-08,M,M,M,M,M
1916-08-09,M,M,M,M,M
1916-08-10,M,M,M,M,M
1916-08-11,M,M,M,M,M
1916-08-12,M,M,M,M,M
1916-08-13,M,M,M,M,M
1916-08-14,M,M,M,M,M
1916-08-15,M,M,M,M,M
1916-08-16,M,M,M,M,M
1916-08-17,M,M,M,M,M
1916-08-18,M,M,M,M,M
1916-08-19,M,M,M,M,M
1916-08-20,M,M,M,M,M
1916-08-21,M,M,M,M,M
1916-08-22,M,M,M,M,M
1916-08-23,M,M,M,M,M
1916-08-24,M,M,M,M,M
1916-08-25,M,M,M,M,M
1916-08-26,M,M,M,M,M
1916-08-27,M,M,M,M,M
1916-08-28,M,M,M,M,M
1916-08-29,M,M,M,M,M
1916-08-30,M,M,M,M,M
1916-08-31,M,M,M,M,M
1916-09-01,M,M,M,M,M
1916-09-02,M,M,M,M,M
1916-09-03,M,M,M,M,M
1916-09-04,M,M,M,M,M
1916-09-05,M,M,M,M,M
1916-09-06,M,M,M,M,M
1916-09-07,M,M,M,M,M
1916-09-08,M,M,M,M,M
1916-09-09,M,M,M,M,M
1916-09-10,M,M,M,M,M
1916-09-11,M,M,M,M,M
1916-09-12,M,M,M,M,M
1916-09-13,M,M,M,M,M
1916-09-14,M,M,M,M,M
1916-09-15,M,M,M,M,M
1916-09-16,M,M,M,M,M
1916-09-17,M,M,M,M,M
1916-09-18,M,M,M,M,M
1916-09-19,M,M,M,M,M
1916-09-20,M,M,M,M,M
1916-09-21,M,M,M,M,M
1916-09-22,M,M,M,M,M
1916-09-23,M,M,M,M,M
1916-09-24,M,M,M,M,M
1916-09-25,M,M,M,M,M
1916-09-26,M,M,M,M,M
1916-09-27,M,M,M,M,M
1916-09-28,M,M,M,M,M
1916-09-29,M,M,M,M,M
1916-09-30,M,M,M,M,M
1916-10-01,M,M,M,M,M
1916-10-02,M,M,M,M,M
1916-10-03,M,M,M,M,M
1916-10-04,M,M,M,M,M
1916-10-05,M,M,M,M,M
1916-10-06,M,M,M,M,M
1916-10-07,M,M,M,M,M
1916-10-08,M,M,M,M,M
1916-10-09,M,M,M,M,M
1916-10-10,M,M,M,M,M
1916-10-11,M,M,M,M,M
1916-10-12,M,M,M,M,M
1916-10-13,M,M,M,M,M
1916-10-14,M,M,M,M,M
1916-10-15,M,M,M,M,M
1916-10-16,M,M,M,M,M
1916-10-17,M,M,M,M,M
1916-10-18,M,M,M,M,M
1916-10-19,M,M,M,M,M
1916-10-20,M,M,M,M,M
1916-10-21,M,M,M,M,M
1916-10-22,M,M,M,M,M
1916-10-23,M,M,M,M,M
1916-10-24,M,M,M,M,M
1916-10-25,M,M,M,M,M
1916-10-26,M,M,M,M,M
1916-10-27,M,M,M,M,M
1916-10-28,M,M,M,M,M
1916-10-29,M,M,M,M,M
1916-10-30,M,M,M,M,M
1916-10-31,M,M,M,M,M
1916-11-01,M,M,M,M,M
1916-11-02,M,M,M,M,M
1916-11-03,M,M,M,M,M
1916-11-04,M,M,M,M,M
1916-11-05,M,M,M,M,M
1916-11-06,M,M,M,M,M
1916-11-07,M,M,M,M,M
1916-11-08,M,M,M,M,M
1916-11-09,M,M,M,M,M
1916-11-10,M,M,M,M,M
1916-11-11,M,M,M,M,M
1916-11-12,M,M,M,M,M
1916-11-13,M,M,M,M,M
1916-11-14,M,M,M,M,M
1916-11-15,M,M,M,M,M
1916-11-16,M,M,M,M,M
1916-11-17,M,M,M,M,M
1916-11-18,M,M,M,M,M
1916-11-19,M,M,M,M,M
1916-11-20,M,M,M,M,M
1916-11-21,M,M,M,M,M
1916-11-22,M,M,M,M,M
1916-11-23,M,M,M,M,M
1916-11-24,M,M,M,M,M
1916-11-25,M,M,M,M,M
1916-11-26,M,M,M,M,M
1916-11-27,M,M,M,M,M
1916-11-28,M,M,M,M,M
1916-11-29,M,M,M,M,M
1916-11-30,M,M,M,M,M
1916-12-01,M,M,M,M,M
1916-12-02,M,M,M,M,M
1916-12-03,M,M,M,M,M
1916-12-04,M,M,M,M,M
1916-12-05,M,M,M,M,M
1916-12-06,M,M,M,M,M
1916-12-07,M,M,M,M,M
1916-12-08,M,M,M,M,M
1916-12-09,M,M,M,M,M
1916-12-10,M,M,M,M,M
1916-12-11,M,M,M,M,M
1916-12-12,M,M,M,M,M
1916-12-13,M,M,M,M,M
1916-12-14,M,M,M,M,M
1916-12-15,M,M,M,M,M
1916-12-16,M,M,M,M,M
1916-12-17,M,M,M,M,M
1916-12-18,M,M,M,M,M
1916-12-19,M,M,M,M,M
1916-12-20,M,M,M,M,M
1916-12-21,M,M,M,M,M
1916-12-22,M,M,M,M,M
1916-12-23,M,M,M,M,M
1916-12-24,M,M,M,M,M
1916-12-25,M,M,M,M,M
1916-12-26,M,M,M,M,M
1916-12-27,M,M,M,M,M
1916-12-28,M,M,M,M,M
1916-12-29,M,M,M,M,M
1916-12-30,M,M,M,M,M
1916-12-31,M,M,M,M,M
1917-01-01,M,M,M,M,M
1917-01-02,M,M,M,M,M
1917-01-03,M,M,M,M,M
1917-01-04,M,M,M,M,M
1917-01-05,M,M,M,M,M
1917-01-06,M,M,M,M,M
1917-01-07,M,M,M,M,M
1917-01-08,M,M,M,M,M
1917-01-09,M,M,M,M,M
1917-01-10,M,M,M,M,M
1917-01-11,M,M,M,M,M
1917-01-12,M,M,M,M,M
1917-01-13,M,M,M,M,M
1917-01-14,M,M,M,M,M
1917-01-15,M,M,M,M,M
1917-01-16,M,M,M,M,M
1917-01-17,M,M,M,M,M
1917-01-18,M,M,M,M,M
1917-01-19,M,M,M,M,M
1917-01-20,M,M,M,M,M
1917-01-21,M,M,M,M,M
1917-01-22,M,M,M,M,M
1917-01-23,M,M,M,M,M
1917-01-24,M,M,M,M,M
1917-01-25,M,M,M,M,M
1917-01-26,M,M,M,M,M
1917-01-27,M,M,M,M,M
1917-01-28,M,M,M,M,M
1917-01-29,M,M,M,M,M
1917-01-30,M,M,M,M,M
1917-01-31,M,M,M,M,M
1917-02-01,M,M,M,M,M
1917-02-02,M,M,M,M,M
1917-02-03,M,M,M,M,M
1917-02-04,M,M,M,M,M
1917-02-05,M,M,M,M,M
1917-02-06,M,M,M,M,M
1917-02-07,M,M,M,M,M
1917-02-08,M,M,M,M,M
1917-02-09,M,M,M,M,M
1917-02-10,M,M,M,M,M
1917-02-11,M,M,M,M,M
1917-02-12,M,M,M,M,M
1917-02-13,M,M,M,M,M
1917-02-14,M,M,M,M,M
1917-02-15,M,M,M,M,M
1917-02-16,M,M,M,M,M
1917-02-17,M,M,M,M,M
1917-02-18,M,M,M,M,M
1917-02-19,M,M,M,M,M
1917-02-20,M,M,M,M,M
1917-02-21,M,M,M,M,M
1917-02-22,M,M,M,M,M
1917-02-23,M,M,M,M,M
1917-02-24,M,M,M,M,M
1917-02-25,M,M,M,M,M
1917-02-26,M,M,M,M,M
1917-02-27,M,M,M,M,M
1917-02-28,M,M,M,M,M
1917-03-01,M,M,M,M,M
1917-03-02,M,M,M,M,M
1917-03-03,M,M,M,M,M
1917-03-04,M,M,M,M,M
1917-03-05,M,M,M,M,M
1917-03-06,M,M,M,M,M
1917-03-07,M,M,M,M,M
1917-03-08,M,M,M,M,M
1917-03-09,M,M,M,M,M
1917-03-10,M,M,M,M,M
1917-03-11,M,M,M,M,M
1917-03-12,M,M,M,M,M
1917-03-13,M,M,M,M,M
1917-03-14,M,M,M,M,M
1917-03-15,M,M,M,M,M
1917-03-16,M,M,M,M,M
1917-03-17,M,M,M,M,M
1917-03-18,M,M,M,M,M
1917-03-19,M,M,M,M,M
1917-03-20,M,M,M,M,M
1917-03-21,M,M,M,M,M
1917-03-22,M,M,M,M,M
1917-03-23,M,M,M,M,M
1917-03-24,M,M,M,M,M
1917-03-25,M,M,M,M,M
1917-03-26,M,M,M,M,M
1917-03-27,M,M,M,M,M
1917-03-28,M,M,M,M,M
1917-03-29,M,M,M,M,M
1917-03-30,M,M,M,M,M
1917-03-31,M,M,M,M,M
1917-04-01,M,M,M,M,M
1917-04-02,M,M,M,M,M
1917-04-03,M,M,M,M,M
1917-04-04,M,M,M,M,M
1917-04-05,M,M,M,M,M
1917-04-06,M,M,M,M,M
1917-04-07,M,M,M,M,M
1917-04-08,M,M,M,M,M
1917-04-09,M,M,M,M,M
1917-04-10,M,M,M,M,M
1917-04-11,M,M,M,M,M
1917-04-12,M,M,M,M,M
1917-04-13,M,M,M,M,M
1917-04-14,M,M,M,M,M
1917-04-15,M,M,M,M,M
1917-04-16,M,M,M,M,M
1917-04-17,M,M,M,M,M
1917-04-18,M,M,M,M,M
1917-04-19,M,M,M,M,M
1917-04-20,M,M,M,M,M
1917-04-21,M,M,M,M,M
1917-04-22,M,M,M,M,M
1917-04-23,M,M,M,M,M
1917-04-24,M,M,M,M,M
1917-04-25,M,M,M,M,M
1917-04-26,M,M,M,M,M
1917-04-27,M,M,M,M,M
1917-04-28,M,M,M,M,M
1917-04-29,M,M,M,M,M
1917-04-30,M,M,M,M,M
1917-05-01,M,M,M,M,M
1917-05-02,M,M,M,M,M
1917-05-03,M,M,M,M,M
1917-05-04,M,M,M,M,M
1917-05-05,M,M,M,M,M
1917-05-06,M,M,M,M,M
1917-05-07,M,M,M,M,M
1917-05-08,M,M,M,M,M
1917-05-09,M,M,M,M,M
1917-05-10,M,M,M,M,M
1917-05-11,M,M,M,M,M
1917-05-12,M,M,M,M,M
1917-05-13,M,M,M,M,M
1917-05-14,M,M,M,M,M
1917-05-15,M,M,M,M,M
1917-05-16,M,M,M,M,M
1917-05-17,M,M,M,M,M
1917-05-18,M,M,M,M,M
1917-05-19,M,M,M,M,M
1917-05-20,M,M,M,M,M
1917-05-21,M,M,M,M,M
1917-05-22,M,M,M,M,M
1917-05-23,M,M,M,M,M
1917-05-24,M,M,M,M,M
1917-05-25,M,M,M,M,M
1917-05-26,M,M,M,M,M
1917-05-27,M,M,M,M,M
1917-05-28,M,M,M,M,M
1917-05-29,M,M,M,M,M
1917-05-30,M,M,M,M,M
1917-05-31,M,M,M,M,M
1917-06-01,M,M,M,M,M
1917-06-02,M,M,M,M,M
1917-06-03,M,M,M,M,M
1917-06-04,M,M,M,M,M
1917-06-05,M,M,M,M,M
1917-06-06,M,M,M,M,M
1917-06-07,M,M,M,M,M
1917-06-08,M,M,M,M,M
1917-06-09,M,M,M,M,M
1917-06-10,M,M,M,M,M
1917-06-11,M,M,M,M,M
1917-06-12,M,M,M,M,M
1917-06-13,M,M,M,M,M
1917-06-14,M,M,M,M,M
1917-06-15,M,M,M,M,M
1917-06-16,M,M,M,M,M
1917-06-17,M,M,M,M,M
1917-06-18,M,M,M,M,M
1917-06-19,M,M,M,M,M
1917-06-20,M,M,M,M,M
1917-06-21,M,M,M,M,M
1917-06-22,M,M,M,M,M
1917-06-23,M,M,M,M,M
1917-06-24,M,M,M,M,M
1917-06-25,M,M,M,M,M
1917-06-26,M,M,M,M,M
1917-06-27,M,M,M,M,M
1917-06-28,M,M,M,M,M
1917-06-29,M,M,M,M,M
1917-06-30,M,M,M,M,M
1917-07-01,M,M,M,M,M
1917-07-02,M,M,M,M,M
1917-07-03,M,M,M,M,M
1917-07-04,M,M,M,M,M
1917-07-05,M,M,M,M,M
1917-07-06,M,M,M,M,M
1917-07-07,M,M,M,M,M
1917-07-08,M,M,M,M,M
1917-07-09,M,M,M,M,M
1917-07-10,M,M,M,M,M
1917-07-11,M,M,M,M,M
1917-07-12,M,M,M,M,M
1917-07-13,M,M,M,M,M
1917-07-14,M,M,M,M,M
1917-07-15,M,M,M,M,M
1917-07-16,M,M,M,M,M
1917-07-17,M,M,M,M,M
1917-07-18,M,M,M,M,M
1917-07-19,M,M,M,M,M
1917-07-20,M,M,M,M,M
1917-07-21,M,M,M,M,M
1917-07-22,M,M,M,M,M
1917-07-23,M,M,M,M,M
1917-07-24,M,M,M,M,M
1917-07-25,M,M,M,M,M
1917-07-26,M,M,M,M,M
1917-07-27,M,M,M,M,M
1917-07-28,M,M,M,M,M
1917-07-29,M,M,M,M,M
1917-07-30,M,M,M,M,M
1917-07-31,M,M,M,M,M
1917-08-01,M,M,M,M,M
1917-08-02,M,M,M,M,M
1917-08-03,M,M,M,M,M
1917-08-04,M,M,M,M,M
1917-08-05,M,M,M,M,M
1917-08-06,M,M,M,M,M
1917-08-07,M,M,M,M,M
1917-08-08,M,M,M,M,M
1917-08-09,M,M,M,M,M
1917-08-10,M,M,M,M,M
1917-08-11,M,M,M,M,M
1917-08-12,M,M,M,M,M
1917-08-13,M,M,M,M,M
1917-08-14,M,M,M,M,M
1917-08-15,M,M,M,M,M
1917-08-16,M,M,M,M,M
1917-08-17,M,M,M,M,M
1917-08-18,M,M,M,M,M
1917-08-19,M,M,M,M,M
1917-08-20,M,M,M,M,M
1917-08-21,M,M,M,M,M
1917-08-22,M,M,M,M,M
1917-08-23,M,M,M,M,M
1917-08-24,M,M,M,M,M
1917-08-25,M,M,M,M,M
1917-08-26,M,M,M,M,M
1917-08-27,M,M,M,M,M
1917-08-28,M,M,M,M,M
1917-08-29,M,M,M,M,M
1917-08-30,M,M,M,M,M
1917-08-31,M,M,M,M,M
1917-09-01,M,M,M,M,M
1917-09-02,M,M,M,M,M
1917-09-03,M,M,M,M,M
1917-09-04,M,M,M,M,M
1917-09-05,M,M,M,M,M
1917-09-06,M,M,M,M,M
1917-09-07,M,M,M,M,M
1917-09-08,M,M,M,M,M
1917-09-09,M,M,M,M,M
1917-09-10,M,M,M,M,M
1917-09-11,M,M,M,M,M
1917-09-12,M,M,M,M,M
1917-09-13,M,M,M,M,M
1917-09-14,M,M,M,M,M
1917-09-15,M,M,M,M,M
1917-09-16,M,M,M,M,M
1917-09-17,M,M,M,M,M
1917-09-18,M,M,M,M,M
1917-09-19,M,M,M,M,M
1917-09-20,M,M,M,M,M
1917-09-21,M,M,M,M,M
1917-09-22,M,M,M,M,M
1917-09-23,M,M,M,M,M
1917-09-24,M,M,M,M,M
1917-09-25,M,M,M,M,M
1917-09-26,M,M,M,M,M
1917-09-27,M,M,M,M,M
1917-09-28,M,M,M,M,M
1917-09-29,M,M,M,M,M
1917-09-30,M,M,M,M,M
1917-10-01,M,M,M,M,M
1917-10-02,M,M,M,M,M
1917-10-03,M,M,M,M,M
1917-10-04,M,M,M,M,M
1917-10-05,M,M,M,M,M
1917-10-06,M,M,M,M,M
1917-10-07,M,M,M,M,M
1917-10-08,M,M,M,M,M
1917-10-09,M,M,M,M,M
1917-10-10,M,M,M,M,M
1917-10-11,M,M,M,M,M
1917-10-12,M,M,M,M,M
1917-10-13,M,M,M,M,M
1917-10-14,M,M,M,M,M
1917-10-15,M,M,M,M,M
1917-10-16,M,M,M,M,M
1917-10-17,M,M,M,M,M
1917-10-18,M,M,M,M,M
1917-10-19,M,M,M,M,M
1917-10-20,M,M,M,M,M
1917-10-21,M,M,M,M,M
1917-10-22,M,M,M,M,M
1917-10-23,M,M,M,M,M
1917-10-24,M,M,M,M,M
1917-10-25,M,M,M,M,M
1917-10-26,M,M,M,M,M
1917-10-27,M,M,M,M,M
1917-10-28,M,M,M,M,M
1917-10-29,M,M,M,M,M
1917-10-30,M,M,M,M,M
1917-10-31,M,M,M,M,M
1917-11-01,M,M,M,M,M
1917-11-02,M,M,M,M,M
1917-11-03,M,M,M,M,M
1917-11-04,M,M,M,M,M
1917-11-05,M,M,M,M,M
1917-11-06,M,M,M,M,M
1917-11-07,M,M,M,M,M
1917-11-08,M,M,M,M,M
1917-11-09,M,M,M,M,M
1917-11-10,M,M,M,M,M
1917-11-11,M,M,M,M,M
1917-11-12,M,M,M,M,M
1917-11-13,M,M,M,M,M
1917-11-14,M,M,M,M,M
1917-11-15,M,M,M,M,M
1917-11-16,M,M,M,M,M
1917-11-17,M,M,M,M,M
1917-11-18,M,M,M,M,M
1917-11-19,M,M,M,M,M
1917-11-20,M,M,M,M,M
1917-11-21,M,M,M,M,M
1917-11-22,M,M,M,M,M
1917-11-23,M,M,M,M,M
1917-11-24,M,M,M,M,M
1917-11-25,M,M,M,M,M
1917-11-26,M,M,M,M,M
1917-11-27,M,M,M,M,M
1917-11-28,M,M,M,M,M
1917-11-29,M,M,M,M,M
1917-11-30,M,M,M,M,M
1917-12-01,M,M,M,M,M
1917-12-02,M,M,M,M,M
1917-12-03,M,M,M,M,M
1917-12-04,M,M,M,M,M
1917-12-05,M,M,M,M,M
1917-12-06,M,M,M,M,M
1917-12-07,M,M,M,M,M
1917-12-08,M,M,M,M,M
1917-12-09,M,M,M,M,M
1917-12-10,M,M,M,M,M
1917-12-11,M,M,M,M,M
1917-12-12,M,M,M,M,M
1917-12-13,M,M,M,M,M
1917-12-14,M,M,M,M,M
1917-12-15,M,M,M,M,M
1917-12-16,M,M,M,M,M
1917-12-17,M,M,M,M,M
1917-12-18,M,M,M,M,M
1917-12-19,M,M,M,M,M
1917-12-20,M,M,M,M,M
1917-12-21,M,M,M,M,M
1917-12-22,M,M,M,M,M
1917-12-23,M,M,M,M,M
1917-12-24,M,M,M,M,M
1917-12-25,M,M,M,M,M
1917-12-26,M,M,M,M,M
1917-12-27,M,M,M,M,M
1917-12-28,M,M,M,M,M
1917-12-29,M,M,M,M,M
1917-12-30,M,M,M,M,M
1917-12-31,M,M,M,M,M
1918-01-01,M,M,M,M,M
1918-01-02,M,M,M,M,M
1918-01-03,M,M,M,M,M
1918-01-04,M,M,M,M,M
1918-01-05,M,M,M,M,M
1918-01-06,M,M,M,M,M
1918-01-07,M,M,M,M,M
1918-01-08,M,M,M,M,M
1918-01-09,M,M,M,M,M
1918-01-10,M,M,M,M,M
1918-01-11,M,M,M,M,M
1918-01-12,M,M,M,M,M
1918-01-13,M,M,M,M,M
1918-01-14,M,M,M,M,M
1918-01-15,M,M,M,M,M
1918-01-16,M,M,M,M,M
1918-01-17,M,M,M,M,M
1918-01-18,M,M,M,M,M
1918-01-19,M,M,M,M,M
1918-01-20,M,M,M,M,M
1918-01-21,M,M,M,M,M
1918-01-22,M,M,M,M,M
1918-01-23,M,M,M,M,M
1918-01-24,M,M,M,M,M
1918-01-25,M,M,M,M,M
1918-01-26,M,M,M,M,M
1918-01-27,M,M,M,M,M
1918-01-28,M,M,M,M,M
1918-01-29,M,M,M,M,M
1918-01-30,M,M,M,M,M
1918-01-31,M,M,M,M,M
1918-02-01,M,M,M,M,M
1918-02-02,M,M,M,M,M
1918-02-03,M,M,M,M,M
1918-02-04,M,M,M,M,M
1918-02-05,M,M,M,M,M
1918-02-06,M,M,M,M,M
1918-02-07,M,M,M,M,M
1918-02-08,M,M,M,M,M
1918-02-09,M,M,M,M,M
1918-02-10,M,M,M,M,M
1918-02-11,M,M,M,M,M
1918-02-12,M,M,M,M,M
1918-02-13,M,M,M,M,M
1918-02-14,M,M,M,M,M
1918-02-15,M,M,M,M,M
1918-02-16,M,M,M,M,M
1918-02-17,M,M,M,M,M
1918-02-18,M,M,M,M,M
1918-02-19,M,M,M,M,M
1918-02-20,M,M,M,M,M
1918-02-21,M,M,M,M,M
1918-02-22,M,M,M,M,M
1918-02-23,M,M,M,M,M
1918-02-24,M,M,M,M,M
1918-02-25,M,M,M,M,M
1918-02-26,M,M,M,M,M
1918-02-27,M,M,M,M,M
1918-02-28,M,M,M,M,M
1918-03-01,M,M,M,M,M
1918-03-02,M,M,M,M,M
1918-03-03,M,M,M,M,M
1918-03-04,M,M,M,M,M
1918-03-05,M,M,M,M,M
1918-03-06,M,M,M,M,M
1918-03-07,M,M,M,M,M
1918-03-08,M,M,M,M,M
1918-03-09,M,M,M,M,M
1918-03-10,M,M,M,M,M
1918-03-11,M,M,M,M,M
1918-03-12,M,M,M,M,M
1918-03-13,M,M,M,M,M
1918-03-14,M,M,M,M,M
1918-03-15,M,M,M,M,M
1918-03-16,M,M,M,M,M
1918-03-17,M,M,M,M,M
1918-03-18,M,M,M,M,M
1918-03-19,M,M,M,M,M
1918-03-20,M,M,M,M,M
1918-03-21,M,M,M,M,M
1918-03-22,M,M,M,M,M
1918-03-23,M,M,M,M,M
1918-03-24,M,M,M,M,M
1918-03-25,M,M,M,M,M
1918-03-26,M,M,M,M,M
1918-03-27,M,M,M,M,M
1918-03-28,M,M,M,M,M
1918-03-29,M,M,M,M,M
1918-03-30,M,M,M,M,M
1918-03-31,M,M,M,M,M
1918-04-01,M,M,M,M,M
1918-04-02,M,M,M,M,M
1918-04-03,M,M,M,M,M
1918-04-04,M,M,M,M,M
1918-04-05,M,M,M,M,M
1918-04-06,M,M,M,M,M
1918-04-07,M,M,M,M,M
1918-04-08,M,M,M,M,M
1918-04-09,M,M,M,M,M
1918-04-10,M,M,M,M,M
1918-04-11,M,M,M,M,M
1918-04-12,M,M,M,M,M
1918-04-13,M,M,M,M,M
1918-04-14,M,M,M,M,M
1918-04-15,M,M,M,M,M
1918-04-16,M,M,M,M,M
1918-04-17,M,M,M,M,M
1918-04-18,M,M,M,M,M
1918-04-19,M,M,M,M,M
1918-04-20,M,M,M,M,M
1918-04-21,M,M,M,M,M
1918-04-22,M,M,M,M,M
1918-04-23,M,M,M,M,M
1918-04-24,M,M,M,M,M
1918-04-25,M,M,M,M,M
1918-04-26,M,M,M,M,M
1918-04-27,M,M,M,M,M
1918-04-28,M,M,M,M,M
1918-04-29,M,M,M,M,M
1918-04-30,M,M,M,M,M
1918-05-01,M,M,M,M,M
1918-05-02,M,M,M,M,M
1918-05-03,M,M,M,M,M
1918-05-04,M,M,M,M,M
1918-05-05,M,M,M,M,M
1918-05-06,M,M,M,M,M
1918-05-07,M,M,M,M,M
1918-05-08,M,M,M,M,M
1918-05-09,M,M,M,M,M
1918-05-10,M,M,M,M,M
1918-05-11,M,M,M,M,M
1918-05-12,M,M,M,M,M
1918-05-13,M,M,M,M,M
1918-05-14,M,M,M,M,M
1918-05-15,M,M,M,M,M
1918-05-16,M,M,M,M,M
1918-05-17,M,M,M,M,M
1918-05-18,M,M,M,M,M
1918-05-19,M,M,M,M,M
1918-05-20,M,M,M,M,M
1918-05-21,M,M,M,M,M
1918-05-22,M,M,M,M,M
1918-05-23,M,M,M,M,M
1918-05-24,M,M,M,M,M
1918-05-25,M,M,M,M,M
1918-05-26,M,M,M,M,M
1918-05-27,M,M,M,M,M
1918-05-28,M,M,M,M,M
1918-05-29,M,M,M,M,M
1918-05-30,M,M,M,M,M
1918-05-31,M,M,M,M,M
1918-06-01,M,M,M,M,M
1918-06-02,M,M,M,M,M
1918-06-03,M,M,M,M,M
1918-06-04,M,M,M,M,M
1918-06-05,M,M,M,M,M
1918-06-06,M,M,M,M,M
1918-06-07,M,M,M,M,M
1918-06-08,M,M,M,M,M
1918-06-09,M,M,M,M,M
1918-06-10,M,M,M,M,M
1918-06-11,M,M,M,M,M
1918-06-12,M,M,M,M,M
1918-06-13,M,M,M,M,M
1918-06-14,M,M,M,M,M
1918-06-15,M,M,M,M,M
1918-06-16,M,M,M,M,M
1918-06-17,M,M,M,M,M
1918-06-18,M,M,M,M,M
1918-06-19,M,M,M,M,M
1918-06-20,M,M,M,M,M
1918-06-21,M,M,M,M,M
1918-06-22,M,M,M,M,M
1918-06-23,M,M,M,M,M
1918-06-24,M,M,M,M,M
1918-06-25,M,M,M,M,M
1918-06-26,M,M,M,M,M
1918-06-27,M,M,M,M,M
1918-06-28,M,M,M,M,M
1918-06-29,M,M,M,M,M
1918-06-30,M,M,M,M,M
1918-07-01,M,M,M,M,M
1918-07-02,M,M,M,M,M
1918-07-03,M,M,M,M,M
1918-07-04,M,M,M,M,M
1918-07-05,M,M,M,M,M
1918-07-06,M,M,M,M,M
1918-07-07,M,M,M,M,M
1918-07-08,M,M,M,M,M
1918-07-09,M,M,M,M,M
1918-07-10,M,M,M,M,M
1918-07-11,M,M,M,M,M
1918-07-12,M,M,M,M,M
1918-07-13,M,M,M,M,M
1918-07-14,M,M,M,M,M
1918-07-15,M,M,M,M,M
1918-07-16,M,M,M,M,M
1918-07-17,M,M,M,M,M
1918-07-18,M,M,M,M,M
1918-07-19,M,M,M,M,M
1918-07-20,M,M,M,M,M
1918-07-21,M,M,M,M,M
1918-07-22,M,M,M,M,M
1918-07-23,M,M,M,M,M
1918-07-24,M,M,M,M,M
1918-07-25,M,M,M,M,M
1918-07-26,M,M,M,M,M
1918-07-27,M,M,M,M,M
1918-07-28,M,M,M,M,M
1918-07-29,M,M,M,M,M
1918-07-30,M,M,M,M,M
1918-07-31,M,M,M,M,M
1918-08-01,M,M,M,M,M
1918-08-02,M,M,M,M,M
1918-08-03,M,M,M,M,M
1918-08-04,M,M,M,M,M
1918-08-05,M,M,M,M,M
1918-08-06,M,M,M,M,M
1918-08-07,M,M,M,M,M
1918-08-08,M,M,M,M,M
1918-08-09,M,M,M,M,M
1918-08-10,M,M,M,M,M
1918-08-11,M,M,M,M,M
1918-08-12,M,M,M,M,M
1918-08-13,M,M,M,M,M
1918-08-14,M,M,M,M,M
1918-08-15,M,M,M,M,M
1918-08-16,M,M,M,M,M
1918-08-17,M,M,M,M,M
1918-08-18,M,M,M,M,M
1918-08-19,M,M,M,M,M
1918-08-20,M,M,M,M,M
1918-08-21,M,M,M,M,M
1918-08-22,M,M,M,M,M
1918-08-23,M,M,M,M,M
1918-08-24,M,M,M,M,M
1918-08-25,M,M,M,M,M
1918-08-26,M,M,M,M,M
1918-08-27,M,M,M,M,M
1918-08-28,M,M,M,M,M
1918-08-29,M,M,M,M,M
1918-08-30,M,M,M,M,M
1918-08-31,M,M,M,M,M
1918-09-01,M,M,M,M,M
1918-09-02,M,M,M,M,M
1918-09-03,M,M,M,M,M
1918-09-04,M,M,M,M,M
1918-09-05,M,M,M,M,M
1918-09-06,M,M,M,M,M
1918-09-07,M,M,M,M,M
1918-09-08,M,M,M,M,M
1918-09-09,M,M,M,M,M
1918-09-10,M,M,M,M,M
1918-09-11,M,M,M,M,M
1918-09-12,M,M,M,M,M
1918-09-13,M,M,M,M,M
1918-09-14,M,M,M,M,M
1918-09-15,M,M,M,M,M
1918-09-16,M,M,M,M,M
1918-09-17,M,M,M,M,M
1918-09-18,M,M,M,M,M
1918-09-19,M,M,M,M,M
1918-09-20,M,M,M,M,M
1918-09-21,M,M,M,M,M
1918-09-22,M,M,M,M,M
1918-09-23,M,M,M,M,M
1918-09-24,M,M,M,M,M
1918-09-25,M,M,M,M,M
1918-09-26,M,M,M,M,M
1918-09-27,M,M,M,M,M
1918-09-28,M,M,M,M,M
1918-09-29,M,M,M,M,M
1918-09-30,M,M,M,M,M
1918-10-01,M,M,M,M,M
1918-10-02,M,M,M,M,M
1918-10-03,M,M,M,M,M
1918-10-04,M,M,M,M,M
1918-10-05,M,M,M,M,M
1918-10-06,M,M,M,M,M
1918-10-07,M,M,M,M,M
1918-10-08,M,M,M,M,M
1918-10-09,M,M,M,M,M
1918-10-10,M,M,M,M,M
1918-10-11,M,M,M,M,M
1918-10-12,M,M,M,M,M
1918-10-13,M,M,M,M,M
1918-10-14,M,M,M,M,M
1918-10-15,M,M,M,M,M
1918-10-16,M,M,M,M,M
1918-10-17,M,M,M,M,M
1918-10-18,M,M,M,M,M
1918-10-19,M,M,M,M,M
1918-10-20,M,M,M,M,M
1918-10-21,M,M,M,M,M
1918-10-22,M,M,M,M,M
1918-10-23,M,M,M,M,M
1918-10-24,M,M,M,M,M
1918-10-25,M,M,M,M,M
1918-10-26,M,M,M,M,M
1918-10-27,M,M,M,M,M
1918-10-28,M,M,M,M,M
1918-10-29,M,M,M,M,M
1918-10-30,M,M,M,M,M
1918-10-31,M,M,M,M,M
1918-11-01,M,M,M,M,M
1918-11-02,M,M,M,M,M
1918-11-03,M,M,M,M,M
1918-11-04,M,M,M,M,M
1918-11-05,M,M,M,M,M
1918-11-06,M,M,M,M,M
1918-11-07,M,M,M,M,M
1918-11-08,M,M,M,M,M
1918-11-09,M,M,M,M,M
1918-11-10,M,M,M,M,M
1918-11-11,M,M,M,M,M
1918-11-12,M,M,M,M,M
1918-11-13,M,M,M,M,M
1918-11-14,M,M,M,M,M
1918-11-15,M,M,M,M,M
1918-11-16,M,M,M,M,M
1918-11-17,M,M,M,M,M
1918-11-18,M,M,M,M,M
1918-11-19,M,M,M,M,M
1918-11-20,M,M,M,M,M
1918-11-21,M,M,M,M,M
1918-11-22,M,M,M,M,M
1918-11-23,M,M,M,M,M
1918-11-24,M,M,M,M,M
1918-11-25,M,M,M,M,M
1918-11-26,M,M,M,M,M
1918-11-27,M,M,M,M,M
1918-11-28,M,M,M,M,M
1918-11-29,M,M,M,M,M
1918-11-30,M,M,M,M,M
1918-12-01,M,M,M,M,M
1918-12-02,M,M,M,M,M
1918-12-03,M,M,M,M,M
1918-12-04,M,M,M,M,M
1918-12-05,M,M,M,M,M
1918-12-06,M,M,M,M,M
1918-12-07,M,M,M,M,M
1918-12-08,M,M,M,M,M
1918-12-09,M,M,M,M,M
1918-12-10,M,M,M,M,M
1918-12-11,M,M,M,M,M
1918-12-12,M,M,M,M,M
1918-12-13,M,M,M,M,M
1918-12-14,M,M,M,M,M
1918-12-15,M,M,M,M,M
1918-12-16,M,M,M,M,M
1918-12-17,M,M,M,M,M
1918-12-18,M,M,M,M,M
1918-12-19,M,M,M,M,M
1918-12-20,M,M,M,M,M
1918-12-21,M,M,M,M,M
1918-12-22,M,M,M,M,M
1918-12-23,M,M,M,M,M
1918-12-24,M,M,M,M,M
1918-12-25,M,M,M,M,M
1918-12-26,M,M,M,M,M
1918-12-27,M,M,M,M,M
1918-12-28,M,M,M,M,M
1918-12-29,M,M,M,M,M
1918-12-30,M,M,M,M,M
1918-12-31,M,M,M,M,M
1919-01-01,M,M,M,M,M
1919-01-02,M,M,M,M,M
1919-01-03,M,M,M,M,M
1919-01-04,M,M,M,M,M
1919-01-05,M,M,M,M,M
1919-01-06,M,M,M,M,M
1919-01-07,M,M,M,M,M
1919-01-08,M,M,M,M,M
1919-01-09,M,M,M,M,M
1919-01-10,M,M,M,M,M
1919-01-11,M,M,M,M,M
1919-01-12,M,M,M,M,M
1919-01-13,M,M,M,M,M
1919-01-14,M,M,M,M,M
1919-01-15,M,M,M,M,M
1919-01-16,M,M,M,M,M
1919-01-17,M,M,M,M,M
1919-01-18,M,M,M,M,M
1919-01-19,M,M,M,M,M
1919-01-20,M,M,M,M,M
1919-01-21,M,M,M,M,M
1919-01-22,M,M,M,M,M
1919-01-23,M,M,M,M,M
1919-01-24,M,M,M,M,M
1919-01-25,M,M,M,M,M
1919-01-26,M,M,M,M,M
1919-01-27,M,M,M,M,M
1919-01-28,M,M,M,M,M
1919-01-29,M,M,M,M,M
1919-01-30,M,M,M,M,M
1919-01-31,M,M,M,M,M
1919-02-01,M,M,M,M,M
1919-02-02,M,M,M,M,M
1919-02-03,M,M,M,M,M
1919-02-04,M,M,M,M,M
1919-02-05,M,M,M,M,M
1919-02-06,M,M,M,M,M
1919-02-07,M,M,M,M,M
1919-02-08,M,M,M,M,M
1919-02-09,M,M,M,M,M
1919-02-10,M,M,M,M,M
1919-02-11,M,M,M,M,M
1919-02-12,M,M,M,M,M
1919-02-13,M,M,M,M,M
1919-02-14,M,M,M,M,M
1919-02-15,M,M,M,M,M
1919-02-16,M,M,M,M,M
1919-02-17,M,M,M,M,M
1919-02-18,M,M,M,M,M
1919-02-19,M,M,M,M,M
1919-02-20,M,M,M,M,M
1919-02-21,M,M,M,M,M
1919-02-22,M,M,M,M,M
1919-02-23,M,M,M,M,M
1919-02-24,M,M,M,M,M
1919-02-25,M,M,M,M,M
1919-02-26,M,M,M,M,M
1919-02-27,M,M,M,M,M
1919-02-28,M,M,M,M,M
1919-03-01,M,M,M,M,M
1919-03-02,M,M,M,M,M
1919-03-03,M,M,M,M,M
1919-03-04,M,M,M,M,M
1919-03-05,M,M,M,M,M
1919-03-06,M,M,M,M,M
1919-03-07,M,M,M,M,M
1919-03-08,M,M,M,M,M
1919-03-09,M,M,M,M,M
1919-03-10,M,M,M,M,M
1919-03-11,M,M,M,M,M
1919-03-12,M,M,M,M,M
1919-03-13,M,M,M,M,M
1919-03-14,M,M,M,M,M
1919-03-15,M,M,M,M,M
1919-03-16,M,M,M,M,M
1919-03-17,M,M,M,M,M
1919-03-18,M,M,M,M,M
1919-03-19,M,M,M,M,M
1919-03-20,M,M,M,M,M
1919-03-21,M,M,M,M,M
1919-03-22,M,M,M,M,M
1919-03-23,M,M,M,M,M
1919-03-24,M,M,M,M,M
1919-03-25,M,M,M,M,M
1919-03-26,M,M,M,M,M
1919-03-27,M,M,M,M,M
1919-03-28,M,M,M,M,M
1919-03-29,M,M,M,M,M
1919-03-30,M,M,M,M,M
1919-03-31,M,M,M,M,M
1919-04-01,M,M,M,M,M
1919-04-02,M,M,M,M,M
1919-04-03,M,M,M,M,M
1919-04-04,M,M,M,M,M
1919-04-05,M,M,M,M,M
1919-04-06,M,M,M,M,M
1919-04-07,M,M,M,M,M
1919-04-08,M,M,M,M,M
1919-04-09,M,M,M,M,M
1919-04-10,M,M,M,M,M
1919-04-11,M,M,M,M,M
1919-04-12,M,M,M,M,M
1919-04-13,M,M,M,M,M
1919-04-14,M,M,M,M,M
1919-04-15,M,M,M,M,M
1919-04-16,M,M,M,M,M
1919-04-17,M,M,M,M,M
1919-04-18,M,M,M,M,M
1919-04-19,M,M,M,M,M
1919-04-20,M,M,M,M,M
1919-04-21,M,M,M,M,M
1919-04-22,M,M,M,M,M
1919-04-23,M,M,M,M,M
1919-04-24,M,M,M,M,M
1919-04-25,M,M,M,M,M
1919-04-26,M,M,M,M,M
1919-04-27,M,M,M,M,M
1919-04-28,M,M,M,M,M
1919-04-29,M,M,M,M,M
1919-04-30,M,M,M,M,M
1919-05-01,M,M,M,M,M
1919-05-02,M,M,M,M,M
1919-05-03,M,M,M,M,M
1919-05-04,M,M,M,M,M
1919-05-05,M,M,M,M,M
1919-05-06,M,M,M,M,M
1919-05-07,M,M,M,M,M
1919-05-08,M,M,M,M,M
1919-05-09,M,M,M,M,M
1919-05-10,M,M,M,M,M
1919-05-11,M,M,M,M,M
1919-05-12,M,M,M,M,M
1919-05-13,M,M,M,M,M
1919-05-14,M,M,M,M,M
1919-05-15,M,M,M,M,M
1919-05-16,M,M,M,M,M
1919-05-17,M,M,M,M,M
1919-05-18,M,M,M,M,M
1919-05-19,M,M,M,M,M
1919-05-20,M,M,M,M,M
1919-05-21,M,M,M,M,M
1919-05-22,M,M,M,M,M
1919-05-23,M,M,M,M,M
1919-05-24,M,M,M,M,M
1919-05-25,M,M,M,M,M
1919-05-26,M,M,M,M,M
1919-05-27,M,M,M,M,M
1919-05-28,M,M,M,M,M
1919-05-29,M,M,M,M,M
1919-05-30,M,M,M,M,M
1919-05-31,M,M,M,M,M
1919-06-01,M,M,M,M,M
1919-06-02,M,M,M,M,M
1919-06-03,M,M,M,M,M
1919-06-04,M,M,M,M,M
1919-06-05,M,M,M,M,M
1919-06-06,M,M,M,M,M
1919-06-07,M,M,M,M,M
1919-06-08,M,M,M,M,M
1919-06-09,M,M,M,M,M
1919-06-10,M,M,M,M,M
1919-06-11,M,M,M,M,M
1919-06-12,M,M,M,M,M
1919-06-13,M,M,M,M,M
1919-06-14,M,M,M,M,M
1919-06-15,M,M,M,M,M
1919-06-16,M,M,M,M,M
1919-06-17,M,M,M,M,M
1919-06-18,M,M,M,M,M
1919-06-19,M,M,M,M,M
1919-06-20,M,M,M,M,M
1919-06-21,M,M,M,M,M
1919-06-22,M,M,M,M,M
1919-06-23,M,M,M,M,M
1919-06-24,M,M,M,M,M
1919-06-25,M,M,M,M,M
1919-06-26,M,M,M,M,M
1919-06-27,M,M,M,M,M
1919-06-28,M,M,M,M,M
1919-06-29,M,M,M,M,M
1919-06-30,M,M,M,M,M
1919-07-01,M,M,M,M,M
1919-07-02,M,M,M,M,M
1919-07-03,M,M,M,M,M
1919-07-04,M,M,M,M,M
1919-07-05,M,M,M,M,M
1919-07-06,M,M,M,M,M
1919-07-07,M,M,M,M,M
1919-07-08,M,M,M,M,M
1919-07-09,M,M,M,M,M
1919-07-10,M,M,M,M,M
1919-07-11,M,M,M,M,M
1919-07-12,M,M,M,M,M
1919-07-13,M,M,M,M,M
1919-07-14,M,M,M,M,M
1919-07-15,M,M,M,M,M
1919-07-16,M,M,M,M,M
1919-07-17,M,M,M,M,M
1919-07-18,M,M,M,M,M
1919-07-19,M,M,M,M,M
1919-07-20,M,M,M,M,M
1919-07-21,M,M,M,M,M
1919-07-22,M,M,M,M,M
1919-07-23,M,M,M,M,M
1919-07-24,M,M,M,M,M
1919-07-25,M,M,M,M,M
1919-07-26,M,M,M,M,M
1919-07-27,M,M,M,M,M
1919-07-28,M,M,M,M,M
1919-07-29,M,M,M,M,M
1919-07-30,M,M,M,M,M
1919-07-31,M,M,M,M,M
1919-08-01,M,M,M,M,M
1919-08-02,M,M,M,M,M
1919-08-03,M,M,M,M,M
1919-08-04,M,M,M,M,M
1919-08-05,M,M,M,M,M
1919-08-06,M,M,M,M,M
1919-08-07,M,M,M,M,M
1919-08-08,M,M,M,M,M
1919-08-09,M,M,M,M,M
1919-08-10,M,M,M,M,M
1919-08-11,M,M,M,M,M
1919-08-12,M,M,M,M,M
1919-08-13,M,M,M,M,M
1919-08-14,M,M,M,M,M
1919-08-15,M,M,M,M,M
1919-08-16,M,M,M,M,M
1919-08-17,M,M,M,M,M
1919-08-18,M,M,M,M,M
1919-08-19,M,M,M,M,M
1919-08-20,M,M,M,M,M
1919-08-21,M,M,M,M,M
1919-08-22,M,M,M,M,M
1919-08-23,M,M,M,M,M
1919-08-24,M,M,M,M,M
1919-08-25,M,M,M,M,M
1919-08-26,M,M,M,M,M
1919-08-27,M,M,M,M,M
1919-08-28,M,M,M,M,M
1919-08-29,M,M,M,M,M
1919-08-30,M,M,M,M,M
1919-08-31,M,M,M,M,M
1919-09-01,M,M,M,M,M
1919-09-02,M,M,M,M,M
1919-09-03,M,M,M,M,M
1919-09-04,M,M,M,M,M
1919-09-05,M,M,M,M,M
1919-09-06,M,M,M,M,M
1919-09-07,M,M,M,M,M
1919-09-08,M,M,M,M,M
1919-09-09,M,M,M,M,M
1919-09-10,M,M,M,M,M
1919-09-11,M,M,M,M,M
1919-09-12,M,M,M,M,M
1919-09-13,M,M,M,M,M
1919-09-14,M,M,M,M,M
1919-09-15,M,M,M,M,M
1919-09-16,M,M,M,M,M
1919-09-17,M,M,M,M,M
1919-09-18,M,M,M,M,M
1919-09-19,M,M,M,M,M
1919-09-20,M,M,M,M,M
1919-09-21,M,M,M,M,M
1919-09-22,M,M,M,M,M
1919-09-23,M,M,M,M,M
1919-09-24,M,M,M,M,M
1919-09-25,M,M,M,M,M
1919-09-26,M,M,M,M,M
1919-09-27,M,M,M,M,M
1919-09-28,M,M,M,M,M
1919-09-29,M,M,M,M,M
1919-09-30,M,M,M,M,M
1919-10-01,M,M,M,M,M
1919-10-02,M,M,M,M,M
1919-10-03,M,M,M,M,M
1919-10-04,M,M,M,M,M
1919-10-05,M,M,M,M,M
1919-10-06,M,M,M,M,M
1919-10-07,M,M,M,M,M
1919-10-08,M,M,M,M,M
1919-10-09,M,M,M,M,M
1919-10-10,M,M,M,M,M
1919-10-11,M,M,M,M,M
1919-10-12,M,M,M,M,M
1919-10-13,M,M,M,M,M
1919-10-14,M,M,M,M,M
1919-10-15,M,M,M,M,M
1919-10-16,M,M,M,M,M
1919-10-17,M,M,M,M,M
1919-10-18,M,M,M,M,M
1919-10-19,M,M,M,M,M
1919-10-20,M,M,M,M,M
1919-10-21,M,M,M,M,M
1919-10-22,M,M,M,M,M
1919-10-23,M,M,M,M,M
1919-10-24,M,M,M,M,M
1919-10-25,M,M,M,M,M
1919-10-26,M,M,M,M,M
1919-10-27,M,M,M,M,M
1919-10-28,M,M,M,M,M
1919-10-29,M,M,M,M,M
1919-10-30,M,M,M,M,M
1919-10-31,M,M,M,M,M
1919-11-01,M,M,M,M,M
1919-11-02,M,M,M,M,M
1919-11-03,M,M,M,M,M
1919-11-04,M,M,M,M,M
1919-11-05,M,M,M,M,M
1919-11-06,M,M,M,M,M
1919-11-07,M,M,M,M,M
1919-11-08,M,M,M,M,M
1919-11-09,M,M,M,M,M
1919-11-10,M,M,M,M,M
1919-11-11,M,M,M,M,M
1919-11-12,M,M,M,M,M
1919-11-13,M,M,M,M,M
1919-11-14,M,M,M,M,M
1919-11-15,M,M,M,M,M
1919-11-16,M,M,M,M,M
1919-11-17,M,M,M,M,M
1919-11-18,M,M,M,M,M
1919-11-19,M,M,M,M,M
1919-11-20,M,M,M,M,M
1919-11-21,M,M,M,M,M
1919-11-22,M,M,M,M,M
1919-11-23,M,M,M,M,M
1919-11-24,M,M,M,M,M
1919-11-25,M,M,M,M,M
1919-11-26,M,M,M,M,M
1919-11-27,M,M,M,M,M
1919-11-28,M,M,M,M,M
1919-11-29,M,M,M,M,M
1919-11-30,M,M,M,M,M
1919-12-01,M,M,M,M,M
1919-12-02,M,M,M,M,M
1919-12-03,M,M,M,M,M
1919-12-04,M,M,M,M,M
1919-12-05,M,M,M,M,M
1919-12-06,M,M,M,M,M
1919-12-07,M,M,M,M,M
1919-12-08,M,M,M,M,M
1919-12-09,M,M,M,M,M
1919-12-10,M,M,M,M,M
1919-12-11,M,M,M,M,M
1919-12-12,M,M,M,M,M
1919-12-13,M,M,M,M,M
1919-12-14,M,M,M,M,M
1919-12-15,M,M,M,M,M
1919-12-16,M,M,M,M,M
1919-12-17,M,M,M,M,M
1919-12-18,M,M,M,M,M
1919-12-19,M,M,M,M,M
1919-12-20,M,M,M,M,M
1919-12-21,M,M,M,M,M
1919-12-22,M,M,M,M,M
1919-12-23,M,M,M,M,M
1919-12-24,M,M,M,M,M
1919-12-25,M,M,M,M,M
1919-12-26,M,M,M,M,M
1919-12-27,M,M,M,M,M
1919-12-28,M,M,M,M,M
1919-12-29,M,M,M,M,M
1919-12-30,M,M,M,M,M
1919-12-31,M,M,M,M,M
1920-01-01,M,M,M,M,M
1920-01-02,M,M,M,M,M
1920-01-03,M,M,M,M,M
1920-01-04,M,M,M,M,M
1920-01-05,M,M,M,M,M
1920-01-06,M,M,M,M,M
1920-01-07,M,M,M,M,M
1920-01-08,M,M,M,M,M
1920-01-09,M,M,M,M,M
1920-01-10,M,M,M,M,M
1920-01-11,M,M,M,M,M
1920-01-12,M,M,M,M,M
1920-01-13,M,M,M,M,M
1920-01-14,M,M,M,M,M
1920-01-15,M,M,M,M,M
1920-01-16,M,M,M,M,M
1920-01-17,M,M,M,M,M
1920-01-18,M,M,M,M,M
1920-01-19,M,M,M,M,M
1920-01-20,M,M,M,M,M
1920-01-21,M,M,M,M,M
1920-01-22,M,M,M,M,M
1920-01-23,M,M,M,M,M
1920-01-24,M,M,M,M,M
1920-01-25,M,M,M,M,M
1920-01-26,M,M,M,M,M
1920-01-27,M,M,M,M,M
1920-01-28,M,M,M,M,M
1920-01-29,M,M,M,M,M
1920-01-30,M,M,M,M,M
1920-01-31,M,M,M,M,M
1920-02-01,M,M,M,M,M
1920-02-02,M,M,M,M,M
1920-02-03,M,M,M,M,M
1920-02-04,M,M,M,M,M
1920-02-05,M,M,M,M,M
1920-02-06,M,M,M,M,M
1920-02-07,M,M,M,M,M
1920-02-08,M,M,M,M,M
1920-02-09,M,M,M,M,M
1920-02-10,M,M,M,M,M
1920-02-11,M,M,M,M,M
1920-02-12,M,M,M,M,M
1920-02-13,M,M,M,M,M
1920-02-14,M,M,M,M,M
1920-02-15,M,M,M,M,M
1920-02-16,M,M,M,M,M
1920-02-17,M,M,M,M,M
1920-02-18,M,M,M,M,M
1920-02-19,M,M,M,M,M
1920-02-20,M,M,M,M,M
1920-02-21,M,M,M,M,M
1920-02-22,M,M,M,M,M
1920-02-23,M,M,M,M,M
1920-02-24,M,M,M,M,M
1920-02-25,M,M,M,M,M
1920-02-26,M,M,M,M,M
1920-02-27,M,M,M,M,M
1920-02-28,M,M,M,M,M
1920-02-29,M,M,M,M,M
1920-03-01,M,M,M,M,M
1920-03-02,M,M,M,M,M
1920-03-03,M,M,M,M,M
1920-03-04,M,M,M,M,M
1920-03-05,M,M,M,M,M
1920-03-06,M,M,M,M,M
1920-03-07,M,M,M,M,M
1920-03-08,M,M,M,M,M
1920-03-09,M,M,M,M,M
1920-03-10,M,M,M,M,M
1920-03-11,M,M,M,M,M
1920-03-12,M,M,M,M,M
1920-03-13,M,M,M,M,M
1920-03-14,M,M,M,M,M
1920-03-15,M,M,M,M,M
1920-03-16,M,M,M,M,M
1920-03-17,M,M,M,M,M
1920-03-18,M,M,M,M,M
1920-03-19,M,M,M,M,M
1920-03-20,M,M,M,M,M
1920-03-21,M,M,M,M,M
1920-03-22,M,M,M,M,M
1920-03-23,M,M,M,M,M
1920-03-24,M,M,M,M,M
1920-03-25,M,M,M,M,M
1920-03-26,M,M,M,M,M
1920-03-27,M,M,M,M,M
1920-03-28,M,M,M,M,M
1920-03-29,M,M,M,M,M
1920-03-30,M,M,M,M,M
1920-03-31,M,M,M,M,M
1920-04-01,M,M,M,M,M
1920-04-02,M,M,M,M,M
1920-04-03,M,M,M,M,M
1920-04-04,M,M,M,M,M
1920-04-05,M,M,M,M,M
1920-04-06,M,M,M,M,M
1920-04-07,M,M,M,M,M
1920-04-08,M,M,M,M,M
1920-04-09,M,M,M,M,M
1920-04-10,M,M,M,M,M
1920-04-11,M,M,M,M,M
1920-04-12,M,M,M,M,M
1920-04-13,M,M,M,M,M
1920-04-14,M,M,M,M,M
1920-04-15,M,M,M,M,M
1920-04-16,M,M,M,M,M
1920-04-17,M,M,M,M,M
1920-04-18,M,M,M,M,M
1920-04-19,M,M,M,M,M
1920-04-20,M,M,M,M,M
1920-04-21,M,M,M,M,M
1920-04-22,M,M,M,M,M
1920-04-23,M,M,M,M,M
1920-04-24,M,M,M,M,M
1920-04-25,M,M,M,M,M
1920-04-26,M,M,M,M,M
1920-04-27,M,M,M,M,M
1920-04-28,M,M,M,M,M
1920-04-29,M,M,M,M,M
1920-04-30,M,M,M,M,M
1920-05-01,M,M,M,M,M
1920-05-02,M,M,M,M,M
1920-05-03,M,M,M,M,M
1920-05-04,M,M,M,M,M
1920-05-05,M,M,M,M,M
1920-05-06,M,M,M,M,M
1920-05-07,M,M,M,M,M
1920-05-08,M,M,M,M,M
1920-05-09,M,M,M,M,M
1920-05-10,M,M,M,M,M
1920-05-11,M,M,M,M,M
1920-05-12,M,M,M,M,M
1920-05-13,M,M,M,M,M
1920-05-14,M,M,M,M,M
1920-05-15,M,M,M,M,M
1920-05-16,M,M,M,M,M
1920-05-17,M,M,M,M,M
1920-05-18,M,M,M,M,M
1920-05-19,M,M,M,M,M
1920-05-20,M,M,M,M,M
1920-05-21,M,M,M,M,M
1920-05-22,M,M,M,M,M
1920-05-23,M,M,M,M,M
1920-05-24,M,M,M,M,M
1920-05-25,M,M,M,M,M
1920-05-26,M,M,M,M,M
1920-05-27,M,M,M,M,M
1920-05-28,M,M,M,M,M
1920-05-29,M,M,M,M,M
1920-05-30,M,M,M,M,M
1920-05-31,M,M,M,M,M
1920-06-01,M,M,M,M,M
1920-06-02,M,M,M,M,M
1920-06-03,M,M,M,M,M
1920-06-04,M,M,M,M,M
1920-06-05,M,M,M,M,M
1920-06-06,M,M,M,M,M
1920-06-07,M,M,M,M,M
1920-06-08,M,M,M,M,M
1920-06-09,M,M,M,M,M
1920-06-10,M,M,M,M,M
1920-06-11,M,M,M,M,M
1920-06-12,M,M,M,M,M
1920-06-13,M,M,M,M,M
1920-06-14,M,M,M,M,M
1920-06-15,M,M,M,M,M
1920-06-16,M,M,M,M,M
1920-06-17,M,M,M,M,M
1920-06-18,M,M,M,M,M
1920-06-19,M,M,M,M,M
1920-06-20,M,M,M,M,M
1920-06-21,M,M,M,M,M
1920-06-22,M,M,M,M,M
1920-06-23,M,M,M,M,M
1920-06-24,M,M,M,M,M
1920-06-25,M,M,M,M,M
1920-06-26,M,M,M,M,M
1920-06-27,M,M,M,M,M
1920-06-28,M,M,M,M,M
1920-06-29,M,M,M,M,M
1920-06-30,M,M,M,M,M
1920-07-01,M,M,M,M,M
1920-07-02,M,M,M,M,M
1920-07-03,M,M,M,M,M
1920-07-04,M,M,M,M,M
1920-07-05,M,M,M,M,M
1920-07-06,M,M,M,M,M
1920-07-07,M,M,M,M,M
1920-07-08,M,M,M,M,M
1920-07-09,M,M,M,M,M
1920-07-10,M,M,M,M,M
1920-07-11,M,M,M,M,M
1920-07-12,M,M,M,M,M
1920-07-13,M,M,M,M,M
1920-07-14,M,M,M,M,M
1920-07-15,M,M,M,M,M
1920-07-16,M,M,M,M,M
1920-07-17,M,M,M,M,M
1920-07-18,M,M,M,M,M
1920-07-19,M,M,M,M,M
1920-07-20,M,M,M,M,M
1920-07-21,M,M,M,M,M
1920-07-22,M,M,M,M,M
1920-07-23,M,M,M,M,M
1920-07-24,M,M,M,M,M
1920-07-25,M,M,M,M,M
1920-07-26,M,M,M,M,M
1920-07-27,M,M,M,M,M
1920-07-28,M,M,M,M,M
1920-07-29,M,M,M,M,M
1920-07-30,M,M,M,M,M
1920-07-31,M,M,M,M,M
1920-08-01,M,M,M,M,M
1920-08-02,M,M,M,M,M
1920-08-03,M,M,M,M,M
1920-08-04,M,M,M,M,M
1920-08-05,M,M,M,M,M
1920-08-06,M,M,M,M,M
1920-08-07,M,M,M,M,M
1920-08-08,M,M,M,M,M
1920-08-09,M,M,M,M,M
1920-08-10,M,M,M,M,M
1920-08-11,M,M,M,M,M
1920-08-12,M,M,M,M,M
1920-08-13,M,M,M,M,M
1920-08-14,M,M,M,M,M
1920-08-15,M,M,M,M,M
1920-08-16,M,M,M,M,M
1920-08-17,M,M,M,M,M
1920-08-18,M,M,M,M,M
1920-08-19,M,M,M,M,M
1920-08-20,M,M,M,M,M
1920-08-21,M,M,M,M,M
1920-08-22,M,M,M,M,M
1920-08-23,M,M,M,M,M
1920-08-24,M,M,M,M,M
1920-08-25,M,M,M,M,M
1920-08-26,M,M,M,M,M
1920-08-27,M,M,M,M,M
1920-08-28,M,M,M,M,M
1920-08-29,M,M,M,M,M
1920-08-30,M,M,M,M,M
1920-08-31,M,M,M,M,M
1920-09-01,M,M,M,M,M
1920-09-02,M,M,M,M,M
1920-09-03,M,M,M,M,M
1920-09-04,M,M,M,M,M
1920-09-05,M,M,M,M,M
1920-09-06,M,M,M,M,M
1920-09-07,M,M,M,M,M
1920-09-08,M,M,M,M,M
1920-09-09,M,M,M,M,M
1920-09-10,M,M,M,M,M
1920-09-11,M,M,M,M,M
1920-09-12,M,M,M,M,M
1920-09-13,M,M,M,M,M
1920-09-14,M,M,M,M,M
1920-09-15,M,M,M,M,M
1920-09-16,M,M,M,M,M
1920-09-17,M,M,M,M,M
1920-09-18,M,M,M,M,M
1920-09-19,M,M,M,M,M
1920-09-20,M,M,M,M,M
1920-09-21,M,M,M,M,M
1920-09-22,M,M,M,M,M
1920-09-23,M,M,M,M,M
1920-09-24,M,M,M,M,M
1920-09-25,M,M,M,M,M
1920-09-26,M,M,M,M,M
1920-09-27,M,M,M,M,M
1920-09-28,M,M,M,M,M
1920-09-29,M,M,M,M,M
1920-09-30,M,M,M,M,M
1920-10-01,M,M,M,M,M
1920-10-02,M,M,M,M,M
1920-10-03,M,M,M,M,M
1920-10-04,M,M,M,M,M
1920-10-05,M,M,M,M,M
1920-10-06,M,M,M,M,M
1920-10-07,M,M,M,M,M
1920-10-08,M,M,M,M,M
1920-10-09,M,M,M,M,M
1920-10-10,M,M,M,M,M
1920-10-11,M,M,M,M,M
1920-10-12,M,M,M,M,M
1920-10-13,M,M,M,M,M
1920-10-14,M,M,M,M,M
1920-10-15,M,M,M,M,M
1920-10-16,M,M,M,M,M
1920-10-17,M,M,M,M,M
1920-10-18,M,M,M,M,M
1920-10-19,M,M,M,M,M
1920-10-20,M,M,M,M,M
1920-10-21,M,M,M,M,M
1920-10-22,M,M,M,M,M
1920-10-23,M,M,M,M,M
1920-10-24,M,M,M,M,M
1920-10-25,M,M,M,M,M
1920-10-26,M,M,M,M,M
1920-10-27,M,M,M,M,M
1920-10-28,M,M,M,M,M
1920-10-29,M,M,M,M,M
1920-10-30,M,M,M,M,M
1920-10-31,M,M,M,M,M
1920-11-01,M,M,M,M,M
1920-11-02,M,M,M,M,M
1920-11-03,M,M,M,M,M
1920-11-04,M,M,M,M,M
1920-11-05,M,M,M,M,M
1920-11-06,M,M,M,M,M
1920-11-07,M,M,M,M,M
1920-11-08,M,M,M,M,M
1920-11-09,M,M,M,M,M
1920-11-10,M,M,M,M,M
1920-11-11,M,M,M,M,M
1920-11-12,M,M,M,M,M
1920-11-13,M,M,M,M,M
1920-11-14,M,M,M,M,M
1920-11-15,M,M,M,M,M
1920-11-16,M,M,M,M,M
1920-11-17,M,M,M,M,M
1920-11-18,M,M,M,M,M
1920-11-19,M,M,M,M,M
1920-11-20,M,M,M,M,M
1920-11-21,M,M,M,M,M
1920-11-22,M,M,M,M,M
1920-11-23,M,M,M,M,M
1920-11-24,M,M,M,M,M
1920-11-25,M,M,M,M,M
1920-11-26,M,M,M,M,M
1920-11-27,M,M,M,M,M
1920-11-28,M,M,M,M,M
1920-11-29,M,M,M,M,M
1920-11-30,M,M,M,M,M
1920-12-01,M,M,M,M,M
1920-12-02,M,M,M,M,M
1920-12-03,M,M,M,M,M
1920-12-04,M,M,M,M,M
1920-12-05,M,M,M,M,M
1920-12-06,M,M,M,M,M
1920-12-07,M,M,M,M,M
1920-12-08,M,M,M,M,M
1920-12-09,M,M,M,M,M
1920-12-10,M,M,M,M,M
1920-12-11,M,M,M,M,M
1920-12-12,M,M,M,M,M
1920-12-13,M,M,M,M,M
1920-12-14,M,M,M,M,M
1920-12-15,M,M,M,M,M
1920-12-16,M,M,M,M,M
1920-12-17,M,M,M,M,M
1920-12-18,M,M,M,M,M
1920-12-19,M,M,M,M,M
1920-12-20,M,M,M,M,M
1920-12-21,M,M,M,M,M
1920-12-22,M,M,M,M,M
1920-12-23,M,M,M,M,M
1920-12-24,M,M,M,M,M
1920-12-25,M,M,M,M,M
1920-12-26,M,M,M,M,M
1920-12-27,M,M,M,M,M
1920-12-28,M,M,M,M,M
1920-12-29,M,M,M,M,M
1920-12-30,M,M,M,M,M
1920-12-31,M,M,M,M,M
1921-01-01,M,M,M,M,M
1921-01-02,M,M,M,M,M
1921-01-03,M,M,M,M,M
1921-01-04,M,M,M,M,M
1921-01-05,M,M,M,M,M
1921-01-06,M,M,M,M,M
1921-01-07,M,M,M,M,M
1921-01-08,M,M,M,M,M
1921-01-09,M,M,M,M,M
1921-01-10,M,M,M,M,M
1921-01-11,M,M,M,M,M
1921-01-12,M,M,M,M,M
1921-01-13,M,M,M,M,M
1921-01-14,M,M,M,M,M
1921-01-15,M,M,M,M,M
1921-01-16,M,M,M,M,M
1921-01-17,M,M,M,M,M
1921-01-18,M,M,M,M,M
1921-01-19,M,M,M,M,M
1921-01-20,M,M,M,M,M
1921-01-21,M,M,M,M,M
1921-01-22,M,M,M,M,M
1921-01-23,M,M,M,M,M
1921-01-24,M,M,M,M,M
1921-01-25,M,M,M,M,M
1921-01-26,M,M,M,M,M
1921-01-27,M,M,M,M,M
1921-01-28,M,M,M,M,M
1921-01-29,M,M,M,M,M
1921-01-30,M,M,M,M,M
1921-01-31,M,M,M,M,M
1921-02-01,M,M,M,M,M
1921-02-02,M,M,M,M,M
1921-02-03,M,M,M,M,M
1921-02-04,M,M,M,M,M
1921-02-05,M,M,M,M,M
1921-02-06,M,M,M,M,M
1921-02-07,M,M,M,M,M
1921-02-08,M,M,M,M,M
1921-02-09,M,M,M,M,M
1921-02-10,M,M,M,M,M
1921-02-11,M,M,M,M,M
1921-02-12,M,M,M,M,M
1921-02-13,M,M,M,M,M
1921-02-14,M,M,M,M,M
1921-02-15,M,M,M,M,M
1921-02-16,M,M,M,M,M
1921-02-17,M,M,M,M,M
1921-02-18,M,M,M,M,M
1921-02-19,M,M,M,M,M
1921-02-20,M,M,M,M,M
1921-02-21,M,M,M,M,M
1921-02-22,M,M,M,M,M
1921-02-23,M,M,M,M,M
1921-02-24,M,M,M,M,M
1921-02-25,M,M,M,M,M
1921-02-26,M,M,M,M,M
1921-02-27,M,M,M,M,M
1921-02-28,M,M,M,M,M
1921-03-01,M,M,M,M,M
1921-03-02,M,M,M,M,M
1921-03-03,M,M,M,M,M
1921-03-04,M,M,M,M,M
1921-03-05,M,M,M,M,M
1921-03-06,M,M,M,M,M
1921-03-07,M,M,M,M,M
1921-03-08,M,M,M,M,M
1921-03-09,M,M,M,M,M
1921-03-10,M,M,M,M,M
1921-03-11,M,M,M,M,M
1921-03-12,M,M,M,M,M
1921-03-13,M,M,M,M,M
1921-03-14,M,M,M,M,M
1921-03-15,M,M,M,M,M
1921-03-16,M,M,M,M,M
1921-03-17,M,M,M,M,M
1921-03-18,M,M,M,M,M
1921-03-19,M,M,M,M,M
1921-03-20,M,M,M,M,M
1921-03-21,M,M,M,M,M
1921-03-22,M,M,M,M,M
1921-03-23,M,M,M,M,M
1921-03-24,M,M,M,M,M
1921-03-25,M,M,M,M,M
1921-03-26,M,M,M,M,M
1921-03-27,M,M,M,M,M
1921-03-28,M,M,M,M,M
1921-03-29,M,M,M,M,M
1921-03-30,M,M,M,M,M
1921-03-31,M,M,M,M,M
1921-04-01,M,M,M,M,M
1921-04-02,M,M,M,M,M
1921-04-03,M,M,M,M,M
1921-04-04,M,M,M,M,M
1921-04-05,M,M,M,M,M
1921-04-06,M,M,M,M,M
1921-04-07,M,M,M,M,M
1921-04-08,M,M,M,M,M
1921-04-09,M,M,M,M,M
1921-04-10,M,M,M,M,M
1921-04-11,M,M,M,M,M
1921-04-12,M,M,M,M,M
1921-04-13,M,M,M,M,M
1921-04-14,M,M,M,M,M
1921-04-15,M,M,M,M,M
1921-04-16,M,M,M,M,M
1921-04-17,M,M,M,M,M
1921-04-18,M,M,M,M,M
1921-04-19,M,M,M,M,M
1921-04-20,M,M,M,M,M
1921-04-21,M,M,M,M,M
1921-04-22,M,M,M,M,M
1921-04-23,M,M,M,M,M
1921-04-24,M,M,M,M,M
1921-04-25,M,M,M,M,M
1921-04-26,M,M,M,M,M
1921-04-27,M,M,M,M,M
1921-04-28,M,M,M,M,M
1921-04-29,M,M,M,M,M
1921-04-30,M,M,M,M,M
1921-05-01,M,M,M,M,M
1921-05-02,M,M,M,M,M
1921-05-03,M,M,M,M,M
1921-05-04,M,M,M,M,M
1921-05-05,M,M,M,M,M
1921-05-06,M,M,M,M,M
1921-05-07,M,M,M,M,M
1921-05-08,M,M,M,M,M
1921-05-09,M,M,M,M,M
1921-05-10,M,M,M,M,M
1921-05-11,M,M,M,M,M
1921-05-12,M,M,M,M,M
1921-05-13,M,M,M,M,M
1921-05-14,M,M,M,M,M
1921-05-15,M,M,M,M,M
1921-05-16,M,M,M,M,M
1921-05-17,M,M,M,M,M
1921-05-18,M,M,M,M,M
1921-05-19,M,M,M,M,M
1921-05-20,M,M,M,M,M
1921-05-21,M,M,M,M,M
1921-05-22,M,M,M,M,M
1921-05-23,M,M,M,M,M
1921-05-24,M,M,M,M,M
1921-05-25,M,M,M,M,M
1921-05-26,M,M,M,M,M
1921-05-27,M,M,M,M,M
1921-05-28,M,M,M,M,M
1921-05-29,M,M,M,M,M
1921-05-30,M,M,M,M,M
1921-05-31,M,M,M,M,M
1921-06-01,M,M,M,M,M
1921-06-02,M,M,M,M,M
1921-06-03,M,M,M,M,M
1921-06-04,M,M,M,M,M
1921-06-05,M,M,M,M,M
1921-06-06,M,M,M,M,M
1921-06-07,M,M,M,M,M
1921-06-08,M,M,M,M,M
1921-06-09,M,M,M,M,M
1921-06-10,M,M,M,M,M
1921-06-11,M,M,M,M,M
1921-06-12,M,M,M,M,M
1921-06-13,M,M,M,M,M
1921-06-14,M,M,M,M,M
1921-06-15,M,M,M,M,M
1921-06-16,M,M,M,M,M
1921-06-17,M,M,M,M,M
1921-06-18,M,M,M,M,M
1921-06-19,M,M,M,M,M
1921-06-20,M,M,M,M,M
1921-06-21,M,M,M,M,M
1921-06-22,M,M,M,M,M
1921-06-23,M,M,M,M,M
1921-06-24,M,M,M,M,M
1921-06-25,M,M,M,M,M
1921-06-26,M,M,M,M,M
1921-06-27,M,M,M,M,M
1921-06-28,M,M,M,M,M
1921-06-29,M,M,M,M,M
1921-06-30,M,M,M,M,M
1921-07-01,M,M,M,M,M
1921-07-02,M,M,M,M,M
1921-07-03,M,M,M,M,M
1921-07-04,M,M,M,M,M
1921-07-05,M,M,M,M,M
1921-07-06,M,M,M,M,M
1921-07-07,M,M,M,M,M
1921-07-08,M,M,M,M,M
1921-07-09,M,M,M,M,M
1921-07-10,M,M,M,M,M
1921-07-11,M,M,M,M,M
1921-07-12,M,M,M,M,M
1921-07-13,M,M,M,M,M
1921-07-14,M,M,M,M,M
1921-07-15,M,M,M,M,M
1921-07-16,M,M,M,M,M
1921-07-17,M,M,M,M,M
1921-07-18,M,M,M,M,M
1921-07-19,M,M,M,M,M
1921-07-20,M,M,M,M,M
1921-07-21,M,M,M,M,M
1921-07-22,M,M,M,M,M
1921-07-23,M,M,M,M,M
1921-07-24,M,M,M,M,M
1921-07-25,M,M,M,M,M
1921-07-26,M,M,M,M,M
1921-07-27,M,M,M,M,M
1921-07-28,M,M,M,M,M
1921-07-29,M,M,M,M,M
1921-07-30,M,M,M,M,M
1921-07-31,M,M,M,M,M
1921-08-01,M,M,M,M,M
1921-08-02,M,M,M,M,M
1921-08-03,M,M,M,M,M
1921-08-04,M,M,M,M,M
1921-08-05,M,M,M,M,M
1921-08-06,M,M,M,M,M
1921-08-07,M,M,M,M,M
1921-08-08,M,M,M,M,M
1921-08-09,M,M,M,M,M
1921-08-10,M,M,M,M,M
1921-08-11,M,M,M,M,M
1921-08-12,M,M,M,M,M
1921-08-13,M,M,M,M,M
1921-08-14,M,M,M,M,M
1921-08-15,M,M,M,M,M
1921-08-16,M,M,M,M,M
1921-08-17,M,M,M,M,M
1921-08-18,M,M,M,M,M
1921-08-19,M,M,M,M,M
1921-08-20,M,M,M,M,M
1921-08-21,M,M,M,M,M
1921-08-22,M,M,M,M,M
1921-08-23,M,M,M,M,M
1921-08-24,M,M,M,M,M
1921-08-25,M,M,M,M,M
1921-08-26,M,M,M,M,M
1921-08-27,M,M,M,M,M
1921-08-28,M,M,M,M,M
1921-08-29,M,M,M,M,M
1921-08-30,M,M,M,M,M
1921-08-31,M,M,M,M,M
1921-09-01,M,M,M,M,M
1921-09-02,M,M,M,M,M
1921-09-03,M,M,M,M,M
1921-09-04,M,M,M,M,M
1921-09-05,M,M,M,M,M
1921-09-06,M,M,M,M,M
1921-09-07,M,M,M,M,M
1921-09-08,M,M,M,M,M
1921-09-09,M,M,M,M,M
1921-09-10,M,M,M,M,M
1921-09-11,M,M,M,M,M
1921-09-12,M,M,M,M,M
1921-09-13,M,M,M,M,M
1921-09-14,M,M,M,M,M
1921-09-15,M,M,M,M,M
1921-09-16,M,M,M,M,M
1921-09-17,M,M,M,M,M
1921-09-18,M,M,M,M,M
1921-09-19,M,M,M,M,M
1921-09-20,M,M,M,M,M
1921-09-21,M,M,M,M,M
1921-09-22,M,M,M,M,M
1921-09-23,M,M,M,M,M
1921-09-24,M,M,M,M,M
1921-09-25,M,M,M,M,M
1921-09-26,M,M,M,M,M
1921-09-27,M,M,M,M,M
1921-09-28,M,M,M,M,M
1921-09-29,M,M,M,M,M
1921-09-30,M,M,M,M,M
1921-10-01,M,M,M,M,M
1921-10-02,M,M,M,M,M
1921-10-03,M,M,M,M,M
1921-10-04,M,M,M,M,M
1921-10-05,M,M,M,M,M
1921-10-06,M,M,M,M,M
1921-10-07,M,M,M,M,M
1921-10-08,M,M,M,M,M
1921-10-09,M,M,M,M,M
1921-10-10,M,M,M,M,M
1921-10-11,M,M,M,M,M
1921-10-12,M,M,M,M,M
1921-10-13,M,M,M,M,M
1921-10-14,M,M,M,M,M
1921-10-15,M,M,M,M,M
1921-10-16,M,M,M,M,M
1921-10-17,M,M,M,M,M
1921-10-18,M,M,M,M,M
1921-10-19,M,M,M,M,M
1921-10-20,M,M,M,M,M
1921-10-21,M,M,M,M,M
1921-10-22,M,M,M,M,M
1921-10-23,M,M,M,M,M
1921-10-24,M,M,M,M,M
1921-10-25,M,M,M,M,M
1921-10-26,M,M,M,M,M
1921-10-27,M,M,M,M,M
1921-10-28,M,M,M,M,M
1921-10-29,M,M,M,M,M
1921-10-30,M,M,M,M,M
1921-10-31,M,M,M,M,M
1921-11-01,M,M,M,M,M
1921-11-02,M,M,M,M,M
1921-11-03,M,M,M,M,M
1921-11-04,M,M,M,M,M
1921-11-05,M,M,M,M,M
1921-11-06,M,M,M,M,M
1921-11-07,M,M,M,M,M
1921-11-08,M,M,M,M,M
1921-11-09,M,M,M,M,M
1921-11-10,M,M,M,M,M
1921-11-11,M,M,M,M,M
1921-11-12,M,M,M,M,M
1921-11-13,M,M,M,M,M
1921-11-14,M,M,M,M,M
1921-11-15,M,M,M,M,M
1921-11-16,M,M,M,M,M
1921-11-17,M,M,M,M,M
1921-11-18,M,M,M,M,M
1921-11-19,M,M,M,M,M
1921-11-20,M,M,M,M,M
1921-11-21,M,M,M,M,M
1921-11-22,M,M,M,M,M
1921-11-23,M,M,M,M,M
1921-11-24,M,M,M,M,M
1921-11-25,M,M,M,M,M
1921-11-26,M,M,M,M,M
1921-11-27,M,M,M,M,M
1921-11-28,M,M,M,M,M
1921-11-29,M,M,M,M,M
1921-11-30,M,M,M,M,M
1921-12-01,M,M,M,M,M
1921-12-02,M,M,M,M,M
1921-12-03,M,M,M,M,M
1921-12-04,M,M,M,M,M
1921-12-05,M,M,M,M,M
1921-12-06,M,M,M,M,M
1921-12-07,M,M,M,M,M
1921-12-08,M,M,M,M,M
1921-12-09,M,M,M,M,M
1921-12-10,M,M,M,M,M
1921-12-11,M,M,M,M,M
1921-12-12,M,M,M,M,M
1921-12-13,M,M,M,M,M
1921-12-14,M,M,M,M,M
1921-12-15,M,M,M,M,M
1921-12-16,M,M,M,M,M
1921-12-17,M,M,M,M,M
1921-12-18,M,M,M,M,M
1921-12-19,M,M,M,M,M
1921-12-20,M,M,M,M,M
1921-12-21,M,M,M,M,M
1921-12-22,M,M,M,M,M
1921-12-23,M,M,M,M,M
1921-12-24,M,M,M,M,M
1921-12-25,M,M,M,M,M
1921-12-26,M,M,M,M,M
1921-12-27,M,M,M,M,M
1921-12-28,M,M,M,M,M
1921-12-29,M,M,M,M,M
1921-12-30,M,M,M,M,M
1921-12-31,M,M,M,M,M
1922-01-01,M,M,M,M,M
1922-01-02,M,M,M,M,M
1922-01-03,M,M,M,M,M
1922-01-04,M,M,M,M,M
1922-01-05,M,M,M,M,M
1922-01-06,M,M,M,M,M
1922-01-07,M,M,M,M,M
1922-01-08,M,M,M,M,M
1922-01-09,M,M,M,M,M
1922-01-10,M,M,M,M,M
1922-01-11,M,M,M,M,M
1922-01-12,M,M,M,M,M
1922-01-13,M,M,M,M,M
1922-01-14,M,M,M,M,M
1922-01-15,M,M,M,M,M
1922-01-16,M,M,M,M,M
1922-01-17,M,M,M,M,M
1922-01-18,M,M,M,M,M
1922-01-19,M,M,M,M,M
1922-01-20,M,M,M,M,M
1922-01-21,M,M,M,M,M
1922-01-22,M,M,M,M,M
1922-01-23,M,M,M,M,M
1922-01-24,M,M,M,M,M
1922-01-25,M,M,M,M,M
1922-01-26,M,M,M,M,M
1922-01-27,M,M,M,M,M
1922-01-28,M,M,M,M,M
1922-01-29,M,M,M,M,M
1922-01-30,M,M,M,M,M
1922-01-31,M,M,M,M,M
1922-02-01,M,M,M,M,M
1922-02-02,M,M,M,M,M
1922-02-03,M,M,M,M,M
1922-02-04,M,M,M,M,M
1922-02-05,M,M,M,M,M
1922-02-06,M,M,M,M,M
1922-02-07,M,M,M,M,M
1922-02-08,M,M,M,M,M
1922-02-09,M,M,M,M,M
1922-02-10,M,M,M,M,M
1922-02-11,M,M,M,M,M
1922-02-12,M,M,M,M,M
1922-02-13,M,M,M,M,M
1922-02-14,M,M,M,M,M
1922-02-15,M,M,M,M,M
1922-02-16,M,M,M,M,M
1922-02-17,M,M,M,M,M
1922-02-18,M,M,M,M,M
1922-02-19,M,M,M,M,M
1922-02-20,M,M,M,M,M
1922-02-21,M,M,M,M,M
1922-02-22,M,M,M,M,M
1922-02-23,M,M,M,M,M
1922-02-24,M,M,M,M,M
1922-02-25,M,M,M,M,M
1922-02-26,M,M,M,M,M
1922-02-27,M,M,M,M,M
1922-02-28,M,M,M,M,M
1922-03-01,M,M,M,M,M
1922-03-02,M,M,M,M,M
1922-03-03,M,M,M,M,M
1922-03-04,M,M,M,M,M
1922-03-05,M,M,M,M,M
1922-03-06,M,M,M,M,M
1922-03-07,M,M,M,M,M
1922-03-08,M,M,M,M,M
1922-03-09,M,M,M,M,M
1922-03-10,M,M,M,M,M
1922-03-11,M,M,M,M,M
1922-03-12,M,M,M,M,M
1922-03-13,M,M,M,M,M
1922-03-14,M,M,M,M,M
1922-03-15,M,M,M,M,M
1922-03-16,M,M,M,M,M
1922-03-17,M,M,M,M,M
1922-03-18,M,M,M,M,M
1922-03-19,M,M,M,M,M
1922-03-20,M,M,M,M,M
1922-03-21,M,M,M,M,M
1922-03-22,M,M,M,M,M
1922-03-23,M,M,M,M,M
1922-03-24,M,M,M,M,M
1922-03-25,M,M,M,M,M
1922-03-26,M,M,M,M,M
1922-03-27,M,M,M,M,M
1922-03-28,M,M,M,M,M
1922-03-29,M,M,M,M,M
1922-03-30,M,M,M,M,M
1922-03-31,M,M,M,M,M
1922-04-01,M,M,M,M,M
1922-04-02,M,M,M,M,M
1922-04-03,M,M,M,M,M
1922-04-04,M,M,M,M,M
1922-04-05,M,M,M,M,M
1922-04-06,M,M,M,M,M
1922-04-07,M,M,M,M,M
1922-04-08,M,M,M,M,M
1922-04-09,M,M,M,M,M
1922-04-10,M,M,M,M,M
1922-04-11,M,M,M,M,M
1922-04-12,M,M,M,M,M
1922-04-13,M,M,M,M,M
1922-04-14,M,M,M,M,M
1922-04-15,M,M,M,M,M
1922-04-16,M,M,M,M,M
1922-04-17,M,M,M,M,M
1922-04-18,M,M,M,M,M
1922-04-19,M,M,M,M,M
1922-04-20,M,M,M,M,M
1922-04-21,M,M,M,M,M
1922-04-22,M,M,M,M,M
1922-04-23,M,M,M,M,M
1922-04-24,M,M,M,M,M
1922-04-25,M,M,M,M,M
1922-04-26,M,M,M,M,M
1922-04-27,M,M,M,M,M
1922-04-28,M,M,M,M,M
1922-04-29,M,M,M,M,M
1922-04-30,M,M,M,M,M
1922-05-01,M,M,M,M,M
1922-05-02,M,M,M,M,M
1922-05-03,M,M,M,M,M
1922-05-04,M,M,M,M,M
1922-05-05,M,M,M,M,M
1922-05-06,M,M,M,M,M
1922-05-07,M,M,M,M,M
1922-05-08,M,M,M,M,M
1922-05-09,M,M,M,M,M
1922-05-10,M,M,M,M,M
1922-05-11,M,M,M,M,M
1922-05-12,M,M,M,M,M
1922-05-13,M,M,M,M,M
1922-05-14,M,M,M,M,M
1922-05-15,M,M,M,M,M
1922-05-16,M,M,M,M,M
1922-05-17,M,M,M,M,M
1922-05-18,M,M,M,M,M
1922-05-19,M,M,M,M,M
1922-05-20,M,M,M,M,M
1922-05-21,M,M,M,M,M
1922-05-22,M,M,M,M,M
1922-05-23,M,M,M,M,M
1922-05-24,M,M,M,M,M
1922-05-25,M,M,M,M,M
1922-05-26,M,M,M,M,M
1922-05-27,M,M,M,M,M
1922-05-28,M,M,M,M,M
1922-05-29,M,M,M,M,M
1922-05-30,M,M,M,M,M
1922-05-31,M,M,M,M,M
1922-06-01,M,M,M,M,M
1922-06-02,M,M,M,M,M
1922-06-03,M,M,M,M,M
1922-06-04,M,M,M,M,M
1922-06-05,M,M,M,M,M
1922-06-06,M,M,M,M,M
1922-06-07,M,M,M,M,M
1922-06-08,M,M,M,M,M
1922-06-09,M,M,M,M,M
1922-06-10,M,M,M,M,M
1922-06-11,M,M,M,M,M
1922-06-12,M,M,M,M,M
1922-06-13,M,M,M,M,M
1922-06-14,M,M,M,M,M
1922-06-15,M,M,M,M,M
1922-06-16,M,M,M,M,M
1922-06-17,M,M,M,M,M
1922-06-18,M,M,M,M,M
1922-06-19,M,M,M,M,M
1922-06-20,M,M,M,M,M
1922-06-21,M,M,M,M,M
1922-06-22,M,M,M,M,M
1922-06-23,M,M,M,M,M
1922-06-24,M,M,M,M,M
1922-06-25,M,M,M,M,M
1922-06-26,M,M,M,M,M
1922-06-27,M,M,M,M,M
1922-06-28,M,M,M,M,M
1922-06-29,M,M,M,M,M
1922-06-30,M,M,M,M,M
1922-07-01,M,M,M,M,M
1922-07-02,M,M,M,M,M
1922-07-03,M,M,M,M,M
1922-07-04,M,M,M,M,M
1922-07-05,M,M,M,M,M
1922-07-06,M,M,M,M,M
1922-07-07,M,M,M,M,M
1922-07-08,M,M,M,M,M
1922-07-09,M,M,M,M,M
1922-07-10,M,M,M,M,M
1922-07-11,M,M,M,M,M
1922-07-12,M,M,M,M,M
1922-07-13,M,M,M,M,M
1922-07-14,M,M,M,M,M
1922-07-15,M,M,M,M,M
1922-07-16,M,M,M,M,M
1922-07-17,M,M,M,M,M
1922-07-18,M,M,M,M,M
1922-07-19,M,M,M,M,M
1922-07-20,M,M,M,M,M
1922-07-21,M,M,M,M,M
1922-07-22,M,M,M,M,M
1922-07-23,M,M,M,M,M
1922-07-24,M,M,M,M,M
1922-07-25,M,M,M,M,M
1922-07-26,M,M,M,M,M
1922-07-27,M,M,M,M,M
1922-07-28,M,M,M,M,M
1922-07-29,M,M,M,M,M
1922-07-30,M,M,M,M,M
1922-07-31,M,M,M,M,M
1922-08-01,M,M,M,M,M
1922-08-02,M,M,M,M,M
1922-08-03,M,M,M,M,M
1922-08-04,M,M,M,M,M
1922-08-05,M,M,M,M,M
1922-08-06,M,M,M,M,M
1922-08-07,M,M,M,M,M
1922-08-08,M,M,M,M,M
1922-08-09,M,M,M,M,M
1922-08-10,M,M,M,M,M
1922-08-11,M,M,M,M,M
1922-08-12,M,M,M,M,M
1922-08-13,M,M,M,M,M
1922-08-14,M,M,M,M,M
1922-08-15,M,M,M,M,M
1922-08-16,M,M,M,M,M
1922-08-17,M,M,M,M,M
1922-08-18,M,M,M,M,M
1922-08-19,M,M,M,M,M
1922-08-20,M,M,M,M,M
1922-08-21,M,M,M,M,M
1922-08-22,M,M,M,M,M
1922-08-23,M,M,M,M,M
1922-08-24,M,M,M,M,M
1922-08-25,M,M,M,M,M
1922-08-26,M,M,M,M,M
1922-08-27,M,M,M,M,M
1922-08-28,M,M,M,M,M
1922-08-29,M,M,M,M,M
1922-08-30,M,M,M,M,M
1922-08-31,M,M,M,M,M
1922-09-01,M,M,M,M,M
1922-09-02,M,M,M,M,M
1922-09-03,M,M,M,M,M
1922-09-04,M,M,M,M,M
1922-09-05,M,M,M,M,M
1922-09-06,M,M,M,M,M
1922-09-07,M,M,M,M,M
1922-09-08,M,M,M,M,M
1922-09-09,M,M,M,M,M
1922-09-10,M,M,M,M,M
1922-09-11,M,M,M,M,M
1922-09-12,M,M,M,M,M
1922-09-13,M,M,M,M,M
1922-09-14,M,M,M,M,M
1922-09-15,M,M,M,M,M
1922-09-16,M,M,M,M,M
1922-09-17,M,M,M,M,M
1922-09-18,M,M,M,M,M
1922-09-19,M,M,M,M,M
1922-09-20,M,M,M,M,M
1922-09-21,M,M,M,M,M
1922-09-22,M,M,M,M,M
1922-09-23,M,M,M,M,M
1922-09-24,M,M,M,M,M
1922-09-25,M,M,M,M,M
1922-09-26,M,M,M,M,M
1922-09-27,M,M,M,M,M
1922-09-28,M,M,M,M,M
1922-09-29,M,M,M,M,M
1922-09-30,M,M,M,M,M
1922-10-01,M,M,M,M,M
1922-10-02,M,M,M,M,M
1922-10-03,M,M,M,M,M
1922-10-04,M,M,M,M,M
1922-10-05,M,M,M,M,M
1922-10-06,M,M,M,M,M
1922-10-07,M,M,M,M,M
1922-10-08,M,M,M,M,M
1922-10-09,M,M,M,M,M
1922-10-10,M,M,M,M,M
1922-10-11,M,M,M,M,M
1922-10-12,M,M,M,M,M
1922-10-13,M,M,M,M,M
1922-10-14,M,M,M,M,M
1922-10-15,M,M,M,M,M
1922-10-16,M,M,M,M,M
1922-10-17,M,M,M,M,M
1922-10-18,M,M,M,M,M
1922-10-19,M,M,M,M,M
1922-10-20,M,M,M,M,M
1922-10-21,M,M,M,M,M
1922-10-22,M,M,M,M,M
1922-10-23,M,M,M,M,M
1922-10-24,M,M,M,M,M
1922-10-25,M,M,M,M,M
1922-10-26,M,M,M,M,M
1922-10-27,M,M,M,M,M
1922-10-28,M,M,M,M,M
1922-10-29,M,M,M,M,M
1922-10-30,M,M,M,M,M
1922-10-31,M,M,M,M,M
1922-11-01,M,M,M,M,M
1922-11-02,M,M,M,M,M
1922-11-03,M,M,M,M,M
1922-11-04,M,M,M,M,M
1922-11-05,M,M,M,M,M
1922-11-06,M,M,M,M,M
1922-11-07,M,M,M,M,M
1922-11-08,M,M,M,M,M
1922-11-09,M,M,M,M,M
1922-11-10,M,M,M,M,M
1922-11-11,M,M,M,M,M
1922-11-12,M,M,M,M,M
1922-11-13,M,M,M,M,M
1922-11-14,M,M,M,M,M
1922-11-15,M,M,M,M,M
1922-11-16,M,M,M,M,M
1922-11-17,M,M,M,M,M
1922-11-18,M,M,M,M,M
1922-11-19,M,M,M,M,M
1922-11-20,M,M,M,M,M
1922-11-21,M,M,M,M,M
1922-11-22,M,M,M,M,M
1922-11-23,M,M,M,M,M
1922-11-24,M,M,M,M,M
1922-11-25,M,M,M,M,M
1922-11-26,M,M,M,M,M
1922-11-27,M,M,M,M,M
1922-11-28,M,M,M,M,M
1922-11-29,M,M,M,M,M
1922-11-30,M,M,M,M,M
1922-12-01,M,M,M,M,M
1922-12-02,M,M,M,M,M
1922-12-03,M,M,M,M,M
1922-12-04,M,M,M,M,M
1922-12-05,M,M,M,M,M
1922-12-06,M,M,M,M,M
1922-12-07,M,M,M,M,M
1922-12-08,M,M,M,M,M
1922-12-09,M,M,M,M,M
1922-12-10,M,M,M,M,M
1922-12-11,M,M,M,M,M
1922-12-12,M,M,M,M,M
1922-12-13,M,M,M,M,M
1922-12-14,M,M,M,M,M
1922-12-15,M,M,M,M,M
1922-12-16,M,M,M,M,M
1922-12-17,M,M,M,M,M
1922-12-18,M,M,M,M,M
1922-12-19,M,M,M,M,M
1922-12-20,M,M,M,M,M
1922-12-21,M,M,M,M,M
1922-12-22,M,M,M,M,M
1922-12-23,M,M,M,M,M
1922-12-24,M,M,M,M,M
1922-12-25,M,M,M,M,M
1922-12-26,M,M,M,M,M
1922-12-27,M,M,M,M,M
1922-12-28,M,M,M,M,M
1922-12-29,M,M,M,M,M
1922-12-30,M,M,M,M,M
1922-12-31,M,M,M,M,M
1923-01-01,M,M,M,M,M
1923-01-02,M,M,M,M,M
1923-01-03,M,M,M,M,M
1923-01-04,M,M,M,M,M
1923-01-05,M,M,M,M,M
1923-01-06,M,M,M,M,M
1923-01-07,M,M,M,M,M
1923-01-08,M,M,M,M,M
1923-01-09,M,M,M,M,M
1923-01-10,M,M,M,M,M
1923-01-11,M,M,M,M,M
1923-01-12,M,M,M,M,M
1923-01-13,M,M,M,M,M
1923-01-14,M,M,M,M,M
1923-01-15,M,M,M,M,M
1923-01-16,M,M,M,M,M
1923-01-17,M,M,M,M,M
1923-01-18,M,M,M,M,M
1923-01-19,M,M,M,M,M
1923-01-20,M,M,M,M,M
1923-01-21,M,M,M,M,M
1923-01-22,M,M,M,M,M
1923-01-23,M,M,M,M,M
1923-01-24,M,M,M,M,M
1923-01-25,M,M,M,M,M
1923-01-26,M,M,M,M,M
1923-01-27,M,M,M,M,M
1923-01-28,M,M,M,M,M
1923-01-29,M,M,M,M,M
1923-01-30,M,M,M,M,M
1923-01-31,M,M,M,M,M
1923-02-01,M,M,M,M,M
1923-02-02,M,M,M,M,M
1923-02-03,M,M,M,M,M
1923-02-04,M,M,M,M,M
1923-02-05,M,M,M,M,M
1923-02-06,M,M,M,M,M
1923-02-07,M,M,M,M,M
1923-02-08,M,M,M,M,M
1923-02-09,M,M,M,M,M
1923-02-10,M,M,M,M,M
1923-02-11,M,M,M,M,M
1923-02-12,M,M,M,M,M
1923-02-13,M,M,M,M,M
1923-02-14,M,M,M,M,M
1923-02-15,M,M,M,M,M
1923-02-16,M,M,M,M,M
1923-02-17,M,M,M,M,M
1923-02-18,M,M,M,M,M
1923-02-19,M,M,M,M,M
1923-02-20,M,M,M,M,M
1923-02-21,M,M,M,M,M
1923-02-22,M,M,M,M,M
1923-02-23,M,M,M,M,M
1923-02-24,M,M,M,M,M
1923-02-25,M,M,M,M,M
1923-02-26,M,M,M,M,M
1923-02-27,M,M,M,M,M
1923-02-28,M,M,M,M,M
1923-03-01,M,M,M,M,M
1923-03-02,M,M,M,M,M
1923-03-03,M,M,M,M,M
1923-03-04,M,M,M,M,M
1923-03-05,M,M,M,M,M
1923-03-06,M,M,M,M,M
1923-03-07,M,M,M,M,M
1923-03-08,M,M,M,M,M
1923-03-09,M,M,M,M,M
1923-03-10,M,M,M,M,M
1923-03-11,M,M,M,M,M
1923-03-12,M,M,M,M,M
1923-03-13,M,M,M,M,M
1923-03-14,M,M,M,M,M
1923-03-15,M,M,M,M,M
1923-03-16,M,M,M,M,M
1923-03-17,M,M,M,M,M
1923-03-18,M,M,M,M,M
1923-03-19,M,M,M,M,M
1923-03-20,M,M,M,M,M
1923-03-21,M,M,M,M,M
1923-03-22,M,M,M,M,M
1923-03-23,M,M,M,M,M
1923-03-24,M,M,M,M,M
1923-03-25,M,M,M,M,M
1923-03-26,M,M,M,M,M
1923-03-27,M,M,M,M,M
1923-03-28,M,M,M,M,M
1923-03-29,M,M,M,M,M
1923-03-30,M,M,M,M,M
1923-03-31,M,M,M,M,M
1923-04-01,M,M,M,M,M
1923-04-02,M,M,M,M,M
1923-04-03,M,M,M,M,M
1923-04-04,M,M,M,M,M
1923-04-05,M,M,M,M,M
1923-04-06,M,M,M,M,M
1923-04-07,M,M,M,M,M
1923-04-08,M,M,M,M,M
1923-04-09,M,M,M,M,M
1923-04-10,M,M,M,M,M
1923-04-11,M,M,M,M,M
1923-04-12,M,M,M,M,M
1923-04-13,M,M,M,M,M
1923-04-14,M,M,M,M,M
1923-04-15,M,M,M,M,M
1923-04-16,M,M,M,M,M
1923-04-17,M,M,M,M,M
1923-04-18,M,M,M,M,M
1923-04-19,M,M,M,M,M
1923-04-20,M,M,M,M,M
1923-04-21,M,M,M,M,M
1923-04-22,M,M,M,M,M
1923-04-23,M,M,M,M,M
1923-04-24,M,M,M,M,M
1923-04-25,M,M,M,M,M
1923-04-26,M,M,M,M,M
1923-04-27,M,M,M,M,M
1923-04-28,M,M,M,M,M
1923-04-29,M,M,M,M,M
1923-04-30,M,M,M,M,M
1923-05-01,M,M,M,M,M
1923-05-02,M,M,M,M,M
1923-05-03,M,M,M,M,M
1923-05-04,M,M,M,M,M
1923-05-05,M,M,M,M,M
1923-05-06,M,M,M,M,M
1923-05-07,M,M,M,M,M
1923-05-08,M,M,M,M,M
1923-05-09,M,M,M,M,M
1923-05-10,M,M,M,M,M
1923-05-11,M,M,M,M,M
1923-05-12,M,M,M,M,M
1923-05-13,M,M,M,M,M
1923-05-14,M,M,M,M,M
1923-05-15,M,M,M,M,M
1923-05-16,M,M,M,M,M
1923-05-17,M,M,M,M,M
1923-05-18,M,M,M,M,M
1923-05-19,M,M,M,M,M
1923-05-20,M,M,M,M,M
1923-05-21,M,M,M,M,M
1923-05-22,M,M,M,M,M
1923-05-23,M,M,M,M,M
1923-05-24,M,M,M,M,M
1923-05-25,M,M,M,M,M
1923-05-26,M,M,M,M,M
1923-05-27,M,M,M,M,M
1923-05-28,M,M,M,M,M
1923-05-29,M,M,M,M,M
1923-05-30,M,M,M,M,M
1923-05-31,M,M,M,M,M
1923-06-01,M,M,M,M,M
1923-06-02,M,M,M,M,M
1923-06-03,M,M,M,M,M
1923-06-04,M,M,M,M,M
1923-06-05,M,M,M,M,M
1923-06-06,M,M,M,M,M
1923-06-07,M,M,M,M,M
1923-06-08,M,M,M,M,M
1923-06-09,M,M,M,M,M
1923-06-10,M,M,M,M,M
1923-06-11,M,M,M,M,M
1923-06-12,M,M,M,M,M
1923-06-13,M,M,M,M,M
1923-06-14,M,M,M,M,M
1923-06-15,M,M,M,M,M
1923-06-16,M,M,M,M,M
1923-06-17,M,M,M,M,M
1923-06-18,M,M,M,M,M
1923-06-19,M,M,M,M,M
1923-06-20,M,M,M,M,M
1923-06-21,M,M,M,M,M
1923-06-22,M,M,M,M,M
1923-06-23,M,M,M,M,M
1923-06-24,M,M,M,M,M
1923-06-25,M,M,M,M,M
1923-06-26,M,M,M,M,M
1923-06-27,M,M,M,M,M
1923-06-28,M,M,M,M,M
1923-06-29,M,M,M,M,M
1923-06-30,M,M,M,M,M
1923-07-01,M,M,M,M,M
1923-07-02,M,M,M,M,M
1923-07-03,M,M,M,M,M
1923-07-04,M,M,M,M,M
1923-07-05,M,M,M,M,M
1923-07-06,M,M,M,M,M
1923-07-07,M,M,M,M,M
1923-07-08,M,M,M,M,M
1923-07-09,M,M,M,M,M
1923-07-10,M,M,M,M,M
1923-07-11,M,M,M,M,M
1923-07-12,M,M,M,M,M
1923-07-13,M,M,M,M,M
1923-07-14,M,M,M,M,M
1923-07-15,M,M,M,M,M
1923-07-16,M,M,M,M,M
1923-07-17,M,M,M,M,M
1923-07-18,M,M,M,M,M
1923-07-19,M,M,M,M,M
1923-07-20,M,M,M,M,M
1923-07-21,M,M,M,M,M
1923-07-22,M,M,M,M,M
1923-07-23,M,M,M,M,M
1923-07-24,M,M,M,M,M
1923-07-25,M,M,M,M,M
1923-07-26,M,M,M,M,M
1923-07-27,M,M,M,M,M
1923-07-28,M,M,M,M,M
1923-07-29,M,M,M,M,M
1923-07-30,M,M,M,M,M
1923-07-31,M,M,M,M,M
1923-08-01,M,M,M,M,M
1923-08-02,M,M,M,M,M
1923-08-03,M,M,M,M,M
1923-08-04,M,M,M,M,M
1923-08-05,M,M,M,M,M
1923-08-06,M,M,M,M,M
1923-08-07,M,M,M,M,M
1923-08-08,M,M,M,M,M
1923-08-09,M,M,M,M,M
1923-08-10,M,M,M,M,M
1923-08-11,M,M,M,M,M
1923-08-12,M,M,M,M,M
1923-08-13,M,M,M,M,M
1923-08-14,M,M,M,M,M
1923-08-15,M,M,M,M,M
1923-08-16,M,M,M,M,M
1923-08-17,M,M,M,M,M
1923-08-18,M,M,M,M,M
1923-08-19,M,M,M,M,M
1923-08-20,M,M,M,M,M
1923-08-21,M,M,M,M,M
1923-08-22,M,M,M,M,M
1923-08-23,M,M,M,M,M
1923-08-24,M,M,M,M,M
1923-08-25,M,M,M,M,M
1923-08-26,M,M,M,M,M
1923-08-27,M,M,M,M,M
1923-08-28,M,M,M,M,M
1923-08-29,M,M,M,M,M
1923-08-30,M,M,M,M,M
1923-08-31,M,M,M,M,M
1923-09-01,M,M,M,M,M
1923-09-02,M,M,M,M,M
1923-09-03,M,M,M,M,M
1923-09-04,M,M,M,M,M
1923-09-05,M,M,M,M,M
1923-09-06,M,M,M,M,M
1923-09-07,M,M,M,M,M
1923-09-08,M,M,M,M,M
1923-09-09,M,M,M,M,M
1923-09-10,M,M,M,M,M
1923-09-11,M,M,M,M,M
1923-09-12,M,M,M,M,M
1923-09-13,M,M,M,M,M
1923-09-14,M,M,M,M,M
1923-09-15,M,M,M,M,M
1923-09-16,M,M,M,M,M
1923-09-17,M,M,M,M,M
1923-09-18,M,M,M,M,M
1923-09-19,M,M,M,M,M
1923-09-20,M,M,M,M,M
1923-09-21,M,M,M,M,M
1923-09-22,M,M,M,M,M
1923-09-23,M,M,M,M,M
1923-09-24,M,M,M,M,M
1923-09-25,M,M,M,M,M
1923-09-26,M,M,M,M,M
1923-09-27,M,M,M,M,M
1923-09-28,M,M,M,M,M
1923-09-29,M,M,M,M,M
1923-09-30,M,M,M,M,M
1923-10-01,M,M,M,M,M
1923-10-02,M,M,M,M,M
1923-10-03,M,M,M,M,M
1923-10-04,M,M,M,M,M
1923-10-05,M,M,M,M,M
1923-10-06,M,M,M,M,M
1923-10-07,M,M,M,M,M
1923-10-08,M,M,M,M,M
1923-10-09,M,M,M,M,M
1923-10-10,M,M,M,M,M
1923-10-11,M,M,M,M,M
1923-10-12,M,M,M,M,M
1923-10-13,M,M,M,M,M
1923-10-14,M,M,M,M,M
1923-10-15,M,M,M,M,M
1923-10-16,M,M,M,M,M
1923-10-17,M,M,M,M,M
1923-10-18,M,M,M,M,M
1923-10-19,M,M,M,M,M
1923-10-20,M,M,M,M,M
1923-10-21,M,M,M,M,M
1923-10-22,M,M,M,M,M
1923-10-23,M,M,M,M,M
1923-10-24,M,M,M,M,M
1923-10-25,M,M,M,M,M
1923-10-26,M,M,M,M,M
1923-10-27,M,M,M,M,M
1923-10-28,M,M,M,M,M
1923-10-29,M,M,M,M,M
1923-10-30,M,M,M,M,M
1923-10-31,M,M,M,M,M
1923-11-01,M,M,M,M,M
1923-11-02,M,M,M,M,M
1923-11-03,M,M,M,M,M
1923-11-04,M,M,M,M,M
1923-11-05,M,M,M,M,M
1923-11-06,M,M,M,M,M
1923-11-07,M,M,M,M,M
1923-11-08,M,M,M,M,M
1923-11-09,M,M,M,M,M
1923-11-10,M,M,M,M,M
1923-11-11,M,M,M,M,M
1923-11-12,M,M,M,M,M
1923-11-13,M,M,M,M,M
1923-11-14,M,M,M,M,M
1923-11-15,M,M,M,M,M
1923-11-16,M,M,M,M,M
1923-11-17,M,M,M,M,M
1923-11-18,M,M,M,M,M
1923-11-19,M,M,M,M,M
1923-11-20,M,M,M,M,M
1923-11-21,M,M,M,M,M
1923-11-22,M,M,M,M,M
1923-11-23,M,M,M,M,M
1923-11-24,M,M,M,M,M
1923-11-25,M,M,M,M,M
1923-11-26,M,M,M,M,M
1923-11-27,M,M,M,M,M
1923-11-28,M,M,M,M,M
1923-11-29,M,M,M,M,M
1923-11-30,M,M,M,M,M
1923-12-01,M,M,M,M,M
1923-12-02,M,M,M,M,M
1923-12-03,M,M,M,M,M
1923-12-04,M,M,M,M,M
1923-12-05,M,M,M,M,M
1923-12-06,M,M,M,M,M
1923-12-07,M,M,M,M,M
1923-12-08,M,M,M,M,M
1923-12-09,M,M,M,M,M
1923-12-10,M,M,M,M,M
1923-12-11,M,M,M,M,M
1923-12-12,M,M,M,M,M
1923-12-13,M,M,M,M,M
1923-12-14,M,M,M,M,M
1923-12-15,M,M,M,M,M
1923-12-16,M,M,M,M,M
1923-12-17,M,M,M,M,M
1923-12-18,M,M,M,M,M
1923-12-19,M,M,M,M,M
1923-12-20,M,M,M,M,M
1923-12-21,M,M,M,M,M
1923-12-22,M,M,M,M,M
1923-12-23,M,M,M,M,M
1923-12-24,M,M,M,M,M
1923-12-25,M,M,M,M,M
1923-12-26,M,M,M,M,M
1923-12-27,M,M,M,M,M
1923-12-28,M,M,M,M,M
1923-12-29,M,M,M,M,M
1923-12-30,M,M,M,M,M
1923-12-31,M,M,M,M,M
1924-01-01,M,M,M,M,M
1924-01-02,M,M,M,M,M
1924-01-03,M,M,M,M,M
1924-01-04,M,M,M,M,M
1924-01-05,M,M,M,M,M
1924-01-06,M,M,M,M,M
1924-01-07,M,M,M,M,M
1924-01-08,M,M,M,M,M
1924-01-09,M,M,M,M,M
1924-01-10,M,M,M,M,M
1924-01-11,M,M,M,M,M
1924-01-12,M,M,M,M,M
1924-01-13,M,M,M,M,M
1924-01-14,M,M,M,M,M
1924-01-15,M,M,M,M,M
1924-01-16,M,M,M,M,M
1924-01-17,M,M,M,M,M
1924-01-18,M,M,M,M,M
1924-01-19,M,M,M,M,M
1924-01-20,M,M,M,M,M
1924-01-21,M,M,M,M,M
1924-01-22,M,M,M,M,M
1924-01-23,M,M,M,M,M
1924-01-24,M,M,M,M,M
1924-01-25,M,M,M,M,M
1924-01-26,M,M,M,M,M
1924-01-27,M,M,M,M,M
1924-01-28,M,M,M,M,M
1924-01-29,M,M,M,M,M
1924-01-30,M,M,M,M,M
1924-01-31,M,M,M,M,M
1924-02-01,M,M,M,M,M
1924-02-02,M,M,M,M,M
1924-02-03,M,M,M,M,M
1924-02-04,M,M,M,M,M
1924-02-05,M,M,M,M,M
1924-02-06,M,M,M,M,M
1924-02-07,M,M,M,M,M
1924-02-08,M,M,M,M,M
1924-02-09,M,M,M,M,M
1924-02-10,M,M,M,M,M
1924-02-11,M,M,M,M,M
1924-02-12,M,M,M,M,M
1924-02-13,M,M,M,M,M
1924-02-14,M,M,M,M,M
1924-02-15,M,M,M,M,M
1924-02-16,M,M,M,M,M
1924-02-17,M,M,M,M,M
1924-02-18,M,M,M,M,M
1924-02-19,M,M,M,M,M
1924-02-20,M,M,M,M,M
1924-02-21,M,M,M,M,M
1924-02-22,M,M,M,M,M
1924-02-23,M,M,M,M,M
1924-02-24,M,M,M,M,M
1924-02-25,M,M,M,M,M
1924-02-26,M,M,M,M,M
1924-02-27,M,M,M,M,M
1924-02-28,M,M,M,M,M
1924-02-29,M,M,M,M,M
1924-03-01,M,M,M,M,M
1924-03-02,M,M,M,M,M
1924-03-03,M,M,M,M,M
1924-03-04,M,M,M,M,M
1924-03-05,M,M,M,M,M
1924-03-06,M,M,M,M,M
1924-03-07,M,M,M,M,M
1924-03-08,M,M,M,M,M
1924-03-09,M,M,M,M,M
1924-03-10,M,M,M,M,M
1924-03-11,M,M,M,M,M
1924-03-12,M,M,M,M,M
1924-03-13,M,M,M,M,M
1924-03-14,M,M,M,M,M
1924-03-15,M,M,M,M,M
1924-03-16,M,M,M,M,M
1924-03-17,M,M,M,M,M
1924-03-18,M,M,M,M,M
1924-03-19,M,M,M,M,M
1924-03-20,M,M,M,M,M
1924-03-21,M,M,M,M,M
1924-03-22,M,M,M,M,M
1924-03-23,M,M,M,M,M
1924-03-24,M,M,M,M,M
1924-03-25,M,M,M,M,M
1924-03-26,M,M,M,M,M
1924-03-27,M,M,M,M,M
1924-03-28,M,M,M,M,M
1924-03-29,M,M,M,M,M
1924-03-30,M,M,M,M,M
1924-03-31,M,M,M,M,M
1924-04-01,M,M,M,M,M
1924-04-02,M,M,M,M,M
1924-04-03,M,M,M,M,M
1924-04-04,M,M,M,M,M
1924-04-05,M,M,M,M,M
1924-04-06,M,M,M,M,M
1924-04-07,M,M,M,M,M
1924-04-08,M,M,M,M,M
1924-04-09,M,M,M,M,M
1924-04-10,M,M,M,M,M
1924-04-11,M,M,M,M,M
1924-04-12,M,M,M,M,M
1924-04-13,M,M,M,M,M
1924-04-14,M,M,M,M,M
1924-04-15,M,M,M,M,M
1924-04-16,M,M,M,M,M
1924-04-17,M,M,M,M,M
1924-04-18,M,M,M,M,M
1924-04-19,M,M,M,M,M
1924-04-20,M,M,M,M,M
1924-04-21,M,M,M,M,M
1924-04-22,M,M,M,M,M
1924-04-23,M,M,M,M,M
1924-04-24,M,M,M,M,M
1924-04-25,M,M,M,M,M
1924-04-26,M,M,M,M,M
1924-04-27,M,M,M,M,M
1924-04-28,M,M,M,M,M
1924-04-29,M,M,M,M,M
1924-04-30,M,M,M,M,M
1924-05-01,M,M,M,M,M
1924-05-02,M,M,M,M,M
1924-05-03,M,M,M,M,M
1924-05-04,M,M,M,M,M
1924-05-05,M,M,M,M,M
1924-05-06,M,M,M,M,M
1924-05-07,M,M,M,M,M
1924-05-08,M,M,M,M,M
1924-05-09,M,M,M,M,M
1924-05-10,M,M,M,M,M
1924-05-11,M,M,M,M,M
1924-05-12,M,M,M,M,M
1924-05-13,M,M,M,M,M
1924-05-14,M,M,M,M,M
1924-05-15,M,M,M,M,M
1924-05-16,M,M,M,M,M
1924-05-17,M,M,M,M,M
1924-05-18,M,M,M,M,M
1924-05-19,M,M,M,M,M
1924-05-20,M,M,M,M,M
1924-05-21,M,M,M,M,M
1924-05-22,M,M,M,M,M
1924-05-23,M,M,M,M,M
1924-05-24,M,M,M,M,M
1924-05-25,M,M,M,M,M
1924-05-26,M,M,M,M,M
1924-05-27,M,M,M,M,M
1924-05-28,M,M,M,M,M
1924-05-29,M,M,M,M,M
1924-05-30,M,M,M,M,M
1924-05-31,M,M,M,M,M
1924-06-01,M,M,M,M,M
1924-06-02,M,M,M,M,M
1924-06-03,M,M,M,M,M
1924-06-04,M,M,M,M,M
1924-06-05,M,M,M,M,M
1924-06-06,M,M,M,M,M
1924-06-07,M,M,M,M,M
1924-06-08,M,M,M,M,M
1924-06-09,M,M,M,M,M
1924-06-10,M,M,M,M,M
1924-06-11,M,M,M,M,M
1924-06-12,M,M,M,M,M
1924-06-13,M,M,M,M,M
1924-06-14,M,M,M,M,M
1924-06-15,M,M,M,M,M
1924-06-16,M,M,M,M,M
1924-06-17,M,M,M,M,M
1924-06-18,M,M,M,M,M
1924-06-19,M,M,M,M,M
1924-06-20,M,M,M,M,M
1924-06-21,M,M,M,M,M
1924-06-22,M,M,M,M,M
1924-06-23,M,M,M,M,M
1924-06-24,M,M,M,M,M
1924-06-25,M,M,M,M,M
1924-06-26,M,M,M,M,M
1924-06-27,M,M,M,M,M
1924-06-28,M,M,M,M,M
1924-06-29,M,M,M,M,M
1924-06-30,M,M,M,M,M
1924-07-01,M,M,M,M,M
1924-07-02,M,M,M,M,M
1924-07-03,M,M,M,M,M
1924-07-04,M,M,M,M,M
1924-07-05,M,M,M,M,M
1924-07-06,M,M,M,M,M
1924-07-07,M,M,M,M,M
1924-07-08,M,M,M,M,M
1924-07-09,M,M,M,M,M
1924-07-10,M,M,M,M,M
1924-07-11,M,M,M,M,M
1924-07-12,M,M,M,M,M
1924-07-13,M,M,M,M,M
1924-07-14,M,M,M,M,M
1924-07-15,M,M,M,M,M
1924-07-16,M,M,M,M,M
1924-07-17,M,M,M,M,M
1924-07-18,M,M,M,M,M
1924-07-19,M,M,M,M,M
1924-07-20,M,M,M,M,M
1924-07-21,M,M,M,M,M
1924-07-22,M,M,M,M,M
1924-07-23,M,M,M,M,M
1924-07-24,M,M,M,M,M
1924-07-25,M,M,M,M,M
1924-07-26,M,M,M,M,M
1924-07-27,M,M,M,M,M
1924-07-28,M,M,M,M,M
1924-07-29,M,M,M,M,M
1924-07-30,M,M,M,M,M
1924-07-31,M,M,M,M,M
1924-08-01,M,M,M,M,M
1924-08-02,M,M,M,M,M
1924-08-03,M,M,M,M,M
1924-08-04,M,M,M,M,M
1924-08-05,M,M,M,M,M
1924-08-06,M,M,M,M,M
1924-08-07,M,M,M,M,M
1924-08-08,M,M,M,M,M
1924-08-09,M,M,M,M,M
1924-08-10,M,M,M,M,M
1924-08-11,M,M,M,M,M
1924-08-12,M,M,M,M,M
1924-08-13,M,M,M,M,M
1924-08-14,M,M,M,M,M
1924-08-15,M,M,M,M,M
1924-08-16,M,M,M,M,M
1924-08-17,M,M,M,M,M
1924-08-18,M,M,M,M,M
1924-08-19,M,M,M,M,M
1924-08-20,M,M,M,M,M
1924-08-21,M,M,M,M,M
1924-08-22,M,M,M,M,M
1924-08-23,M,M,M,M,M
1924-08-24,M,M,M,M,M
1924-08-25,M,M,M,M,M
1924-08-26,M,M,M,M,M
1924-08-27,M,M,M,M,M
1924-08-28,M,M,M,M,M
1924-08-29,M,M,M,M,M
1924-08-30,M,M,M,M,M
1924-08-31,M,M,M,M,M
1924-09-01,M,M,M,M,M
1924-09-02,M,M,M,M,M
1924-09-03,M,M,M,M,M
1924-09-04,M,M,M,M,M
1924-09-05,M,M,M,M,M
1924-09-06,M,M,M,M,M
1924-09-07,M,M,M,M,M
1924-09-08,M,M,M,M,M
1924-09-09,M,M,M,M,M
1924-09-10,M,M,M,M,M
1924-09-11,M,M,M,M,M
1924-09-12,M,M,M,M,M
1924-09-13,M,M,M,M,M
1924-09-14,M,M,M,M,M
1924-09-15,M,M,M,M,M
1924-09-16,M,M,M,M,M
1924-09-17,M,M,M,M,M
1924-09-18,M,M,M,M,M
1924-09-19,M,M,M,M,M
1924-09-20,M,M,M,M,M
1924-09-21,M,M,M,M,M
1924-09-22,M,M,M,M,M
1924-09-23,M,M,M,M,M
1924-09-24,M,M,M,M,M
1924-09-25,M,M,M,M,M
1924-09-26,M,M,M,M,M
1924-09-27,M,M,M,M,M
1924-09-28,M,M,M,M,M
1924-09-29,M,M,M,M,M
1924-09-30,M,M,M,M,M
1924-10-01,M,M,M,M,M
1924-10-02,M,M,M,M,M
1924-10-03,M,M,M,M,M
1924-10-04,M,M,M,M,M
1924-10-05,M,M,M,M,M
1924-10-06,M,M,M,M,M
1924-10-07,M,M,M,M,M
1924-10-08,M,M,M,M,M
1924-10-09,M,M,M,M,M
1924-10-10,M,M,M,M,M
1924-10-11,M,M,M,M,M
1924-10-12,M,M,M,M,M
1924-10-13,M,M,M,M,M
1924-10-14,M,M,M,M,M
1924-10-15,M,M,M,M,M
1924-10-16,M,M,M,M,M
1924-10-17,M,M,M,M,M
1924-10-18,M,M,M,M,M
1924-10-19,M,M,M,M,M
1924-10-20,M,M,M,M,M
1924-10-21,M,M,M,M,M
1924-10-22,M,M,M,M,M
1924-10-23,M,M,M,M,M
1924-10-24,M,M,M,M,M
1924-10-25,M,M,M,M,M
1924-10-26,M,M,M,M,M
1924-10-27,M,M,M,M,M
1924-10-28,M,M,M,M,M
1924-10-29,M,M,M,M,M
1924-10-30,M,M,M,M,M
1924-10-31,M,M,M,M,M
1924-11-01,M,M,M,M,M
1924-11-02,M,M,M,M,M
1924-11-03,M,M,M,M,M
1924-11-04,M,M,M,M,M
1924-11-05,M,M,M,M,M
1924-11-06,M,M,M,M,M
1924-11-07,M,M,M,M,M
1924-11-08,M,M,M,M,M
1924-11-09,M,M,M,M,M
1924-11-10,M,M,M,M,M
1924-11-11,M,M,M,M,M
1924-11-12,M,M,M,M,M
1924-11-13,M,M,M,M,M
1924-11-14,M,M,M,M,M
1924-11-15,M,M,M,M,M
1924-11-16,M,M,M,M,M
1924-11-17,M,M,M,M,M
1924-11-18,M,M,M,M,M
1924-11-19,M,M,M,M,M
1924-11-20,M,M,M,M,M
1924-11-21,M,M,M,M,M
1924-11-22,M,M,M,M,M
1924-11-23,M,M,M,M,M
1924-11-24,M,M,M,M,M
1924-11-25,M,M,M,M,M
1924-11-26,M,M,M,M,M
1924-11-27,M,M,M,M,M
1924-11-28,M,M,M,M,M
1924-11-29,M,M,M,M,M
1924-11-30,M,M,M,M,M
1924-12-01,M,M,M,M,M
1924-12-02,M,M,M,M,M
1924-12-03,M,M,M,M,M
1924-12-04,M,M,M,M,M
1924-12-05,M,M,M,M,M
1924-12-06,M,M,M,M,M
1924-12-07,M,M,M,M,M
1924-12-08,M,M,M,M,M
1924-12-09,M,M,M,M,M
1924-12-10,M,M,M,M,M
1924-12-11,M,M,M,M,M
1924-12-12,M,M,M,M,M
1924-12-13,M,M,M,M,M
1924-12-14,M,M,M,M,M
1924-12-15,M,M,M,M,M
1924-12-16,M,M,M,M,M
1924-12-17,M,M,M,M,M
1924-12-18,M,M,M,M,M
1924-12-19,M,M,M,M,M
1924-12-20,M,M,M,M,M
1924-12-21,M,M,M,M,M
1924-12-22,M,M,M,M,M
1924-12-23,M,M,M,M,M
1924-12-24,M,M,M,M,M
1924-12-25,M,M,M,M,M
1924-12-26,M,M,M,M,M
1924-12-27,M,M,M,M,M
1924-12-28,M,M,M,M,M
1924-12-29,M,M,M,M,M
1924-12-30,M,M,M,M,M
1924-12-31,M,M,M,M,M
1925-01-01,M,M,M,M,M
1925-01-02,M,M,M,M,M
1925-01-03,M,M,M,M,M
1925-01-04,M,M,M,M,M
1925-01-05,M,M,M,M,M
1925-01-06,M,M,M,M,M
1925-01-07,M,M,M,M,M
1925-01-08,M,M,M,M,M
1925-01-09,M,M,M,M,M
1925-01-10,M,M,M,M,M
1925-01-11,M,M,M,M,M
1925-01-12,M,M,M,M,M
1925-01-13,M,M,M,M,M
1925-01-14,M,M,M,M,M
1925-01-15,M,M,M,M,M
1925-01-16,M,M,M,M,M
1925-01-17,M,M,M,M,M
1925-01-18,M,M,M,M,M
1925-01-19,M,M,M,M,M
1925-01-20,M,M,M,M,M
1925-01-21,M,M,M,M,M
1925-01-22,M,M,M,M,M
1925-01-23,M,M,M,M,M
1925-01-24,M,M,M,M,M
1925-01-25,M,M,M,M,M
1925-01-26,M,M,M,M,M
1925-01-27,M,M,M,M,M
1925-01-28,M,M,M,M,M
1925-01-29,M,M,M,M,M
1925-01-30,M,M,M,M,M
1925-01-31,M,M,M,M,M
1925-02-01,M,M,M,M,M
1925-02-02,M,M,M,M,M
1925-02-03,M,M,M,M,M
1925-02-04,M,M,M,M,M
1925-02-05,M,M,M,M,M
1925-02-06,M,M,M,M,M
1925-02-07,M,M,M,M,M
1925-02-08,M,M,M,M,M
1925-02-09,M,M,M,M,M
1925-02-10,M,M,M,M,M
1925-02-11,M,M,M,M,M
1925-02-12,M,M,M,M,M
1925-02-13,M,M,M,M,M
1925-02-14,M,M,M,M,M
1925-02-15,M,M,M,M,M
1925-02-16,M,M,M,M,M
1925-02-17,M,M,M,M,M
1925-02-18,M,M,M,M,M
1925-02-19,M,M,M,M,M
1925-02-20,M,M,M,M,M
1925-02-21,M,M,M,M,M
1925-02-22,M,M,M,M,M
1925-02-23,M,M,M,M,M
1925-02-24,M,M,M,M,M
1925-02-25,M,M,M,M,M
1925-02-26,M,M,M,M,M
1925-02-27,M,M,M,M,M
1925-02-28,M,M,M,M,M
1925-03-01,M,M,M,M,M
1925-03-02,M,M,M,M,M
1925-03-03,M,M,M,M,M
1925-03-04,M,M,M,M,M
1925-03-05,M,M,M,M,M
1925-03-06,M,M,M,M,M
1925-03-07,M,M,M,M,M
1925-03-08,M,M,M,M,M
1925-03-09,M,M,M,M,M
1925-03-10,M,M,M,M,M
1925-03-11,M,M,M,M,M
1925-03-12,M,M,M,M,M
1925-03-13,M,M,M,M,M
1925-03-14,M,M,M,M,M
1925-03-15,M,M,M,M,M
1925-03-16,M,M,M,M,M
1925-03-17,M,M,M,M,M
1925-03-18,M,M,M,M,M
1925-03-19,M,M,M,M,M
1925-03-20,M,M,M,M,M
1925-03-21,M,M,M,M,M
1925-03-22,M,M,M,M,M
1925-03-23,M,M,M,M,M
1925-03-24,M,M,M,M,M
1925-03-25,M,M,M,M,M
1925-03-26,M,M,M,M,M
1925-03-27,M,M,M,M,M
1925-03-28,M,M,M,M,M
1925-03-29,M,M,M,M,M
1925-03-30,M,M,M,M,M
1925-03-31,M,M,M,M,M
1925-04-01,M,M,M,M,M
1925-04-02,M,M,M,M,M
1925-04-03,M,M,M,M,M
1925-04-04,M,M,M,M,M
1925-04-05,M,M,M,M,M
1925-04-06,M,M,M,M,M
1925-04-07,M,M,M,M,M
1925-04-08,M,M,M,M,M
1925-04-09,M,M,M,M,M
1925-04-10,M,M,M,M,M
1925-04-11,M,M,M,M,M
1925-04-12,M,M,M,M,M
1925-04-13,M,M,M,M,M
1925-04-14,M,M,M,M,M
1925-04-15,M,M,M,M,M
1925-04-16,M,M,M,M,M
1925-04-17,M,M,M,M,M
1925-04-18,M,M,M,M,M
1925-04-19,M,M,M,M,M
1925-04-20,M,M,M,M,M
1925-04-21,M,M,M,M,M
1925-04-22,M,M,M,M,M
1925-04-23,M,M,M,M,M
1925-04-24,M,M,M,M,M
1925-04-25,M,M,M,M,M
1925-04-26,M,M,M,M,M
1925-04-27,M,M,M,M,M
1925-04-28,M,M,M,M,M
1925-04-29,M,M,M,M,M
1925-04-30,M,M,M,M,M
1925-05-01,M,M,M,M,M
1925-05-02,M,M,M,M,M
1925-05-03,M,M,M,M,M
1925-05-04,M,M,M,M,M
1925-05-05,M,M,M,M,M
1925-05-06,M,M,M,M,M
1925-05-07,M,M,M,M,M
1925-05-08,M,M,M,M,M
1925-05-09,M,M,M,M,M
1925-05-10,M,M,M,M,M
1925-05-11,M,M,M,M,M
1925-05-12,M,M,M,M,M
1925-05-13,M,M,M,M,M
1925-05-14,M,M,M,M,M
1925-05-15,M,M,M,M,M
1925-05-16,M,M,M,M,M
1925-05-17,M,M,M,M,M
1925-05-18,M,M,M,M,M
1925-05-19,M,M,M,M,M
1925-05-20,M,M,M,M,M
1925-05-21,M,M,M,M,M
1925-05-22,M,M,M,M,M
1925-05-23,M,M,M,M,M
1925-05-24,M,M,M,M,M
1925-05-25,M,M,M,M,M
1925-05-26,M,M,M,M,M
1925-05-27,M,M,M,M,M
1925-05-28,M,M,M,M,M
1925-05-29,M,M,M,M,M
1925-05-30,M,M,M,M,M
1925-05-31,M,M,M,M,M
1925-06-01,M,M,M,M,M
1925-06-02,M,M,M,M,M
1925-06-03,M,M,M,M,M
1925-06-04,M,M,M,M,M
1925-06-05,M,M,M,M,M
1925-06-06,M,M,M,M,M
1925-06-07,M,M,M,M,M
1925-06-08,M,M,M,M,M
1925-06-09,M,M,M,M,M
1925-06-10,M,M,M,M,M
1925-06-11,M,M,M,M,M
1925-06-12,M,M,M,M,M
1925-06-13,M,M,M,M,M
1925-06-14,M,M,M,M,M
1925-06-15,M,M,M,M,M
1925-06-16,M,M,M,M,M
1925-06-17,M,M,M,M,M
1925-06-18,M,M,M,M,M
1925-06-19,M,M,M,M,M
1925-06-20,M,M,M,M,M
1925-06-21,M,M,M,M,M
1925-06-22,M,M,M,M,M
1925-06-23,M,M,M,M,M
1925-06-24,M,M,M,M,M
1925-06-25,M,M,M,M,M
1925-06-26,M,M,M,M,M
1925-06-27,M,M,M,M,M
1925-06-28,M,M,M,M,M
1925-06-29,M,M,M,M,M
1925-06-30,M,M,M,M,M
1925-07-01,M,M,M,M,M
1925-07-02,M,M,M,M,M
1925-07-03,M,M,M,M,M
1925-07-04,M,M,M,M,M
1925-07-05,M,M,M,M,M
1925-07-06,M,M,M,M,M
1925-07-07,M,M,M,M,M
1925-07-08,M,M,M,M,M
1925-07-09,M,M,M,M,M
1925-07-10,M,M,M,M,M
1925-07-11,M,M,M,M,M
1925-07-12,M,M,M,M,M
1925-07-13,M,M,M,M,M
1925-07-14,M,M,M,M,M
1925-07-15,M,M,M,M,M
1925-07-16,M,M,M,M,M
1925-07-17,M,M,M,M,M
1925-07-18,M,M,M,M,M
1925-07-19,M,M,M,M,M
1925-07-20,M,M,M,M,M
1925-07-21,M,M,M,M,M
1925-07-22,M,M,M,M,M
1925-07-23,M,M,M,M,M
1925-07-24,M,M,M,M,M
1925-07-25,M,M,M,M,M
1925-07-26,M,M,M,M,M
1925-07-27,M,M,M,M,M
1925-07-28,M,M,M,M,M
1925-07-29,M,M,M,M,M
1925-07-30,M,M,M,M,M
1925-07-31,M,M,M,M,M
1925-08-01,M,M,M,M,M
1925-08-02,M,M,M,M,M
1925-08-03,M,M,M,M,M
1925-08-04,M,M,M,M,M
1925-08-05,M,M,M,M,M
1925-08-06,M,M,M,M,M
1925-08-07,M,M,M,M,M
1925-08-08,M,M,M,M,M
1925-08-09,M,M,M,M,M
1925-08-10,M,M,M,M,M
1925-08-11,M,M,M,M,M
1925-08-12,M,M,M,M,M
1925-08-13,M,M,M,M,M
1925-08-14,M,M,M,M,M
1925-08-15,M,M,M,M,M
1925-08-16,M,M,M,M,M
1925-08-17,M,M,M,M,M
1925-08-18,M,M,M,M,M
1925-08-19,M,M,M,M,M
1925-08-20,M,M,M,M,M
1925-08-21,M,M,M,M,M
1925-08-22,M,M,M,M,M
1925-08-23,M,M,M,M,M
1925-08-24,M,M,M,M,M
1925-08-25,M,M,M,M,M
1925-08-26,M,M,M,M,M
1925-08-27,M,M,M,M,M
1925-08-28,M,M,M,M,M
1925-08-29,M,M,M,M,M
1925-08-30,M,M,M,M,M
1925-08-31,M,M,M,M,M
1925-09-01,M,M,M,M,M
1925-09-02,M,M,M,M,M
1925-09-03,M,M,M,M,M
1925-09-04,M,M,M,M,M
1925-09-05,M,M,M,M,M
1925-09-06,M,M,M,M,M
1925-09-07,M,M,M,M,M
1925-09-08,M,M,M,M,M
1925-09-09,M,M,M,M,M
1925-09-10,M,M,M,M,M
1925-09-11,M,M,M,M,M
1925-09-12,M,M,M,M,M
1925-09-13,M,M,M,M,M
1925-09-14,M,M,M,M,M
1925-09-15,M,M,M,M,M
1925-09-16,M,M,M,M,M
1925-09-17,M,M,M,M,M
1925-09-18,M,M,M,M,M
1925-09-19,M,M,M,M,M
1925-09-20,M,M,M,M,M
1925-09-21,M,M,M,M,M
1925-09-22,M,M,M,M,M
1925-09-23,M,M,M,M,M
1925-09-24,M,M,M,M,M
1925-09-25,M,M,M,M,M
1925-09-26,M,M,M,M,M
1925-09-27,M,M,M,M,M
1925-09-28,M,M,M,M,M
1925-09-29,M,M,M,M,M
1925-09-30,M,M,M,M,M
1925-10-01,M,M,M,M,M
1925-10-02,M,M,M,M,M
1925-10-03,M,M,M,M,M
1925-10-04,M,M,M,M,M
1925-10-05,M,M,M,M,M
1925-10-06,M,M,M,M,M
1925-10-07,M,M,M,M,M
1925-10-08,M,M,M,M,M
1925-10-09,M,M,M,M,M
1925-10-10,M,M,M,M,M
1925-10-11,M,M,M,M,M
1925-10-12,M,M,M,M,M
1925-10-13,M,M,M,M,M
1925-10-14,M,M,M,M,M
1925-10-15,M,M,M,M,M
1925-10-16,M,M,M,M,M
1925-10-17,M,M,M,M,M
1925-10-18,M,M,M,M,M
1925-10-19,M,M,M,M,M
1925-10-20,M,M,M,M,M
1925-10-21,M,M,M,M,M
1925-10-22,M,M,M,M,M
1925-10-23,M,M,M,M,M
1925-10-24,M,M,M,M,M
1925-10-25,M,M,M,M,M
1925-10-26,M,M,M,M,M
1925-10-27,M,M,M,M,M
1925-10-28,M,M,M,M,M
1925-10-29,M,M,M,M,M
1925-10-30,M,M,M,M,M
1925-10-31,M,M,M,M,M
1925-11-01,M,M,M,M,M
1925-11-02,M,M,M,M,M
1925-11-03,M,M,M,M,M
1925-11-04,M,M,M,M,M
1925-11-05,M,M,M,M,M
1925-11-06,M,M,M,M,M
1925-11-07,M,M,M,M,M
1925-11-08,M,M,M,M,M
1925-11-09,M,M,M,M,M
1925-11-10,M,M,M,M,M
1925-11-11,M,M,M,M,M
1925-11-12,M,M,M,M,M
1925-11-13,M,M,M,M,M
1925-11-14,M,M,M,M,M
1925-11-15,M,M,M,M,M
1925-11-16,M,M,M,M,M
1925-11-17,M,M,M,M,M
1925-11-18,M,M,M,M,M
1925-11-19,M,M,M,M,M
1925-11-20,M,M,M,M,M
1925-11-21,M,M,M,M,M
1925-11-22,M,M,M,M,M
1925-11-23,M,M,M,M,M
1925-11-24,M,M,M,M,M
1925-11-25,M,M,M,M,M
1925-11-26,M,M,M,M,M
1925-11-27,M,M,M,M,M
1925-11-28,M,M,M,M,M
1925-11-29,M,M,M,M,M
1925-11-30,M,M,M,M,M
1925-12-01,M,M,M,M,M
1925-12-02,M,M,M,M,M
1925-12-03,M,M,M,M,M
1925-12-04,M,M,M,M,M
1925-12-05,M,M,M,M,M
1925-12-06,M,M,M,M,M
1925-12-07,M,M,M,M,M
1925-12-08,M,M,M,M,M
1925-12-09,M,M,M,M,M
1925-12-10,M,M,M,M,M
1925-12-11,M,M,M,M,M
1925-12-12,M,M,M,M,M
1925-12-13,M,M,M,M,M
1925-12-14,M,M,M,M,M
1925-12-15,M,M,M,M,M
1925-12-16,M,M,M,M,M
1925-12-17,M,M,M,M,M
1925-12-18,M,M,M,M,M
1925-12-19,M,M,M,M,M
1925-12-20,M,M,M,M,M
1925-12-21,M,M,M,M,M
1925-12-22,M,M,M,M,M
1925-12-23,M,M,M,M,M
1925-12-24,M,M,M,M,M
1925-12-25,M,M,M,M,M
1925-12-26,M,M,M,M,M
1925-12-27,M,M,M,M,M
1925-12-28,M,M,M,M,M
1925-12-29,M,M,M,M,M
1925-12-30,M,M,M,M,M
1925-12-31,M,M,M,M,M
1926-01-01,M,M,M,M,M
1926-01-02,M,M,M,M,M
1926-01-03,M,M,M,M,M
1926-01-04,M,M,M,M,M
1926-01-05,M,M,M,M,M
1926-01-06,M,M,M,M,M
1926-01-07,M,M,M,M,M
1926-01-08,M,M,M,M,M
1926-01-09,M,M,M,M,M
1926-01-10,M,M,M,M,M
1926-01-11,M,M,M,M,M
1926-01-12,M,M,M,M,M
1926-01-13,M,M,M,M,M
1926-01-14,M,M,M,M,M
1926-01-15,M,M,M,M,M
1926-01-16,M,M,M,M,M
1926-01-17,M,M,M,M,M
1926-01-18,M,M,M,M,M
1926-01-19,M,M,M,M,M
1926-01-20,M,M,M,M,M
1926-01-21,M,M,M,M,M
1926-01-22,M,M,M,M,M
1926-01-23,M,M,M,M,M
1926-01-24,M,M,M,M,M
1926-01-25,M,M,M,M,M
1926-01-26,M,M,M,M,M
1926-01-27,M,M,M,M,M
1926-01-28,M,M,M,M,M
1926-01-29,M,M,M,M,M
1926-01-30,M,M,M,M,M
1926-01-31,M,M,M,M,M
1926-02-01,M,M,M,M,M
1926-02-02,M,M,M,M,M
1926-02-03,M,M,M,M,M
1926-02-04,M,M,M,M,M
1926-02-05,M,M,M,M,M
1926-02-06,M,M,M,M,M
1926-02-07,M,M,M,M,M
1926-02-08,M,M,M,M,M
1926-02-09,M,M,M,M,M
1926-02-10,M,M,M,M,M
1926-02-11,M,M,M,M,M
1926-02-12,M,M,M,M,M
1926-02-13,M,M,M,M,M
1926-02-14,M,M,M,M,M
1926-02-15,M,M,M,M,M
1926-02-16,M,M,M,M,M
1926-02-17,M,M,M,M,M
1926-02-18,M,M,M,M,M
1926-02-19,M,M,M,M,M
1926-02-20,M,M,M,M,M
1926-02-21,M,M,M,M,M
1926-02-22,M,M,M,M,M
1926-02-23,M,M,M,M,M
1926-02-24,M,M,M,M,M
1926-02-25,M,M,M,M,M
1926-02-26,M,M,M,M,M
1926-02-27,M,M,M,M,M
1926-02-28,M,M,M,M,M
1926-03-01,M,M,M,M,M
1926-03-02,M,M,M,M,M
1926-03-03,M,M,M,M,M
1926-03-04,M,M,M,M,M
1926-03-05,M,M,M,M,M
1926-03-06,M,M,M,M,M
1926-03-07,M,M,M,M,M
1926-03-08,M,M,M,M,M
1926-03-09,M,M,M,M,M
1926-03-10,M,M,M,M,M
1926-03-11,M,M,M,M,M
1926-03-12,M,M,M,M,M
1926-03-13,M,M,M,M,M
1926-03-14,M,M,M,M,M
1926-03-15,M,M,M,M,M
1926-03-16,M,M,M,M,M
1926-03-17,M,M,M,M,M
1926-03-18,M,M,M,M,M
1926-03-19,M,M,M,M,M
1926-03-20,M,M,M,M,M
1926-03-21,M,M,M,M,M
1926-03-22,M,M,M,M,M
1926-03-23,M,M,M,M,M
1926-03-24,M,M,M,M,M
1926-03-25,M,M,M,M,M
1926-03-26,M,M,M,M,M
1926-03-27,M,M,M,M,M
1926-03-28,M,M,M,M,M
1926-03-29,M,M,M,M,M
1926-03-30,M,M,M,M,M
1926-03-31,M,M,M,M,M
1926-04-01,M,M,M,M,M
1926-04-02,M,M,M,M,M
1926-04-03,M,M,M,M,M
1926-04-04,M,M,M,M,M
1926-04-05,M,M,M,M,M
1926-04-06,M,M,M,M,M
1926-04-07,M,M,M,M,M
1926-04-08,M,M,M,M,M
1926-04-09,M,M,M,M,M
1926-04-10,M,M,M,M,M
1926-04-11,M,M,M,M,M
1926-04-12,M,M,M,M,M
1926-04-13,M,M,M,M,M
1926-04-14,M,M,M,M,M
1926-04-15,M,M,M,M,M
1926-04-16,M,M,M,M,M
1926-04-17,M,M,M,M,M
1926-04-18,M,M,M,M,M
1926-04-19,M,M,M,M,M
1926-04-20,M,M,M,M,M
1926-04-21,M,M,M,M,M
1926-04-22,M,M,M,M,M
1926-04-23,M,M,M,M,M
1926-04-24,M,M,M,M,M
1926-04-25,M,M,M,M,M
1926-04-26,M,M,M,M,M
1926-04-27,M,M,M,M,M
1926-04-28,M,M,M,M,M
1926-04-29,M,M,M,M,M
1926-04-30,M,M,M,M,M
1926-05-01,M,M,M,M,M
1926-05-02,M,M,M,M,M
1926-05-03,M,M,M,M,M
1926-05-04,M,M,M,M,M
1926-05-05,M,M,M,M,M
1926-05-06,M,M,M,M,M
1926-05-07,M,M,M,M,M
1926-05-08,M,M,M,M,M
1926-05-09,M,M,M,M,M
1926-05-10,M,M,M,M,M
1926-05-11,M,M,M,M,M
1926-05-12,M,M,M,M,M
1926-05-13,M,M,M,M,M
1926-05-14,M,M,M,M,M
1926-05-15,M,M,M,M,M
1926-05-16,M,M,M,M,M
1926-05-17,M,M,M,M,M
1926-05-18,M,M,M,M,M
1926-05-19,M,M,M,M,M
1926-05-20,M,M,M,M,M
1926-05-21,M,M,M,M,M
1926-05-22,M,M,M,M,M
1926-05-23,M,M,M,M,M
1926-05-24,M,M,M,M,M
1926-05-25,M,M,M,M,M
1926-05-26,M,M,M,M,M
1926-05-27,M,M,M,M,M
1926-05-28,M,M,M,M,M
1926-05-29,M,M,M,M,M
1926-05-30,M,M,M,M,M
1926-05-31,M,M,M,M,M
1926-06-01,M,M,M,M,M
1926-06-02,M,M,M,M,M
1926-06-03,M,M,M,M,M
1926-06-04,M,M,M,M,M
1926-06-05,M,M,M,M,M
1926-06-06,M,M,M,M,M
1926-06-07,M,M,M,M,M
1926-06-08,M,M,M,M,M
1926-06-09,M,M,M,M,M
1926-06-10,M,M,M,M,M
1926-06-11,M,M,M,M,M
1926-06-12,M,M,M,M,M
1926-06-13,M,M,M,M,M
1926-06-14,M,M,M,M,M
1926-06-15,M,M,M,M,M
1926-06-16,M,M,M,M,M
1926-06-17,M,M,M,M,M
1926-06-18,M,M,M,M,M
1926-06-19,M,M,M,M,M
1926-06-20,M,M,M,M,M
1926-06-21,M,M,M,M,M
1926-06-22,M,M,M,M,M
1926-06-23,M,M,M,M,M
1926-06-24,M,M,M,M,M
1926-06-25,M,M,M,M,M
1926-06-26,M,M,M,M,M
1926-06-27,M,M,M,M,M
1926-06-28,M,M,M,M,M
1926-06-29,M,M,M,M,M
1926-06-30,M,M,M,M,M
1926-07-01,M,M,M,M,M
1926-07-02,M,M,M,M,M
1926-07-03,M,M,M,M,M
1926-07-04,M,M,M,M,M
1926-07-05,M,M,M,M,M
1926-07-06,M,M,M,M,M
1926-07-07,M,M,M,M,M
1926-07-08,M,M,M,M,M
1926-07-09,M,M,M,M,M
1926-07-10,M,M,M,M,M
1926-07-11,M,M,M,M,M
1926-07-12,M,M,M,M,M
1926-07-13,M,M,M,M,M
1926-07-14,M,M,M,M,M
1926-07-15,M,M,M,M,M
1926-07-16,M,M,M,M,M
1926-07-17,M,M,M,M,M
1926-07-18,M,M,M,M,M
1926-07-19,M,M,M,M,M
1926-07-20,M,M,M,M,M
1926-07-21,M,M,M,M,M
1926-07-22,M,M,M,M,M
1926-07-23,M,M,M,M,M
1926-07-24,M,M,M,M,M
1926-07-25,M,M,M,M,M
1926-07-26,M,M,M,M,M
1926-07-27,M,M,M,M,M
1926-07-28,M,M,M,M,M
1926-07-29,M,M,M,M,M
1926-07-30,M,M,M,M,M
1926-07-31,M,M,M,M,M
1926-08-01,M,M,M,M,M
1926-08-02,M,M,M,M,M
1926-08-03,M,M,M,M,M
1926-08-04,M,M,M,M,M
1926-08-05,M,M,M,M,M
1926-08-06,M,M,M,M,M
1926-08-07,M,M,M,M,M
1926-08-08,M,M,M,M,M
1926-08-09,M,M,M,M,M
1926-08-10,M,M,M,M,M
1926-08-11,M,M,M,M,M
1926-08-12,M,M,M,M,M
1926-08-13,M,M,M,M,M
1926-08-14,M,M,M,M,M
1926-08-15,M,M,M,M,M
1926-08-16,M,M,M,M,M
1926-08-17,M,M,M,M,M
1926-08-18,M,M,M,M,M
1926-08-19,M,M,M,M,M
1926-08-20,M,M,M,M,M
1926-08-21,M,M,M,M,M
1926-08-22,M,M,M,M,M
1926-08-23,M,M,M,M,M
1926-08-24,M,M,M,M,M
1926-08-25,M,M,M,M,M
1926-08-26,M,M,M,M,M
1926-08-27,M,M,M,M,M
1926-08-28,M,M,M,M,M
1926-08-29,M,M,M,M,M
1926-08-30,M,M,M,M,M
1926-08-31,M,M,M,M,M
1926-09-01,M,M,M,M,M
1926-09-02,M,M,M,M,M
1926-09-03,M,M,M,M,M
1926-09-04,M,M,M,M,M
1926-09-05,M,M,M,M,M
1926-09-06,M,M,M,M,M
1926-09-07,M,M,M,M,M
1926-09-08,M,M,M,M,M
1926-09-09,M,M,M,M,M
1926-09-10,M,M,M,M,M
1926-09-11,M,M,M,M,M
1926-09-12,M,M,M,M,M
1926-09-13,M,M,M,M,M
1926-09-14,M,M,M,M,M
1926-09-15,M,M,M,M,M
1926-09-16,M,M,M,M,M
1926-09-17,M,M,M,M,M
1926-09-18,M,M,M,M,M
1926-09-19,M,M,M,M,M
1926-09-20,M,M,M,M,M
1926-09-21,M,M,M,M,M
1926-09-22,M,M,M,M,M
1926-09-23,M,M,M,M,M
1926-09-24,M,M,M,M,M
1926-09-25,M,M,M,M,M
1926-09-26,M,M,M,M,M
1926-09-27,M,M,M,M,M
1926-09-28,M,M,M,M,M
1926-09-29,M,M,M,M,M
1926-09-30,M,M,M,M,M
1926-10-01,M,M,M,M,M
1926-10-02,M,M,M,M,M
1926-10-03,M,M,M,M,M
1926-10-04,M,M,M,M,M
1926-10-05,M,M,M,M,M
1926-10-06,M,M,M,M,M
1926-10-07,M,M,M,M,M
1926-10-08,M,M,M,M,M
1926-10-09,M,M,M,M,M
1926-10-10,M,M,M,M,M
1926-10-11,M,M,M,M,M
1926-10-12,M,M,M,M,M
1926-10-13,M,M,M,M,M
1926-10-14,M,M,M,M,M
1926-10-15,M,M,M,M,M
1926-10-16,M,M,M,M,M
1926-10-17,M,M,M,M,M
1926-10-18,M,M,M,M,M
1926-10-19,M,M,M,M,M
1926-10-20,M,M,M,M,M
1926-10-21,M,M,M,M,M
1926-10-22,M,M,M,M,M
1926-10-23,M,M,M,M,M
1926-10-24,M,M,M,M,M
1926-10-25,M,M,M,M,M
1926-10-26,M,M,M,M,M
1926-10-27,M,M,M,M,M
1926-10-28,M,M,M,M,M
1926-10-29,M,M,M,M,M
1926-10-30,M,M,M,M,M
1926-10-31,M,M,M,M,M
1926-11-01,M,M,M,M,M
1926-11-02,M,M,M,M,M
1926-11-03,M,M,M,M,M
1926-11-04,M,M,M,M,M
1926-11-05,M,M,M,M,M
1926-11-06,M,M,M,M,M
1926-11-07,M,M,M,M,M
1926-11-08,M,M,M,M,M
1926-11-09,M,M,M,M,M
1926-11-10,M,M,M,M,M
1926-11-11,M,M,M,M,M
1926-11-12,M,M,M,M,M
1926-11-13,M,M,M,M,M
1926-11-14,M,M,M,M,M
1926-11-15,M,M,M,M,M
1926-11-16,M,M,M,M,M
1926-11-17,M,M,M,M,M
1926-11-18,M,M,M,M,M
1926-11-19,M,M,M,M,M
1926-11-20,M,M,M,M,M
1926-11-21,M,M,M,M,M
1926-11-22,M,M,M,M,M
1926-11-23,M,M,M,M,M
1926-11-24,M,M,M,M,M
1926-11-25,M,M,M,M,M
1926-11-26,M,M,M,M,M
1926-11-27,M,M,M,M,M
1926-11-28,M,M,M,M,M
1926-11-29,M,M,M,M,M
1926-11-30,M,M,M,M,M
1926-12-01,M,M,M,M,M
1926-12-02,M,M,M,M,M
1926-12-03,M,M,M,M,M
1926-12-04,M,M,M,M,M
1926-12-05,M,M,M,M,M
1926-12-06,M,M,M,M,M
1926-12-07,M,M,M,M,M
1926-12-08,M,M,M,M,M
1926-12-09,M,M,M,M,M
1926-12-10,M,M,M,M,M
1926-12-11,M,M,M,M,M
1926-12-12,M,M,M,M,M
1926-12-13,M,M,M,M,M
1926-12-14,M,M,M,M,M
1926-12-15,M,M,M,M,M
1926-12-16,M,M,M,M,M
1926-12-17,M,M,M,M,M
1926-12-18,M,M,M,M,M
1926-12-19,M,M,M,M,M
1926-12-20,M,M,M,M,M
1926-12-21,M,M,M,M,M
1926-12-22,M,M,M,M,M
1926-12-23,M,M,M,M,M
1926-12-24,M,M,M,M,M
1926-12-25,M,M,M,M,M
1926-12-26,M,M,M,M,M
1926-12-27,M,M,M,M,M
1926-12-28,M,M,M,M,M
1926-12-29,M,M,M,M,M
1926-12-30,M,M,M,M,M
1926-12-31,M,M,M,M,M
1927-01-01,M,M,M,M,M
1927-01-02,M,M,M,M,M
1927-01-03,M,M,M,M,M
1927-01-04,M,M,M,M,M
1927-01-05,M,M,M,M,M
1927-01-06,M,M,M,M,M
1927-01-07,M,M,M,M,M
1927-01-08,M,M,M,M,M
1927-01-09,M,M,M,M,M
1927-01-10,M,M,M,M,M
1927-01-11,M,M,M,M,M
1927-01-12,M,M,M,M,M
1927-01-13,M,M,M,M,M
1927-01-14,M,M,M,M,M
1927-01-15,M,M,M,M,M
1927-01-16,M,M,M,M,M
1927-01-17,M,M,M,M,M
1927-01-18,M,M,M,M,M
1927-01-19,M,M,M,M,M
1927-01-20,M,M,M,M,M
1927-01-21,M,M,M,M,M
1927-01-22,M,M,M,M,M
1927-01-23,M,M,M,M,M
1927-01-24,M,M,M,M,M
1927-01-25,M,M,M,M,M
1927-01-26,M,M,M,M,M
1927-01-27,M,M,M,M,M
1927-01-28,M,M,M,M,M
1927-01-29,M,M,M,M,M
1927-01-30,M,M,M,M,M
1927-01-31,M,M,M,M,M
1927-02-01,M,M,M,M,M
1927-02-02,M,M,M,M,M
1927-02-03,M,M,M,M,M
1927-02-04,M,M,M,M,M
1927-02-05,M,M,M,M,M
1927-02-06,M,M,M,M,M
1927-02-07,M,M,M,M,M
1927-02-08,M,M,M,M,M
1927-02-09,M,M,M,M,M
1927-02-10,M,M,M,M,M
1927-02-11,M,M,M,M,M
1927-02-12,M,M,M,M,M
1927-02-13,M,M,M,M,M
1927-02-14,M,M,M,M,M
1927-02-15,M,M,M,M,M
1927-02-16,M,M,M,M,M
1927-02-17,M,M,M,M,M
1927-02-18,M,M,M,M,M
1927-02-19,M,M,M,M,M
1927-02-20,M,M,M,M,M
1927-02-21,M,M,M,M,M
1927-02-22,M,M,M,M,M
1927-02-23,M,M,M,M,M
1927-02-24,M,M,M,M,M
1927-02-25,M,M,M,M,M
1927-02-26,M,M,M,M,M
1927-02-27,M,M,M,M,M
1927-02-28,M,M,M,M,M
1927-03-01,M,M,M,M,M
1927-03-02,M,M,M,M,M
1927-03-03,M,M,M,M,M
1927-03-04,M,M,M,M,M
1927-03-05,M,M,M,M,M
1927-03-06,M,M,M,M,M
1927-03-07,M,M,M,M,M
1927-03-08,M,M,M,M,M
1927-03-09,M,M,M,M,M
1927-03-10,M,M,M,M,M
1927-03-11,M,M,M,M,M
1927-03-12,M,M,M,M,M
1927-03-13,M,M,M,M,M
1927-03-14,M,M,M,M,M
1927-03-15,M,M,M,M,M
1927-03-16,M,M,M,M,M
1927-03-17,M,M,M,M,M
1927-03-18,M,M,M,M,M
1927-03-19,M,M,M,M,M
1927-03-20,M,M,M,M,M
1927-03-21,M,M,M,M,M
1927-03-22,M,M,M,M,M
1927-03-23,M,M,M,M,M
1927-03-24,M,M,M,M,M
1927-03-25,M,M,M,M,M
1927-03-26,M,M,M,M,M
1927-03-27,M,M,M,M,M
1927-03-28,M,M,M,M,M
1927-03-29,M,M,M,M,M
1927-03-30,M,M,M,M,M
1927-03-31,M,M,M,M,M
1927-04-01,M,M,M,M,M
1927-04-02,M,M,M,M,M
1927-04-03,M,M,M,M,M
1927-04-04,M,M,M,M,M
1927-04-05,M,M,M,M,M
1927-04-06,M,M,M,M,M
1927-04-07,M,M,M,M,M
1927-04-08,M,M,M,M,M
1927-04-09,M,M,M,M,M
1927-04-10,M,M,M,M,M
1927-04-11,M,M,M,M,M
1927-04-12,M,M,M,M,M
1927-04-13,M,M,M,M,M
1927-04-14,M,M,M,M,M
1927-04-15,M,M,M,M,M
1927-04-16,M,M,M,M,M
1927-04-17,M,M,M,M,M
1927-04-18,M,M,M,M,M
1927-04-19,M,M,M,M,M
1927-04-20,M,M,M,M,M
1927-04-21,M,M,M,M,M
1927-04-22,M,M,M,M,M
1927-04-23,M,M,M,M,M
1927-04-24,M,M,M,M,M
1927-04-25,M,M,M,M,M
1927-04-26,M,M,M,M,M
1927-04-27,M,M,M,M,M
1927-04-28,M,M,M,M,M
1927-04-29,M,M,M,M,M
1927-04-30,M,M,M,M,M
1927-05-01,M,M,M,M,M
1927-05-02,M,M,M,M,M
1927-05-03,M,M,M,M,M
1927-05-04,M,M,M,M,M
1927-05-05,M,M,M,M,M
1927-05-06,M,M,M,M,M
1927-05-07,M,M,M,M,M
1927-05-08,M,M,M,M,M
1927-05-09,M,M,M,M,M
1927-05-10,M,M,M,M,M
1927-05-11,M,M,M,M,M
1927-05-12,M,M,M,M,M
1927-05-13,M,M,M,M,M
1927-05-14,M,M,M,M,M
1927-05-15,M,M,M,M,M
1927-05-16,M,M,M,M,M
1927-05-17,M,M,M,M,M
1927-05-18,M,M,M,M,M
1927-05-19,M,M,M,M,M
1927-05-20,M,M,M,M,M
1927-05-21,M,M,M,M,M
1927-05-22,M,M,M,M,M
1927-05-23,M,M,M,M,M
1927-05-24,M,M,M,M,M
1927-05-25,M,M,M,M,M
1927-05-26,M,M,M,M,M
1927-05-27,M,M,M,M,M
1927-05-28,M,M,M,M,M
1927-05-29,M,M,M,M,M
1927-05-30,M,M,M,M,M
1927-05-31,M,M,M,M,M
1927-06-01,M,M,M,M,M
1927-06-02,M,M,M,M,M
1927-06-03,M,M,M,M,M
1927-06-04,M,M,M,M,M
1927-06-05,M,M,M,M,M
1927-06-06,M,M,M,M,M
1927-06-07,M,M,M,M,M
1927-06-08,M,M,M,M,M
1927-06-09,M,M,M,M,M
1927-06-10,M,M,M,M,M
1927-06-11,M,M,M,M,M
1927-06-12,M,M,M,M,M
1927-06-13,M,M,M,M,M
1927-06-14,M,M,M,M,M
1927-06-15,M,M,M,M,M
1927-06-16,M,M,M,M,M
1927-06-17,M,M,M,M,M
1927-06-18,M,M,M,M,M
1927-06-19,M,M,M,M,M
1927-06-20,M,M,M,M,M
1927-06-21,M,M,M,M,M
1927-06-22,M,M,M,M,M
1927-06-23,M,M,M,M,M
1927-06-24,M,M,M,M,M
1927-06-25,M,M,M,M,M
1927-06-26,M,M,M,M,M
1927-06-27,M,M,M,M,M
1927-06-28,M,M,M,M,M
1927-06-29,M,M,M,M,M
1927-06-30,M,M,M,M,M
1927-07-01,M,M,M,M,M
1927-07-02,M,M,M,M,M
1927-07-03,M,M,M,M,M
1927-07-04,M,M,M,M,M
1927-07-05,M,M,M,M,M
1927-07-06,M,M,M,M,M
1927-07-07,M,M,M,M,M
1927-07-08,M,M,M,M,M
1927-07-09,M,M,M,M,M
1927-07-10,M,M,M,M,M
1927-07-11,M,M,M,M,M
1927-07-12,M,M,M,M,M
1927-07-13,M,M,M,M,M
1927-07-14,M,M,M,M,M
1927-07-15,M,M,M,M,M
1927-07-16,M,M,M,M,M
1927-07-17,M,M,M,M,M
1927-07-18,M,M,M,M,M
1927-07-19,M,M,M,M,M
1927-07-20,M,M,M,M,M
1927-07-21,M,M,M,M,M
1927-07-22,M,M,M,M,M
1927-07-23,M,M,M,M,M
1927-07-24,M,M,M,M,M
1927-07-25,M,M,M,M,M
1927-07-26,M,M,M,M,M
1927-07-27,M,M,M,M,M
1927-07-28,M,M,M,M,M
1927-07-29,M,M,M,M,M
1927-07-30,M,M,M,M,M
1927-07-31,M,M,M,M,M
1927-08-01,M,M,M,M,M
1927-08-02,M,M,M,M,M
1927-08-03,M,M,M,M,M
1927-08-04,M,M,M,M,M
1927-08-05,M,M,M,M,M
1927-08-06,M,M,M,M,M
1927-08-07,M,M,M,M,M
1927-08-08,M,M,M,M,M
1927-08-09,M,M,M,M,M
1927-08-10,M,M,M,M,M
1927-08-11,M,M,M,M,M
1927-08-12,M,M,M,M,M
1927-08-13,M,M,M,M,M
1927-08-14,M,M,M,M,M
1927-08-15,M,M,M,M,M
1927-08-16,M,M,M,M,M
1927-08-17,M,M,M,M,M
1927-08-18,M,M,M,M,M
1927-08-19,M,M,M,M,M
1927-08-20,M,M,M,M,M
1927-08-21,M,M,M,M,M
1927-08-22,M,M,M,M,M
1927-08-23,M,M,M,M,M
1927-08-24,M,M,M,M,M
1927-08-25,M,M,M,M,M
1927-08-26,M,M,M,M,M
1927-08-27,M,M,M,M,M
1927-08-28,M,M,M,M,M
1927-08-29,M,M,M,M,M
1927-08-30,M,M,M,M,M
1927-08-31,M,M,M,M,M
1927-09-01,M,M,M,M,M
1927-09-02,M,M,M,M,M
1927-09-03,M,M,M,M,M
1927-09-04,M,M,M,M,M
1927-09-05,M,M,M,M,M
1927-09-06,M,M,M,M,M
1927-09-07,M,M,M,M,M
1927-09-08,M,M,M,M,M
1927-09-09,M,M,M,M,M
1927-09-10,M,M,M,M,M
1927-09-11,M,M,M,M,M
1927-09-12,M,M,M,M,M
1927-09-13,M,M,M,M,M
1927-09-14,M,M,M,M,M
1927-09-15,M,M,M,M,M
1927-09-16,M,M,M,M,M
1927-09-17,M,M,M,M,M
1927-09-18,M,M,M,M,M
1927-09-19,M,M,M,M,M
1927-09-20,M,M,M,M,M
1927-09-21,M,M,M,M,M
1927-09-22,M,M,M,M,M
1927-09-23,M,M,M,M,M
1927-09-24,M,M,M,M,M
1927-09-25,M,M,M,M,M
1927-09-26,M,M,M,M,M
1927-09-27,M,M,M,M,M
1927-09-28,M,M,M,M,M
1927-09-29,M,M,M,M,M
1927-09-30,M,M,M,M,M
1927-10-01,M,M,0.00,0.0,M
1927-10-02,M,M,0.00,0.0,M
1927-10-03,M,M,0.00,0.0,M
1927-10-04,M,M,0.00,0.0,M
1927-10-05,M,M,0.00,0.0,M
1927-10-06,M,M,0.00,0.0,M
1927-10-07,M,M,0.00,0.0,M
1927-10-08,M,M,0.00,0.0,M
1927-10-09,M,M,0.00,0.0,M
1927-10-10,M,M,0.00,0.0,M
1927-10-11,M,M,0.00,0.0,M
1927-10-12,M,M,0.00,0.0,M
1927-10-13,M,M,0.00,0.0,M
1927-10-14,M,M,0.00,0.0,M
1927-10-15,M,M,0.00,0.0,M
1927-10-16,M,M,0.00,0.0,M
1927-10-17,M,M,0.00,0.0,M
1927-10-18,M,M,0.00,0.0,M
1927-10-19,M,M,0.00,0.0,M
1927-10-20,M,M,0.00,0.0,M
1927-10-21,M,M,0.00,0.0,M
1927-10-22,M,M,0.00,0.0,M
1927-10-23,M,M,0.00,0.0,M
1927-10-24,M,M,0.00,0.0,M
1927-10-25,M,M,0.00,0.0,M
1927-10-26,M,M,T,0.0,M
1927-10-27,M,M,0.00,0.0,M
1927-10-28,M,M,T,0.0,M
1927-10-29,M,M,T,0.0,M
1927-10-30,M,M,0.00,0.0,M
1927-10-31,M,M,0.00,0.0,M
1927-11-01,M,M,M,M,M
1927-11-02,M,M,M,M,M
1927-11-03,M,M,M,M,M
1927-11-04,M,M,M,M,M
1927-11-05,M,M,M,M,M
1927-11-06,M,M,M,M,M
1927-11-07,M,M,M,M,M
1927-11-08,M,M,M,M,M
1927-11-09,M,M,M,M,M
1927-11-10,M,M,M,M,M
1927-11-11,M,M,M,M,M
1927-11-12,M,M,M,M,M
1927-11-13,M,M,M,M,M
1927-11-14,M,M,M,M,M
1927-11-15,M,M,M,M,M
1927-11-16,M,M,M,M,M
1927-11-17,M,M,M,M,M
1927-11-18,M,M,M,M,M
1927-11-19,M,M,M,M,M
1927-11-20,M,M,M,M,M
1927-11-21,M,M,M,M,M
1927-11-22,M,M,M,M,M
1927-11-23,M,M,M,M,M
1927-11-24,M,M,M,M,M
1927-11-25,M,M,M,M,M
1927-11-26,M,M,M,M,M
1927-11-27,M,M,M,M,M
1927-11-28,M,M,M,M,M
1927-11-29,M,M,M,M,M
1927-11-30,M,M,M,M,M
1927-12-01,M,M,M,M,M
1927-12-02,M,M,M,M,M
1927-12-03,M,M,M,M,M
1927-12-04,M,M,M,M,M
1927-12-05,M,M,M,M,M
1927-12-06,M,M,M,M,M
1927-12-07,M,M,M,M,M
1927-12-08,M,M,M,M,M
1927-12-09,M,M,M,M,M
1927-12-10,M,M,M,M,M
1927-12-11,M,M,M,M,M
1927-12-12,M,M,M,M,M
1927-12-13,M,M,M,M,M
1927-12-14,M,M,M,M,M
1927-12-15,M,M,M,M,M
1927-12-16,M,M,M,M,M
1927-12-17,M,M,M,M,M
1927-12-18,M,M,M,M,M
1927-12-19,M,M,M,M,M
1927-12-20,M,M,M,M,M
1927-12-21,M,M,M,M,M
1927-12-22,M,M,M,M,M
1927-12-23,M,M,M,M,M
1927-12-24,M,M,M,M,M
1927-12-25,M,M,M,M,M
1927-12-26,M,M,M,M,M
1927-12-27,M,M,M,M,M
1927-12-28,M,M,M,M,M
1927-12-29,M,M,M,M,M
1927-12-30,M,M,M,M,M
1927-12-31,M,M,M,M,M
1928-01-01,M,M,0.00,0.0,M
1928-01-02,M,M,0.00,0.0,M
1928-01-03,M,M,0.00,0.0,M
1928-01-04,M,M,0.00,0.0,M
1928-01-05,M,M,0.00,0.0,M
1928-01-06,M,M,0.00,0.0,M
1928-01-07,M,M,0.00,0.0,M
1928-01-08,M,M,0.00,0.0,M
1928-01-09,M,M,0.00,0.0,M
1928-01-10,M,M,0.00,0.0,M
1928-01-11,M,M,0.00,0.0,M
1928-01-12,M,M,0.00,0.0,M
1928-01-13,M,M,0.00,0.0,M
1928-01-14,M,M,0.00,0.0,M
1928-01-15,M,M,0.00,0.0,M
1928-01-16,M,M,0.00,0.0,M
1928-01-17,M,M,0.00,0.0,M
1928-01-18,M,M,0.00,0.0,M
1928-01-19,M,M,0.00,0.0,M
1928-01-20,M,M,0.00,0.0,M
1928-01-21,M,M,0.00,0.0,M
1928-01-22,M,M,0.00,0.0,M
1928-01-23,M,M,0.00,0.0,M
1928-01-24,M,M,0.00,0.0,M
1928-01-25,M,M,0.00,0.0,M
1928-01-26,M,M,0.00,0.0,M
1928-01-27,M,M,0.00,0.0,M
1928-01-28,M,M,0.00,0.0,M
1928-01-29,M,M,0.00,0.0,M
1928-01-30,M,M,0.00,0.0,M
1928-01-31,M,M,0.00,0.0,M
1928-02-01,M,M,0.00,0.0,M
1928-02-02,M,M,0.00,0.0,M
1928-02-03,M,M,0.00,0.0,M
1928-02-04,M,M,0.14,2.0,M
1928-02-05,M,M,0.00,0.0,M
1928-02-06,M,M,0.00,0.0,M
1928-02-07,M,M,0.00,0.0,M
1928-02-08,M,M,0.13,2.0,M
1928-02-09,M,M,0.00,0.0,M
1928-02-10,M,M,0.00,0.0,M
1928-02-11,M,M,0.00,0.0,M
1928-02-12,M,M,0.07,1.0,M
1928-02-13,M,M,0.00,0.0,M
1928-02-14,M,M,0.00,0.0,M
1928-02-15,M,M,0.06,1.0,M
1928-02-16,M,M,0.06,1.0,M
1928-02-17,M,M,0.00,0.0,M
1928-02-18,M,M,0.00,0.0,M
1928-02-19,M,M,0.00,0.0,M
1928-02-20,M,M,0.00,0.0,M
1928-02-21,M,M,0.00,0.0,M
1928-02-22,M,M,0.13,2.0,M
1928-02-23,M,M,0.07,1.0,M
1928-02-24,M,M,0.00,0.0,M
1928-02-25,M,M,0.07,1.0,M
1928-02-26,M,M,0.00,0.0,M
1928-02-27,M,M,0.00,0.0,M
1928-02-28,M,M,0.00,0.0,M
1928-02-29,M,M,0.00,0.0,M
1928-03-01,M,M,0.00,0.0,M
1928-03-02,M,M,0.00,0.0,M
1928-03-03,M,M,0.00,0.0,M
1928-03-04,M,M,0.00,0.0,M
1928-03-05,M,M,0.00,0.0,M
1928-03-06,M,M,0.00,0.0,M
1928-03-07,M,M,0.00,0.0,M
1928-03-08,M,M,0.00,0.0,M
1928-03-09,M,M,0.00,0.0,M
1928-03-10,M,M,0.00,0.0,M
1928-03-11,M,M,0.00,0.0,M
1928-03-12,M,M,0.00,0.0,M
1928-03-13,M,M,0.00,0.0,M
1928-03-14,M,M,0.00,0.0,M
1928-03-15,M,M,0.56,8.0,4
1928-03-16,M,M,0.00,0.0,M
1928-03-17,M,M,0.00,0.0,M
1928-03-18,M,M,0.00,0.0,M
1928-03-19,M,M,0.00,0.0,M
1928-03-20,M,M,0.00,0.0,M
1928-03-21,M,M,0.00,0.0,M
1928-03-22,M,M,0.00,0.0,M
1928-03-23,M,M,0.00,0.0,M
1928-03-24,M,M,0.00,0.0,M
1928-03-25,M,M,0.00,0.0,M
1928-03-26,M,M,0.00,0.0,M
1928-03-27,M,M,0.00,0.0,M
1928-03-28,M,M,T,T,0
1928-03-29,M,M,0.13,2.0,0
1928-03-30,M,M,0.00,0.0,M
1928-03-31,M,M,0.00,0.0,M
1928-04-01,M,M,M,M,M
1928-04-02,M,M,M,M,M
1928-04-03,M,M,M,M,M
1928-04-04,M,M,M,M,M
1928-04-05,M,M,M,M,M
1928-04-06,M,M,M,M,M
1928-04-07,M,M,M,M,M
1928-04-08,M,M,M,M,M
1928-04-09,M,M,M,M,M
1928-04-10,M,M,M,M,M
1928-04-11,M,M,M,M,M
1928-04-12,M,M,M,M,M
1928-04-13,M,M,M,M,M
1928-04-14,M,M,M,M,M
1928-04-15,M,M,M,M,M
1928-04-16,M,M,M,M,M
1928-04-17,M,M,M,M,M
1928-04-18,M,M,M,M,M
1928-04-19,M,M,M,M,M
1928-04-20,M,M,M,M,M
1928-04-21,M,M,M,M,M
1928-04-22,M,M,M,M,M
1928-04-23,M,M,M,M,M
1928-04-24,M,M,M,M,M
1928-04-25,M,M,M,M,M
1928-04-26,M,M,M,M,M
1928-04-27,M,M,M,M,M
1928-04-28,M,M,M,M,M
1928-04-29,M,M,M,M,M
1928-04-30,M,M,M,M,M
1928-05-01,M,M,M,M,M
1928-05-02,M,M,T,M,M
1928-05-03,M,M,0.20,M,M
1928-05-04,M,M,T,M,M
1928-05-05,M,M,M,M,M
1928-05-06,M,M,M,M,M
1928-05-07,M,M,M,M,M
1928-05-08,M,M,M,M,M
1928-05-09,M,M,M,M,M
1928-05-10,M,M,M,M,M
1928-05-11,M,M,M,M,M
1928-05-12,M,M,M,M,M
1928-05-13,M,M,M,M,M
1928-05-14,M,M,0.10,M,M
1928-05-15,M,M,T,M,M
1928-05-16,M,M,0.17,M,M
1928-05-17,M,M,M,M,M
1928-05-18,M,M,M,M,M
1928-05-19,M,M,M,M,M
1928-05-20,M,M,M,M,M
1928-05-21,M,M,M,M,M
1928-05-22,M,M,M,M,M
1928-05-23,M,M,M,M,M
1928-05-24,M,M,M,M,M
1928-05-25,M,M,M,M,M
1928-05-26,M,M,M,M,M
1928-05-27,M,M,T,M,M
1928-05-28,M,M,M,M,M
1928-05-29,M,M,M,M,M
1928-05-30,M,M,M,M,M
1928-05-31,M,M,M,M,M
1928-06-01,M,M,0.00,0.0,M
1928-06-02,M,M,T,0.0,M
1928-06-03,M,M,0.14,0.0,M
1928-06-04,M,M,T,0.0,M
1928-06-05,M,M,0.00,0.0,M
1928-06-06,M,M,0.00,0.0,M
1928-06-07,M,M,T,0.0,M
1928-06-08,M,M,0.00,0.0,M
1928-06-09,M,M,T,0.0,M
1928-06-10,M,M,0.00,0.0,M
1928-06-11,M,M,0.00,0.0,M
1928-06-12,M,M,0.03,0.0,M
1928-06-13,M,M,0.04,0.0,M
1928-06-14,M,M,0.00,0.0,M
1928-06-15,M,M,0.00,0.0,M
1928-06-16,M,M,0.00,0.0,M
1928-06-17,M,M,0.00,0.0,M
1928-06-18,M,M,0.00,0.0,M
1928-06-19,M,M,0.00,0.0,M
1928-06-20,M,M,0.00,0.0,M
1928-06-21,M,M,0.00,0.0,M
1928-06-22,M,M,0.00,0.0,M
1928-06-23,M,M,0.00,0.0,M
1928-06-24,M,M,0.00,0.0,M
1928-06-25,M,M,0.00,0.0,M
1928-06-26,M,M,0.00,0.0,M
1928-06-27,M,M,0.00,0.0,M
1928-06-28,M,M,0.00,0.0,M
1928-06-29,M,M,0.00,0.0,M
1928-06-30,M,M,0.00,0.0,M
1928-07-01,M,M,M,0.0,M
1928-07-02,M,M,M,0.0,M
1928-07-03,M,M,M,0.0,M
1928-07-04,M,M,M,0.0,M
1928-07-05,M,M,M,0.0,M
1928-07-06,M,M,M,0.0,M
1928-07-07,M,M,M,0.0,M
1928-07-08,M,M,M,0.0,M
1928-07-09,M,M,M,0.0,M
1928-07-10,M,M,M,0.0,M
1928-07-11,M,M,M,0.0,M
1928-07-12,M,M,M,0.0,M
1928-07-13,M,M,M,0.0,M
1928-07-14,M,M,M,0.0,M
1928-07-15,M,M,M,0.0,M
1928-07-16,M,M,M,0.0,M
1928-07-17,M,M,M,0.0,M
1928-07-18,M,M,M,0.0,M
1928-07-19,M,M,M,0.0,M
1928-07-20,M,M,M,0.0,M
1928-07-21,M,M,M,0.0,M
1928-07-22,M,M,M,0.0,M
1928-07-23,M,M,M,0.0,M
1928-07-24,M,M,M,0.0,M
1928-07-25,M,M,M,0.0,M
1928-07-26,M,M,M,0.0,M
1928-07-27,M,M,M,0.0,M
1928-07-28,M,M,M,0.0,M
1928-07-29,M,M,M,0.0,M
1928-07-30,M,M,M,0.0,M
1928-07-31,M,M,M,0.0,M
1928-08-01,M,M,0.35,0.0,M
1928-08-02,M,M,0.42,0.0,M
1928-08-03,M,M,1.70,0.0,M
1928-08-04,M,M,0.14,0.0,M
1928-08-05,M,M,M,0.0,M
1928-08-06,M,M,M,0.0,M
1928-08-07,M,M,M,0.0,M
1928-08-08,M,M,M,0.0,M
1928-08-09,M,M,M,0.0,M
1928-08-10,M,M,M,0.0,M
1928-08-11,M,M,M,0.0,M
1928-08-12,M,M,0.15,0.0,M
1928-08-13,M,M,0.40,0.0,M
1928-08-14,M,M,M,0.0,M
1928-08-15,M,M,0.24,0.0,M
1928-08-16,M,M,M,0.0,M
1928-08-17,M,M,M,0.0,M
1928-08-18,M,M,M,0.0,M
1928-08-19,M,M,M,0.0,M
1928-08-20,M,M,M,0.0,M
1928-08-21,M,M,0.28,0.0,M
1928-08-22,M,M,M,0.0,M
1928-08-23,M,M,M,0.0,M
1928-08-24,M,M,0.67,0.0,M
1928-08-25,M,M,0.48,0.0,M
1928-08-26,M,M,M,0.0,M
1928-08-27,M,M,M,0.0,M
1928-08-28,M,M,0.12,0.0,M
1928-08-29,M,M,0.65,0.0,M
1928-08-30,M,M,0.10,0.0,M
1928-08-31,M,M,M,0.0,M
1928-09-01,M,M,0.00,0.0,M
1928-09-02,M,M,0.00,0.0,M
1928-09-03,M,M,0.00,0.0,M
1928-09-04,M,M,0.00,0.0,M
1928-09-05,M,M,0.00,0.0,M
1928-09-06,M,M,0.00,0.0,M
1928-09-07,M,M,0.00,0.0,M
1928-09-08,M,M,0.00,0.0,M
1928-09-09,M,M,0.19,0.0,M
1928-09-10,M,M,0.00,0.0,M
1928-09-11,M,M,0.00,0.0,M
1928-09-12,M,M,0.00,0.0,M
1928-09-13,M,M,0.00,0.0,M
1928-09-14,M,M,0.00,0.0,M
1928-09-15,M,M,0.00,0.0,M
1928-09-16,M,M,0.00,0.0,M
1928-09-17,M,M,0.00,0.0,M
1928-09-18,M,M,0.00,0.0,M
1928-09-19,M,M,0.00,0.0,M
1928-09-20,M,M,T,0.0,M
1928-09-21,M,M,0.00,0.0,M
1928-09-22,M,M,0.00,0.0,M
1928-09-23,M,M,0.00,0.0,M
1928-09-24,M,M,0.00,0.0,M
1928-09-25,M,M,0.00,0.0,M
1928-09-26,M,M,0.00,0.0,M
1928-09-27,M,M,0.00,0.0,M
1928-09-28,M,M,0.00,0.0,M
1928-09-29,M,M,0.00,0.0,M
1928-09-30,M,M,0.11,0.0,M
1928-10-01,M,M,0.00,0.0,M
1928-10-02,M,M,0.00,0.0,M
1928-10-03,M,M,0.00,0.0,M
1928-10-04,M,M,0.00,0.0,M
1928-10-05,M,M,0.00,0.0,M
1928-10-06,M,M,0.00,0.0,M
1928-10-07,M,M,0.00,0.0,M
1928-10-08,M,M,0.00,0.0,M
1928-10-09,M,M,0.00,0.0,M
1928-10-10,M,M,0.00,0.0,M
1928-10-11,M,M,0.11,0.0,M
1928-10-12,M,M,0.04,0.0,M
1928-10-13,M,M,0.07,0.0,M
1928-10-14,M,M,0.00,0.0,M
1928-10-15,M,M,0.00,0.0,M
1928-10-16,M,M,0.00,0.0,M
1928-10-17,M,M,0.00,0.0,M
1928-10-18,M,M,0.00,0.0,M
1928-10-19,M,M,0.00,0.0,M
1928-10-20,M,M,0.00,0.0,M
1928-10-21,M,M,0.00,0.0,M
1928-10-22,M,M,0.00,0.0,M
1928-10-23,M,M,0.00,0.0,M
1928-10-24,M,M,0.00,0.0,M
1928-10-25,M,M,0.00,0.0,M
1928-10-26,M,M,0.00,0.0,M
1928-10-27,M,M,0.00,0.0,M
1928-10-28,M,M,0.08,0.0,M
1928-10-29,M,M,0.15,0.0,M
1928-10-30,M,M,0.20,0.0,M
1928-10-31,M,M,T,0.0,M
1928-11-01,M,M,M,M,M
1928-11-02,M,M,M,M,M
1928-11-03,M,M,M,M,M
1928-11-04,M,M,M,M,M
1928-11-05,M,M,M,M,M
1928-11-06,M,M,M,M,M
1928-11-07,M,M,M,M,M
1928-11-08,M,M,M,M,M
1928-11-09,M,M,M,M,M
1928-11-10,M,M,M,M,M
1928-11-11,M,M,M,M,M
1928-11-12,M,M,M,M,M
1928-11-13,M,M,M,M,M
1928-11-14,M,M,M,M,M
1928-11-15,M,M,M,M,M
1928-11-16,M,M,M,M,M
1928-11-17,M,M,M,M,M
1928-11-18,M,M,M,M,M
1928-11-19,M,M,M,M,M
1928-11-20,M,M,M,M,M
1928-11-21,M,M,M,M,M
1928-11-22,M,M,M,M,M
1928-11-23,M,M,M,M,M
1928-11-24,M,M,M,M,M
1928-11-25,M,M,M,M,M
1928-11-26,M,M,M,M,M
1928-11-27,M,M,M,M,M
1928-11-28,M,M,M,M,M
1928-11-29,M,M,M,M,M
1928-11-30,M,M,M,M,M
1928-12-01,M,M,M,M,M
1928-12-02,M,M,M,M,M
1928-12-03,M,M,M,M,M
1928-12-04,M,M,M,M,M
1928-12-05,M,M,M,M,M
1928-12-06,M,M,M,M,M
1928-12-07,M,M,M,M,M
1928-12-08,M,M,M,M,M
1928-12-09,M,M,M,M,M
1928-12-10,M,M,M,M,M
1928-12-11,M,M,M,M,M
1928-12-12,M,M,M,M,M
1928-12-13,M,M,M,M,M
1928-12-14,M,M,M,M,M
1928-12-15,M,M,M,M,M
1928-12-16,M,M,M,M,M
1928-12-17,M,M,M,M,M
1928-12-18,M,M,M,M,M
1928-12-19,M,M,M,M,M
1928-12-20,M,M,M,M,M
1928-12-21,M,M,M,M,M
1928-12-22,M,M,M,M,M
1928-12-23,M,M,M,M,M
1928-12-24,M,M,M,M,M
1928-12-25,M,M,M,M,M
1928-12-26,M,M,M,M,M
1928-12-27,M,M,M,M,M
1928-12-28,M,M,M,M,M
1928-12-29,M,M,M,M,M
1928-12-30,M,M,M,M,M
1928-12-31,M,M,M,M,M
1929-01-01,M,M,0.00,0.0,M
1929-01-02,M,M,0.00,0.0,M
1929-01-03,M,M,0.00,0.0,M
1929-01-04,M,M,0.04,1.0,M
1929-01-05,M,M,0.00,0.0,M
1929-01-06,M,M,0.00,0.0,M
1929-01-07,M,M,0.00,0.0,M
1929-01-08,M,M,0.06,1.0,M
1929-01-09,M,M,T,T,M
1929-01-10,M,M,0.00,0.0,M
1929-01-11,M,M,0.00,0.0,M
1929-01-12,M,M,0.00,0.0,M
1929-01-13,M,M,0.00,0.0,M
1929-01-14,M,M,0.00,0.0,M
1929-01-15,M,M,0.00,0.0,M
1929-01-16,M,M,0.00,0.0,M
1929-01-17,M,M,0.00,0.0,M
1929-01-18,M,M,0.20,3.0,M
1929-01-19,M,M,0.00,0.0,M
1929-01-20,M,M,0.00,0.0,M
1929-01-21,M,M,0.00,0.0,M
1929-01-22,M,M,0.00,0.0,M
1929-01-23,M,M,0.00,0.0,M
1929-01-24,M,M,0.00,0.0,M
1929-01-25,M,M,0.00,0.0,M
1929-01-26,M,M,0.00,0.0,M
1929-01-27,M,M,0.00,0.0,M
1929-01-28,M,M,0.00,0.0,M
1929-01-29,M,M,0.00,0.0,M
1929-01-30,M,M,0.00,0.0,M
1929-01-31,M,M,0.00,0.0,M
1929-02-01,M,M,0.00,0.0,M
1929-02-02,M,M,0.00,0.0,M
1929-02-03,M,M,0.00,0.0,M
1929-02-04,M,M,0.00,0.0,M
1929-02-05,M,M,0.00,0.0,M
1929-02-06,M,M,0.00,0.0,M
1929-02-07,M,M,0.00,0.0,4
1929-02-08,M,M,0.30,4.0,M
1929-02-09,M,M,0.00,0.0,M
1929-02-10,M,M,0.00,0.0,M
1929-02-11,M,M,0.00,0.0,M
1929-02-12,M,M,0.00,0.0,M
1929-02-13,M,M,0.00,0.0,M
1929-02-14,M,M,0.00,0.0,M
1929-02-15,M,M,0.00,0.0,M
1929-02-16,M,M,0.00,0.0,M
1929-02-17,M,M,0.00,0.0,M
1929-02-18,M,M,0.00,0.0,M
1929-02-19,M,M,0.00,0.0,M
1929-02-20,M,M,0.00,0.0,M
1929-02-21,M,M,0.00,0.0,M
1929-02-22,M,M,0.00,0.0,M
1929-02-23,M,M,0.00,0.0,M
1929-02-24,M,M,0.00,0.0,M
1929-02-25,M,M,T,T,M
1929-02-26,M,M,0.00,0.0,M
1929-02-27,M,M,0.00,0.0,M
1929-02-28,M,M,0.00,0.0,M
1929-03-01,M,M,M,M,M
1929-03-02,M,M,M,M,M
1929-03-03,M,M,T,M,M
1929-03-04,M,M,M,M,M
1929-03-05,M,M,M,M,M
1929-03-06,M,M,M,M,M
1929-03-07,M,M,M,M,M
1929-03-08,M,M,M,M,M
1929-03-09,M,M,M,M,M
1929-03-10,M,M,M,M,M
1929-03-11,M,M,T,M,M
1929-03-12,M,M,M,M,M
1929-03-13,M,M,M,M,M
1929-03-14,M,M,T,M,M
1929-03-15,M,M,M,M,M
1929-03-16,M,M,T,M,M
1929-03-17,M,M,M,M,M
1929-03-18,M,M,M,M,M
1929-03-19,M,M,M,M,M
1929-03-20,M,M,M,M,M
1929-03-21,M,M,M,M,M
1929-03-22,M,M,T,M,M
1929-03-23,M,M,M,M,M
1929-03-24,M,M,M,M,M
1929-03-25,M,M,M,M,M
1929-03-26,M,M,M,M,M
1929-03-27,M,M,M,M,M
1929-03-28,M,M,M,M,M
1929-03-29,M,M,M,M,M
1929-03-30,M,M,M,M,M
1929-03-31,M,M,M,M,M
1929-04-01,M,M,0.00,0.0,M
1929-04-02,M,M,0.00,0.0,M
1929-04-03,M,M,0.00,0.0,M
1929-04-04,M,M,0.10,0.0,M
1929-04-05,M,M,0.00,0.0,M
1929-04-06,M,M,0.00,0.0,M
1929-04-07,M,M,0.00,0.0,M
1929-04-08,M,M,0.00,0.0,M
1929-04-09,M,M,0.00,0.0,M
1929-04-10,M,M,0.00,0.0,M
1929-04-11,M,M,0.00,0.0,M
1929-04-12,M,M,0.00,0.0,M
1929-04-13,M,M,0.00,0.0,M
1929-04-14,M,M,0.00,0.0,M
1929-04-15,M,M,0.00,0.0,M
1929-04-16,M,M,0.00,0.0,M
1929-04-17,M,M,0.00,0.0,M
1929-04-18,M,M,0.00,0.0,M
1929-04-19,M,M,0.00,0.0,M
1929-04-20,M,M,0.00,0.0,M
1929-04-21,M,M,0.00,0.0,M
1929-04-22,M,M,0.00,0.0,M
1929-04-23,M,M,0.00,0.0,M
1929-04-24,M,M,0.00,0.0,M
1929-04-25,M,M,0.00,0.0,M
1929-04-26,M,M,0.00,0.0,M
1929-04-27,M,M,T,T,M
1929-04-28,M,M,0.00,0.0,M
1929-04-29,M,M,0.00,0.0,M
1929-04-30,M,M,0.00,0.0,M
1929-05-01,M,M,0.00,0.0,M
1929-05-02,M,M,0.00,0.0,M
1929-05-03,M,M,0.00,0.0,M
1929-05-04,M,M,0.00,0.0,M
1929-05-05,M,M,0.00,0.0,M
1929-05-06,M,M,0.00,0.0,M
1929-05-07,M,M,0.00,0.0,M
1929-05-08,M,M,0.00,0.0,M
1929-05-09,M,M,0.00,0.0,M
1929-05-10,M,M,0.00,0.0,M
1929-05-11,M,M,1.45,0.0,M
1929-05-12,M,M,0.06,0.0,M
1929-05-13,M,M,0.00,0.0,M
1929-05-14,M,M,0.00,0.0,M
1929-05-15,M,M,0.00,0.0,M
1929-05-16,M,M,0.37,0.0,M
1929-05-17,M,M,0.03,0.0,M
1929-05-18,M,M,0.08,0.0,M
1929-05-19,M,M,0.00,0.0,M
1929-05-20,M,M,0.06,0.0,M
1929-05-21,M,M,0.00,0.0,M
1929-05-22,M,M,T,0.0,M
1929-05-23,M,M,0.23,0.0,M
1929-05-24,M,M,0.11,0.0,M
1929-05-25,M,M,T,0.0,M
1929-05-26,M,M,0.00,0.0,M
1929-05-27,M,M,0.00,0.0,M
1929-05-28,M,M,0.00,0.0,M
1929-05-29,M,M,0.00,0.0,M
1929-05-30,M,M,0.41,0.0,M
1929-05-31,M,M,0.08,0.0,M
1929-06-01,M,M,0.00,0.0,M
1929-06-02,M,M,0.00,0.0,M
1929-06-03,M,M,0.00,0.0,M
1929-06-04,M,M,0.00,0.0,M
1929-06-05,M,M,0.00,0.0,M
1929-06-06,M,M,0.00,0.0,M
1929-06-07,M,M,0.00,0.0,M
1929-06-08,M,M,0.00,0.0,M
1929-06-09,M,M,0.00,0.0,M
1929-06-10,M,M,0.00,0.0,M
1929-06-11,M,M,0.00,0.0,M
1929-06-12,M,M,0.00,0.0,M
1929-06-13,M,M,0.00,0.0,M
1929-06-14,M,M,0.00,0.0,M
1929-06-15,M,M,0.00,0.0,M
1929-06-16,M,M,0.00,0.0,M
1929-06-17,M,M,0.00,0.0,M
1929-06-18,M,M,0.00,0.0,M
1929-06-19,M,M,0.00,0.0,M
1929-06-20,M,M,0.00,0.0,M
1929-06-21,M,M,0.00,0.0,M
1929-06-22,M,M,0.00,0.0,M
1929-06-23,M,M,0.00,0.0,M
1929-06-24,M,M,0.00,0.0,M
1929-06-25,M,M,0.00,0.0,M
1929-06-26,M,M,0.00,0.0,M
1929-06-27,M,M,0.00,0.0,M
1929-06-28,M,M,0.00,0.0,M
1929-06-29,M,M,T,0.0,M
1929-06-30,M,M,0.00,0.0,M
1929-07-01,M,M,0.35,M,M
1929-07-02,M,M,M,M,M
1929-07-03,M,M,0.05,M,M
1929-07-04,M,M,0.11,M,M
1929-07-05,M,M,T,M,M
1929-07-06,M,M,M,M,M
1929-07-07,M,M,M,M,M
1929-07-08,M,M,M,M,M
1929-07-09,M,M,0.43,M,M
1929-07-10,M,M,0.01,M,M
1929-07-11,M,M,0.11,M,M
1929-07-12,M,M,M,M,M
1929-07-13,M,M,M,M,M
1929-07-14,M,M,M,M,M
1929-07-15,M,M,M,M,M
1929-07-16,M,M,M,M,M
1929-07-17,M,M,M,M,M
1929-07-18,M,M,M,M,M
1929-07-19,M,M,M,M,M
1929-07-20,M,M,M,M,M
1929-07-21,M,M,M,M,M
1929-07-22,M,M,M,M,M
1929-07-23,M,M,M,M,M
1929-07-24,M,M,M,M,M
1929-07-25,M,M,M,M,M
1929-07-26,M,M,M,M,M
1929-07-27,M,M,M,M,M
1929-07-28,M,M,M,M,M
1929-07-29,M,M,M,M,M
1929-07-30,M,M,M,M,M
1929-07-31,M,M,M,M,M
1929-08-01,M,M,0.00,0.0,M
1929-08-02,M,M,0.00,0.0,M
1929-08-03,M,M,0.00,0.0,M
1929-08-04,M,M,0.00,0.0,M
1929-08-05,M,M,0.00,0.0,M
1929-08-06,M,M,0.00,0.0,M
1929-08-07,M,M,0.00,0.0,M
1929-08-08,M,M,0.00,0.0,M
1929-08-09,M,M,0.00,0.0,M
1929-08-10,M,M,0.00,0.0,M
1929-08-11,M,M,0.00,0.0,M
1929-08-12,M,M,0.00,0.0,M
1929-08-13,M,M,0.00,0.0,M
1929-08-14,M,M,0.00,0.0,M
1929-08-15,M,M,0.00,0.0,M
1929-08-16,M,M,0.00,0.0,M
1929-08-17,M,M,0.00,0.0,M
1929-08-18,M,M,2.88,0.0,M
1929-08-19,M,M,0.00,0.0,M
1929-08-20,M,M,0.00,0.0,M
1929-08-21,M,M,0.00,0.0,M
1929-08-22,M,M,0.00,0.0,M
1929-08-23,M,M,0.00,0.0,M
1929-08-24,M,M,0.00,0.0,M
1929-08-25,M,M,0.00,0.0,M
1929-08-26,M,M,0.00,0.0,M
1929-08-27,M,M,0.00,0.0,M
1929-08-28,M,M,0.00,0.0,M
1929-08-29,M,M,0.00,0.0,M
1929-08-30,M,M,0.00,0.0,M
1929-08-31,M,M,0.23,0.0,M
1929-09-01,M,M,0.00,0.0,M
1929-09-02,M,M,0.00,0.0,M
1929-09-03,M,M,0.00,0.0,M
1929-09-04,M,M,0.00,0.0,M
1929-09-05,M,M,0.00,0.0,M
1929-09-06,M,M,0.00,0.0,M
1929-09-07,M,M,0.00,0.0,M
1929-09-08,M,M,0.00,0.0,M
1929-09-09,M,M,0.00,0.0,M
1929-09-10,M,M,0.00,0.0,M
1929-09-11,M,M,0.00,0.0,M
1929-09-12,M,M,0.00,0.0,M
1929-09-13,M,M,0.00,0.0,M
1929-09-14,M,M,0.00,0.0,M
1929-09-15,M,M,0.00,0.0,M
1929-09-16,M,M,0.00,0.0,M
1929-09-17,M,M,0.00,0.0,M
1929-09-18,M,M,0.00,0.0,M
1929-09-19,M,M,0.13,0.0,M
1929-09-20,M,M,0.40,0.0,M
1929-09-21,M,M,0.15,0.0,M
1929-09-22,M,M,1.58,0.0,M
1929-09-23,M,M,0.00,0.0,M
1929-09-24,M,M,0.21,0.0,M
1929-09-25,M,M,0.18,0.0,M
1929-09-26,M,M,0.00,0.0,M
1929-09-27,M,M,0.00,0.0,M
1929-09-28,M,M,0.00,0.0,M
1929-09-29,M,M,0.00,0.0,M
1929-09-30,M,M,0.00,0.0,M
1929-10-01,M,M,0.00,0.0,M
1929-10-02,M,M,0.00,0.0,M
1929-10-03,M,M,0.00,0.0,M
1929-10-04,M,M,0.00,0.0,M
1929-10-05,M,M,0.00,0.0,M
1929-10-06,M,M,0.00,0.0,M
1929-10-07,M,M,0.02,0.0,M
1929-10-08,M,M,0.06,0.0,M
1929-10-09,M,M,0.00,0.0,M
1929-10-10,M,M,0.00,0.0,M
1929-10-11,M,M,0.00,0.0,M
1929-10-12,M,M,0.00,0.0,M
1929-10-13,M,M,0.00,0.0,M
1929-10-14,M,M,0.00,0.0,M
1929-10-15,M,M,0.00,0.0,M
1929-10-16,M,M,0.00,0.0,M
1929-10-17,M,M,0.00,0.0,M
1929-10-18,M,M,0.00,0.0,M
1929-10-19,M,M,0.00,0.0,M
1929-10-20,M,M,0.00,0.0,M
1929-10-21,M,M,0.00,0.0,M
1929-10-22,M,M,0.33,3.5,M
1929-10-23,M,M,0.00,0.0,M
1929-10-24,M,M,0.00,0.0,M
1929-10-25,M,M,0.00,0.0,M
1929-10-26,M,M,0.00,0.0,M
1929-10-27,M,M,0.00,0.0,M
1929-10-28,M,M,0.00,0.0,M
1929-10-29,M,M,0.12,1.0,M
1929-10-30,M,M,0.15,1.4,M
1929-10-31,M,M,0.00,0.0,M
1929-11-01,M,M,0.00,0.0,M
1929-11-02,M,M,0.00,0.0,M
1929-11-03,M,M,0.00,0.0,M
1929-11-04,M,M,0.00,0.0,M
1929-11-05,M,M,0.00,0.0,M
1929-11-06,M,M,0.00,0.0,M
1929-11-07,M,M,0.51,5.2,M
1929-11-08,M,M,0.00,0.0,M
1929-11-09,M,M,0.00,0.0,M
1929-11-10,M,M,0.00,0.0,M
1929-11-11,M,M,0.00,0.0,M
1929-11-12,M,M,0.00,0.0,M
1929-11-13,M,M,0.00,0.0,M
1929-11-14,M,M,0.00,0.0,M
1929-11-15,M,M,0.00,0.0,M
1929-11-16,M,M,0.00,0.0,M
1929-11-17,M,M,0.00,0.0,M
1929-11-18,M,M,0.00,0.0,M
1929-11-19,M,M,0.00,0.0,M
1929-11-20,M,M,0.00,0.0,M
1929-11-21,M,M,0.00,0.0,M
1929-11-22,M,M,0.00,0.0,M
1929-11-23,M,M,T,T,M
1929-11-24,M,M,0.00,0.0,M
1929-11-25,M,M,0.00,0.0,M
1929-11-26,M,M,0.00,0.0,M
1929-11-27,M,M,0.00,0.0,M
1929-11-28,M,M,0.00,0.0,M
1929-11-29,M,M,0.00,0.0,M
1929-11-30,M,M,0.00,0.0,M
1929-12-01,M,M,0.00,0.0,M
1929-12-02,M,M,0.00,0.0,M
1929-12-03,M,M,0.00,0.0,M
1929-12-04,M,M,0.00,0.0,M
1929-12-05,M,M,0.00,0.0,M
1929-12-06,M,M,0.00,0.0,M
1929-12-07,M,M,0.00,0.0,M
1929-12-08,M,M,0.00,0.0,M
1929-12-09,M,M,0.00,0.0,M
1929-12-10,M,M,0.00,0.0,M
1929-12-11,M,M,0.00,0.0,M
1929-12-12,M,M,0.00,0.0,M
1929-12-13,M,M,0.00,0.0,M
1929-12-14,M,M,0.00,0.0,M
1929-12-15,M,M,0.00,0.0,M
1929-12-16,M,M,0.00,0.0,M
1929-12-17,M,M,0.00,0.0,M
1929-12-18,M,M,0.00,0.0,M
1929-12-19,M,M,0.03,0.5,M
1929-12-20,M,M,T,0.0,M
1929-12-21,M,M,0.00,0.0,M
1929-12-22,M,M,0.00,0.0,M
1929-12-23,M,M,0.00,0.0,M
1929-12-24,M,M,0.00,0.0,M
1929-12-25,M,M,0.00,0.0,M
1929-12-26,M,M,0.00,0.0,M
1929-12-27,M,M,0.00,0.0,M
1929-12-28,M,M,0.00,0.0,M
1929-12-29,M,M,0.00,0.0,M
1929-12-30,M,M,0.00,0.0,M
1929-12-31,M,M,0.00,0.0,M
1930-01-01,M,M,0.00,0.0,M
1930-01-02,M,M,0.00,0.0,M
1930-01-03,M,M,0.00,0.0,M
1930-01-04,M,M,0.00,0.0,M
1930-01-05,M,M,0.00,0.0,M
1930-01-06,M,M,0.05,0.5,M
1930-01-07,M,M,T,0.0,M
1930-01-08,M,M,0.00,0.0,M
1930-01-09,M,M,0.00,0.0,M
1930-01-10,M,M,0.00,0.0,M
1930-01-11,M,M,0.00,0.0,M
1930-01-12,M,M,0.03,0.5,M
1930-01-13,M,M,0.10,2.0,M
1930-01-14,M,M,0.27,3.5,M
1930-01-15,M,M,0.08,1.2,M
1930-01-16,M,M,0.00,0.0,M
1930-01-17,M,M,0.00,0.0,M
1930-01-18,M,M,0.18,2.5,M
1930-01-19,M,M,0.00,0.0,M
1930-01-20,M,M,0.14,2.0,M
1930-01-21,M,M,0.00,0.0,M
1930-01-22,M,M,0.00,0.0,M
1930-01-23,M,M,0.00,0.0,M
1930-01-24,M,M,0.00,0.0,M
1930-01-25,M,M,0.00,0.0,M
1930-01-26,M,M,0.00,0.0,M
1930-01-27,M,M,0.00,0.0,M
1930-01-28,M,M,0.00,0.0,M
1930-01-29,M,M,0.00,0.0,M
1930-01-30,M,M,0.00,0.0,M
1930-01-31,M,M,0.00,0.0,M
1930-02-01,M,M,0.00,0.0,M
1930-02-02,M,M,0.00,0.0,M
1930-02-03,M,M,0.06,1.0,M
1930-02-04,M,M,0.00,0.0,M
1930-02-05,M,M,0.00,0.0,M
1930-02-06,M,M,0.00,0.0,M
1930-02-07,M,M,0.00,0.0,M
1930-02-08,M,M,0.00,0.0,M
1930-02-09,M,M,0.00,0.0,M
1930-02-10,M,M,0.00,0.0,M
1930-02-11,M,M,0.00,0.0,M
1930-02-12,M,M,0.00,0.0,M
1930-02-13,M,M,0.00,0.0,M
1930-02-14,M,M,0.00,0.0,M
1930-02-15,M,M,0.00,0.0,M
1930-02-16,M,M,0.00,0.0,M
1930-02-17,M,M,0.00,0.0,M
1930-02-18,M,M,0.00,0.0,M
1930-02-19,M,M,0.00,0.0,M
1930-02-20,M,M,0.00,0.0,M
1930-02-21,M,M,0.00,0.0,M
1930-02-22,M,M,0.00,0.0,M
1930-02-23,M,M,T,0.0,M
1930-02-24,M,M,0.00,0.0,M
1930-02-25,M,M,0.04,0.5,M
1930-02-26,M,M,0.00,0.0,M
1930-02-27,M,M,0.02,0.0,M
1930-02-28,M,M,0.00,0.0,M
1930-03-01,M,M,0.00,0.0,M
1930-03-02,M,M,0.00,0.0,M
1930-03-03,M,M,0.00,0.0,M
1930-03-04,M,M,0.00,0.0,M
1930-03-05,M,M,0.04,0.0,M
1930-03-06,M,M,0.00,0.0,M
1930-03-07,M,M,0.00,0.0,M
1930-03-08,M,M,0.00,0.0,M
1930-03-09,M,M,0.00,0.0,M
1930-03-10,M,M,0.00,0.0,M
1930-03-11,M,M,0.00,0.0,M
1930-03-12,M,M,0.00,0.0,M
1930-03-13,M,M,0.00,0.0,M
1930-03-14,M,M,0.00,0.0,M
1930-03-15,M,M,0.00,0.0,M
1930-03-16,M,M,0.00,0.0,M
1930-03-17,M,M,0.11,0.0,M
1930-03-18,M,M,0.03,0.0,M
1930-03-19,M,M,0.00,0.0,M
1930-03-20,M,M,0.00,0.0,M
1930-03-21,M,M,0.00,0.0,M
1930-03-22,M,M,0.00,0.0,M
1930-03-23,M,M,0.00,0.0,M
1930-03-24,M,M,0.00,0.0,M
1930-03-25,M,M,0.00,0.0,M
1930-03-26,M,M,0.00,0.0,M
1930-03-27,M,M,0.33,4.0,M
1930-03-28,M,M,0.00,0.0,M
1930-03-29,M,M,0.00,0.0,M
1930-03-30,M,M,0.00,0.0,M
1930-03-31,M,M,0.00,0.0,M
1930-04-01,M,M,0.00,0.0,M
1930-04-02,M,M,0.00,0.0,M
1930-04-03,M,M,0.00,0.0,M
1930-04-04,M,M,0.00,0.0,M
1930-04-05,M,M,0.00,0.0,M
1930-04-06,M,M,0.00,0.0,M
1930-04-07,M,M,0.00,0.0,M
1930-04-08,M,M,0.00,0.0,M
1930-04-09,M,M,0.25,0.0,M
1930-04-10,M,M,0.00,0.0,M
1930-04-11,M,M,0.00,0.0,M
1930-04-12,M,M,0.00,0.0,M
1930-04-13,M,M,0.00,0.0,M
1930-04-14,M,M,0.00,0.0,M
1930-04-15,M,M,0.00,0.0,M
1930-04-16,M,M,0.00,0.0,M
1930-04-17,M,M,0.00,0.0,M
1930-04-18,M,M,0.00,0.0,M
1930-04-19,M,M,0.00,0.0,M
1930-04-20,M,M,0.00,0.0,M
1930-04-21,M,M,0.00,0.0,M
1930-04-22,M,M,0.00,0.0,M
1930-04-23,M,M,0.00,0.0,M
1930-04-24,M,M,0.00,0.0,M
1930-04-25,M,M,0.00,0.0,M
1930-04-26,M,M,0.00,0.0,M
1930-04-27,M,M,0.00,0.0,M
1930-04-28,M,M,0.00,0.0,M
1930-04-29,M,M,0.00,0.0,M
1930-04-30,M,M,0.00,0.0,M
1930-05-01,M,M,0.00,0.0,M
1930-05-02,M,M,0.00,0.0,M
1930-05-03,M,M,0.06,0.0,M
1930-05-04,M,M,0.00,0.0,M
1930-05-05,M,M,0.00,0.0,M
1930-05-06,M,M,0.00,0.0,M
1930-05-07,M,M,0.00,0.0,M
1930-05-08,M,M,0.00,0.0,M
1930-05-09,M,M,0.00,0.0,M
1930-05-10,M,M,0.00,0.0,M
1930-05-11,M,M,0.00,0.0,M
1930-05-12,M,M,0.00,0.0,M
1930-05-13,M,M,0.00,0.0,M
1930-05-14,M,M,0.00,0.0,M
1930-05-15,M,M,0.00,0.0,M
1930-05-16,M,M,0.00,0.0,M
1930-05-17,M,M,0.10,0.0,M
1930-05-18,M,M,0.35,0.0,M
1930-05-19,M,M,0.00,0.0,M
1930-05-20,M,M,0.00,0.0,M
1930-05-21,M,M,0.00,0.0,M
1930-05-22,M,M,0.00,0.0,M
1930-05-23,M,M,0.00,0.0,M
1930-05-24,M,M,0.00,0.0,M
1930-05-25,M,M,0.00,0.0,M
1930-05-26,M,M,0.00,0.0,M
1930-05-27,M,M,0.00,0.0,M
1930-05-28,M,M,0.02,0.0,M
1930-05-29,M,M,0.00,0.0,M
1930-05-30,M,M,0.05,0.0,M
1930-05-31,M,M,0.58,0.0,M
1930-06-01,M,M,0.00,0.0,M
1930-06-02,M,M,0.00,0.0,M
1930-06-03,M,M,0.00,0.0,M
1930-06-04,M,M,0.00,0.0,M
1930-06-05,M,M,0.00,0.0,M
1930-06-06,M,M,0.00,0.0,M
1930-06-07,M,M,0.00,0.0,M
1930-06-08,M,M,0.00,0.0,M
1930-06-09,M,M,0.08,0.0,M
1930-06-10,M,M,0.07,0.0,M
1930-06-11,M,M,0.00,0.0,M
1930-06-12,M,M,0.00,0.0,M
1930-06-13,M,M,0.00,0.0,M
1930-06-14,M,M,0.00,0.0,M
1930-06-15,M,M,0.00,0.0,M
1930-06-16,M,M,0.00,0.0,M
1930-06-17,M,M,0.17,0.0,M
1930-06-18,M,M,0.00,0.0,M
1930-06-19,M,M,0.00,0.0,M
1930-06-20,M,M,0.00,0.0,M
1930-06-21,M,M,0.00,0.0,M
1930-06-22,M,M,0.00,0.0,M
1930-06-23,M,M,0.00,0.0,M
1930-06-24,M,M,0.00,0.0,M
1930-06-25,M,M,0.00,0.0,M
1930-06-26,M,M,0.00,0.0,M
1930-06-27,M,M,0.00,0.0,M
1930-06-28,M,M,0.00,0.0,M
1930-06-29,M,M,0.00,0.0,M
1930-06-30,M,M,0.00,0.0,M
1930-07-01,M,M,M,M,M
1930-07-02,M,M,M,M,M
1930-07-03,M,M,M,M,M
1930-07-04,M,M,M,M,M
1930-07-05,M,M,M,M,M
1930-07-06,M,M,M,M,M
1930-07-07,M,M,M,M,M
1930-07-08,M,M,M,M,M
1930-07-09,M,M,M,M,M
1930-07-10,M,M,M,M,M
1930-07-11,M,M,M,M,M
1930-07-12,M,M,M,M,M
1930-07-13,M,M,M,M,M
1930-07-14,M,M,M,M,M
1930-07-15,M,M,M,M,M
1930-07-16,M,M,M,M,M
1930-07-17,M,M,M,M,M
1930-07-18,M,M,M,M,M
1930-07-19,M,M,M,M,M
1930-07-20,M,M,M,M,M
1930-07-21,M,M,M,M,M
1930-07-22,M,M,M,M,M
1930-07-23,M,M,M,M,M
1930-07-24,M,M,M,M,M
1930-07-25,M,M,M,M,M
1930-07-26,M,M,M,M,M
1930-07-27,M,M,M,M,M
1930-07-28,M,M,M,M,M
1930-07-29,M,M,M,M,M
1930-07-30,M,M,M,M,M
1930-07-31,M,M,M,M,M
1930-08-01,M,M,M,M,M
1930-08-02,M,M,M,M,M
1930-08-03,M,M,M,M,M
1930-08-04,M,M,M,M,M
1930-08-05,M,M,M,M,M
1930-08-06,M,M,M,M,M
1930-08-07,M,M,M,M,M
1930-08-08,M,M,M,M,M
1930-08-09,M,M,M,M,M
1930-08-10,M,M,M,M,M
1930-08-11,M,M,M,M,M
1930-08-12,M,M,M,M,M
1930-08-13,M,M,M,M,M
1930-08-14,M,M,M,M,M
1930-08-15,M,M,M,M,M
1930-08-16,M,M,M,M,M
1930-08-17,M,M,M,M,M
1930-08-18,M,M,M,M,M
1930-08-19,M,M,M,M,M
1930-08-20,M,M,M,M,M
1930-08-21,M,M,M,M,M
1930-08-22,M,M,M,M,M
1930-08-23,M,M,M,M,M
1930-08-24,M,M,M,M,M
1930-08-25,M,M,M,M,M
1930-08-26,M,M,M,M,M
1930-08-27,M,M,M,M,M
1930-08-28,M,M,M,M,M
1930-08-29,M,M,M,M,M
1930-08-30,M,M,M,M,M
1930-08-31,M,M,M,M,M
1930-09-01,M,M,M,M,M
1930-09-02,M,M,M,M,M
1930-09-03,M,M,M,M,M
1930-09-04,M,M,M,M,M
1930-09-05,M,M,M,M,M
1930-09-06,M,M,M,M,M
1930-09-07,M,M,M,M,M
1930-09-08,M,M,M,M,M
1930-09-09,M,M,M,M,M
1930-09-10,M,M,M,M,M
1930-09-11,M,M,M,M,M
1930-09-12,M,M,M,M,M
1930-09-13,M,M,M,M,M
1930-09-14,M,M,M,M,M
1930-09-15,M,M,M,M,M
1930-09-16,M,M,M,M,M
1930-09-17,M,M,M,M,M
1930-09-18,M,M,M,M,M
1930-09-19,M,M,M,M,M
1930-09-20,M,M,M,M,M
1930-09-21,M,M,M,M,M
1930-09-22,M,M,M,M,M
1930-09-23,M,M,M,M,M
1930-09-24,M,M,M,M,M
1930-09-25,M,M,M,M,M
1930-09-26,M,M,M,M,M
1930-09-27,M,M,M,M,M
1930-09-28,M,M,M,M,M
1930-09-29,M,M,M,M,M
1930-09-30,M,M,M,M,M
1930-10-01,M,M,0.00,0.0,M
1930-10-02,M,M,0.00,0.0,M
1930-10-03,M,M,0.00,0.0,M
1930-10-04,M,M,0.00,0.0,M
1930-10-05,M,M,0.00,0.0,M
1930-10-06,M,M,0.02,0.0,M
1930-10-07,M,M,0.00,0.0,M
1930-10-08,M,M,0.00,0.0,M
1930-10-09,M,M,0.13,0.0,M
1930-10-10,M,M,0.27,0.0,M
1930-10-11,M,M,0.13,0.0,M
1930-10-12,M,M,0.00,0.0,M
1930-10-13,M,M,0.00,0.0,M
1930-10-14,M,M,0.00,0.0,M
1930-10-15,M,M,0.00,0.0,M
1930-10-16,M,M,0.00,0.0,M
1930-10-17,M,M,0.00,0.0,M
1930-10-18,M,M,0.00,0.0,M
1930-10-19,M,M,0.00,0.0,M
1930-10-20,M,M,0.00,0.0,M
1930-10-21,M,M,0.00,0.0,M
1930-10-22,M,M,0.00,0.0,M
1930-10-23,M,M,0.00,0.0,M
1930-10-24,M,M,0.00,0.0,M
1930-10-25,M,M,0.00,0.0,M
1930-10-26,M,M,0.00,0.0,M
1930-10-27,M,M,0.00,0.0,M
1930-10-28,M,M,0.00,0.0,M
1930-10-29,M,M,0.00,0.0,M
1930-10-30,M,M,0.00,0.0,M
1930-10-31,M,M,0.00,0.0,M
1930-11-01,M,M,M,0.0,M
1930-11-02,M,M,M,0.0,M
1930-11-03,M,M,M,0.0,M
1930-11-04,M,M,M,0.0,M
1930-11-05,M,M,M,0.0,M
1930-11-06,M,M,M,0.0,M
1930-11-07,M,M,M,0.0,M
1930-11-08,M,M,M,0.0,M
1930-11-09,M,M,M,0.0,M
1930-11-10,M,M,M,0.0,M
1930-11-11,M,M,M,0.0,M
1930-11-12,M,M,M,0.0,M
1930-11-13,M,M,M,0.0,M
1930-11-14,M,M,M,0.0,M
1930-11-15,M,M,M,0.0,M
1930-11-16,M,M,M,0.0,M
1930-11-17,M,M,0.02,0.0,M
1930-11-18,M,M,0.20,3.0,3
1930-11-19,M,M,0.07,0.0,2
1930-11-20,M,M,0.01,0.6,2
1930-11-21,M,M,M,0.0,1
1930-11-22,M,M,M,0.0,T
1930-11-23,M,M,M,0.0,M
1930-11-24,M,M,M,0.0,M
1930-11-25,M,M,M,0.0,M
1930-11-26,M,M,M,0.0,M
1930-11-27,M,M,M,0.0,M
1930-11-28,M,M,0.25,2.0,2
1930-11-29,M,M,M,0.0,1
1930-11-30,M,M,M,0.0,T
1930-12-01,M,M,0.00,0.0,M
1930-12-02,M,M,0.00,0.0,M
1930-12-03,M,M,0.00,0.0,M
1930-12-04,M,M,0.00,0.0,M
1930-12-05,M,M,0.00,0.0,M
1930-12-06,M,M,0.00,0.0,M
1930-12-07,M,M,0.00,0.0,M
1930-12-08,M,M,0.00,0.0,M
1930-12-09,M,M,T,T,M
1930-12-10,M,M,0.00,0.0,M
1930-12-11,M,M,0.00,0.0,M
1930-12-12,M,M,0.00,0.0,M
1930-12-13,M,M,0.00,0.0,M
1930-12-14,M,M,T,T,M
1930-12-15,M,M,0.00,0.0,M
1930-12-16,M,M,0.00,0.0,M
1930-12-17,M,M,0.00,0.0,M
1930-12-18,M,M,T,T,M
1930-12-19,M,M,0.00,0.0,M
1930-12-20,M,M,0.00,0.0,M
1930-12-21,M,M,0.01,0.2,M
1930-12-22,M,M,0.00,0.0,M
1930-12-23,M,M,0.00,0.0,M
1930-12-24,M,M,0.00,0.0,M
1930-12-25,M,M,0.00,0.0,M
1930-12-26,M,M,0.00,0.0,M
1930-12-27,M,M,0.04,0.5,M
1930-12-28,M,M,0.00,0.0,M
1930-12-29,M,M,0.00,0.0,M
1930-12-30,M,M,0.00,0.0,M
1930-12-31,M,M,0.00,0.0,M
1931-01-01,M,M,0.00,0.0,M
1931-01-02,M,M,0.00,0.0,M
1931-01-03,M,M,0.00,0.0,M
1931-01-04,M,M,0.00,0.0,M
1931-01-05,M,M,0.00,0.0,M
1931-01-06,M,M,0.00,0.0,M
1931-01-07,M,M,0.00,0.0,M
1931-01-08,M,M,0.00,0.0,M
1931-01-09,M,M,0.00,0.0,M
1931-01-10,M,M,0.00,0.0,M
1931-01-11,M,M,0.00,0.0,M
1931-01-12,M,M,0.00,0.0,M
1931-01-13,M,M,0.00,0.0,M
1931-01-14,M,M,0.00,0.0,M
1931-01-15,M,M,0.00,0.0,M
1931-01-16,M,M,0.00,0.0,M
1931-01-17,M,M,0.00,0.0,M
1931-01-18,M,M,0.00,0.0,M
1931-01-19,M,M,0.00,0.0,M
1931-01-20,M,M,0.00,0.0,M
1931-01-21,M,M,0.00,0.0,M
1931-01-22,M,M,0.00,0.0,M
1931-01-23,M,M,0.00,0.0,M
1931-01-24,M,M,0.00,0.0,M
1931-01-25,M,M,T,T,M
1931-01-26,M,M,0.00,0.0,M
1931-01-27,M,M,0.00,0.0,M
1931-01-28,M,M,0.00,0.0,M
1931-01-29,M,M,0.00,0.0,M
1931-01-30,M,M,T,0.0,M
1931-01-31,M,M,0.00,0.0,M
1931-02-01,M,M,0.00,0.0,M
1931-02-02,M,M,0.00,0.0,M
1931-02-03,M,M,0.00,0.0,M
1931-02-04,M,M,0.00,0.0,M
1931-02-05,M,M,T,0.0,M
1931-02-06,M,M,0.00,0.0,M
1931-02-07,M,M,0.00,0.0,M
1931-02-08,M,M,T,T,M
1931-02-09,M,M,0.01,0.2,T
1931-02-10,M,M,0.00,0.0,M
1931-02-11,M,M,0.00,0.0,M
1931-02-12,M,M,0.50,2.0,2
1931-02-13,M,M,0.05,0.2,1
1931-02-14,M,M,0.00,0.0,T
1931-02-15,M,M,0.10,T,M
1931-02-16,M,M,0.02,0.0,M
1931-02-17,M,M,0.00,0.0,M
1931-02-18,M,M,0.00,0.0,M
1931-02-19,M,M,0.00,0.0,M
1931-02-20,M,M,0.01,0.0,M
1931-02-21,M,M,0.01,0.0,M
1931-02-22,M,M,0.01,0.2,M
1931-02-23,M,M,0.00,0.0,M
1931-02-24,M,M,0.00,0.0,M
1931-02-25,M,M,0.00,0.0,M
1931-02-26,M,M,0.00,0.0,M
1931-02-27,M,M,0.02,0.3,M
1931-02-28,M,M,0.00,0.0,M
1931-03-01,M,M,0.00,0.0,M
1931-03-02,M,M,0.00,0.0,M
1931-03-03,M,M,0.00,0.0,M
1931-03-04,M,M,0.00,0.0,M
1931-03-05,M,M,0.50,8.5,9
1931-03-06,M,M,0.00,0.0,7
1931-03-07,M,M,0.00,0.0,6
1931-03-08,M,M,0.00,0.0,4
1931-03-09,M,M,0.00,0.0,2
1931-03-10,M,M,0.00,0.0,1
1931-03-11,M,M,0.00,0.0,M
1931-03-12,M,M,0.00,0.0,M
1931-03-13,M,M,0.00,0.0,M
1931-03-14,M,M,0.02,0.0,M
1931-03-15,M,M,0.00,0.0,M
1931-03-16,M,M,0.00,0.0,M
1931-03-17,M,M,0.00,0.0,M
1931-03-18,M,M,0.01,0.0,M
1931-03-19,M,M,0.00,0.0,M
1931-03-20,M,M,0.00,0.0,M
1931-03-21,M,M,0.00,0.0,M
1931-03-22,M,M,0.00,0.0,M
1931-03-23,M,M,0.00,0.0,M
1931-03-24,M,M,0.00,0.0,M
1931-03-25,M,M,0.05,0.1,T
1931-03-26,M,M,0.28,1.5,2
1931-03-27,M,M,0.00,0.0,M
1931-03-28,M,M,0.09,0.5,1
1931-03-29,M,M,0.08,0.3,T
1931-03-30,M,M,0.00,0.0,M
1931-03-31,M,M,0.00,0.0,M
1931-04-01,M,M,0.00,M,M
1931-04-02,M,M,0.00,M,M
1931-04-03,M,M,0.00,M,M
1931-04-04,M,M,0.00,M,M
1931-04-05,M,M,0.00,M,M
1931-04-06,M,M,0.00,M,M
1931-04-07,M,M,0.00,M,M
1931-04-08,M,M,0.00,M,M
1931-04-09,M,M,0.00,M,M
1931-04-10,M,M,0.00,M,M
1931-04-11,M,M,0.00,M,M
1931-04-12,M,M,0.00,M,M
1931-04-13,M,M,0.00,M,M
1931-04-14,M,M,0.00,M,M
1931-04-15,M,M,0.02,M,M
1931-04-16,M,M,0.03,M,M
1931-04-17,M,M,0.00,M,M
1931-04-18,M,M,0.00,M,M
1931-04-19,M,M,0.00,M,M
1931-04-20,M,M,0.00,M,M
1931-04-21,M,M,0.00,M,M
1931-04-22,M,M,0.08,M,M
1931-04-23,M,M,0.06,M,M
1931-04-24,M,M,0.03,M,M
1931-04-25,M,M,0.00,M,M
1931-04-26,M,M,0.00,M,M
1931-04-27,M,M,0.08,M,M
1931-04-28,M,M,0.29,M,M
1931-04-29,M,M,0.24,M,M
1931-04-30,M,M,0.08,M,M
1931-05-01,M,M,0.04,0.0,M
1931-05-02,M,M,0.00,0.0,M
1931-05-03,M,M,0.15,0.0,M
1931-05-04,M,M,0.00,0.0,M
1931-05-05,M,M,0.00,0.0,M
1931-05-06,M,M,0.00,0.0,M
1931-05-07,M,M,0.00,0.0,M
1931-05-08,M,M,0.00,0.0,M
1931-05-09,M,M,0.00,0.0,M
1931-05-10,M,M,0.00,0.0,M
1931-05-11,M,M,0.00,0.0,M
1931-05-12,M,M,0.00,0.0,M
1931-05-13,M,M,0.00,0.0,M
1931-05-14,M,M,0.00,0.0,M
1931-05-15,M,M,0.00,0.0,M
1931-05-16,M,M,0.00,0.0,M
1931-05-17,M,M,0.00,0.0,M
1931-05-18,M,M,0.00,0.0,M
1931-05-19,M,M,0.00,0.0,M
1931-05-20,M,M,0.00,0.0,M
1931-05-21,M,M,0.00,0.0,M
1931-05-22,M,M,0.00,0.0,M
1931-05-23,M,M,0.00,0.0,M
1931-05-24,M,M,0.00,0.0,M
1931-05-25,M,M,0.00,0.0,M
1931-05-26,M,M,0.00,0.0,M
1931-05-27,M,M,0.00,0.0,M
1931-05-28,M,M,0.00,0.0,M
1931-05-29,M,M,0.00,0.0,M
1931-05-30,M,M,0.00,0.0,M
1931-05-31,M,M,0.00,0.0,M
1931-06-01,M,M,M,M,M
1931-06-02,M,M,M,M,M
1931-06-03,M,M,M,M,M
1931-06-04,M,M,M,M,M
1931-06-05,M,M,M,M,M
1931-06-06,M,M,M,M,M
1931-06-07,M,M,M,M,M
1931-06-08,M,M,M,M,M
1931-06-09,M,M,M,M,M
1931-06-10,M,M,M,M,M
1931-06-11,M,M,M,M,M
1931-06-12,M,M,M,M,M
1931-06-13,M,M,M,M,M
1931-06-14,M,M,M,M,M
1931-06-15,M,M,M,M,M
1931-06-16,M,M,M,M,M
1931-06-17,M,M,M,M,M
1931-06-18,M,M,M,M,M
1931-06-19,M,M,M,M,M
1931-06-20,M,M,M,M,M
1931-06-21,M,M,M,M,M
1931-06-22,M,M,M,M,M
1931-06-23,M,M,M,M,M
1931-06-24,M,M,M,M,M
1931-06-25,M,M,M,M,M
1931-06-26,M,M,M,M,M
1931-06-27,M,M,M,M,M
1931-06-28,M,M,M,M,M
1931-06-29,M,M,M,M,M
1931-06-30,M,M,M,M,M
1931-07-01,M,M,0.20,0.0,M
1931-07-02,M,M,T,0.0,M
1931-07-03,M,M,0.34,0.0,M
1931-07-04,M,M,0.00,0.0,M
1931-07-05,M,M,0.00,0.0,M
1931-07-06,M,M,0.00,0.0,M
1931-07-07,M,M,0.00,0.0,M
1931-07-08,M,M,0.00,0.0,M
1931-07-09,M,M,0.00,0.0,M
1931-07-10,M,M,0.00,0.0,M
1931-07-11,M,M,0.00,0.0,M
1931-07-12,M,M,0.00,0.0,M
1931-07-13,M,M,0.00,0.0,M
1931-07-14,M,M,0.01,0.0,M
1931-07-15,M,M,0.01,0.0,M
1931-07-16,M,M,0.00,0.0,M
1931-07-17,M,M,0.13,0.0,M
1931-07-18,M,M,0.15,0.0,M
1931-07-19,M,M,0.01,0.0,M
1931-07-20,M,M,0.12,0.0,M
1931-07-21,M,M,0.01,0.0,M
1931-07-22,M,M,0.00,0.0,M
1931-07-23,M,M,0.01,0.0,M
1931-07-24,M,M,0.24,0.0,M
1931-07-25,M,M,0.15,0.0,M
1931-07-26,M,M,0.00,0.0,M
1931-07-27,M,M,0.00,0.0,M
1931-07-28,M,M,0.00,0.0,M
1931-07-29,M,M,0.00,0.0,M
1931-07-30,M,M,0.00,0.0,M
1931-07-31,M,M,0.70,0.0,M
1931-08-01,M,M,0.10,0.0,M
1931-08-02,M,M,0.01,0.0,M
1931-08-03,M,M,0.00,0.0,M
1931-08-04,M,M,0.01,0.0,M
1931-08-05,M,M,0.05,0.0,M
1931-08-06,M,M,0.00,0.0,M
1931-08-07,M,M,0.01,0.0,M
1931-08-08,M,M,0.00,0.0,M
1931-08-09,M,M,0.12,0.0,M
1931-08-10,M,M,0.00,0.0,M
1931-08-11,M,M,0.00,0.0,M
1931-08-12,M,M,0.00,0.0,M
1931-08-13,M,M,0.00,0.0,M
1931-08-14,M,M,0.00,0.0,M
1931-08-15,M,M,0.00,0.0,M
1931-08-16,M,M,0.00,0.0,M
1931-08-17,M,M,0.00,0.0,M
1931-08-18,M,M,0.00,0.0,M
1931-08-19,M,M,0.00,0.0,M
1931-08-20,M,M,0.00,0.0,M
1931-08-21,M,M,0.00,0.0,M
1931-08-22,M,M,0.00,0.0,M
1931-08-23,M,M,0.00,0.0,M
1931-08-24,M,M,0.00,0.0,M
1931-08-25,M,M,0.00,0.0,M
1931-08-26,M,M,0.00,0.0,M
1931-08-27,M,M,0.00,0.0,M
1931-08-28,M,M,0.00,0.0,M
1931-08-29,M,M,0.00,0.0,M
1931-08-30,M,M,0.18,0.0,M
1931-08-31,M,M,0.00,0.0,M
1931-09-01,M,M,0.00,0.0,M
1931-09-02,M,M,0.00,0.0,M
1931-09-03,M,M,0.00,0.0,M
1931-09-04,M,M,0.00,0.0,M
1931-09-05,M,M,0.00,0.0,M
1931-09-06,M,M,T,0.0,M
1931-09-07,M,M,0.00,0.0,M
1931-09-08,M,M,0.00,0.0,M
1931-09-09,M,M,0.00,0.0,M
1931-09-10,M,M,0.18,0.0,M
1931-09-11,M,M,0.04,0.0,M
1931-09-12,M,M,0.00,0.0,M
1931-09-13,M,M,0.18,0.0,M
1931-09-14,M,M,0.44,0.0,M
1931-09-15,M,M,0.12,0.0,M
1931-09-16,M,M,0.41,0.0,M
1931-09-17,M,M,0.50,0.0,M
1931-09-18,M,M,0.08,0.0,M
1931-09-19,M,M,0.10,0.0,M
1931-09-20,M,M,0.00,0.0,M
1931-09-21,M,M,0.00,0.0,M
1931-09-22,M,M,0.00,0.0,M
1931-09-23,M,M,0.29,0.0,M
1931-09-24,M,M,0.01,0.0,M
1931-09-25,M,M,0.00,0.0,M
1931-09-26,M,M,0.00,0.0,M
1931-09-27,M,M,0.00,0.0,M
1931-09-28,M,M,0.00,0.0,M
1931-09-29,M,M,0.34,0.0,M
1931-09-30,M,M,0.00,0.0,M
1931-10-01,M,M,0.20,0.0,M
1931-10-02,M,M,0.57,0.0,M
1931-10-03,M,M,0.00,0.0,M
1931-10-04,M,M,0.00,0.0,M
1931-10-05,M,M,0.00,0.0,M
1931-10-06,M,M,0.00,0.0,M
1931-10-07,M,M,0.00,0.0,M
1931-10-08,M,M,0.00,0.0,M
1931-10-09,M,M,0.27,0.0,M
1931-10-10,M,M,0.00,0.0,M
1931-10-11,M,M,0.00,0.0,M
1931-10-12,M,M,0.00,0.0,M
1931-10-13,M,M,0.00,0.0,M
1931-10-14,M,M,0.00,0.0,M
1931-10-15,M,M,0.00,0.0,M
1931-10-16,M,M,0.00,0.0,M
1931-10-17,M,M,0.00,0.0,M
1931-10-18,M,M,0.00,0.0,M
1931-10-19,M,M,0.42,0.0,M
1931-10-20,M,M,0.46,0.0,M
1931-10-21,M,M,0.01,0.0,M
1931-10-22,M,M,0.00,0.0,M
1931-10-23,M,M,0.00,0.0,M
1931-10-24,M,M,0.00,0.0,M
1931-10-25,M,M,0.00,0.0,M
1931-10-26,M,M,0.00,0.0,M
1931-10-27,M,M,0.00,0.0,M
1931-10-28,M,M,0.00,0.0,M
1931-10-29,M,M,0.00,0.0,M
1931-10-30,M,M,0.00,0.0,M
1931-10-31,M,M,0.00,0.0,M
1931-11-01,M,M,0.00,0.0,M
1931-11-02,M,M,0.00,0.0,M
1931-11-03,M,M,0.00,0.0,M
1931-11-04,M,M,0.00,0.0,M
1931-11-05,M,M,0.00,0.0,M
1931-11-06,M,M,0.00,0.0,M
1931-11-07,M,M,0.00,0.0,M
1931-11-08,M,M,0.07,0.0,M
1931-11-09,M,M,0.04,0.0,M
1931-11-10,M,M,0.06,0.0,M
1931-11-11,M,M,0.07,0.0,M
1931-11-12,M,M,0.00,0.0,M
1931-11-13,M,M,0.00,0.0,M
1931-11-14,M,M,0.00,0.0,M
1931-11-15,M,M,0.00,0.0,M
1931-11-16,M,M,0.05,0.0,M
1931-11-17,M,M,0.00,0.0,M
1931-11-18,M,M,0.00,0.0,M
1931-11-19,M,M,0.05,T,M
1931-11-20,M,M,0.02,0.2,T
1931-11-21,M,M,0.01,T,M
1931-11-22,M,M,0.55,9.0,9
1931-11-23,M,M,T,0.1,8
1931-11-24,M,M,0.00,0.0,7
1931-11-25,M,M,0.06,0.8,6
1931-11-26,M,M,0.01,0.1,5
1931-11-27,M,M,0.07,1.0,6
1931-11-28,M,M,0.02,0.0,4
1931-11-29,M,M,0.00,0.0,5
1931-11-30,M,M,0.00,0.0,4
1931-12-01,M,M,0.00,0.0,M
1931-12-02,M,M,0.00,0.0,M
1931-12-03,M,M,0.00,0.0,M
1931-12-04,M,M,0.00,0.0,M
1931-12-05,M,M,0.00,0.0,M
1931-12-06,M,M,0.00,0.0,M
1931-12-07,M,M,0.01,0.1,5
1931-12-08,M,M,0.53,5.5,9
1931-12-09,M,M,0.07,0.0,8
1931-12-10,M,M,0.00,0.0,8
1931-12-11,M,M,0.00,0.0,7
1931-12-12,M,M,0.01,0.0,7
1931-12-13,M,M,0.00,0.0,7
1931-12-14,M,M,0.00,0.0,7
1931-12-15,M,M,0.01,0.3,6
1931-12-16,M,M,0.00,0.0,6
1931-12-17,M,M,0.00,0.0,5
1931-12-18,M,M,0.00,0.0,4
1931-12-19,M,M,0.00,0.0,M
1931-12-20,M,M,0.00,0.0,M
1931-12-21,M,M,0.10,0.0,M
1931-12-22,M,M,0.00,0.0,M
1931-12-23,M,M,0.00,0.0,M
1931-12-24,M,M,0.00,0.0,M
1931-12-25,M,M,0.00,0.0,M
1931-12-26,M,M,0.00,0.0,M
1931-12-27,M,M,0.00,0.0,M
1931-12-28,M,M,0.17,2.5,M
1931-12-29,M,M,0.00,0.0,M
1931-12-30,M,M,0.00,0.0,M
1931-12-31,M,M,0.00,0.0,M
1932-01-01,M,M,0.00,0.0,M
1932-01-02,M,M,0.00,0.0,M
1932-01-03,M,M,0.00,0.0,M
1932-01-04,M,M,0.00,0.0,M
1932-01-05,M,M,0.00,0.0,M
1932-01-06,M,M,0.00,0.0,M
1932-01-07,M,M,0.00,0.0,M
1932-01-08,M,M,0.00,0.0,M
1932-01-09,M,M,0.00,0.0,M
1932-01-10,M,M,0.00,0.0,M
1932-01-11,M,M,0.01,0.2,M
1932-01-12,M,M,M,1.7,M
1932-01-13,M,M,0.07,0.0,M
1932-01-14,M,M,0.00,0.0,M
1932-01-15,M,M,0.00,0.0,M
1932-01-16,M,M,0.00,0.0,M
1932-01-17,M,M,0.00,0.0,M
1932-01-18,M,M,0.00,0.0,M
1932-01-19,M,M,0.00,0.0,M
1932-01-20,M,M,0.00,0.0,M
1932-01-21,M,M,0.00,0.0,M
1932-01-22,M,M,0.07,1.0,M
1932-01-23,M,M,0.00,0.0,M
1932-01-24,M,M,0.00,0.0,M
1932-01-25,M,M,0.01,0.3,M
1932-01-26,M,M,0.00,0.0,M
1932-01-27,M,M,0.00,0.0,M
1932-01-28,M,M,0.10,1.5,M
1932-01-29,M,M,0.00,0.0,M
1932-01-30,M,M,0.00,0.0,M
1932-01-31,M,M,0.00,0.0,M
1932-02-01,M,M,0.00,M,M
1932-02-02,M,M,0.00,M,M
1932-02-03,M,M,0.01,0.3,M
1932-02-04,M,M,0.00,M,M
1932-02-05,M,M,0.00,M,M
1932-02-06,M,M,0.12,M,M
1932-02-07,M,M,0.21,M,M
1932-02-08,M,M,0.30,M,M
1932-02-09,M,M,0.02,M,M
1932-02-10,M,M,0.00,M,M
1932-02-11,M,M,0.01,M,M
1932-02-12,M,M,0.00,M,M
1932-02-13,M,M,0.05,M,M
1932-02-14,M,M,0.00,M,M
1932-02-15,M,M,0.10,M,M
1932-02-16,M,M,0.00,M,M
1932-02-17,M,M,0.00,M,M
1932-02-18,M,M,0.00,M,M
1932-02-19,M,M,0.17,M,M
1932-02-20,M,M,0.00,M,M
1932-02-21,M,M,0.00,M,M
1932-02-22,M,M,0.00,M,M
1932-02-23,M,M,0.00,M,M
1932-02-24,M,M,0.00,M,M
1932-02-25,M,M,0.00,M,M
1932-02-26,M,M,0.00,M,M
1932-02-27,M,M,0.00,M,M
1932-02-28,M,M,0.00,M,M
1932-02-29,M,M,0.02,M,M
1932-03-01,M,M,M,0.0,M
1932-03-02,M,M,M,0.0,M
1932-03-03,M,M,0.05,T,M
1932-03-04,M,M,0.05,T,M
1932-03-05,M,M,M,0.0,M
1932-03-06,M,M,M,0.0,M
1932-03-07,M,M,M,0.0,M
1932-03-08,M,M,M,0.0,M
1932-03-09,M,M,0.07,0.0,M
1932-03-10,M,M,0.11,1.0,1
1932-03-11,M,M,0.13,1.5,3
1932-03-12,M,M,0.04,2.0,4
1932-03-13,M,M,M,0.0,M
1932-03-14,M,M,M,0.0,M
1932-03-15,M,M,M,0.0,M
1932-03-16,M,M,M,0.0,M
1932-03-17,M,M,M,0.0,M
1932-03-18,M,M,M,0.0,M
1932-03-19,M,M,M,0.0,M
1932-03-20,M,M,0.02,0.1,0
1932-03-21,M,M,0.30,1.5,M
1932-03-22,M,M,0.04,0.5,M
1932-03-23,M,M,M,0.0,M
1932-03-24,M,M,M,0.0,M
1932-03-25,M,M,M,0.0,M
1932-03-26,M,M,M,0.0,M
1932-03-27,M,M,M,0.0,M
1932-03-28,M,M,M,0.0,M
1932-03-29,M,M,0.03,0.1,M
1932-03-30,M,M,M,0.0,M
1932-03-31,M,M,M,0.0,M
1932-04-01,M,M,0.00,0.0,M
1932-04-02,M,M,0.00,0.0,M
1932-04-03,M,M,0.00,0.0,M
1932-04-04,M,M,0.00,0.0,M
1932-04-05,M,M,0.00,0.0,M
1932-04-06,M,M,0.00,0.0,M
1932-04-07,M,M,0.00,0.0,M
1932-04-08,M,M,0.00,0.0,M
1932-04-09,M,M,0.00,0.0,M
1932-04-10,M,M,0.00,0.0,M
1932-04-11,M,M,0.00,0.0,M
1932-04-12,M,M,0.00,0.0,M
1932-04-13,M,M,0.00,0.0,M
1932-04-14,M,M,0.00,0.0,M
1932-04-15,M,M,0.00,0.0,M
1932-04-16,M,M,0.00,0.0,M
1932-04-17,M,M,0.00,0.0,M
1932-04-18,M,M,0.00,0.0,M
1932-04-19,M,M,0.00,0.0,M
1932-04-20,M,M,0.00,0.0,M
1932-04-21,M,M,0.00,0.0,M
1932-04-22,M,M,0.04,0.0,M
1932-04-23,M,M,0.00,0.0,M
1932-04-24,M,M,0.00,0.0,M
1932-04-25,M,M,0.00,0.0,M
1932-04-26,M,M,0.07,0.0,M
1932-04-27,M,M,0.00,0.0,M
1932-04-28,M,M,0.00,0.0,M
1932-04-29,M,M,0.00,0.0,M
1932-04-30,M,M,0.00,0.0,M
1932-05-01,M,M,0.00,0.0,M
1932-05-02,M,M,0.00,0.0,M
1932-05-03,M,M,0.00,0.0,M
1932-05-04,M,M,0.00,0.0,M
1932-05-05,M,M,0.00,0.0,M
1932-05-06,M,M,0.00,0.0,M
1932-05-07,M,M,0.00,0.0,M
1932-05-08,M,M,0.00,0.0,M
1932-05-09,M,M,0.05,0.0,M
1932-05-10,M,M,0.27,0.0,M
1932-05-11,M,M,0.01,0.0,M
1932-05-12,M,M,0.00,0.0,M
1932-05-13,M,M,0.00,0.0,M
1932-05-14,M,M,0.00,0.0,M
1932-05-15,M,M,0.00,0.0,M
1932-05-16,M,M,0.00,0.0,M
1932-05-17,M,M,0.00,0.0,M
1932-05-18,M,M,0.01,0.0,M
1932-05-19,M,M,0.60,0.0,M
1932-05-20,M,M,0.01,0.0,M
1932-05-21,M,M,0.00,0.0,M
1932-05-22,M,M,0.00,0.0,M
1932-05-23,M,M,0.00,0.0,M
1932-05-24,M,M,0.00,0.0,M
1932-05-25,M,M,0.00,0.0,M
1932-05-26,M,M,0.00,0.0,M
1932-05-27,M,M,0.00,0.0,M
1932-05-28,M,M,0.01,0.0,M
1932-05-29,M,M,0.00,0.0,M
1932-05-30,M,M,0.00,0.0,M
1932-05-31,M,M,0.00,0.0,M
1932-06-01,M,M,0.00,0.0,M
1932-06-02,M,M,0.00,0.0,M
1932-06-03,M,M,0.00,0.0,M
1932-06-04,M,M,0.03,0.0,M
1932-06-05,M,M,0.00,0.0,M
1932-06-06,M,M,0.00,0.0,M
1932-06-07,M,M,0.00,0.0,M
1932-06-08,M,M,0.00,0.0,M
1932-06-09,M,M,0.00,0.0,M
1932-06-10,M,M,0.00,0.0,M
1932-06-11,M,M,0.00,0.0,M
1932-06-12,M,M,0.00,0.0,M
1932-06-13,M,M,0.00,0.0,M
1932-06-14,M,M,0.04,0.0,M
1932-06-15,M,M,0.00,0.0,M
1932-06-16,M,M,0.00,0.0,M
1932-06-17,M,M,0.00,0.0,M
1932-06-18,M,M,0.00,0.0,M
1932-06-19,M,M,0.00,0.0,M
1932-06-20,M,M,0.00,0.0,M
1932-06-21,M,M,0.00,0.0,M
1932-06-22,M,M,0.00,0.0,M
1932-06-23,M,M,0.30,0.0,M
1932-06-24,M,M,0.12,0.0,M
1932-06-25,M,M,0.00,0.0,M
1932-06-26,M,M,0.00,0.0,M
1932-06-27,M,M,0.15,0.0,M
1932-06-28,M,M,0.00,0.0,M
1932-06-29,M,M,0.09,0.0,M
1932-06-30,M,M,0.21,0.0,M
1932-07-01,M,M,0.05,0.0,M
1932-07-02,M,M,0.00,0.0,M
1932-07-03,M,M,0.00,0.0,M
1932-07-04,M,M,0.00,0.0,M
1932-07-05,M,M,0.00,0.0,M
1932-07-06,M,M,0.42,0.0,M
1932-07-07,M,M,0.00,0.0,M
1932-07-08,M,M,0.03,0.0,M
1932-07-09,M,M,0.00,0.0,M
1932-07-10,M,M,0.02,0.0,M
1932-07-11,M,M,0.23,0.0,M
1932-07-12,M,M,0.02,0.0,M
1932-07-13,M,M,0.73,0.0,M
1932-07-14,M,M,0.00,0.0,M
1932-07-15,M,M,0.00,0.0,M
1932-07-16,M,M,0.00,0.0,M
1932-07-17,M,M,0.00,0.0,M
1932-07-18,M,M,0.00,0.0,M
1932-07-19,M,M,0.01,0.0,M
1932-07-20,M,M,0.00,0.0,M
1932-07-21,M,M,0.00,0.0,M
1932-07-22,M,M,0.00,0.0,M
1932-07-23,M,M,0.00,0.0,M
1932-07-24,M,M,0.09,0.0,M
1932-07-25,M,M,0.03,0.0,M
1932-07-26,M,M,0.00,0.0,M
1932-07-27,M,M,0.00,0.0,M
1932-07-28,M,M,0.00,0.0,M
1932-07-29,M,M,0.00,0.0,M
1932-07-30,M,M,0.16,0.0,M
1932-07-31,M,M,0.08,0.0,M
1932-08-01,M,M,M,M,M
1932-08-02,M,M,M,M,M
1932-08-03,M,M,M,M,M
1932-08-04,M,M,M,M,M
1932-08-05,M,M,M,M,M
1932-08-06,M,M,M,M,M
1932-08-07,M,M,M,M,M
1932-08-08,M,M,M,M,M
1932-08-09,M,M,M,M,M
1932-08-10,M,M,M,M,M
1932-08-11,M,M,M,M,M
1932-08-12,M,M,M,M,M
1932-08-13,M,M,M,M,M
1932-08-14,M,M,M,M,M
1932-08-15,M,M,M,M,M
1932-08-16,M,M,M,M,M
1932-08-17,M,M,M,M,M
1932-08-18,M,M,M,M,M
1932-08-19,M,M,M,M,M
1932-08-20,M,M,M,M,M
1932-08-21,M,M,M,M,M
1932-08-22,M,M,M,M,M
1932-08-23,M,M,M,M,M
1932-08-24,M,M,M,M,M
1932-08-25,M,M,M,M,M
1932-08-26,M,M,M,M,M
1932-08-27,M,M,M,M,M
1932-08-28,M,M,M,M,M
1932-08-29,M,M,M,M,M
1932-08-30,M,M,M,M,M
1932-08-31,M,M,M,M,M
1932-09-01,M,M,0.00,0.0,M
1932-09-02,M,M,0.00,0.0,M
1932-09-03,M,M,0.00,0.0,M
1932-09-04,M,M,0.00,0.0,M
1932-09-05,M,M,0.00,0.0,M
1932-09-06,M,M,0.00,0.0,M
1932-09-07,M,M,0.01,0.0,M
1932-09-08,M,M,0.00,0.0,M
1932-09-09,M,M,0.00,0.0,M
1932-09-10,M,M,0.00,0.0,M
1932-09-11,M,M,0.00,0.0,M
1932-09-12,M,M,0.00,0.0,M
1932-09-13,M,M,0.00,0.0,M
1932-09-14,M,M,0.00,0.0,M
1932-09-15,M,M,0.00,0.0,M
1932-09-16,M,M,0.00,0.0,M
1932-09-17,M,M,0.00,0.0,M
1932-09-18,M,M,0.00,0.0,M
1932-09-19,M,M,0.00,0.0,M
1932-09-20,M,M,0.00,0.0,M
1932-09-21,M,M,0.00,0.0,M
1932-09-22,M,M,0.00,0.0,M
1932-09-23,M,M,0.40,0.0,M
1932-09-24,M,M,0.17,0.0,M
1932-09-25,M,M,0.00,0.0,M
1932-09-26,M,M,0.00,0.0,M
1932-09-27,M,M,0.00,0.0,M
1932-09-28,M,M,0.00,0.0,M
1932-09-29,M,M,0.00,0.0,M
1932-09-30,M,M,0.00,0.0,M
1932-10-01,M,M,0.00,0.0,M
1932-10-02,M,M,0.00,0.0,M
1932-10-03,M,M,0.00,0.0,M
1932-10-04,M,M,0.00,0.0,M
1932-10-05,M,M,0.00,0.0,M
1932-10-06,M,M,0.00,0.0,M
1932-10-07,M,M,0.00,0.0,M
1932-10-08,M,M,0.00,0.0,M
1932-10-09,M,M,0.00,0.0,M
1932-10-10,M,M,0.00,0.0,M
1932-10-11,M,M,0.00,0.0,M
1932-10-12,M,M,0.00,0.0,M
1932-10-13,M,M,0.00,0.0,M
1932-10-14,M,M,0.00,0.0,M
1932-10-15,M,M,0.00,0.0,M
1932-10-16,M,M,0.00,0.0,M
1932-10-17,M,M,0.00,0.0,M
1932-10-18,M,M,0.00,0.0,M
1932-10-19,M,M,0.00,0.0,M
1932-10-20,M,M,0.00,0.0,M
1932-10-21,M,M,0.00,0.0,M
1932-10-22,M,M,0.21,0.0,M
1932-10-23,M,M,0.00,0.0,M
1932-10-24,M,M,0.20,3.0,M
1932-10-25,M,M,0.00,0.0,M
1932-10-26,M,M,0.00,0.0,M
1932-10-27,M,M,0.00,0.0,M
1932-10-28,M,M,0.00,0.0,M
1932-10-29,M,M,0.00,0.0,M
1932-10-30,M,M,0.00,0.0,M
1932-10-31,M,M,0.00,0.0,M
1932-11-01,M,M,0.00,0.0,M
1932-11-02,M,M,0.00,0.0,M
1932-11-03,M,M,0.00,0.0,M
1932-11-04,M,M,0.00,0.0,M
1932-11-05,M,M,0.00,0.0,M
1932-11-06,M,M,0.00,0.0,M
1932-11-07,M,M,0.00,0.0,M
1932-11-08,M,M,0.00,0.0,M
1932-11-09,M,M,0.00,0.0,M
1932-11-10,M,M,0.00,0.0,M
1932-11-11,M,M,0.00,0.0,M
1932-11-12,M,M,0.00,0.0,M
1932-11-13,M,M,0.00,0.0,M
1932-11-14,M,M,0.00,0.0,M
1932-11-15,M,M,0.00,0.0,M
1932-11-16,M,M,0.00,0.0,M
1932-11-17,M,M,0.00,0.0,M
1932-11-18,M,M,0.00,0.0,M
1932-11-19,M,M,0.00,0.0,M
1932-11-20,M,M,0.00,0.0,M
1932-11-21,M,M,0.00,0.0,M
1932-11-22,M,M,0.00,0.0,M
1932-11-23,M,M,0.00,0.0,M
1932-11-24,M,M,0.00,0.0,M
1932-11-25,M,M,0.00,0.0,M
1932-11-26,M,M,0.00,0.0,M
1932-11-27,M,M,0.00,0.0,M
1932-11-28,M,M,0.00,0.0,M
1932-11-29,M,M,0.00,0.0,M
1932-11-30,M,M,0.00,0.0,M
1932-12-01,M,M,0.00,0.0,M
1932-12-02,M,M,0.00,0.0,M
1932-12-03,M,M,0.00,0.0,M
1932-12-04,M,M,0.00,0.0,M
1932-12-05,M,M,0.00,0.0,M
1932-12-06,M,M,0.00,0.0,M
1932-12-07,M,M,0.00,0.0,M
1932-12-08,M,M,0.00,0.0,M
1932-12-09,M,M,0.03,T,M
1932-12-10,M,M,0.09,1.5,M
1932-12-11,M,M,0.04,0.5,M
1932-12-12,M,M,0.01,0.2,M
1932-12-13,M,M,0.00,0.0,M
1932-12-14,M,M,0.02,0.4,M
1932-12-15,M,M,0.27,4.5,M
1932-12-16,M,M,0.00,0.0,M
1932-12-17,M,M,T,T,M
1932-12-18,M,M,T,T,M
1932-12-19,M,M,T,T,M
1932-12-20,M,M,0.00,0.0,M
1932-12-21,M,M,0.00,0.0,M
1932-12-22,M,M,0.00,0.0,M
1932-12-23,M,M,0.00,0.0,M
1932-12-24,M,M,0.33,5.5,M
1932-12-25,M,M,0.00,0.0,M
1932-12-26,M,M,0.00,0.0,M
1932-12-27,M,M,0.00,0.0,M
1932-12-28,M,M,0.00,0.0,M
1932-12-29,M,M,0.36,6.0,M
1932-12-30,M,M,T,0.0,M
1932-12-31,M,M,0.00,0.0,M
1933-01-01,M,M,0.00,M,M
1933-01-02,M,M,0.00,M,M
1933-01-03,M,M,0.00,M,M
1933-01-04,M,M,0.00,M,M
1933-01-05,M,M,0.00,M,M
1933-01-06,M,M,0.00,M,M
1933-01-07,M,M,0.00,M,M
1933-01-08,M,M,0.00,M,M
1933-01-09,M,M,0.00,M,M
1933-01-10,M,M,0.00,M,M
1933-01-11,M,M,0.00,M,M
1933-01-12,M,M,0.00,M,M
1933-01-13,M,M,0.00,M,M
1933-01-14,M,M,0.00,M,M
1933-01-15,M,M,0.00,M,M
1933-01-16,M,M,0.00,M,M
1933-01-17,M,M,0.02,0.3,T
1933-01-18,M,M,0.02,0.3,T
1933-01-19,M,M,0.00,M,M
1933-01-20,M,M,0.00,M,M
1933-01-21,M,M,0.00,M,M
1933-01-22,M,M,0.00,M,M
1933-01-23,M,M,0.10,1.6,2
1933-01-24,M,M,0.00,M,M
1933-01-25,M,M,0.00,M,M
1933-01-26,M,M,0.03,0.5,1
1933-01-27,M,M,0.00,M,M
1933-01-28,M,M,0.05,0.7,1
1933-01-29,M,M,0.00,M,M
1933-01-30,M,M,0.07,1.2,1
1933-01-31,M,M,0.10,1.3,T
1933-02-01,M,M,0.00,0.0,M
1933-02-02,M,M,0.00,0.0,M
1933-02-03,M,M,0.00,0.0,M
1933-02-04,M,M,0.00,0.0,M
1933-02-05,M,M,0.00,0.0,M
1933-02-06,M,M,0.06,1.2,M
1933-02-07,M,M,0.00,0.0,M
1933-02-08,M,M,0.00,0.0,M
1933-02-09,M,M,0.30,3.5,M
1933-02-10,M,M,0.00,0.0,M
1933-02-11,M,M,0.00,0.0,M
1933-02-12,M,M,0.00,0.0,M
1933-02-13,M,M,0.00,0.0,M
1933-02-14,M,M,0.01,0.1,M
1933-02-15,M,M,0.00,0.0,M
1933-02-16,M,M,0.00,0.0,M
1933-02-17,M,M,0.00,0.0,M
1933-02-18,M,M,0.00,0.0,M
1933-02-19,M,M,0.00,0.0,M
1933-02-20,M,M,0.00,0.0,M
1933-02-21,M,M,0.00,0.0,M
1933-02-22,M,M,0.00,0.0,M
1933-02-23,M,M,0.00,0.0,M
1933-02-24,M,M,0.00,0.0,M
1933-02-25,M,M,0.00,0.0,M
1933-02-26,M,M,0.04,T,M
1933-02-27,M,M,0.00,0.0,M
1933-02-28,M,M,0.00,0.0,M
1933-03-01,M,M,0.00,0.0,M
1933-03-02,M,M,0.00,0.0,M
1933-03-03,M,M,0.00,0.0,M
1933-03-04,M,M,0.00,0.0,M
1933-03-05,M,M,0.00,0.0,M
1933-03-06,M,M,0.00,0.0,M
1933-03-07,M,M,0.00,0.0,M
1933-03-08,M,M,0.00,0.0,M
1933-03-09,M,M,0.00,0.0,M
1933-03-10,M,M,0.00,0.0,M
1933-03-11,M,M,0.00,0.0,M
1933-03-12,M,M,0.00,0.0,M
1933-03-13,M,M,0.00,0.0,M
1933-03-14,M,M,0.00,0.0,M
1933-03-15,M,M,0.00,0.0,M
1933-03-16,M,M,0.00,0.0,M
1933-03-17,M,M,0.00,0.0,M
1933-03-18,M,M,0.00,0.0,M
1933-03-19,M,M,0.00,0.0,M
1933-03-20,M,M,0.00,0.0,M
1933-03-21,M,M,T,T,M
1933-03-22,M,M,0.00,0.0,M
1933-03-23,M,M,0.00,0.0,M
1933-03-24,M,M,0.00,0.0,M
1933-03-25,M,M,0.00,0.0,M
1933-03-26,M,M,0.00,0.0,M
1933-03-27,M,M,0.00,0.0,M
1933-03-28,M,M,0.00,0.0,M
1933-03-29,M,M,0.00,0.0,M
1933-03-30,M,M,0.00,0.0,M
1933-03-31,M,M,0.00,0.0,M
1933-04-01,M,M,0.00,0.0,M
1933-04-02,M,M,0.00,0.0,M
1933-04-03,M,M,0.00,0.0,M
1933-04-04,M,M,0.00,0.0,M
1933-04-05,M,M,0.02,0.2,M
1933-04-06,M,M,0.00,0.0,M
1933-04-07,M,M,0.00,0.0,M
1933-04-08,M,M,0.00,0.0,M
1933-04-09,M,M,0.00,0.0,M
1933-04-10,M,M,0.00,0.0,M
1933-04-11,M,M,0.00,0.0,M
1933-04-12,M,M,0.00,0.0,M
1933-04-13,M,M,0.20,3.0,M
1933-04-14,M,M,0.00,0.0,M
1933-04-15,M,M,0.00,0.0,M
1933-04-16,M,M,0.00,0.0,M
1933-04-17,M,M,0.00,0.0,M
1933-04-18,M,M,0.00,0.0,M
1933-04-19,M,M,0.00,0.0,M
1933-04-20,M,M,0.00,0.0,M
1933-04-21,M,M,0.00,0.0,M
1933-04-22,M,M,0.00,0.0,M
1933-04-23,M,M,0.00,0.0,M
1933-04-24,M,M,0.00,0.0,M
1933-04-25,M,M,0.00,0.0,M
1933-04-26,M,M,0.00,0.0,M
1933-04-27,M,M,0.00,0.0,M
1933-04-28,M,M,0.00,0.0,M
1933-04-29,M,M,0.03,0.0,M
1933-04-30,M,M,0.25,0.0,M
1933-05-01,M,M,0.00,0.0,M
1933-05-02,M,M,0.00,0.0,M
1933-05-03,M,M,0.35,4.0,M
1933-05-04,M,M,0.30,3.5,4
1933-05-05,M,M,0.00,0.0,M
1933-05-06,M,M,0.00,0.0,M
1933-05-07,M,M,0.00,0.0,M
1933-05-08,M,M,0.00,0.0,M
1933-05-09,M,M,0.00,0.0,M
1933-05-10,M,M,0.00,0.0,M
1933-05-11,M,M,0.00,0.0,M
1933-05-12,M,M,0.00,0.0,M
1933-05-13,M,M,T,T,M
1933-05-14,M,M,0.00,0.0,M
1933-05-15,M,M,0.00,0.0,M
1933-05-16,M,M,0.00,0.0,M
1933-05-17,M,M,0.00,0.0,M
1933-05-18,M,M,0.00,0.0,M
1933-05-19,M,M,0.00,0.0,M
1933-05-20,M,M,0.00,0.0,M
1933-05-21,M,M,0.00,0.0,M
1933-05-22,M,M,0.00,0.0,M
1933-05-23,M,M,0.00,0.0,M
1933-05-24,M,M,0.00,0.0,M
1933-05-25,M,M,0.00,0.0,M
1933-05-26,M,M,0.00,0.0,M
1933-05-27,M,M,0.00,0.0,M
1933-05-28,M,M,0.00,0.0,M
1933-05-29,M,M,0.00,0.0,M
1933-05-30,M,M,0.00,0.0,M
1933-05-31,M,M,T,0.0,M
1933-06-01,M,M,0.05,0.0,M
1933-06-02,M,M,0.00,0.0,M
1933-06-03,M,M,0.00,0.0,M
1933-06-04,M,M,0.00,0.0,M
1933-06-05,M,M,0.00,0.0,M
1933-06-06,M,M,0.00,0.0,M
1933-06-07,M,M,0.00,0.0,M
1933-06-08,M,M,0.00,0.0,M
1933-06-09,M,M,0.00,0.0,M
1933-06-10,M,M,0.00,0.0,M
1933-06-11,M,M,0.00,0.0,M
1933-06-12,M,M,0.04,0.0,M
1933-06-13,M,M,0.17,0.0,M
1933-06-14,M,M,0.00,0.0,M
1933-06-15,M,M,0.02,0.0,M
1933-06-16,M,M,0.04,0.0,M
1933-06-17,M,M,0.03,0.0,M
1933-06-18,M,M,0.02,0.0,M
1933-06-19,M,M,0.06,0.0,M
1933-06-20,M,M,0.00,0.0,M
1933-06-21,M,M,0.00,0.0,M
1933-06-22,M,M,0.95,0.0,M
1933-06-23,M,M,0.00,0.0,M
1933-06-24,M,M,0.00,0.0,M
1933-06-25,M,M,0.00,0.0,M
1933-06-26,M,M,0.07,0.0,M
1933-06-27,M,M,0.00,0.0,M
1933-06-28,M,M,0.00,0.0,M
1933-06-29,M,M,0.00,0.0,M
1933-06-30,M,M,0.00,0.0,M
1933-07-01,M,M,0.00,0.0,M
1933-07-02,M,M,0.00,0.0,M
1933-07-03,M,M,0.08,0.0,M
1933-07-04,M,M,0.09,0.0,M
1933-07-05,M,M,0.00,0.0,M
1933-07-06,M,M,0.00,0.0,M
1933-07-07,M,M,0.00,0.0,M
1933-07-08,M,M,0.00,0.0,M
1933-07-09,M,M,0.00,0.0,M
1933-07-10,M,M,0.60,0.0,M
1933-07-11,M,M,0.02,0.0,M
1933-07-12,M,M,0.00,0.0,M
1933-07-13,M,M,0.00,0.0,M
1933-07-14,M,M,0.00,0.0,M
1933-07-15,M,M,0.00,0.0,M
1933-07-16,M,M,0.07,0.0,M
1933-07-17,M,M,0.28,0.0,M
1933-07-18,M,M,0.00,0.0,M
1933-07-19,M,M,0.00,0.0,M
1933-07-20,M,M,0.00,0.0,M
1933-07-21,M,M,0.07,0.0,M
1933-07-22,M,M,0.00,0.0,M
1933-07-23,M,M,0.60,0.0,M
1933-07-24,M,M,0.00,0.0,M
1933-07-25,M,M,0.00,0.0,M
1933-07-26,M,M,T,0.0,M
1933-07-27,M,M,0.00,0.0,M
1933-07-28,M,M,0.08,0.0,M
1933-07-29,M,M,0.00,0.0,M
1933-07-30,M,M,0.00,0.0,M
1933-07-31,M,M,0.07,0.0,M
1933-08-01,M,M,0.35,0.0,M
1933-08-02,M,M,0.04,0.0,M
1933-08-03,M,M,0.48,0.0,M
1933-08-04,M,M,0.08,0.0,M
1933-08-05,M,M,0.32,0.0,M
1933-08-06,M,M,0.00,0.0,M
1933-08-07,M,M,0.00,0.0,M
1933-08-08,M,M,0.00,0.0,M
1933-08-09,M,M,0.00,0.0,M
1933-08-10,M,M,0.07,0.0,M
1933-08-11,M,M,0.00,0.0,M
1933-08-12,M,M,0.00,0.0,M
1933-08-13,M,M,0.00,0.0,M
1933-08-14,M,M,0.30,0.0,M
1933-08-15,M,M,0.00,0.0,M
1933-08-16,M,M,0.00,0.0,M
1933-08-17,M,M,0.00,0.0,M
1933-08-18,M,M,0.00,0.0,M
1933-08-19,M,M,0.00,0.0,M
1933-08-20,M,M,0.00,0.0,M
1933-08-21,M,M,0.00,0.0,M
1933-08-22,M,M,0.00,0.0,M
1933-08-23,M,M,0.00,0.0,M
1933-08-24,M,M,0.08,0.0,M
1933-08-25,M,M,0.22,0.0,M
1933-08-26,M,M,0.00,0.0,M
1933-08-27,M,M,0.00,0.0,M
1933-08-28,M,M,0.00,0.0,M
1933-08-29,M,M,0.00,0.0,M
1933-08-30,M,M,0.00,0.0,M
1933-08-31,M,M,0.00,0.0,M
1933-09-01,M,M,0.00,0.0,M
1933-09-02,M,M,0.00,0.0,M
1933-09-03,M,M,0.00,0.0,M
1933-09-04,M,M,0.00,0.0,M
1933-09-05,M,M,0.00,0.0,M
1933-09-06,M,M,0.00,0.0,M
1933-09-07,M,M,0.00,0.0,M
1933-09-08,M,M,0.00,0.0,M
1933-09-09,M,M,0.03,0.0,M
1933-09-10,M,M,0.00,0.0,M
1933-09-11,M,M,0.00,0.0,M
1933-09-12,M,M,0.09,0.0,M
1933-09-13,M,M,0.00,0.0,M
1933-09-14,M,M,0.00,0.0,M
1933-09-15,M,M,0.00,0.0,M
1933-09-16,M,M,0.00,0.0,M
1933-09-17,M,M,0.00,0.0,M
1933-09-18,M,M,0.00,0.0,M
1933-09-19,M,M,0.00,0.0,M
1933-09-20,M,M,0.00,0.0,M
1933-09-21,M,M,0.15,0.0,M
1933-09-22,M,M,0.00,0.0,M
1933-09-23,M,M,0.00,0.0,M
1933-09-24,M,M,0.00,0.0,M
1933-09-25,M,M,0.00,0.0,M
1933-09-26,M,M,0.00,0.0,M
1933-09-27,M,M,0.00,0.0,M
1933-09-28,M,M,0.00,0.0,M
1933-09-29,M,M,0.00,0.0,M
1933-09-30,M,M,0.00,0.0,M
1933-10-01,M,M,0.00,0.0,M
1933-10-02,M,M,0.00,0.0,M
1933-10-03,M,M,0.00,0.0,M
1933-10-04,M,M,0.14,0.0,M
1933-10-05,M,M,1.04,0.0,M
1933-10-06,M,M,0.00,0.0,M
1933-10-07,M,M,0.00,0.0,M
1933-10-08,M,M,0.00,0.0,M
1933-10-09,M,M,0.00,0.0,M
1933-10-10,M,M,0.00,0.0,M
1933-10-11,M,M,0.03,0.0,M
1933-10-12,M,M,0.00,0.0,M
1933-10-13,M,M,0.00,0.0,M
1933-10-14,M,M,0.00,0.0,M
1933-10-15,M,M,0.00,0.0,M
1933-10-16,M,M,0.00,0.0,M
1933-10-17,M,M,0.00,0.0,M
1933-10-18,M,M,0.00,0.0,M
1933-10-19,M,M,0.00,0.0,M
1933-10-20,M,M,0.00,0.0,M
1933-10-21,M,M,0.00,0.0,M
1933-10-22,M,M,0.00,0.0,M
1933-10-23,M,M,0.00,0.0,M
1933-10-24,M,M,0.00,0.0,M
1933-10-25,M,M,0.00,0.0,M
1933-10-26,M,M,0.00,0.0,M
1933-10-27,M,M,0.00,0.0,M
1933-10-28,M,M,0.00,0.0,M
1933-10-29,M,M,0.00,0.0,M
1933-10-30,M,M,0.00,0.0,M
1933-10-31,M,M,0.00,0.0,M
1933-11-01,M,M,0.00,0.0,M
1933-11-02,M,M,0.00,0.0,M
1933-11-03,M,M,0.00,0.0,M
1933-11-04,M,M,T,0.0,M
1933-11-05,M,M,M,0.5,1
1933-11-06,M,M,0.35,3.2,3
1933-11-07,M,M,0.00,0.0,M
1933-11-08,M,M,0.00,0.0,M
1933-11-09,M,M,0.00,0.0,M
1933-11-10,M,M,0.00,0.0,M
1933-11-11,M,M,0.00,0.0,M
1933-11-12,M,M,0.00,0.0,M
1933-11-13,M,M,0.00,0.0,M
1933-11-14,M,M,0.00,0.0,M
1933-11-15,M,M,0.00,0.0,M
1933-11-16,M,M,0.00,0.0,M
1933-11-17,M,M,0.00,0.0,M
1933-11-18,M,M,0.00,0.0,M
1933-11-19,M,M,0.00,0.0,M
1933-11-20,M,M,0.00,0.0,M
1933-11-21,M,M,0.00,0.0,M
1933-11-22,M,M,0.00,0.0,M
1933-11-23,M,M,0.00,0.0,M
1933-11-24,M,M,0.00,0.0,M
1933-11-25,M,M,0.00,0.0,M
1933-11-26,M,M,0.00,0.0,M
1933-11-27,M,M,0.00,0.0,M
1933-11-28,M,M,0.00,0.0,M
1933-11-29,M,M,0.03,0.0,M
1933-11-30,M,M,0.48,0.0,M
1933-12-01,M,M,0.00,0.0,2
1933-12-02,M,M,0.20,2.3,2
1933-12-03,M,M,0.00,0.0,M
1933-12-04,M,M,0.00,0.0,M
1933-12-05,M,M,0.00,0.0,M
1933-12-06,M,M,0.00,0.0,M
1933-12-07,M,M,0.00,0.0,M
1933-12-08,M,M,0.00,0.0,M
1933-12-09,M,M,0.00,0.0,M
1933-12-10,M,M,0.00,0.0,M
1933-12-11,M,M,0.00,0.0,M
1933-12-12,M,M,0.00,0.0,M
1933-12-13,M,M,0.00,0.0,M
1933-12-14,M,M,0.00,0.0,M
1933-12-15,M,M,0.00,0.0,M
1933-12-16,M,M,0.00,0.0,M
1933-12-17,M,M,0.00,0.0,M
1933-12-18,M,M,0.00,0.0,M
1933-12-19,M,M,0.00,0.0,M
1933-12-20,M,M,0.00,0.0,M
1933-12-21,M,M,0.00,0.0,M
1933-12-22,M,M,0.00,0.0,M
1933-12-23,M,M,0.00,0.0,M
1933-12-24,M,M,0.00,0.0,M
1933-12-25,M,M,0.00,0.0,M
1933-12-26,M,M,0.00,0.0,M
1933-12-27,M,M,0.00,0.0,M
1933-12-28,M,M,0.00,0.0,M
1933-12-29,M,M,0.00,0.0,M
1933-12-30,M,M,0.00,0.0,M
1933-12-31,M,M,0.00,0.0,M
1934-01-01,M,M,0.00,0.0,M
1934-01-02,M,M,0.12,1.5,2
1934-01-03,M,M,0.00,0.0,T
1934-01-04,M,M,0.00,0.0,M
1934-01-05,M,M,0.07,1.0,1
1934-01-06,M,M,0.00,0.0,1
1934-01-07,M,M,0.00,0.0,M
1934-01-08,M,M,0.00,0.0,M
1934-01-09,M,M,0.00,0.0,M
1934-01-10,M,M,0.00,0.0,M
1934-01-11,M,M,0.00,0.0,M
1934-01-12,M,M,0.00,0.0,M
1934-01-13,M,M,0.00,0.0,M
1934-01-14,M,M,0.00,0.0,M
1934-01-15,M,M,0.00,0.0,M
1934-01-16,M,M,0.00,0.0,M
1934-01-17,M,M,0.00,0.0,M
1934-01-18,M,M,0.00,0.0,M
1934-01-19,M,M,0.00,0.0,M
1934-01-20,M,M,0.00,0.0,M
1934-01-21,M,M,0.00,0.0,M
1934-01-22,M,M,0.00,0.0,M
1934-01-23,M,M,0.00,0.0,M
1934-01-24,M,M,0.00,0.0,M
1934-01-25,M,M,0.00,0.0,M
1934-01-26,M,M,0.00,0.0,M
1934-01-27,M,M,0.00,0.0,M
1934-01-28,M,M,0.00,0.0,M
1934-01-29,M,M,0.00,0.0,M
1934-01-30,M,M,0.00,0.0,M
1934-01-31,M,M,0.00,0.0,M
1934-02-01,M,M,0.00,0.0,M
1934-02-02,M,M,0.00,0.0,M
1934-02-03,M,M,0.00,0.0,M
1934-02-04,M,M,0.00,0.0,M
1934-02-05,M,M,0.00,0.0,M
1934-02-06,M,M,0.00,0.0,M
1934-02-07,M,M,0.00,0.0,M
1934-02-08,M,M,0.00,0.0,M
1934-02-09,M,M,0.09,T,M
1934-02-10,M,M,0.00,0.0,M
1934-02-11,M,M,0.00,0.0,M
1934-02-12,M,M,0.00,0.0,M
1934-02-13,M,M,0.00,0.0,M
1934-02-14,M,M,0.00,0.0,M
1934-02-15,M,M,0.00,0.0,M
1934-02-16,M,M,0.00,0.0,M
1934-02-17,M,M,0.00,0.0,M
1934-02-18,M,M,0.00,0.0,M
1934-02-19,M,M,0.00,0.0,M
1934-02-20,M,M,0.05,T,M
1934-02-21,M,M,0.20,2.5,T
1934-02-22,M,M,0.00,0.0,M
1934-02-23,M,M,0.07,T,M
1934-02-24,M,M,0.07,T,M
1934-02-25,M,M,0.09,1.0,T
1934-02-26,M,M,0.00,0.0,M
1934-02-27,M,M,0.00,0.0,M
1934-02-28,M,M,0.00,0.0,M
1934-03-01,M,M,0.00,0.0,M
1934-03-02,M,M,0.00,0.0,M
1934-03-03,M,M,0.00,0.0,M
1934-03-04,M,M,0.00,0.0,M
1934-03-05,M,M,0.00,0.0,M
1934-03-06,M,M,0.00,0.0,M
1934-03-07,M,M,0.00,0.0,M
1934-03-08,M,M,0.00,0.0,M
1934-03-09,M,M,0.00,0.0,M
1934-03-10,M,M,0.00,0.0,M
1934-03-11,M,M,0.00,0.0,M
1934-03-12,M,M,0.00,0.0,M
1934-03-13,M,M,0.00,0.0,M
1934-03-14,M,M,0.00,0.0,M
1934-03-15,M,M,0.00,0.0,M
1934-03-16,M,M,0.00,0.0,M
1934-03-17,M,M,0.00,0.0,M
1934-03-18,M,M,0.00,0.0,M
1934-03-19,M,M,0.00,0.0,M
1934-03-20,M,M,0.00,0.0,M
1934-03-21,M,M,0.00,0.0,M
1934-03-22,M,M,0.00,0.0,M
1934-03-23,M,M,0.00,0.0,M
1934-03-24,M,M,0.00,0.0,M
1934-03-25,M,M,0.00,0.0,M
1934-03-26,M,M,0.00,0.0,M
1934-03-27,M,M,0.00,0.0,M
1934-03-28,M,M,0.00,0.0,M
1934-03-29,M,M,0.00,0.0,M
1934-03-30,M,M,0.00,0.0,M
1934-03-31,M,M,0.00,0.0,M
1934-04-01,M,M,0.00,0.0,M
1934-04-02,M,M,0.00,0.0,M
1934-04-03,M,M,0.00,0.0,M
1934-04-04,M,M,0.00,0.0,M
1934-04-05,M,M,0.06,0.8,1
1934-04-06,M,M,0.00,0.0,M
1934-04-07,M,M,0.00,0.0,M
1934-04-08,M,M,0.00,0.0,M
1934-04-09,M,M,0.00,0.0,M
1934-04-10,M,M,0.00,0.0,M
1934-04-11,M,M,0.00,0.0,M
1934-04-12,M,M,0.00,0.0,M
1934-04-13,M,M,0.09,0.0,M
1934-04-14,M,M,0.12,0.0,M
1934-04-15,M,M,0.00,0.0,M
1934-04-16,M,M,0.00,0.0,M
1934-04-17,M,M,0.11,0.0,M
1934-04-18,M,M,0.00,0.0,M
1934-04-19,M,M,0.00,0.0,M
1934-04-20,M,M,0.00,0.0,M
1934-04-21,M,M,0.00,0.0,M
1934-04-22,M,M,0.00,0.0,M
1934-04-23,M,M,0.00,0.0,M
1934-04-24,M,M,0.00,0.0,M
1934-04-25,M,M,0.00,0.0,M
1934-04-26,M,M,0.00,0.0,M
1934-04-27,M,M,0.00,0.0,M
1934-04-28,M,M,0.00,0.0,M
1934-04-29,M,M,0.00,0.0,M
1934-04-30,M,M,0.00,0.0,M
1934-05-01,M,M,0.00,0.0,M
1934-05-02,M,M,0.00,0.0,M
1934-05-03,M,M,0.00,0.0,M
1934-05-04,M,M,0.00,0.0,M
1934-05-05,M,M,0.00,0.0,M
1934-05-06,M,M,0.00,0.0,M
1934-05-07,M,M,0.00,0.0,M
1934-05-08,M,M,0.00,0.0,M
1934-05-09,M,M,0.00,0.0,M
1934-05-10,M,M,0.03,0.0,M
1934-05-11,M,M,0.00,0.0,M
1934-05-12,M,M,0.00,0.0,M
1934-05-13,M,M,0.00,0.0,M
1934-05-14,M,M,0.00,0.0,M
1934-05-15,M,M,0.00,0.0,M
1934-05-16,M,M,0.00,0.0,M
1934-05-17,M,M,0.00,0.0,M
1934-05-18,M,M,0.00,0.0,M
1934-05-19,M,M,0.00,0.0,M
1934-05-20,M,M,0.00,0.0,M
1934-05-21,M,M,0.00,0.0,M
1934-05-22,M,M,0.00,0.0,M
1934-05-23,M,M,0.00,0.0,M
1934-05-24,M,M,0.00,0.0,M
1934-05-25,M,M,0.00,0.0,M
1934-05-26,M,M,0.00,0.0,M
1934-05-27,M,M,0.64,0.0,M
1934-05-28,M,M,0.00,0.0,M
1934-05-29,M,M,0.00,0.0,M
1934-05-30,M,M,0.51,0.0,M
1934-05-31,M,M,0.00,0.0,M
1934-06-01,M,M,0.00,0.0,M
1934-06-02,M,M,0.00,0.0,M
1934-06-03,M,M,0.00,0.0,M
1934-06-04,M,M,0.00,0.0,M
1934-06-05,M,M,0.00,0.0,M
1934-06-06,M,M,0.00,0.0,M
1934-06-07,M,M,0.00,0.0,M
1934-06-08,M,M,0.00,0.0,M
1934-06-09,M,M,0.00,0.0,M
1934-06-10,M,M,0.00,0.0,M
1934-06-11,M,M,0.00,0.0,M
1934-06-12,M,M,0.00,0.0,M
1934-06-13,M,M,0.00,0.0,M
1934-06-14,M,M,0.00,0.0,M
1934-06-15,M,M,0.00,0.0,M
1934-06-16,M,M,0.00,0.0,M
1934-06-17,M,M,0.00,0.0,M
1934-06-18,M,M,0.00,0.0,M
1934-06-19,M,M,0.00,0.0,M
1934-06-20,M,M,0.00,0.0,M
1934-06-21,M,M,0.00,0.0,M
1934-06-22,M,M,0.00,0.0,M
1934-06-23,M,M,0.00,0.0,M
1934-06-24,M,M,0.19,0.0,M
1934-06-25,M,M,0.00,0.0,M
1934-06-26,M,M,0.00,0.0,M
1934-06-27,M,M,0.00,0.0,M
1934-06-28,M,M,0.00,0.0,M
1934-06-29,M,M,0.00,0.0,M
1934-06-30,M,M,0.00,0.0,M
1934-07-01,M,M,0.00,0.0,M
1934-07-02,M,M,0.00,0.0,M
1934-07-03,M,M,0.00,0.0,M
1934-07-04,M,M,0.12,0.0,M
1934-07-05,M,M,0.00,0.0,M
1934-07-06,M,M,0.02,0.0,M
1934-07-07,M,M,0.87,0.0,M
1934-07-08,M,M,0.00,0.0,M
1934-07-09,M,M,0.03,0.0,M
1934-07-10,M,M,0.00,0.0,M
1934-07-11,M,M,0.00,0.0,M
1934-07-12,M,M,0.04,0.0,M
1934-07-13,M,M,0.00,0.0,M
1934-07-14,M,M,0.00,0.0,M
1934-07-15,M,M,0.00,0.0,M
1934-07-16,M,M,0.00,0.0,M
1934-07-17,M,M,0.00,0.0,M
1934-07-18,M,M,0.25,0.0,M
1934-07-19,M,M,0.00,0.0,M
1934-07-20,M,M,0.00,0.0,M
1934-07-21,M,M,0.02,0.0,M
1934-07-22,M,M,0.02,0.0,M
1934-07-23,M,M,0.00,0.0,M
1934-07-24,M,M,0.00,0.0,M
1934-07-25,M,M,0.03,0.0,M
1934-07-26,M,M,1.05,0.0,M
1934-07-27,M,M,0.00,0.0,M
1934-07-28,M,M,0.00,0.0,M
1934-07-29,M,M,0.00,0.0,M
1934-07-30,M,M,0.00,0.0,M
1934-07-31,M,M,0.00,0.0,M
1934-08-01,M,M,0.00,0.0,M
1934-08-02,M,M,0.00,0.0,M
1934-08-03,M,M,0.00,0.0,M
1934-08-04,M,M,0.00,0.0,M
1934-08-05,M,M,0.00,0.0,M
1934-08-06,M,M,0.00,0.0,M
1934-08-07,M,M,0.00,0.0,M
1934-08-08,M,M,0.00,0.0,M
1934-08-09,M,M,0.00,0.0,M
1934-08-10,M,M,0.00,0.0,M
1934-08-11,M,M,0.00,0.0,M
1934-08-12,M,M,0.00,0.0,M
1934-08-13,M,M,0.00,0.0,M
1934-08-14,M,M,1.36,0.0,M
1934-08-15,M,M,0.00,0.0,M
1934-08-16,M,M,0.00,0.0,M
1934-08-17,M,M,0.00,0.0,M
1934-08-18,M,M,0.00,0.0,M
1934-08-19,M,M,0.00,0.0,M
1934-08-20,M,M,0.33,0.0,M
1934-08-21,M,M,0.00,0.0,M
1934-08-22,M,M,0.00,0.0,M
1934-08-23,M,M,0.00,0.0,M
1934-08-24,M,M,0.00,0.0,M
1934-08-25,M,M,0.00,0.0,M
1934-08-26,M,M,0.00,0.0,M
1934-08-27,M,M,0.10,0.0,M
1934-08-28,M,M,0.14,0.0,M
1934-08-29,M,M,0.12,0.0,M
1934-08-30,M,M,0.00,0.0,M
1934-08-31,M,M,0.21,0.0,M
1934-09-01,M,M,0.00,0.0,M
1934-09-02,M,M,0.00,0.0,M
1934-09-03,M,M,0.00,0.0,M
1934-09-04,M,M,0.00,0.0,M
1934-09-05,M,M,0.00,0.0,M
1934-09-06,M,M,0.00,0.0,M
1934-09-07,M,M,0.00,0.0,M
1934-09-08,M,M,1.79,0.0,M
1934-09-09,M,M,0.00,0.0,M
1934-09-10,M,M,0.00,0.0,M
1934-09-11,M,M,0.14,0.0,M
1934-09-12,M,M,0.07,0.0,M
1934-09-13,M,M,0.00,0.0,M
1934-09-14,M,M,0.00,0.0,M
1934-09-15,M,M,0.00,0.0,M
1934-09-16,M,M,0.00,0.0,M
1934-09-17,M,M,0.00,0.0,M
1934-09-18,M,M,0.02,0.0,M
1934-09-19,M,M,0.00,0.0,M
1934-09-20,M,M,0.00,0.0,M
1934-09-21,M,M,0.00,0.0,M
1934-09-22,M,M,1.30,0.0,M
1934-09-23,M,M,0.38,0.0,M
1934-09-24,M,M,0.00,0.0,M
1934-09-25,M,M,0.00,0.0,M
1934-09-26,M,M,0.00,0.0,M
1934-09-27,M,M,0.00,0.0,M
1934-09-28,M,M,0.00,0.0,M
1934-09-29,M,M,0.00,0.0,M
1934-09-30,M,M,0.00,0.0,M
1934-10-01,M,M,0.00,0.0,M
1934-10-02,M,M,0.00,0.0,M
1934-10-03,M,M,0.00,0.0,M
1934-10-04,M,M,0.00,0.0,M
1934-10-05,M,M,0.00,0.0,M
1934-10-06,M,M,0.00,0.0,M
1934-10-07,M,M,0.00,0.0,M
1934-10-08,M,M,0.00,0.0,M
1934-10-09,M,M,0.00,0.0,M
1934-10-10,M,M,0.00,0.0,M
1934-10-11,M,M,0.03,0.0,M
1934-10-12,M,M,0.04,0.0,M
1934-10-13,M,M,0.00,0.0,M
1934-10-14,M,M,0.00,0.0,M
1934-10-15,M,M,0.00,0.0,M
1934-10-16,M,M,0.00,0.0,M
1934-10-17,M,M,0.00,0.0,M
1934-10-18,M,M,0.00,0.0,M
1934-10-19,M,M,0.00,0.0,M
1934-10-20,M,M,0.00,0.0,M
1934-10-21,M,M,0.00,0.0,M
1934-10-22,M,M,0.00,0.0,M
1934-10-23,M,M,0.00,0.0,M
1934-10-24,M,M,0.00,0.0,M
1934-10-25,M,M,0.00,0.0,M
1934-10-26,M,M,0.00,0.0,M
1934-10-27,M,M,0.00,0.0,M
1934-10-28,M,M,0.00,0.0,M
1934-10-29,M,M,0.00,0.0,M
1934-10-30,M,M,0.00,0.0,M
1934-10-31,M,M,0.00,0.0,M
1934-11-01,M,M,0.20,0.0,M
1934-11-02,M,M,0.00,0.0,M
1934-11-03,M,M,0.00,0.0,M
1934-11-04,M,M,0.00,0.0,M
1934-11-05,M,M,0.00,0.0,M
1934-11-06,M,M,0.00,0.0,M
1934-11-07,M,M,0.00,0.0,M
1934-11-08,M,M,0.00,0.0,M
1934-11-09,M,M,0.00,0.0,M
1934-11-10,M,M,0.00,0.0,M
1934-11-11,M,M,0.00,0.0,M
1934-11-12,M,M,0.00,0.0,M
1934-11-13,M,M,0.00,0.0,M
1934-11-14,M,M,0.00,0.0,M
1934-11-15,M,M,0.00,0.0,M
1934-11-16,M,M,0.21,0.0,M
1934-11-17,M,M,0.00,0.0,M
1934-11-18,M,M,0.22,0.0,M
1934-11-19,M,M,0.20,2.5,M
1934-11-20,M,M,0.18,2.4,M
1934-11-21,M,M,T,T,M
1934-11-22,M,M,0.00,0.0,M
1934-11-23,M,M,0.00,0.0,M
1934-11-24,M,M,0.00,0.0,M
1934-11-25,M,M,0.00,0.0,M
1934-11-26,M,M,T,T,M
1934-11-27,M,M,T,T,M
1934-11-28,M,M,0.08,1.0,M
1934-11-29,M,M,0.00,0.0,M
1934-11-30,M,M,0.00,0.0,M
1934-12-01,M,M,0.00,0.0,M
1934-12-02,M,M,0.00,0.0,M
1934-12-03,M,M,0.00,0.0,M
1934-12-04,M,M,0.00,0.0,M
1934-12-05,M,M,0.00,0.0,M
1934-12-06,M,M,0.00,0.0,M
1934-12-07,M,M,0.00,0.0,M
1934-12-08,M,M,0.00,0.0,M
1934-12-09,M,M,0.00,0.0,M
1934-12-10,M,M,0.00,0.0,M
1934-12-11,M,M,0.00,0.0,M
1934-12-12,M,M,T,T,M
1934-12-13,M,M,0.00,0.0,M
1934-12-14,M,M,0.00,0.0,M
1934-12-15,M,M,0.00,0.0,M
1934-12-16,M,M,0.00,0.0,M
1934-12-17,M,M,0.00,0.0,M
1934-12-18,M,M,0.13,2.0,2
1934-12-19,M,M,0.00,0.0,M
1934-12-20,M,M,0.00,0.0,M
1934-12-21,M,M,0.00,0.0,M
1934-12-22,M,M,0.00,0.0,M
1934-12-23,M,M,0.00,0.0,M
1934-12-24,M,M,0.00,0.0,M
1934-12-25,M,M,0.00,0.0,M
1934-12-26,M,M,0.00,0.0,M
1934-12-27,M,M,0.00,0.0,M
1934-12-28,M,M,0.15,1.5,2
1934-12-29,M,M,0.00,0.0,M
1934-12-30,M,M,0.00,0.0,M
1934-12-31,M,M,0.00,0.0,M
1935-01-01,M,M,0.00,0.0,M
1935-01-02,M,M,0.00,0.0,M
1935-01-03,M,M,0.00,0.0,M
1935-01-04,M,M,0.00,0.0,M
1935-01-05,M,M,0.00,0.0,M
1935-01-06,M,M,0.20,3.0,3
1935-01-07,M,M,0.00,0.0,M
1935-01-08,M,M,0.00,0.0,M
1935-01-09,M,M,0.00,0.0,M
1935-01-10,M,M,0.00,0.0,M
1935-01-11,M,M,0.27,1.8,2
1935-01-12,M,M,0.00,0.0,M
1935-01-13,M,M,0.00,0.0,M
1935-01-14,M,M,0.05,0.4,T
1935-01-15,M,M,0.52,0.0,M
1935-01-16,M,M,0.17,0.0,M
1935-01-17,M,M,0.00,0.0,M
1935-01-18,M,M,0.00,0.0,M
1935-01-19,M,M,0.00,0.0,M
1935-01-20,M,M,0.00,0.0,M
1935-01-21,M,M,0.00,0.0,M
1935-01-22,M,M,0.00,0.0,M
1935-01-23,M,M,0.00,0.0,M
1935-01-24,M,M,0.00,0.0,M
1935-01-25,M,M,0.00,0.0,M
1935-01-26,M,M,0.00,0.0,M
1935-01-27,M,M,0.00,0.0,M
1935-01-28,M,M,0.00,0.0,M
1935-01-29,M,M,0.00,0.0,M
1935-01-30,M,M,0.00,0.0,M
1935-01-31,M,M,0.00,0.0,M
1935-02-01,M,M,M,0.0,M
1935-02-02,M,M,M,0.0,M
1935-02-03,M,M,M,0.0,M
1935-02-04,M,M,M,0.0,M
1935-02-05,M,M,M,0.0,M
1935-02-06,M,M,0.04,0.5,1
1935-02-07,M,M,M,0.0,M
1935-02-08,M,M,M,0.0,M
1935-02-09,M,M,M,0.0,M
1935-02-10,M,M,0.25,3.0,3
1935-02-11,M,M,T,T,T
1935-02-12,M,M,T,T,T
1935-02-13,M,M,0.06,1.5,2
1935-02-14,M,M,M,0.0,M
1935-02-15,M,M,0.26,4.5,6
1935-02-16,M,M,M,0.0,M
1935-02-17,M,M,M,0.0,M
1935-02-18,M,M,M,0.0,M
1935-02-19,M,M,M,0.0,M
1935-02-20,M,M,M,0.0,M
1935-02-21,M,M,M,0.0,M
1935-02-22,M,M,M,0.0,M
1935-02-23,M,M,M,0.0,M
1935-02-24,M,M,0.06,0.5,M
1935-02-25,M,M,0.11,1.5,2
1935-02-26,M,M,0.14,2.0,2
1935-02-27,M,M,M,0.0,M
1935-02-28,M,M,M,0.0,2
1935-03-01,M,M,T,0.0,T
1935-03-02,M,M,0.00,0.0,M
1935-03-03,M,M,0.16,0.0,M
1935-03-04,M,M,T,T,T
1935-03-05,M,M,T,T,M
1935-03-06,M,M,T,T,T
1935-03-07,M,M,0.00,0.0,M
1935-03-08,M,M,0.00,0.0,M
1935-03-09,M,M,0.11,1.5,2
1935-03-10,M,M,0.00,0.0,M
1935-03-11,M,M,0.00,0.0,M
1935-03-12,M,M,0.00,0.0,M
1935-03-13,M,M,0.00,0.0,M
1935-03-14,M,M,0.00,0.0,M
1935-03-15,M,M,0.00,0.0,M
1935-03-16,M,M,0.00,0.0,M
1935-03-17,M,M,0.00,0.0,M
1935-03-18,M,M,0.00,0.0,M
1935-03-19,M,M,0.00,0.0,M
1935-03-20,M,M,0.00,0.0,M
1935-03-21,M,M,0.00,0.0,M
1935-03-22,M,M,0.00,0.0,M
1935-03-23,M,M,0.00,0.0,M
1935-03-24,M,M,0.00,0.0,M
1935-03-25,M,M,0.00,0.0,M
1935-03-26,M,M,0.00,0.0,M
1935-03-27,M,M,0.00,0.0,M
1935-03-28,M,M,0.00,0.0,M
1935-03-29,M,M,0.00,0.0,M
1935-03-30,M,M,0.00,0.0,M
1935-03-31,M,M,0.00,0.0,M
1935-04-01,M,M,0.00,0.0,M
1935-04-02,M,M,0.00,0.0,M
1935-04-03,M,M,0.00,0.0,M
1935-04-04,M,M,0.00,0.0,M
1935-04-05,M,M,0.00,0.0,M
1935-04-06,M,M,0.00,0.0,M
1935-04-07,M,M,0.00,0.0,M
1935-04-08,M,M,0.00,0.0,M
1935-04-09,M,M,0.00,0.0,M
1935-04-10,M,M,0.00,0.0,M
1935-04-11,M,M,0.00,0.0,M
1935-04-12,M,M,0.00,0.0,M
1935-04-13,M,M,0.00,0.0,M
1935-04-14,M,M,0.00,0.0,M
1935-04-15,M,M,0.00,0.0,M
1935-04-16,M,M,0.00,0.0,M
1935-04-17,M,M,0.00,0.0,M
1935-04-18,M,M,0.17,T,T
1935-04-19,M,M,0.00,0.0,M
1935-04-20,M,M,0.00,0.0,M
1935-04-21,M,M,0.00,0.0,M
1935-04-22,M,M,0.00,0.0,M
1935-04-23,M,M,0.00,0.0,M
1935-04-24,M,M,0.00,0.0,M
1935-04-25,M,M,0.00,0.0,M
1935-04-26,M,M,0.00,0.0,M
1935-04-27,M,M,0.00,0.0,M
1935-04-28,M,M,0.00,0.0,M
1935-04-29,M,M,0.00,0.0,M
1935-04-30,M,M,0.15,0.0,M
1935-05-01,M,M,0.00,0.0,M
1935-05-02,M,M,0.00,0.0,M
1935-05-03,M,M,T,T,T
1935-05-04,M,M,T,T,T
1935-05-05,M,M,0.00,0.0,M
1935-05-06,M,M,0.00,0.0,M
1935-05-07,M,M,0.00,0.0,M
1935-05-08,M,M,0.00,0.0,M
1935-05-09,M,M,0.00,0.0,M
1935-05-10,M,M,0.00,0.0,M
1935-05-11,M,M,T,T,M
1935-05-12,M,M,0.00,0.0,M
1935-05-13,M,M,0.00,0.0,M
1935-05-14,M,M,0.20,0.0,M
1935-05-15,M,M,0.22,0.0,M
1935-05-16,M,M,0.51,0.0,M
1935-05-17,M,M,0.19,0.0,M
1935-05-18,M,M,0.32,0.0,M
1935-05-19,M,M,0.29,0.0,M
1935-05-20,M,M,0.15,0.0,M
1935-05-21,M,M,0.19,0.0,M
1935-05-22,M,M,0.00,0.0,M
1935-05-23,M,M,0.00,0.0,M
1935-05-24,M,M,0.00,0.0,M
1935-05-25,M,M,0.00,0.0,M
1935-05-26,M,M,0.00,0.0,M
1935-05-27,M,M,0.00,0.0,M
1935-05-28,M,M,0.00,0.0,M
1935-05-29,M,M,0.00,0.0,M
1935-05-30,M,M,0.00,0.0,M
1935-05-31,M,M,0.00,0.0,M
1935-06-01,M,M,M,M,M
1935-06-02,M,M,M,M,M
1935-06-03,M,M,M,M,M
1935-06-04,M,M,M,M,M
1935-06-05,M,M,M,M,M
1935-06-06,M,M,M,M,M
1935-06-07,M,M,M,M,M
1935-06-08,M,M,M,M,M
1935-06-09,M,M,M,M,M
1935-06-10,M,M,M,M,M
1935-06-11,M,M,M,M,M
1935-06-12,M,M,M,M,M
1935-06-13,M,M,M,M,M
1935-06-14,M,M,M,M,M
1935-06-15,M,M,M,M,M
1935-06-16,M,M,M,M,M
1935-06-17,M,M,M,M,M
1935-06-18,M,M,M,M,M
1935-06-19,M,M,M,M,M
1935-06-20,M,M,M,M,M
1935-06-21,M,M,M,M,M
1935-06-22,M,M,M,M,M
1935-06-23,M,M,M,M,M
1935-06-24,M,M,M,M,M
1935-06-25,M,M,M,M,M
1935-06-26,M,M,M,M,M
1935-06-27,M,M,M,M,M
1935-06-28,M,M,M,M,M
1935-06-29,M,M,M,M,M
1935-06-30,M,M,M,M,M
1935-07-01,M,M,M,M,M
1935-07-02,M,M,M,M,M
1935-07-03,M,M,M,M,M
1935-07-04,M,M,M,M,M
1935-07-05,M,M,M,M,M
1935-07-06,M,M,M,M,M
1935-07-07,M,M,M,M,M
1935-07-08,M,M,M,M,M
1935-07-09,M,M,M,M,M
1935-07-10,M,M,M,M,M
1935-07-11,M,M,M,M,M
1935-07-12,M,M,M,M,M
1935-07-13,M,M,M,M,M
1935-07-14,M,M,M,M,M
1935-07-15,M,M,M,M,M
1935-07-16,M,M,M,M,M
1935-07-17,M,M,M,M,M
1935-07-18,M,M,M,M,M
1935-07-19,M,M,M,M,M
1935-07-20,M,M,M,M,M
1935-07-21,M,M,M,M,M
1935-07-22,M,M,M,M,M
1935-07-23,M,M,M,M,M
1935-07-24,M,M,M,M,M
1935-07-25,M,M,M,M,M
1935-07-26,M,M,M,M,M
1935-07-27,M,M,M,M,M
1935-07-28,M,M,M,M,M
1935-07-29,M,M,M,M,M
1935-07-30,M,M,M,M,M
1935-07-31,M,M,M,M,M
1935-08-01,M,M,M,M,M
1935-08-02,M,M,M,M,M
1935-08-03,M,M,M,M,M
1935-08-04,M,M,M,M,M
1935-08-05,M,M,M,M,M
1935-08-06,M,M,M,M,M
1935-08-07,M,M,M,M,M
1935-08-08,M,M,M,M,M
1935-08-09,M,M,M,M,M
1935-08-10,M,M,M,M,M
1935-08-11,M,M,M,M,M
1935-08-12,M,M,M,M,M
1935-08-13,M,M,M,M,M
1935-08-14,M,M,M,M,M
1935-08-15,M,M,M,M,M
1935-08-16,M,M,M,M,M
1935-08-17,M,M,M,M,M
1935-08-18,M,M,M,M,M
1935-08-19,M,M,M,M,M
1935-08-20,M,M,M,M,M
1935-08-21,M,M,M,M,M
1935-08-22,M,M,M,M,M
1935-08-23,M,M,M,M,M
1935-08-24,M,M,M,M,M
1935-08-25,M,M,M,M,M
1935-08-26,M,M,M,M,M
1935-08-27,M,M,M,M,M
1935-08-28,M,M,M,M,M
1935-08-29,M,M,M,M,M
1935-08-30,M,M,M,M,M
1935-08-31,M,M,M,M,M
1935-09-01,M,M,M,M,M
1935-09-02,M,M,M,M,M
1935-09-03,M,M,M,M,M
1935-09-04,M,M,M,M,M
1935-09-05,M,M,M,M,M
1935-09-06,M,M,M,M,M
1935-09-07,M,M,M,M,M
1935-09-08,M,M,M,M,M
1935-09-09,M,M,M,M,M
1935-09-10,M,M,M,M,M
1935-09-11,M,M,M,M,M
1935-09-12,M,M,M,M,M
1935-09-13,M,M,M,M,M
1935-09-14,M,M,M,M,M
1935-09-15,M,M,M,M,M
1935-09-16,M,M,M,M,M
1935-09-17,M,M,M,M,M
1935-09-18,M,M,M,M,M
1935-09-19,M,M,M,M,M
1935-09-20,M,M,M,M,M
1935-09-21,M,M,M,M,M
1935-09-22,M,M,M,M,M
1935-09-23,M,M,M,M,M
1935-09-24,M,M,M,M,M
1935-09-25,M,M,M,M,M
1935-09-26,M,M,M,M,M
1935-09-27,M,M,M,M,M
1935-09-28,M,M,M,M,M
1935-09-29,M,M,M,M,M
1935-09-30,M,M,M,M,M
1935-10-01,M,M,M,M,M
1935-10-02,M,M,M,M,M
1935-10-03,M,M,M,M,M
1935-10-04,M,M,M,M,M
1935-10-05,M,M,M,M,M
1935-10-06,M,M,M,M,M
1935-10-07,M,M,M,M,M
1935-10-08,M,M,M,M,M
1935-10-09,M,M,M,M,M
1935-10-10,M,M,M,M,M
1935-10-11,M,M,M,M,M
1935-10-12,M,M,M,M,M
1935-10-13,M,M,M,M,M
1935-10-14,M,M,M,M,M
1935-10-15,M,M,M,M,M
1935-10-16,M,M,M,M,M
1935-10-17,M,M,M,M,M
1935-10-18,M,M,M,M,M
1935-10-19,M,M,M,M,M
1935-10-20,M,M,M,M,M
1935-10-21,M,M,M,M,M
1935-10-22,M,M,M,M,M
1935-10-23,M,M,M,M,M
1935-10-24,M,M,M,M,M
1935-10-25,M,M,M,M,M
1935-10-26,M,M,M,M,M
1935-10-27,M,M,M,M,M
1935-10-28,M,M,M,M,M
1935-10-29,M,M,M,M,M
1935-10-30,M,M,M,M,M
1935-10-31,M,M,M,M,M
1935-11-01,M,M,M,M,M
1935-11-02,M,M,M,M,M
1935-11-03,M,M,M,M,M
1935-11-04,M,M,M,M,M
1935-11-05,M,M,M,M,M
1935-11-06,M,M,M,M,M
1935-11-07,M,M,M,M,M
1935-11-08,M,M,M,M,M
1935-11-09,M,M,M,M,M
1935-11-10,M,M,M,M,M
1935-11-11,M,M,M,M,M
1935-11-12,M,M,M,M,M
1935-11-13,M,M,M,M,M
1935-11-14,M,M,M,M,M
1935-11-15,M,M,M,M,M
1935-11-16,M,M,M,M,M
1935-11-17,M,M,M,M,M
1935-11-18,M,M,M,M,M
1935-11-19,M,M,M,M,M
1935-11-20,M,M,M,M,M
1935-11-21,M,M,M,M,M
1935-11-22,M,M,M,M,M
1935-11-23,M,M,M,M,M
1935-11-24,M,M,M,M,M
1935-11-25,M,M,M,M,M
1935-11-26,M,M,M,M,M
1935-11-27,M,M,M,M,M
1935-11-28,M,M,M,M,M
1935-11-29,M,M,M,M,M
1935-11-30,M,M,M,M,M
1935-12-01,M,M,M,M,M
1935-12-02,M,M,M,M,M
1935-12-03,M,M,M,M,M
1935-12-04,M,M,M,M,M
1935-12-05,M,M,M,M,M
1935-12-06,M,M,M,M,M
1935-12-07,M,M,M,M,M
1935-12-08,M,M,M,M,M
1935-12-09,M,M,M,M,M
1935-12-10,M,M,M,M,M
1935-12-11,M,M,M,M,M
1935-12-12,M,M,M,M,M
1935-12-13,M,M,M,M,M
1935-12-14,M,M,M,M,M
1935-12-15,M,M,M,M,M
1935-12-16,M,M,M,M,M
1935-12-17,M,M,M,M,M
1935-12-18,M,M,M,M,M
1935-12-19,M,M,M,M,M
1935-12-20,M,M,M,M,M
1935-12-21,M,M,M,M,M
1935-12-22,M,M,M,M,M
1935-12-23,M,M,M,M,M
1935-12-24,M,M,M,M,M
1935-12-25,M,M,M,M,M
1935-12-26,M,M,M,M,M
1935-12-27,M,M,M,M,M
1935-12-28,M,M,M,M,M
1935-12-29,M,M,M,M,M
1935-12-30,M,M,M,M,M
1935-12-31,M,M,M,M,M
1936-01-01,M,M,M,M,M
1936-01-02,M,M,M,M,M
1936-01-03,M,M,M,M,M
1936-01-04,M,M,M,M,M
1936-01-05,M,M,M,M,M
1936-01-06,M,M,M,M,M
1936-01-07,M,M,M,M,M
1936-01-08,M,M,M,M,M
1936-01-09,M,M,M,M,M
1936-01-10,M,M,M,M,M
1936-01-11,M,M,M,M,M
1936-01-12,M,M,M,M,M
1936-01-13,M,M,M,M,M
1936-01-14,M,M,M,M,M
1936-01-15,M,M,M,M,M
1936-01-16,M,M,M,M,M
1936-01-17,M,M,M,M,M
1936-01-18,M,M,M,M,M
1936-01-19,M,M,M,M,M
1936-01-20,M,M,M,M,M
1936-01-21,M,M,M,M,M
1936-01-22,M,M,M,M,M
1936-01-23,M,M,M,M,M
1936-01-24,M,M,M,M,M
1936-01-25,M,M,M,M,M
1936-01-26,M,M,M,M,M
1936-01-27,M,M,M,M,M
1936-01-28,M,M,M,M,M
1936-01-29,M,M,M,M,M
1936-01-30,M,M,M,M,M
1936-01-31,M,M,M,M,M
1936-02-01,M,M,M,M,M
1936-02-02,M,M,M,M,M
1936-02-03,M,M,M,M,M
1936-02-04,M,M,M,M,M
1936-02-05,M,M,M,M,M
1936-02-06,M,M,M,M,M
1936-02-07,M,M,M,M,M
1936-02-08,M,M,M,M,M
1936-02-09,M,M,M,M,M
1936-02-10,M,M,M,M,M
1936-02-11,M,M,M,M,M
1936-02-12,M,M,M,M,M
1936-02-13,M,M,M,M,M
1936-02-14,M,M,M,M,M
1936-02-15,M,M,M,M,M
1936-02-16,M,M,M,M,M
1936-02-17,M,M,M,M,M
1936-02-18,M,M,M,M,M
1936-02-19,M,M,M,M,M
1936-02-20,M,M,M,M,M
1936-02-21,M,M,M,M,M
1936-02-22,M,M,M,M,M
1936-02-23,M,M,M,M,M
1936-02-24,M,M,M,M,M
1936-02-25,M,M,M,M,M
1936-02-26,M,M,M,M,M
1936-02-27,M,M,M,M,M
1936-02-28,M,M,M,M,M
1936-02-29,M,M,M,M,M
1936-03-01,M,M,M,M,M
1936-03-02,M,M,M,M,M
1936-03-03,M,M,M,M,M
1936-03-04,M,M,M,M,M
1936-03-05,M,M,M,M,M
1936-03-06,M,M,M,M,M
1936-03-07,M,M,M,M,M
1936-03-08,M,M,M,M,M
1936-03-09,M,M,M,M,M
1936-03-10,M,M,M,M,M
1936-03-11,M,M,M,M,M
1936-03-12,M,M,M,M,M
1936-03-13,M,M,M,M,M
1936-03-14,M,M,M,M,M
1936-03-15,M,M,M,M,M
1936-03-16,M,M,M,M,M
1936-03-17,M,M,M,M,M
1936-03-18,M,M,M,M,M
1936-03-19,M,M,M,M,M
1936-03-20,M,M,M,M,M
1936-03-21,M,M,M,M,M
1936-03-22,M,M,M,M,M
1936-03-23,M,M,M,M,M
1936-03-24,M,M,M,M,M
1936-03-25,M,M,M,M,M
1936-03-26,M,M,M,M,M
1936-03-27,M,M,M,M,M
1936-03-28,M,M,M,M,M
1936-03-29,M,M,M,M,M
1936-03-30,M,M,M,M,M
1936-03-31,M,M,M,M,M
1936-04-01,M,M,M,M,M
1936-04-02,M,M,M,M,M
1936-04-03,M,M,M,M,M
1936-04-04,M,M,M,M,M
1936-04-05,M,M,M,M,M
1936-04-06,M,M,M,M,M
1936-04-07,M,M,M,M,M
1936-04-08,M,M,M,M,M
1936-04-09,M,M,M,M,M
1936-04-10,M,M,M,M,M
1936-04-11,M,M,M,M,M
1936-04-12,M,M,M,M,M
1936-04-13,M,M,M,M,M
1936-04-14,M,M,M,M,M
1936-04-15,M,M,M,M,M
1936-04-16,M,M,M,M,M
1936-04-17,M,M,M,M,M
1936-04-18,M,M,M,M,M
1936-04-19,M,M,M,M,M
1936-04-20,M,M,M,M,M
1936-04-21,M,M,M,M,M
1936-04-22,M,M,M,M,M
1936-04-23,M,M,M,M,M
1936-04-24,M,M,M,M,M
1936-04-25,M,M,M,M,M
1936-04-26,M,M,M,M,M
1936-04-27,M,M,M,M,M
1936-04-28,M,M,M,M,M
1936-04-29,M,M,M,M,M
1936-04-30,M,M,M,M,M
1936-05-01,M,M,M,M,M
1936-05-02,M,M,M,M,M
1936-05-03,M,M,M,M,M
1936-05-04,M,M,M,M,M
1936-05-05,M,M,M,M,M
1936-05-06,M,M,M,M,M
1936-05-07,M,M,M,M,M
1936-05-08,M,M,M,M,M
1936-05-09,M,M,M,M,M
1936-05-10,M,M,M,M,M
1936-05-11,M,M,M,M,M
1936-05-12,M,M,M,M,M
1936-05-13,M,M,M,M,M
1936-05-14,M,M,M,M,M
1936-05-15,M,M,M,M,M
1936-05-16,M,M,M,M,M
1936-05-17,M,M,M,M,M
1936-05-18,M,M,M,M,M
1936-05-19,M,M,M,M,M
1936-05-20,M,M,M,M,M
1936-05-21,M,M,M,M,M
1936-05-22,M,M,M,M,M
1936-05-23,M,M,M,M,M
1936-05-24,M,M,M,M,M
1936-05-25,M,M,M,M,M
1936-05-26,M,M,M,M,M
1936-05-27,M,M,M,M,M
1936-05-28,M,M,M,M,M
1936-05-29,M,M,M,M,M
1936-05-30,M,M,M,M,M
1936-05-31,M,M,M,M,M
1936-06-01,M,M,T,0.0,M
1936-06-02,M,M,T,0.0,M
1936-06-03,M,M,0.00,0.0,M
1936-06-04,M,M,0.00,0.0,M
1936-06-05,M,M,0.00,0.0,M
1936-06-06,M,M,T,0.0,M
1936-06-07,M,M,0.00,0.0,M
1936-06-08,M,M,0.00,0.0,M
1936-06-09,M,M,0.00,0.0,M
1936-06-10,M,M,0.03,0.0,M
1936-06-11,M,M,0.36,0.0,M
1936-06-12,M,M,0.00,0.0,M
1936-06-13,M,M,0.00,0.0,M
1936-06-14,M,M,0.22,0.0,M
1936-06-15,M,M,0.20,0.0,M
1936-06-16,M,M,0.00,0.0,M
1936-06-17,M,M,0.00,0.0,M
1936-06-18,M,M,0.00,0.0,M
1936-06-19,M,M,0.00,0.0,M
1936-06-20,M,M,0.00,0.0,M
1936-06-21,M,M,0.00,0.0,M
1936-06-22,M,M,0.00,0.0,M
1936-06-23,M,M,0.00,0.0,M
1936-06-24,M,M,0.00,0.0,M
1936-06-25,M,M,0.30,0.0,M
1936-06-26,M,M,0.00,0.0,M
1936-06-27,M,M,0.00,0.0,M
1936-06-28,M,M,0.13,0.0,M
1936-06-29,M,M,0.00,0.0,M
1936-06-30,M,M,0.00,0.0,M
1936-07-01,M,M,0.00,M,M
1936-07-02,M,M,0.00,M,M
1936-07-03,M,M,0.00,M,M
1936-07-04,M,M,0.00,M,M
1936-07-05,M,M,0.15,M,M
1936-07-06,M,M,0.32,M,M
1936-07-07,M,M,0.00,M,M
1936-07-08,M,M,0.00,M,M
1936-07-09,M,M,0.00,M,M
1936-07-10,M,M,0.00,M,M
1936-07-11,M,M,0.00,M,M
1936-07-12,M,M,0.28,M,M
1936-07-13,M,M,0.12,M,M
1936-07-14,M,M,0.00,M,M
1936-07-15,M,M,0.00,M,M
1936-07-16,M,M,0.15,M,M
1936-07-17,M,M,0.00,M,M
1936-07-18,M,M,0.05,M,M
1936-07-19,M,M,0.00,M,M
1936-07-20,M,M,0.00,M,M
1936-07-21,M,M,0.00,M,M
1936-07-22,M,M,0.00,M,M
1936-07-23,M,M,0.10,M,M
1936-07-24,M,M,0.00,M,M
1936-07-25,M,M,0.00,M,M
1936-07-26,M,M,0.00,M,M
1936-07-27,M,M,0.00,M,M
1936-07-28,M,M,0.16,M,M
1936-07-29,M,M,0.00,M,M
1936-07-30,M,M,0.00,M,M
1936-07-31,M,M,0.00,M,M
1936-08-01,M,M,0.00,0.0,M
1936-08-02,M,M,0.22,0.0,M
1936-08-03,M,M,0.36,0.0,M
1936-08-04,M,M,0.18,0.0,M
1936-08-05,M,M,0.09,0.0,M
1936-08-06,M,M,0.05,0.0,M
1936-08-07,M,M,0.05,0.0,M
1936-08-08,M,M,0.00,0.0,M
1936-08-09,M,M,0.05,0.0,M
1936-08-10,M,M,0.08,0.0,M
1936-08-11,M,M,0.00,0.0,M
1936-08-12,M,M,0.00,0.0,M
1936-08-13,M,M,0.00,0.0,M
1936-08-14,M,M,0.00,0.0,M
1936-08-15,M,M,0.00,0.0,M
1936-08-16,M,M,0.00,0.0,M
1936-08-17,M,M,0.14,0.0,M
1936-08-18,M,M,0.11,0.0,M
1936-08-19,M,M,0.12,0.0,M
1936-08-20,M,M,0.00,0.0,M
1936-08-21,M,M,0.00,0.0,M
1936-08-22,M,M,0.00,0.0,M
1936-08-23,M,M,0.22,0.0,M
1936-08-24,M,M,0.00,0.0,M
1936-08-25,M,M,0.00,0.0,M
1936-08-26,M,M,0.00,0.0,M
1936-08-27,M,M,0.30,0.0,M
1936-08-28,M,M,0.00,0.0,M
1936-08-29,M,M,0.40,0.0,M
1936-08-30,M,M,0.10,0.0,M
1936-08-31,M,M,0.00,0.0,M
1936-09-01,M,M,0.00,0.0,M
1936-09-02,M,M,0.00,0.0,M
1936-09-03,M,M,0.00,0.0,M
1936-09-04,M,M,0.09,0.0,M
1936-09-05,M,M,0.05,0.0,M
1936-09-06,M,M,0.02,0.0,M
1936-09-07,M,M,0.12,0.0,M
1936-09-08,M,M,0.00,0.0,M
1936-09-09,M,M,0.00,0.0,M
1936-09-10,M,M,0.00,0.0,M
1936-09-11,M,M,0.00,0.0,M
1936-09-12,M,M,0.00,0.0,M
1936-09-13,M,M,0.08,0.0,M
1936-09-14,M,M,0.09,0.0,M
1936-09-15,M,M,0.00,0.0,M
1936-09-16,M,M,0.08,0.0,M
1936-09-17,M,M,0.05,0.0,M
1936-09-18,M,M,0.04,0.0,M
1936-09-19,M,M,0.00,0.0,M
1936-09-20,M,M,0.13,0.0,M
1936-09-21,M,M,0.00,0.0,M
1936-09-22,M,M,0.07,0.0,M
1936-09-23,M,M,0.00,0.0,M
1936-09-24,M,M,0.00,0.0,M
1936-09-25,M,M,0.00,0.0,M
1936-09-26,M,M,0.00,0.0,M
1936-09-27,M,M,0.08,1.5,M
1936-09-28,M,M,0.00,0.0,M
1936-09-29,M,M,0.00,0.0,M
1936-09-30,M,M,0.00,0.0,M
1936-10-01,M,M,M,M,M
1936-10-02,M,M,M,M,M
1936-10-03,M,M,M,M,M
1936-10-04,M,M,M,M,M
1936-10-05,M,M,M,M,M
1936-10-06,M,M,M,M,M
1936-10-07,M,M,M,M,M
1936-10-08,M,M,M,M,M
1936-10-09,M,M,M,M,M
1936-10-10,M,M,M,M,M
1936-10-11,M,M,M,M,M
1936-10-12,M,M,M,M,M
1936-10-13,M,M,M,M,M
1936-10-14,M,M,M,M,M
1936-10-15,M,M,M,M,M
1936-10-16,M,M,M,M,M
1936-10-17,M,M,M,M,M
1936-10-18,M,M,M,M,M
1936-10-19,M,M,M,M,M
1936-10-20,M,M,M,M,M
1936-10-21,M,M,M,M,M
1936-10-22,M,M,M,M,M
1936-10-23,M,M,M,M,M
1936-10-24,M,M,M,M,M
1936-10-25,M,M,M,M,M
1936-10-26,M,M,M,M,M
1936-10-27,M,M,M,M,M
1936-10-28,M,M,M,M,M
1936-10-29,M,M,M,M,M
1936-10-30,M,M,M,M,M
1936-10-31,M,M,M,M,M
1936-11-01,M,M,M,M,M
1936-11-02,M,M,M,M,M
1936-11-03,M,M,M,M,M
1936-11-04,M,M,M,M,M
1936-11-05,M,M,M,M,M
1936-11-06,M,M,M,M,M
1936-11-07,M,M,M,M,M
1936-11-08,M,M,M,M,M
1936-11-09,M,M,M,M,M
1936-11-10,M,M,M,M,M
1936-11-11,M,M,M,M,M
1936-11-12,M,M,M,M,M
1936-11-13,M,M,M,M,M
1936-11-14,M,M,M,M,M
1936-11-15,M,M,M,M,M
1936-11-16,M,M,M,M,M
1936-11-17,M,M,M,M,M
1936-11-18,M,M,M,M,M
1936-11-19,M,M,M,M,M
1936-11-20,M,M,M,M,M
1936-11-21,M,M,M,M,M
1936-11-22,M,M,M,M,M
1936-11-23,M,M,M,M,M
1936-11-24,M,M,M,M,M
1936-11-25,M,M,M,M,M
1936-11-26,M,M,M,M,M
1936-11-27,M,M,M,M,M
1936-11-28,M,M,M,M,M
1936-11-29,M,M,M,M,M
1936-11-30,M,M,M,M,M
1936-12-01,M,M,M,M,M
1936-12-02,M,M,M,M,M
1936-12-03,M,M,M,M,M
1936-12-04,M,M,M,M,M
1936-12-05,M,M,M,M,M
1936-12-06,M,M,M,M,M
1936-12-07,M,M,M,M,M
1936-12-08,M,M,M,M,M
1936-12-09,M,M,M,M,M
1936-12-10,M,M,M,M,M
1936-12-11,M,M,M,M,M
1936-12-12,M,M,M,M,M
1936-12-13,M,M,M,M,M
1936-12-14,M,M,M,M,M
1936-12-15,M,M,M,M,M
1936-12-16,M,M,M,M,M
1936-12-17,M,M,M,M,M
1936-12-18,M,M,M,M,M
1936-12-19,M,M,M,M,M
1936-12-20,M,M,M,M,M
1936-12-21,M,M,M,M,M
1936-12-22,M,M,M,M,M
1936-12-23,M,M,M,M,M
1936-12-24,M,M,M,M,M
1936-12-25,M,M,M,M,M
1936-12-26,M,M,M,M,M
1936-12-27,M,M,M,M,M
1936-12-28,M,M,M,M,M
1936-12-29,M,M,M,M,M
1936-12-30,M,M,M,M,M
1936-12-31,M,M,M,M,M
1937-01-01,M,M,M,M,M
1937-01-02,M,M,M,M,M
1937-01-03,M,M,M,M,M
1937-01-04,M,M,M,M,M
1937-01-05,M,M,M,M,M
1937-01-06,M,M,M,M,M
1937-01-07,M,M,M,M,M
1937-01-08,M,M,M,M,M
1937-01-09,M,M,M,M,M
1937-01-10,M,M,M,M,M
1937-01-11,M,M,M,M,M
1937-01-12,M,M,M,M,M
1937-01-13,M,M,M,M,M
1937-01-14,M,M,M,M,M
1937-01-15,M,M,M,M,M
1937-01-16,M,M,M,M,M
1937-01-17,M,M,M,M,M
1937-01-18,M,M,M,M,M
1937-01-19,M,M,M,M,M
1937-01-20,M,M,M,M,M
1937-01-21,M,M,M,M,M
1937-01-22,M,M,M,M,M
1937-01-23,M,M,M,M,M
1937-01-24,M,M,M,M,M
1937-01-25,M,M,M,M,M
1937-01-26,M,M,M,M,M
1937-01-27,M,M,M,M,M
1937-01-28,M,M,M,M,M
1937-01-29,M,M,M,M,M
1937-01-30,M,M,M,M,M
1937-01-31,M,M,M,M,M
1937-02-01,M,M,0.00,0.0,0
1937-02-02,M,M,0.00,0.0,M
1937-02-03,M,M,0.00,0.0,M
1937-02-04,M,M,0.00,0.0,M
1937-02-05,M,M,0.00,0.0,M
1937-02-06,M,M,0.04,0.0,0
1937-02-07,M,M,0.65,0.0,M
1937-02-08,M,M,0.05,0.8,1
1937-02-09,M,M,0.00,0.0,1
1937-02-10,M,M,0.00,0.0,T
1937-02-11,M,M,0.00,0.0,0
1937-02-12,M,M,0.00,0.0,M
1937-02-13,M,M,0.00,0.0,M
1937-02-14,M,M,0.28,0.0,0
1937-02-15,M,M,0.13,0.0,M
1937-02-16,M,M,0.14,1.0,0
1937-02-17,M,M,0.00,0.0,0
1937-02-18,M,M,0.00,0.0,M
1937-02-19,M,M,0.05,1.5,2
1937-02-20,M,M,0.00,0.0,0
1937-02-21,M,M,0.00,0.0,M
1937-02-22,M,M,0.00,0.0,M
1937-02-23,M,M,0.00,0.0,M
1937-02-24,M,M,0.00,0.0,M
1937-02-25,M,M,0.00,0.0,M
1937-02-26,M,M,0.31,4.0,4
1937-02-27,M,M,T,T,1
1937-02-28,M,M,0.00,0.0,0
1937-03-01,M,M,0.00,0.0,0
1937-03-02,M,M,0.00,0.0,M
1937-03-03,M,M,0.00,0.0,M
1937-03-04,M,M,0.00,0.0,M
1937-03-05,M,M,0.00,0.0,M
1937-03-06,M,M,0.00,0.0,M
1937-03-07,M,M,0.00,0.0,M
1937-03-08,M,M,0.00,0.0,M
1937-03-09,M,M,0.00,0.0,M
1937-03-10,M,M,0.00,0.0,M
1937-03-11,M,M,0.00,0.0,M
1937-03-12,M,M,0.00,0.0,M
1937-03-13,M,M,0.28,0.0,M
1937-03-14,M,M,0.86,5.3,3
1937-03-15,M,M,0.00,0.0,2
1937-03-16,M,M,0.00,0.0,0
1937-03-17,M,M,0.10,0.0,M
1937-03-18,M,M,T,0.0,M
1937-03-19,M,M,0.02,0.0,M
1937-03-20,M,M,0.00,0.0,0
1937-03-21,M,M,0.00,0.0,M
1937-03-22,M,M,0.00,0.0,M
1937-03-23,M,M,0.01,0.0,0
1937-03-24,M,M,0.00,0.0,M
1937-03-25,M,M,0.00,0.0,M
1937-03-26,M,M,T,T,M
1937-03-27,M,M,T,T,M
1937-03-28,M,M,0.00,0.0,0
1937-03-29,M,M,0.21,3.0,3
1937-03-30,M,M,0.00,0.0,M
1937-03-31,M,M,0.00,0.0,M
1937-04-01,M,M,0.00,0.0,0
1937-04-02,M,M,0.00,0.0,M
1937-04-03,M,M,T,0.0,M
1937-04-04,M,M,0.52,0.0,M
1937-04-05,M,M,0.00,0.0,M
1937-04-06,M,M,0.00,0.0,M
1937-04-07,M,M,T,0.0,M
1937-04-08,M,M,0.00,0.0,M
1937-04-09,M,M,0.00,0.0,M
1937-04-10,M,M,0.00,0.0,M
1937-04-11,M,M,0.00,0.0,M
1937-04-12,M,M,0.00,0.0,M
1937-04-13,M,M,0.00,0.0,M
1937-04-14,M,M,0.00,0.0,M
1937-04-15,M,M,0.00,0.0,M
1937-04-16,M,M,0.00,0.0,M
1937-04-17,M,M,0.00,0.0,M
1937-04-18,M,M,0.00,0.0,M
1937-04-19,M,M,0.00,0.0,M
1937-04-20,M,M,0.00,0.0,M
1937-04-21,M,M,0.00,0.0,M
1937-04-22,M,M,0.00,0.0,M
1937-04-23,M,M,0.00,0.0,M
1937-04-24,M,M,0.00,0.0,M
1937-04-25,M,M,0.00,0.0,M
1937-04-26,M,M,0.00,0.0,M
1937-04-27,M,M,0.00,0.0,M
1937-04-28,M,M,0.00,0.0,M
1937-04-29,M,M,0.00,0.0,M
1937-04-30,M,M,0.00,0.0,M
1937-05-01,M,M,0.00,0.0,0
1937-05-02,M,M,0.00,0.0,M
1937-05-03,M,M,0.00,0.0,M
1937-05-04,M,M,0.00,0.0,M
1937-05-05,M,M,0.15,0.0,M
1937-05-06,M,M,0.00,0.0,M
1937-05-07,M,M,0.00,0.0,M
1937-05-08,M,M,0.00,0.0,M
1937-05-09,M,M,0.00,0.0,M
1937-05-10,M,M,0.00,0.0,M
1937-05-11,M,M,0.00,0.0,M
1937-05-12,M,M,0.00,0.0,M
1937-05-13,M,M,0.00,0.0,M
1937-05-14,M,M,0.00,0.0,M
1937-05-15,M,M,0.03,0.0,M
1937-05-16,M,M,0.00,0.0,M
1937-05-17,M,M,0.00,0.0,M
1937-05-18,M,M,0.00,0.0,M
1937-05-19,M,M,0.06,0.0,M
1937-05-20,M,M,0.00,0.0,M
1937-05-21,M,M,0.00,0.0,M
1937-05-22,M,M,0.00,0.0,M
1937-05-23,M,M,0.04,0.0,M
1937-05-24,M,M,0.00,0.0,M
1937-05-25,M,M,0.02,0.0,M
1937-05-26,M,M,0.00,0.0,M
1937-05-27,M,M,0.00,0.0,M
1937-05-28,M,M,0.42,0.0,M
1937-05-29,M,M,0.12,0.0,M
1937-05-30,M,M,0.22,0.0,M
1937-05-31,M,M,0.00,0.0,M
1937-06-01,M,M,0.09,0.0,0
1937-06-02,M,M,0.12,0.0,M
1937-06-03,M,M,0.00,0.0,M
1937-06-04,M,M,0.00,0.0,M
1937-06-05,M,M,0.00,0.0,M
1937-06-06,M,M,0.00,0.0,M
1937-06-07,M,M,0.00,0.0,M
1937-06-08,M,M,0.00,0.0,M
1937-06-09,M,M,0.00,0.0,M
1937-06-10,M,M,0.00,0.0,M
1937-06-11,M,M,0.00,0.0,M
1937-06-12,M,M,0.00,0.0,M
1937-06-13,M,M,0.00,0.0,M
1937-06-14,M,M,0.00,0.0,M
1937-06-15,M,M,0.00,0.0,M
1937-06-16,M,M,0.00,0.0,M
1937-06-17,M,M,0.00,0.0,M
1937-06-18,M,M,0.00,0.0,M
1937-06-19,M,M,0.00,0.0,M
1937-06-20,M,M,0.00,0.0,M
1937-06-21,M,M,0.04,0.0,M
1937-06-22,M,M,0.00,0.0,0
1937-06-23,M,M,0.00,0.0,M
1937-06-24,M,M,T,0.0,M
1937-06-25,M,M,0.64,0.0,M
1937-06-26,M,M,0.09,0.0,M
1937-06-27,M,M,1.20,0.0,M
1937-06-28,M,M,0.00,0.0,M
1937-06-29,M,M,T,0.0,M
1937-06-30,M,M,0.00,0.0,M
1937-07-01,M,M,0.50,0.0,0
1937-07-02,M,M,0.05,0.0,M
1937-07-03,M,M,0.00,0.0,M
1937-07-04,M,M,0.00,0.0,M
1937-07-05,M,M,0.00,0.0,M
1937-07-06,M,M,0.21,0.0,M
1937-07-07,M,M,0.00,0.0,M
1937-07-08,M,M,0.00,0.0,M
1937-07-09,M,M,0.01,0.0,M
1937-07-10,M,M,0.07,0.0,M
1937-07-11,M,M,0.00,0.0,M
1937-07-12,M,M,0.06,0.0,M
1937-07-13,M,M,0.00,0.0,M
1937-07-14,M,M,0.00,0.0,M
1937-07-15,M,M,0.00,0.0,M
1937-07-16,M,M,0.00,0.0,M
1937-07-17,M,M,0.00,0.0,M
1937-07-18,M,M,0.00,0.0,M
1937-07-19,M,M,0.00,0.0,M
1937-07-20,M,M,0.16,0.0,M
1937-07-21,M,M,0.00,0.0,M
1937-07-22,M,M,T,0.0,M
1937-07-23,M,M,0.00,0.0,M
1937-07-24,M,M,0.00,0.0,M
1937-07-25,M,M,0.00,0.0,M
1937-07-26,M,M,0.00,0.0,M
1937-07-27,M,M,0.00,0.0,M
1937-07-28,M,M,0.00,0.0,M
1937-07-29,M,M,0.08,0.0,M
1937-07-30,M,M,0.00,0.0,M
1937-07-31,M,M,0.04,0.0,M
1937-08-01,M,M,0.00,0.0,0
1937-08-02,M,M,0.00,0.0,M
1937-08-03,M,M,0.47,0.0,M
1937-08-04,M,M,0.00,0.0,M
1937-08-05,M,M,0.03,0.0,M
1937-08-06,M,M,0.00,0.0,M
1937-08-07,M,M,0.00,0.0,M
1937-08-08,M,M,0.00,0.0,M
1937-08-09,M,M,0.00,0.0,M
1937-08-10,M,M,0.00,0.0,M
1937-08-11,M,M,0.00,0.0,M
1937-08-12,M,M,0.04,0.0,M
1937-08-13,M,M,0.00,0.0,M
1937-08-14,M,M,0.00,0.0,M
1937-08-15,M,M,0.00,0.0,M
1937-08-16,M,M,0.01,0.0,M
1937-08-17,M,M,0.00,0.0,M
1937-08-18,M,M,0.00,0.0,M
1937-08-19,M,M,0.00,0.0,M
1937-08-20,M,M,0.00,0.0,M
1937-08-21,M,M,0.00,0.0,M
1937-08-22,M,M,0.00,0.0,M
1937-08-23,M,M,0.00,0.0,M
1937-08-24,M,M,0.00,0.0,M
1937-08-25,M,M,0.21,0.0,M
1937-08-26,M,M,T,0.0,M
1937-08-27,M,M,0.00,0.0,M
1937-08-28,M,M,0.00,0.0,M
1937-08-29,M,M,0.20,0.0,M
1937-08-30,M,M,0.01,0.0,M
1937-08-31,M,M,0.41,0.0,M
1937-09-01,M,M,0.00,0.0,0
1937-09-02,M,M,0.00,0.0,M
1937-09-03,M,M,0.00,0.0,M
1937-09-04,M,M,0.06,0.0,M
1937-09-05,M,M,0.00,0.0,M
1937-09-06,M,M,0.29,0.0,M
1937-09-07,M,M,0.00,0.0,M
1937-09-08,M,M,0.15,0.0,M
1937-09-09,M,M,0.00,0.0,M
1937-09-10,M,M,0.00,0.0,M
1937-09-11,M,M,0.00,0.0,M
1937-09-12,M,M,0.00,0.0,M
1937-09-13,M,M,0.00,0.0,M
1937-09-14,M,M,0.00,0.0,M
1937-09-15,M,M,0.06,0.0,M
1937-09-16,M,M,0.00,0.0,M
1937-09-17,M,M,0.00,0.0,M
1937-09-18,M,M,0.00,0.0,M
1937-09-19,M,M,0.00,0.0,M
1937-09-20,M,M,0.00,0.0,M
1937-09-21,M,M,0.00,0.0,M
1937-09-22,M,M,0.00,0.0,M
1937-09-23,M,M,0.00,0.0,M
1937-09-24,M,M,0.00,0.0,M
1937-09-25,M,M,0.00,0.0,M
1937-09-26,M,M,0.00,0.0,M
1937-09-27,M,M,0.00,0.0,M
1937-09-28,M,M,0.00,0.0,M
1937-09-29,M,M,0.17,0.0,M
1937-09-30,M,M,1.12,0.0,M
1937-10-01,M,M,0.00,0.0,0
1937-10-02,M,M,0.00,0.0,M
1937-10-03,M,M,0.00,0.0,M
1937-10-04,M,M,0.00,0.0,M
1937-10-05,M,M,0.00,0.0,M
1937-10-06,M,M,0.00,0.0,M
1937-10-07,M,M,0.00,0.0,M
1937-10-08,M,M,0.00,0.0,M
1937-10-09,M,M,0.00,0.0,M
1937-10-10,M,M,0.00,0.0,M
1937-10-11,M,M,0.00,0.0,M
1937-10-12,M,M,0.16,0.0,M
1937-10-13,M,M,0.00,0.0,M
1937-10-14,M,M,0.00,0.0,M
1937-10-15,M,M,0.45,0.0,M
1937-10-16,M,M,0.20,0.0,M
1937-10-17,M,M,0.00,0.0,M
1937-10-18,M,M,0.00,0.0,M
1937-10-19,M,M,0.00,0.0,M
1937-10-20,M,M,0.00,0.0,M
1937-10-21,M,M,0.00,0.0,M
1937-10-22,M,M,0.00,0.0,M
1937-10-23,M,M,0.00,0.0,M
1937-10-24,M,M,0.00,0.0,M
1937-10-25,M,M,0.00,0.0,M
1937-10-26,M,M,0.00,0.0,M
1937-10-27,M,M,0.00,0.0,M
1937-10-28,M,M,0.00,0.0,M
1937-10-29,M,M,0.00,0.0,M
1937-10-30,M,M,0.00,0.0,M
1937-10-31,M,M,0.00,0.0,M
1937-11-01,M,M,0.00,0.0,0
1937-11-02,M,M,0.00,0.0,M
1937-11-03,M,M,0.00,0.0,M
1937-11-04,M,M,0.00,0.0,M
1937-11-05,M,M,0.00,0.0,M
1937-11-06,M,M,0.00,0.0,M
1937-11-07,M,M,0.07,0.0,M
1937-11-08,M,M,0.00,0.0,M
1937-11-09,M,M,0.00,0.0,M
1937-11-10,M,M,0.00,0.0,M
1937-11-11,M,M,0.00,0.0,M
1937-11-12,M,M,0.00,0.0,M
1937-11-13,M,M,0.00,0.0,M
1937-11-14,M,M,0.00,0.0,M
1937-11-15,M,M,0.00,0.0,M
1937-11-16,M,M,0.00,0.0,M
1937-11-17,M,M,0.00,0.0,M
1937-11-18,M,M,0.00,0.0,M
1937-11-19,M,M,0.00,0.0,M
1937-11-20,M,M,0.00,0.0,M
1937-11-21,M,M,0.00,0.0,M
1937-11-22,M,M,0.00,0.0,M
1937-11-23,M,M,0.00,0.0,M
1937-11-24,M,M,0.00,0.0,M
1937-11-25,M,M,0.00,0.0,M
1937-11-26,M,M,0.00,0.0,M
1937-11-27,M,M,0.00,0.0,M
1937-11-28,M,M,0.00,0.0,M
1937-11-29,M,M,0.00,0.0,M
1937-11-30,M,M,0.00,0.0,M
1937-12-01,M,M,0.00,0.0,M
1937-12-02,M,M,0.10,M,M
1937-12-03,M,M,0.00,0.0,M
1937-12-04,M,M,0.00,M,M
1937-12-05,M,M,0.00,M,M
1937-12-06,M,M,0.00,M,M
1937-12-07,M,M,0.00,M,M
1937-12-08,M,M,0.00,M,M
1937-12-09,M,M,0.00,M,M
1937-12-10,M,M,0.00,M,M
1937-12-11,M,M,0.00,M,M
1937-12-12,M,M,0.00,M,M
1937-12-13,M,M,0.91,7.5,M
1937-12-14,M,M,0.00,0.0,M
1937-12-15,M,M,0.00,M,M
1937-12-16,M,M,0.00,M,M
1937-12-17,M,M,0.00,M,M
1937-12-18,M,M,0.00,M,M
1937-12-19,M,M,0.00,M,M
1937-12-20,M,M,0.07,1.0,M
1937-12-21,M,M,0.00,0.0,M
1937-12-22,M,M,0.00,M,M
1937-12-23,M,M,0.00,M,M
1937-12-24,M,M,0.04,M,M
1937-12-25,M,M,0.00,0.0,M
1937-12-26,M,M,0.00,M,M
1937-12-27,M,M,0.00,M,M
1937-12-28,M,M,0.00,M,M
1937-12-29,M,M,0.00,M,M
1937-12-30,M,M,0.00,M,M
1937-12-31,M,M,0.00,M,M
1938-01-01,M,M,0.00,0.0,0
1938-01-02,M,M,0.00,0.0,M
1938-01-03,M,M,0.20,2.5,3
1938-01-04,M,M,0.41,7.0,7
1938-01-05,M,M,0.00,0.0,7
1938-01-06,M,M,0.00,0.0,5
1938-01-07,M,M,0.00,0.0,3
1938-01-08,M,M,0.00,0.0,3
1938-01-09,M,M,0.00,0.0,3
1938-01-10,M,M,0.00,0.0,3
1938-01-11,M,M,0.00,0.0,3
1938-01-12,M,M,0.00,0.0,3
1938-01-13,M,M,0.00,0.0,3
1938-01-14,M,M,0.00,0.0,3
1938-01-15,M,M,0.01,0.0,2
1938-01-16,M,M,0.00,0.0,1
1938-01-17,M,M,0.00,0.0,1
1938-01-18,M,M,0.00,0.0,1
1938-01-19,M,M,0.00,0.0,0
1938-01-20,M,M,0.00,0.0,M
1938-01-21,M,M,0.00,0.0,M
1938-01-22,M,M,0.00,0.0,M
1938-01-23,M,M,0.00,0.0,M
1938-01-24,M,M,0.00,0.0,M
1938-01-25,M,M,0.00,0.0,M
1938-01-26,M,M,0.00,0.0,M
1938-01-27,M,M,0.00,0.0,M
1938-01-28,M,M,0.00,0.0,M
1938-01-29,M,M,0.14,2.0,2
1938-01-30,M,M,0.00,0.0,2
1938-01-31,M,M,0.00,0.0,2
1938-02-01,M,M,0.00,0.0,1
1938-02-02,M,M,0.28,4.5,5
1938-02-03,M,M,0.00,0.0,4
1938-02-04,M,M,0.00,0.0,4
1938-02-05,M,M,0.00,0.0,3
1938-02-06,M,M,0.00,0.0,2
1938-02-07,M,M,0.00,0.0,0
1938-02-08,M,M,0.00,0.0,M
1938-02-09,M,M,0.00,0.0,M
1938-02-10,M,M,0.00,0.0,M
1938-02-11,M,M,0.00,0.0,M
1938-02-12,M,M,0.00,0.0,M
1938-02-13,M,M,0.00,0.0,M
1938-02-14,M,M,0.00,0.0,M
1938-02-15,M,M,0.00,0.0,M
1938-02-16,M,M,0.00,0.0,0
1938-02-17,M,M,0.00,0.0,M
1938-02-18,M,M,0.00,0.0,M
1938-02-19,M,M,0.00,0.0,M
1938-02-20,M,M,0.16,2.3,2
1938-02-21,M,M,0.00,0.0,1
1938-02-22,M,M,0.00,0.0,0
1938-02-23,M,M,0.00,0.0,M
1938-02-24,M,M,0.00,0.0,M
1938-02-25,M,M,0.03,1.5,1
1938-02-26,M,M,0.00,0.0,0
1938-02-27,M,M,0.00,0.0,M
1938-02-28,M,M,0.13,0.0,M
1938-03-01,M,M,0.06,0.0,0
1938-03-02,M,M,0.00,0.0,M
1938-03-03,M,M,0.05,0.0,M
1938-03-04,M,M,0.00,0.0,M
1938-03-05,M,M,0.06,0.0,M
1938-03-06,M,M,0.00,0.0,M
1938-03-07,M,M,0.00,0.0,M
1938-03-08,M,M,0.50,2.7,2
1938-03-09,M,M,0.03,0.0,0
1938-03-10,M,M,0.00,0.0,M
1938-03-11,M,M,0.00,0.0,M
1938-03-12,M,M,0.15,0.0,M
1938-03-13,M,M,0.00,0.0,M
1938-03-14,M,M,0.00,0.0,M
1938-03-15,M,M,0.00,0.0,M
1938-03-16,M,M,0.00,0.0,M
1938-03-17,M,M,0.00,0.0,M
1938-03-18,M,M,0.00,0.0,M
1938-03-19,M,M,0.00,0.0,M
1938-03-20,M,M,0.00,0.0,M
1938-03-21,M,M,0.00,0.0,M
1938-03-22,M,M,0.00,0.0,M
1938-03-23,M,M,0.00,0.0,M
1938-03-24,M,M,0.00,0.0,M
1938-03-25,M,M,0.00,0.0,M
1938-03-26,M,M,0.00,0.0,M
1938-03-27,M,M,0.20,1.0,1
1938-03-28,M,M,0.20,1.0,1
1938-03-29,M,M,0.00,0.0,0
1938-03-30,M,M,0.19,3.0,2
1938-03-31,M,M,0.00,0.0,1
1938-04-01,M,M,0.00,0.0,0
1938-04-02,M,M,0.00,0.0,M
1938-04-03,M,M,0.00,0.0,M
1938-04-04,M,M,0.00,0.0,M
1938-04-05,M,M,0.00,0.0,M
1938-04-06,M,M,0.00,0.0,M
1938-04-07,M,M,0.04,0.5,M
1938-04-08,M,M,0.00,0.0,M
1938-04-09,M,M,0.00,0.0,M
1938-04-10,M,M,0.00,0.0,M
1938-04-11,M,M,0.00,0.0,M
1938-04-12,M,M,0.00,0.0,M
1938-04-13,M,M,0.00,0.0,M
1938-04-14,M,M,0.07,0.5,M
1938-04-15,M,M,0.05,0.5,1
1938-04-16,M,M,0.00,0.0,M
1938-04-17,M,M,0.00,0.0,M
1938-04-18,M,M,0.00,0.0,M
1938-04-19,M,M,0.00,0.0,M
1938-04-20,M,M,0.00,0.0,M
1938-04-21,M,M,0.11,0.0,M
1938-04-22,M,M,0.00,0.0,M
1938-04-23,M,M,0.00,0.0,M
1938-04-24,M,M,0.00,0.0,M
1938-04-25,M,M,0.00,0.0,M
1938-04-26,M,M,0.00,0.0,M
1938-04-27,M,M,0.00,0.0,M
1938-04-28,M,M,0.00,0.0,M
1938-04-29,M,M,0.00,0.0,M
1938-04-30,M,M,0.11,0.0,0
1938-05-01,M,M,0.00,0.0,0
1938-05-02,M,M,0.00,0.0,M
1938-05-03,M,M,0.25,0.0,M
1938-05-04,M,M,0.00,0.0,M
1938-05-05,M,M,0.00,0.0,M
1938-05-06,M,M,0.00,0.0,M
1938-05-07,M,M,0.40,0.0,M
1938-05-08,M,M,0.00,0.0,M
1938-05-09,M,M,0.00,0.0,M
1938-05-10,M,M,0.00,0.0,M
1938-05-11,M,M,0.00,0.0,M
1938-05-12,M,M,0.00,0.0,M
1938-05-13,M,M,0.00,0.0,M
1938-05-14,M,M,0.00,0.0,M
1938-05-15,M,M,T,0.0,M
1938-05-16,M,M,0.00,0.0,M
1938-05-17,M,M,0.00,0.0,M
1938-05-18,M,M,0.00,0.0,M
1938-05-19,M,M,0.00,0.0,M
1938-05-20,M,M,0.00,0.0,M
1938-05-21,M,M,T,0.0,M
1938-05-22,M,M,T,0.0,M
1938-05-23,M,M,0.00,0.0,M
1938-05-24,M,M,0.00,0.0,M
1938-05-25,M,M,0.00,0.0,M
1938-05-26,M,M,0.00,0.0,M
1938-05-27,M,M,0.00,0.0,M
1938-05-28,M,M,0.00,0.0,M
1938-05-29,M,M,0.00,0.0,M
1938-05-30,M,M,0.00,0.0,M
1938-05-31,M,M,0.00,0.0,M
1938-06-01,M,M,0.00,0.0,0
1938-06-02,M,M,0.00,0.0,M
1938-06-03,M,M,0.00,0.0,M
1938-06-04,M,M,0.00,0.0,M
1938-06-05,M,M,T,0.0,M
1938-06-06,M,M,T,0.0,M
1938-06-07,M,M,0.00,0.0,M
1938-06-08,M,M,0.00,0.0,M
1938-06-09,M,M,0.00,0.0,M
1938-06-10,M,M,0.00,0.0,M
1938-06-11,M,M,0.00,0.0,M
1938-06-12,M,M,0.00,0.0,M
1938-06-13,M,M,0.12,0.0,M
1938-06-14,M,M,0.00,0.0,M
1938-06-15,M,M,0.00,0.0,M
1938-06-16,M,M,0.00,0.0,M
1938-06-17,M,M,0.00,0.0,M
1938-06-18,M,M,0.00,0.0,M
1938-06-19,M,M,0.00,0.0,M
1938-06-20,M,M,0.00,0.0,M
1938-06-21,M,M,0.00,0.0,M
1938-06-22,M,M,0.00,0.0,M
1938-06-23,M,M,0.00,0.0,M
1938-06-24,M,M,0.00,0.0,M
1938-06-25,M,M,0.00,0.0,M
1938-06-26,M,M,0.00,0.0,M
1938-06-27,M,M,0.10,0.0,M
1938-06-28,M,M,0.19,0.0,M
1938-06-29,M,M,0.10,0.0,M
1938-06-30,M,M,0.09,0.0,M
1938-07-01,M,M,0.00,0.0,0
1938-07-02,M,M,0.00,0.0,M
1938-07-03,M,M,0.00,0.0,M
1938-07-04,M,M,0.00,0.0,M
1938-07-05,M,M,0.00,0.0,M
1938-07-06,M,M,0.00,0.0,M
1938-07-07,M,M,0.00,0.0,M
1938-07-08,M,M,0.00,0.0,M
1938-07-09,M,M,0.00,0.0,M
1938-07-10,M,M,0.00,0.0,M
1938-07-11,M,M,0.05,0.0,M
1938-07-12,M,M,0.00,0.0,M
1938-07-13,M,M,0.16,0.0,M
1938-07-14,M,M,0.25,0.0,M
1938-07-15,M,M,0.50,0.0,M
1938-07-16,M,M,0.00,0.0,M
1938-07-17,M,M,0.00,0.0,M
1938-07-18,M,M,0.00,0.0,M
1938-07-19,M,M,0.00,0.0,M
1938-07-20,M,M,0.00,0.0,M
1938-07-21,M,M,0.00,0.0,M
1938-07-22,M,M,0.00,0.0,M
1938-07-23,M,M,0.00,0.0,M
1938-07-24,M,M,0.00,0.0,M
1938-07-25,M,M,0.00,0.0,M
1938-07-26,M,M,0.00,0.0,M
1938-07-27,M,M,0.13,0.0,M
1938-07-28,M,M,0.00,0.0,M
1938-07-29,M,M,0.00,0.0,M
1938-07-30,M,M,0.17,0.0,M
1938-07-31,M,M,0.00,0.0,M
1938-08-01,M,M,0.00,0.0,0
1938-08-02,M,M,0.35,0.0,M
1938-08-03,M,M,0.00,0.0,M
1938-08-04,M,M,0.00,0.0,M
1938-08-05,M,M,0.00,0.0,M
1938-08-06,M,M,0.00,0.0,M
1938-08-07,M,M,0.00,0.0,M
1938-08-08,M,M,0.00,0.0,M
1938-08-09,M,M,0.00,0.0,M
1938-08-10,M,M,0.00,0.0,M
1938-08-11,M,M,0.00,0.0,M
1938-08-12,M,M,0.00,0.0,M
1938-08-13,M,M,0.00,0.0,M
1938-08-14,M,M,0.00,0.0,M
1938-08-15,M,M,0.00,0.0,M
1938-08-16,M,M,0.00,0.0,M
1938-08-17,M,M,0.00,0.0,M
1938-08-18,M,M,0.00,0.0,M
1938-08-19,M,M,0.00,0.0,M
1938-08-20,M,M,0.00,0.0,M
1938-08-21,M,M,0.00,0.0,M
1938-08-22,M,M,0.00,0.0,M
1938-08-23,M,M,0.00,0.0,M
1938-08-24,M,M,0.00,0.0,M
1938-08-25,M,M,0.00,0.0,M
1938-08-26,M,M,0.00,0.0,M
1938-08-27,M,M,0.00,0.0,M
1938-08-28,M,M,0.00,0.0,M
1938-08-29,M,M,0.08,0.0,M
1938-08-30,M,M,0.00,0.0,M
1938-08-31,M,M,0.09,0.0,M
1938-09-01,M,M,0.31,0.0,0
1938-09-02,M,M,0.56,0.0,M
1938-09-03,M,M,0.00,0.0,M
1938-09-04,M,M,0.20,0.0,M
1938-09-05,M,M,0.00,0.0,M
1938-09-06,M,M,0.00,0.0,M
1938-09-07,M,M,0.35,0.0,M
1938-09-08,M,M,0.00,0.0,M
1938-09-09,M,M,0.00,0.0,M
1938-09-10,M,M,0.00,0.0,M
1938-09-11,M,M,0.21,0.0,M
1938-09-12,M,M,0.79,0.0,M
1938-09-13,M,M,0.00,0.0,M
1938-09-14,M,M,0.13,0.0,M
1938-09-15,M,M,0.00,0.0,M
1938-09-16,M,M,0.00,0.0,M
1938-09-17,M,M,0.00,0.0,M
1938-09-18,M,M,0.00,0.0,M
1938-09-19,M,M,0.00,0.0,M
1938-09-20,M,M,0.00,0.0,M
1938-09-21,M,M,0.00,0.0,M
1938-09-22,M,M,0.00,0.0,M
1938-09-23,M,M,0.00,0.0,M
1938-09-24,M,M,0.00,0.0,M
1938-09-25,M,M,0.00,0.0,M
1938-09-26,M,M,0.00,0.0,M
1938-09-27,M,M,0.00,0.0,M
1938-09-28,M,M,0.00,0.0,M
1938-09-29,M,M,0.00,0.0,M
1938-09-30,M,M,0.00,0.0,M
1938-10-01,M,M,0.00,0.0,0
1938-10-02,M,M,0.00,0.0,M
1938-10-03,M,M,0.00,0.0,M
1938-10-04,M,M,0.00,0.0,M
1938-10-05,M,M,0.00,0.0,M
1938-10-06,M,M,0.00,0.0,M
1938-10-07,M,M,0.54,0.0,M
1938-10-08,M,M,1.15,0.0,M
1938-10-09,M,M,0.00,0.0,M
1938-10-10,M,M,0.00,0.0,M
1938-10-11,M,M,0.00,0.0,M
1938-10-12,M,M,0.00,0.0,M
1938-10-13,M,M,0.00,0.0,M
1938-10-14,M,M,0.00,0.0,M
1938-10-15,M,M,0.00,0.0,M
1938-10-16,M,M,0.00,0.0,M
1938-10-17,M,M,0.00,0.0,M
1938-10-18,M,M,0.00,0.0,M
1938-10-19,M,M,0.00,0.0,M
1938-10-20,M,M,0.00,0.0,M
1938-10-21,M,M,0.00,0.0,M
1938-10-22,M,M,0.00,0.0,M
1938-10-23,M,M,0.00,0.0,M
1938-10-24,M,M,0.00,0.0,M
1938-10-25,M,M,0.00,0.0,M
1938-10-26,M,M,0.00,0.0,M
1938-10-27,M,M,0.00,0.0,M
1938-10-28,M,M,0.00,0.0,M
1938-10-29,M,M,0.00,0.0,M
1938-10-30,M,M,0.00,0.0,M
1938-10-31,M,M,0.00,0.0,M
1938-11-01,M,M,0.00,0.0,0
1938-11-02,M,M,0.00,0.0,M
1938-11-03,M,M,T,T,T
1938-11-04,M,M,0.00,0.0,0
1938-11-05,M,M,T,T,T
1938-11-06,M,M,0.00,0.0,0
1938-11-07,M,M,0.00,0.0,M
1938-11-08,M,M,0.00,0.0,M
1938-11-09,M,M,0.00,0.0,M
1938-11-10,M,M,0.00,0.0,M
1938-11-11,M,M,0.00,0.0,M
1938-11-12,M,M,0.00,0.0,M
1938-11-13,M,M,0.00,0.0,M
1938-11-14,M,M,0.00,0.0,M
1938-11-15,M,M,0.00,0.0,M
1938-11-16,M,M,0.00,0.0,M
1938-11-17,M,M,0.00,0.0,M
1938-11-18,M,M,0.00,0.0,M
1938-11-19,M,M,0.00,0.0,M
1938-11-20,M,M,0.00,0.0,M
1938-11-21,M,M,0.00,0.0,M
1938-11-22,M,M,0.00,0.0,M
1938-11-23,M,M,0.00,0.0,M
1938-11-24,M,M,0.00,0.0,M
1938-11-25,M,M,0.00,0.0,M
1938-11-26,M,M,0.00,0.0,M
1938-11-27,M,M,0.00,0.0,M
1938-11-28,M,M,0.00,0.0,M
1938-11-29,M,M,0.00,0.0,M
1938-11-30,M,M,0.00,0.0,M
1938-12-01,M,M,0.00,0.0,0
1938-12-02,M,M,0.00,0.0,M
1938-12-03,M,M,0.00,0.0,M
1938-12-04,M,M,0.00,0.0,M
1938-12-05,M,M,0.00,0.0,M
1938-12-06,M,M,0.00,0.0,M
1938-12-07,M,M,0.00,0.0,M
1938-12-08,M,M,0.00,0.0,M
1938-12-09,M,M,0.00,0.0,M
1938-12-10,M,M,0.00,0.0,M
1938-12-11,M,M,0.00,0.0,M
1938-12-12,M,M,0.00,0.0,M
1938-12-13,M,M,0.00,0.0,M
1938-12-14,M,M,0.00,0.0,M
1938-12-15,M,M,0.00,0.0,M
1938-12-16,M,M,0.00,0.0,M
1938-12-17,M,M,0.00,0.0,M
1938-12-18,M,M,0.00,0.0,M
1938-12-19,M,M,0.38,2.0,2
1938-12-20,M,M,0.19,3.0,3
1938-12-21,M,M,0.00,0.0,3
1938-12-22,M,M,0.00,0.0,3
1938-12-23,M,M,0.00,0.0,2
1938-12-24,M,M,0.00,0.0,1
1938-12-25,M,M,0.00,0.0,T
1938-12-26,M,M,0.00,0.0,T
1938-12-27,M,M,0.00,0.0,0
1938-12-28,M,M,0.00,0.0,M
1938-12-29,M,M,0.00,0.0,M
1938-12-30,M,M,0.00,0.0,M
1938-12-31,M,M,0.00,0.0,M
1939-01-01,M,M,0.00,0.0,0
1939-01-02,M,M,0.00,0.0,M
1939-01-03,M,M,0.05,0.8,M
1939-01-04,M,M,0.00,0.0,M
1939-01-05,M,M,0.00,0.0,M
1939-01-06,M,M,0.00,0.0,M
1939-01-07,M,M,0.00,0.0,M
1939-01-08,M,M,0.26,3.0,2
1939-01-09,M,M,0.32,5.0,5
1939-01-10,M,M,0.00,0.0,4
1939-01-11,M,M,0.00,0.0,4
1939-01-12,M,M,0.00,0.0,4
1939-01-13,M,M,0.00,0.0,4
1939-01-14,M,M,0.00,0.0,3
1939-01-15,M,M,0.00,0.0,3
1939-01-16,M,M,0.00,0.0,2
1939-01-17,M,M,0.00,0.0,2
1939-01-18,M,M,0.00,0.0,2
1939-01-19,M,M,0.00,0.0,1
1939-01-20,M,M,0.00,0.0,1
1939-01-21,M,M,0.00,0.0,1
1939-01-22,M,M,0.18,4.1,4
1939-01-23,M,M,0.00,0.0,4
1939-01-24,M,M,0.00,0.0,3
1939-01-25,M,M,0.00,0.0,2
1939-01-26,M,M,0.00,0.0,2
1939-01-27,M,M,0.00,0.0,1
1939-01-28,M,M,0.21,4.3,4
1939-01-29,M,M,0.00,0.0,2
1939-01-30,M,M,T,0.0,2
1939-01-31,M,M,0.22,3.6,6
1939-02-01,M,M,0.00,0.0,4
1939-02-02,M,M,0.17,2.0,6
1939-02-03,M,M,T,T,4
1939-02-04,M,M,T,T,4
1939-02-05,M,M,T,T,4
1939-02-06,M,M,0.00,0.0,4
1939-02-07,M,M,0.00,0.0,4
1939-02-08,M,M,0.00,0.0,4
1939-02-09,M,M,0.00,0.0,4
1939-02-10,M,M,0.00,0.0,4
1939-02-11,M,M,0.00,0.0,3
1939-02-12,M,M,0.00,0.0,3
1939-02-13,M,M,0.00,0.0,2
1939-02-14,M,M,0.00,0.0,2
1939-02-15,M,M,0.00,0.0,T
1939-02-16,M,M,T,T,T
1939-02-17,M,M,0.00,0.0,0
1939-02-18,M,M,0.00,0.0,0
1939-02-19,M,M,0.00,0.0,M
1939-02-20,M,M,0.00,0.0,M
1939-02-21,M,M,0.00,0.0,M
1939-02-22,M,M,0.00,0.0,M
1939-02-23,M,M,0.00,0.0,M
1939-02-24,M,M,0.00,0.0,M
1939-02-25,M,M,0.00,0.0,M
1939-02-26,M,M,0.10,3.4,3
1939-02-27,M,M,T,T,2
1939-02-28,M,M,0.00,0.0,1
1939-03-01,M,M,0.10,3.1,3
1939-03-02,M,M,0.00,0.0,1
1939-03-03,M,M,0.00,0.0,0
1939-03-04,M,M,0.00,0.0,M
1939-03-05,M,M,0.13,2.0,M
1939-03-06,M,M,0.00,0.0,0
1939-03-07,M,M,0.00,0.0,M
1939-03-08,M,M,0.00,0.0,M
1939-03-09,M,M,0.00,0.0,M
1939-03-10,M,M,0.00,0.0,M
1939-03-11,M,M,0.00,0.0,M
1939-03-12,M,M,0.00,0.0,M
1939-03-13,M,M,0.00,0.0,M
1939-03-14,M,M,0.00,0.0,M
1939-03-15,M,M,0.00,0.0,M
1939-03-16,M,M,0.00,0.0,M
1939-03-17,M,M,0.00,0.0,M
1939-03-18,M,M,0.00,0.0,M
1939-03-19,M,M,0.00,0.0,M
1939-03-20,M,M,0.00,0.0,M
1939-03-21,M,M,0.00,0.0,M
1939-03-22,M,M,0.00,0.0,M
1939-03-23,M,M,T,0.0,M
1939-03-24,M,M,T,0.0,M
1939-03-25,M,M,0.00,0.0,M
1939-03-26,M,M,0.00,0.0,M
1939-03-27,M,M,0.11,T,0
1939-03-28,M,M,0.10,T,M
1939-03-29,M,M,0.00,0.0,M
1939-03-30,M,M,0.00,0.0,M
1939-03-31,M,M,0.00,0.0,M
1939-04-01,M,M,0.00,0.0,M
1939-04-02,M,M,0.00,0.0,M
1939-04-03,M,M,0.00,0.0,M
1939-04-04,M,M,0.52,0.0,0
1939-04-05,M,M,0.42,0.0,M
1939-04-06,M,M,0.00,0.0,M
1939-04-07,M,M,0.00,0.0,M
1939-04-08,M,M,0.00,0.0,M
1939-04-09,M,M,0.00,0.0,M
1939-04-10,M,M,0.04,0.0,M
1939-04-11,M,M,0.00,0.0,M
1939-04-12,M,M,0.00,0.0,M
1939-04-13,M,M,0.00,0.0,M
1939-04-14,M,M,0.00,0.0,M
1939-04-15,M,M,0.00,0.0,M
1939-04-16,M,M,0.00,0.0,M
1939-04-17,M,M,0.00,0.0,M
1939-04-18,M,M,0.00,0.0,M
1939-04-19,M,M,0.00,0.0,M
1939-04-20,M,M,0.00,0.0,M
1939-04-21,M,M,0.00,0.0,M
1939-04-22,M,M,0.00,0.0,M
1939-04-23,M,M,0.00,0.0,M
1939-04-24,M,M,0.00,0.0,M
1939-04-25,M,M,0.00,0.0,M
1939-04-26,M,M,0.00,0.0,M
1939-04-27,M,M,0.00,0.0,M
1939-04-28,M,M,0.00,0.0,M
1939-04-29,M,M,0.00,0.0,M
1939-04-30,M,M,0.10,0.0,M
1939-05-01,M,M,0.00,0.0,0
1939-05-02,M,M,0.00,0.0,M
1939-05-03,M,M,0.00,0.0,M
1939-05-04,M,M,0.00,0.0,M
1939-05-05,M,M,0.00,0.0,M
1939-05-06,M,M,0.00,0.0,M
1939-05-07,M,M,0.00,0.0,M
1939-05-08,M,M,0.00,0.0,M
1939-05-09,M,M,0.00,0.0,M
1939-05-10,M,M,0.00,0.0,M
1939-05-11,M,M,0.00,0.0,M
1939-05-12,M,M,0.00,0.0,M
1939-05-13,M,M,0.00,0.0,M
1939-05-14,M,M,0.00,0.0,M
1939-05-15,M,M,0.06,0.0,M
1939-05-16,M,M,0.00,0.0,M
1939-05-17,M,M,0.07,0.0,M
1939-05-18,M,M,0.00,0.0,M
1939-05-19,M,M,0.00,0.0,M
1939-05-20,M,M,0.00,0.0,M
1939-05-21,M,M,0.00,0.0,M
1939-05-22,M,M,0.00,0.0,M
1939-05-23,M,M,0.00,0.0,M
1939-05-24,M,M,0.00,0.0,M
1939-05-25,M,M,0.00,0.0,M
1939-05-26,M,M,0.00,0.0,M
1939-05-27,M,M,0.00,0.0,M
1939-05-28,M,M,0.01,0.0,M
1939-05-29,M,M,0.02,0.0,M
1939-05-30,M,M,0.00,0.0,M
1939-05-31,M,M,0.00,0.0,M
1939-06-01,M,M,T,0.0,M
1939-06-02,M,M,0.00,0.0,M
1939-06-03,M,M,0.07,0.0,M
1939-06-04,M,M,0.00,0.0,M
1939-06-05,M,M,0.00,0.0,M
1939-06-06,M,M,0.00,0.0,M
1939-06-07,M,M,0.00,0.0,M
1939-06-08,M,M,0.00,0.0,M
1939-06-09,M,M,0.00,0.0,M
1939-06-10,M,M,0.00,0.0,M
1939-06-11,M,M,0.00,0.0,M
1939-06-12,M,M,0.00,0.0,M
1939-06-13,M,M,0.00,0.0,M
1939-06-14,M,M,0.00,0.0,M
1939-06-15,M,M,0.00,0.0,M
1939-06-16,M,M,0.00,0.0,M
1939-06-17,M,M,0.00,0.0,M
1939-06-18,M,M,0.00,0.0,M
1939-06-19,M,M,0.00,0.0,M
1939-06-20,M,M,0.00,0.0,M
1939-06-21,M,M,0.00,0.0,M
1939-06-22,M,M,0.00,0.0,M
1939-06-23,M,M,0.00,0.0,M
1939-06-24,M,M,0.00,0.0,M
1939-06-25,M,M,0.00,0.0,M
1939-06-26,M,M,0.00,0.0,M
1939-06-27,M,M,T,0.0,M
1939-06-28,M,M,T,0.0,M
1939-06-29,M,M,T,0.0,M
1939-06-30,M,M,T,0.0,M
1939-07-01,M,M,0.00,0.0,M
1939-07-02,M,M,0.00,0.0,M
1939-07-03,M,M,0.00,0.0,M
1939-07-04,M,M,0.00,0.0,M
1939-07-05,M,M,0.00,0.0,M
1939-07-06,M,M,0.00,0.0,M
1939-07-07,M,M,0.00,0.0,M
1939-07-08,M,M,0.00,0.0,M
1939-07-09,M,M,0.01,0.0,M
1939-07-10,M,M,0.00,0.0,M
1939-07-11,M,M,0.00,0.0,M
1939-07-12,M,M,0.00,0.0,M
1939-07-13,M,M,0.00,0.0,M
1939-07-14,M,M,0.25,0.0,M
1939-07-15,M,M,T,0.0,M
1939-07-16,M,M,0.00,0.0,M
1939-07-17,M,M,0.00,0.0,M
1939-07-18,M,M,0.00,0.0,M
1939-07-19,M,M,0.00,0.0,M
1939-07-20,M,M,0.00,0.0,M
1939-07-21,M,M,0.00,0.0,M
1939-07-22,M,M,0.02,0.0,M
1939-07-23,M,M,0.00,0.0,M
1939-07-24,M,M,0.00,0.0,M
1939-07-25,M,M,0.00,0.0,M
1939-07-26,M,M,0.00,0.0,M
1939-07-27,M,M,0.00,0.0,M
1939-07-28,M,M,0.12,0.0,M
1939-07-29,M,M,0.13,0.0,M
1939-07-30,M,M,0.00,0.0,M
1939-07-31,M,M,0.00,0.0,M
1939-08-01,M,M,0.00,0.0,M
1939-08-02,M,M,0.00,0.0,M
1939-08-03,M,M,0.00,0.0,M
1939-08-04,M,M,0.00,0.0,M
1939-08-05,M,M,0.00,0.0,M
1939-08-06,M,M,0.30,0.0,M
1939-08-07,M,M,0.05,0.0,M
1939-08-08,M,M,0.00,0.0,M
1939-08-09,M,M,0.00,0.0,M
1939-08-10,M,M,0.00,0.0,M
1939-08-11,M,M,0.00,0.0,M
1939-08-12,M,M,0.00,0.0,M
1939-08-13,M,M,0.10,0.0,M
1939-08-14,M,M,0.00,0.0,M
1939-08-15,M,M,0.00,0.0,M
1939-08-16,M,M,0.00,0.0,M
1939-08-17,M,M,0.00,0.0,M
1939-08-18,M,M,0.00,0.0,M
1939-08-19,M,M,0.00,0.0,M
1939-08-20,M,M,T,0.0,M
1939-08-21,M,M,0.02,0.0,M
1939-08-22,M,M,0.00,0.0,M
1939-08-23,M,M,0.00,0.0,M
1939-08-24,M,M,0.00,0.0,M
1939-08-25,M,M,0.09,0.0,M
1939-08-26,M,M,0.00,0.0,M
1939-08-27,M,M,0.92,0.0,M
1939-08-28,M,M,0.05,0.0,M
1939-08-29,M,M,0.00,0.0,M
1939-08-30,M,M,T,0.0,M
1939-08-31,M,M,0.00,0.0,M
1939-09-01,M,M,0.01,0.0,M
1939-09-02,M,M,0.00,0.0,M
1939-09-03,M,M,0.00,0.0,M
1939-09-04,M,M,0.00,0.0,M
1939-09-05,M,M,0.00,0.0,M
1939-09-06,M,M,0.00,0.0,M
1939-09-07,M,M,0.00,0.0,M
1939-09-08,M,M,0.00,0.0,M
1939-09-09,M,M,0.15,0.0,M
1939-09-10,M,M,0.30,0.0,M
1939-09-11,M,M,T,0.0,M
1939-09-12,M,M,T,0.0,M
1939-09-13,M,M,T,0.0,M
1939-09-14,M,M,0.55,0.0,M
1939-09-15,M,M,0.50,0.0,M
1939-09-16,M,M,0.21,0.0,M
1939-09-17,M,M,0.00,0.0,M
1939-09-18,M,M,0.00,0.0,M
1939-09-19,M,M,0.00,0.0,M
1939-09-20,M,M,0.00,0.0,M
1939-09-21,M,M,0.00,0.0,M
1939-09-22,M,M,0.00,0.0,M
1939-09-23,M,M,0.00,0.0,M
1939-09-24,M,M,0.00,0.0,M
1939-09-25,M,M,0.08,0.0,M
1939-09-26,M,M,0.00,0.0,M
1939-09-27,M,M,0.00,0.0,M
1939-09-28,M,M,0.00,0.0,M
1939-09-29,M,M,0.00,0.0,M
1939-09-30,M,M,0.00,0.0,M
1939-10-01,M,M,0.00,0.0,M
1939-10-02,M,M,0.00,0.0,M
1939-10-03,M,M,0.00,0.0,M
1939-10-04,M,M,0.00,0.0,M
1939-10-05,M,M,0.00,0.0,M
1939-10-06,M,M,0.00,0.0,M
1939-10-07,M,M,0.09,0.0,M
1939-10-08,M,M,0.90,0.0,M
1939-10-09,M,M,0.00,0.0,M
1939-10-10,M,M,0.00,0.0,M
1939-10-11,M,M,0.00,0.0,M
1939-10-12,M,M,0.00,0.0,M
1939-10-13,M,M,0.00,0.0,M
1939-10-14,M,M,0.00,0.0,M
1939-10-15,M,M,0.00,0.0,M
1939-10-16,M,M,0.00,0.0,M
1939-10-17,M,M,0.00,0.0,M
1939-10-18,M,M,0.00,0.0,M
1939-10-19,M,M,0.00,0.0,M
1939-10-20,M,M,0.00,0.0,M
1939-10-21,M,M,0.00,0.0,M
1939-10-22,M,M,0.00,0.0,M
1939-10-23,M,M,0.00,0.0,M
1939-10-24,M,M,0.00,0.0,M
1939-10-25,M,M,0.00,0.0,M
1939-10-26,M,M,0.00,0.0,M
1939-10-27,M,M,0.00,0.0,M
1939-10-28,M,M,0.00,0.0,M
1939-10-29,M,M,0.00,0.0,M
1939-10-30,M,M,0.00,0.0,M
1939-10-31,M,M,0.00,0.0,M
1939-11-01,M,M,0.00,0.0,M
1939-11-02,M,M,0.00,0.0,M
1939-11-03,M,M,0.00,0.0,M
1939-11-04,M,M,0.00,0.0,M
1939-11-05,M,M,0.00,0.0,M
1939-11-06,M,M,0.00,0.0,M
1939-11-07,M,M,0.00,0.0,M
1939-11-08,M,M,0.00,0.0,M
1939-11-09,M,M,0.42,0.0,M
1939-11-10,M,M,0.00,0.0,M
1939-11-11,M,M,0.00,0.0,M
1939-11-12,M,M,0.00,0.0,M
1939-11-13,M,M,0.00,0.0,M
1939-11-14,M,M,0.00,0.0,M
1939-11-15,M,M,0.00,0.0,M
1939-11-16,M,M,0.00,0.0,M
1939-11-17,M,M,0.00,0.0,M
1939-11-18,M,M,0.00,0.0,M
1939-11-19,M,M,0.00,0.0,M
1939-11-20,M,M,0.00,0.0,M
1939-11-21,M,M,0.00,0.0,M
1939-11-22,M,M,0.00,0.0,M
1939-11-23,M,M,0.00,0.0,M
1939-11-24,M,M,0.00,0.0,M
1939-11-25,M,M,0.00,0.0,M
1939-11-26,M,M,0.00,0.0,M
1939-11-27,M,M,0.00,0.0,M
1939-11-28,M,M,0.00,0.0,M
1939-11-29,M,M,0.23,1.4,M
1939-11-30,M,M,0.00,0.0,M
1939-12-01,M,M,0.00,0.0,M
1939-12-02,M,M,0.00,0.0,M
1939-12-03,M,M,0.00,0.0,M
1939-12-04,M,M,0.00,0.0,M
1939-12-05,M,M,0.00,0.0,M
1939-12-06,M,M,0.00,0.0,M
1939-12-07,M,M,0.00,0.0,M
1939-12-08,M,M,0.00,0.0,M
1939-12-09,M,M,0.00,0.0,M
1939-12-10,M,M,0.00,0.0,M
1939-12-11,M,M,0.00,0.0,M
1939-12-12,M,M,0.00,0.0,M
1939-12-13,M,M,0.00,0.0,M
1939-12-14,M,M,0.00,0.0,M
1939-12-15,M,M,0.00,0.0,M
1939-12-16,M,M,0.00,0.0,M
1939-12-17,M,M,0.00,0.0,M
1939-12-18,M,M,0.00,0.0,M
1939-12-19,M,M,0.00,0.0,M
1939-12-20,M,M,0.00,0.0,M
1939-12-21,M,M,0.00,0.0,M
1939-12-22,M,M,0.12,1.5,M
1939-12-23,M,M,0.00,0.0,M
1939-12-24,M,M,0.00,0.0,M
1939-12-25,M,M,0.35,4.5,M
1939-12-26,M,M,0.00,0.0,M
1939-12-27,M,M,0.00,0.0,M
1939-12-28,M,M,0.00,0.0,M
1939-12-29,M,M,0.00,0.0,M
1939-12-30,M,M,0.00,0.0,M
1939-12-31,M,M,0.00,0.0,2
1940-01-01,M,M,T,0.0,2
1940-01-02,M,M,0.00,0.0,2
1940-01-03,M,M,0.00,0.0,1
1940-01-04,M,M,0.00,0.0,1
1940-01-05,M,M,T,0.0,1
1940-01-06,M,M,0.36,4.0,5
1940-01-07,M,M,0.00,0.0,3
1940-01-08,M,M,T,0.0,2
1940-01-09,M,M,T,T,2
1940-01-10,M,M,0.17,2.0,3
1940-01-11,M,M,T,T,2
1940-01-12,M,M,0.15,2.0,3
1940-01-13,M,M,0.00,0.0,3
1940-01-14,M,M,0.00,0.0,3
1940-01-15,M,M,0.00,0.0,2
1940-01-16,M,M,0.00,0.0,2
1940-01-17,M,M,0.00,0.0,2
1940-01-18,M,M,0.00,0.0,2
1940-01-19,M,M,0.00,0.0,2
1940-01-20,M,M,0.00,0.0,2
1940-01-21,M,M,0.09,1.0,3
1940-01-22,M,M,0.00,0.0,3
1940-01-23,M,M,0.00,0.0,2
1940-01-24,M,M,0.00,0.0,3
1940-01-25,M,M,0.00,0.0,1
1940-01-26,M,M,0.00,0.0,1
1940-01-27,M,M,0.00,0.0,0
1940-01-28,M,M,0.00,0.0,M
1940-01-29,M,M,0.00,0.0,M
1940-01-30,M,M,0.00,0.0,M
1940-01-31,M,M,0.00,0.0,M
1940-02-01,M,M,0.10,0.0,0
1940-02-02,M,M,0.64,8.0,8
1940-02-03,M,M,0.05,1.0,7
1940-02-04,M,M,0.05,T,6
1940-02-05,M,M,0.10,2.0,5
1940-02-06,M,M,T,0.0,4
1940-02-07,M,M,0.02,T,4
1940-02-08,M,M,T,0.0,4
1940-02-09,M,M,0.00,0.0,3
1940-02-10,M,M,0.00,0.0,2
1940-02-11,M,M,0.00,0.0,2
1940-02-12,M,M,0.02,T,2
1940-02-13,M,M,0.00,0.0,2
1940-02-14,M,M,0.00,0.0,2
1940-02-15,M,M,0.00,0.0,M
1940-02-16,M,M,0.00,0.0,2
1940-02-17,M,M,0.00,0.0,2
1940-02-18,M,M,0.00,0.0,2
1940-02-19,M,M,0.02,T,2
1940-02-20,M,M,0.00,0.0,1
1940-02-21,M,M,0.00,0.0,0
1940-02-22,M,M,0.00,0.0,M
1940-02-23,M,M,0.00,0.0,M
1940-02-24,M,M,0.00,0.0,M
1940-02-25,M,M,0.00,0.0,M
1940-02-26,M,M,0.00,0.0,M
1940-02-27,M,M,0.00,0.0,M
1940-02-28,M,M,0.00,0.0,M
1940-02-29,M,M,0.00,0.0,M
1940-03-01,M,M,0.00,0.0,0
1940-03-02,M,M,0.00,0.0,M
1940-03-03,M,M,T,T,0
1940-03-04,M,M,0.77,9.0,4
1940-03-05,M,M,0.00,0.0,2
1940-03-06,M,M,0.00,0.0,1
1940-03-07,M,M,0.00,0.0,1
1940-03-08,M,M,0.00,0.0,0
1940-03-09,M,M,0.00,0.0,M
1940-03-10,M,M,0.00,0.0,M
1940-03-11,M,M,T,0.0,M
1940-03-12,M,M,0.00,0.0,M
1940-03-13,M,M,0.00,0.0,M
1940-03-14,M,M,0.00,0.0,M
1940-03-15,M,M,0.00,0.0,M
1940-03-16,M,M,0.00,0.0,M
1940-03-17,M,M,0.00,0.0,M
1940-03-18,M,M,0.00,0.0,M
1940-03-19,M,M,0.00,0.0,M
1940-03-20,M,M,0.00,0.0,M
1940-03-21,M,M,0.00,0.0,M
1940-03-22,M,M,0.00,0.0,M
1940-03-23,M,M,0.00,0.0,M
1940-03-24,M,M,0.00,0.0,M
1940-03-25,M,M,0.00,0.0,M
1940-03-26,M,M,0.00,0.0,M
1940-03-27,M,M,0.00,0.0,M
1940-03-28,M,M,0.07,0.0,M
1940-03-29,M,M,0.00,0.0,M
1940-03-30,M,M,0.00,0.0,M
1940-03-31,M,M,0.00,0.0,M
1940-04-01,M,M,0.00,0.0,0
1940-04-02,M,M,0.01,0.0,M
1940-04-03,M,M,0.00,0.0,M
1940-04-04,M,M,0.00,0.0,M
1940-04-05,M,M,0.00,0.0,M
1940-04-06,M,M,0.16,2.0,0
1940-04-07,M,M,0.00,0.0,M
1940-04-08,M,M,0.00,0.0,M
1940-04-09,M,M,0.00,0.0,M
1940-04-10,M,M,0.00,0.0,M
1940-04-11,M,M,0.00,0.0,M
1940-04-12,M,M,0.00,0.0,M
1940-04-13,M,M,0.00,0.0,M
1940-04-14,M,M,0.00,0.0,M
1940-04-15,M,M,0.00,0.0,M
1940-04-16,M,M,T,0.0,M
1940-04-17,M,M,0.01,0.0,M
1940-04-18,M,M,0.00,0.0,M
1940-04-19,M,M,0.00,0.0,M
1940-04-20,M,M,0.00,0.0,M
1940-04-21,M,M,0.18,0.0,M
1940-04-22,M,M,0.00,0.0,M
1940-04-23,M,M,0.00,0.0,M
1940-04-24,M,M,0.00,0.0,M
1940-04-25,M,M,0.00,0.0,M
1940-04-26,M,M,0.00,0.0,M
1940-04-27,M,M,0.00,0.0,M
1940-04-28,M,M,T,0.0,M
1940-04-29,M,M,0.00,0.0,M
1940-04-30,M,M,0.00,0.0,M
1940-05-01,M,M,0.00,0.0,0
1940-05-02,M,M,0.00,0.0,M
1940-05-03,M,M,0.00,0.0,M
1940-05-04,M,M,0.00,0.0,M
1940-05-05,M,M,0.00,0.0,M
1940-05-06,M,M,0.00,0.0,M
1940-05-07,M,M,0.00,0.0,M
1940-05-08,M,M,1.03,0.0,M
1940-05-09,M,M,0.00,0.0,M
1940-05-10,M,M,0.00,0.0,M
1940-05-11,M,M,0.00,0.0,M
1940-05-12,M,M,0.01,0.0,M
1940-05-13,M,M,0.00,0.0,M
1940-05-14,M,M,0.00,0.0,M
1940-05-15,M,M,0.02,0.0,M
1940-05-16,M,M,T,0.0,M
1940-05-17,M,M,0.15,0.0,M
1940-05-18,M,M,T,0.0,M
1940-05-19,M,M,0.06,0.0,M
1940-05-20,M,M,0.02,0.0,M
1940-05-21,M,M,0.18,0.0,M
1940-05-22,M,M,0.08,0.0,M
1940-05-23,M,M,0.10,0.0,M
1940-05-24,M,M,0.02,0.0,M
1940-05-25,M,M,0.01,0.0,M
1940-05-26,M,M,0.00,0.0,M
1940-05-27,M,M,0.00,0.0,M
1940-05-28,M,M,0.00,0.0,M
1940-05-29,M,M,0.01,0.0,M
1940-05-30,M,M,0.00,0.0,M
1940-05-31,M,M,0.00,0.0,M
1940-06-01,M,M,0.00,0.0,M
1940-06-02,M,M,0.00,0.0,M
1940-06-03,M,M,0.00,0.0,M
1940-06-04,M,M,0.00,0.0,M
1940-06-05,M,M,T,0.0,M
1940-06-06,M,M,0.00,0.0,M
1940-06-07,M,M,0.00,0.0,M
1940-06-08,M,M,0.00,0.0,M
1940-06-09,M,M,0.00,0.0,M
1940-06-10,M,M,0.00,0.0,M
1940-06-11,M,M,0.00,0.0,M
1940-06-12,M,M,0.00,0.0,M
1940-06-13,M,M,0.00,0.0,M
1940-06-14,M,M,0.00,0.0,M
1940-06-15,M,M,0.00,0.0,M
1940-06-16,M,M,0.00,0.0,M
1940-06-17,M,M,0.00,0.0,M
1940-06-18,M,M,0.01,0.0,M
1940-06-19,M,M,0.00,0.0,M
1940-06-20,M,M,0.00,0.0,M
1940-06-21,M,M,0.51,0.0,M
1940-06-22,M,M,T,0.0,M
1940-06-23,M,M,0.00,0.0,M
1940-06-24,M,M,0.02,0.0,M
1940-06-25,M,M,0.00,0.0,M
1940-06-26,M,M,T,0.0,M
1940-06-27,M,M,0.00,0.0,M
1940-06-28,M,M,T,0.0,M
1940-06-29,M,M,T,0.0,M
1940-06-30,M,M,0.00,0.0,M
1940-07-01,M,M,0.00,0.0,M
1940-07-02,M,M,0.00,0.0,M
1940-07-03,M,M,0.00,0.0,M
1940-07-04,M,M,0.04,0.0,M
1940-07-05,M,M,0.33,0.0,M
1940-07-06,M,M,0.00,0.0,M
1940-07-07,M,M,T,0.0,M
1940-07-08,M,M,0.00,0.0,M
1940-07-09,M,M,T,0.0,M
1940-07-10,M,M,T,0.0,M
1940-07-11,M,M,T,0.0,M
1940-07-12,M,M,T,0.0,M
1940-07-13,M,M,T,0.0,M
1940-07-14,M,M,T,0.0,M
1940-07-15,M,M,0.00,0.0,M
1940-07-16,M,M,0.00,0.0,M
1940-07-17,M,M,T,0.0,M
1940-07-18,M,M,0.00,0.0,M
1940-07-19,M,M,T,0.0,M
1940-07-20,M,M,T,0.0,M
1940-07-21,M,M,0.01,0.0,M
1940-07-22,M,M,T,0.0,M
1940-07-23,M,M,0.00,0.0,M
1940-07-24,M,M,T,0.0,M
1940-07-25,M,M,0.00,0.0,M
1940-07-26,M,M,T,0.0,M
1940-07-27,M,M,0.10,0.0,M
1940-07-28,M,M,0.00,0.0,M
1940-07-29,M,M,0.00,0.0,M
1940-07-30,M,M,0.07,0.0,M
1940-07-31,M,M,0.01,0.0,M
1940-08-01,M,M,0.04,0.0,M
1940-08-02,M,M,0.07,0.0,M
1940-08-03,M,M,0.08,0.0,M
1940-08-04,M,M,0.00,0.0,M
1940-08-05,M,M,0.25,0.0,M
1940-08-06,M,M,0.13,0.0,M
1940-08-07,M,M,0.05,0.0,M
1940-08-08,M,M,0.00,0.0,M
1940-08-09,M,M,0.00,0.0,M
1940-08-10,M,M,0.00,0.0,M
1940-08-11,M,M,0.00,0.0,M
1940-08-12,M,M,T,0.0,M
1940-08-13,M,M,0.00,0.0,M
1940-08-14,M,M,0.00,0.0,M
1940-08-15,M,M,0.20,0.0,M
1940-08-16,M,M,0.04,0.0,M
1940-08-17,M,M,0.00,0.0,M
1940-08-18,M,M,0.00,0.0,M
1940-08-19,M,M,0.10,0.0,M
1940-08-20,M,M,0.32,0.0,M
1940-08-21,M,M,0.00,0.0,M
1940-08-22,M,M,0.00,0.0,M
1940-08-23,M,M,T,0.0,M
1940-08-24,M,M,0.33,0.0,M
1940-08-25,M,M,0.01,0.0,M
1940-08-26,M,M,0.00,0.0,M
1940-08-27,M,M,0.00,0.0,M
1940-08-28,M,M,0.04,0.0,M
1940-08-29,M,M,T,0.0,M
1940-08-30,M,M,0.00,0.0,M
1940-08-31,M,M,0.00,0.0,M
1940-09-01,M,M,0.00,0.0,M
1940-09-02,M,M,0.02,0.0,M
1940-09-03,M,M,0.00,0.0,M
1940-09-04,M,M,0.00,0.0,M
1940-09-05,M,M,0.00,0.0,M
1940-09-06,M,M,0.00,0.0,M
1940-09-07,M,M,0.00,0.0,M
1940-09-08,M,M,0.00,0.0,M
1940-09-09,M,M,0.00,0.0,M
1940-09-10,M,M,0.23,0.0,M
1940-09-11,M,M,0.00,0.0,M
1940-09-12,M,M,0.25,0.0,M
1940-09-13,M,M,0.00,0.0,M
1940-09-14,M,M,0.00,0.0,M
1940-09-15,M,M,0.00,0.0,M
1940-09-16,M,M,0.00,0.0,M
1940-09-17,M,M,0.30,0.0,M
1940-09-18,M,M,0.24,0.0,M
1940-09-19,M,M,0.00,0.0,M
1940-09-20,M,M,0.00,0.0,M
1940-09-21,M,M,0.35,0.0,M
1940-09-22,M,M,0.24,0.0,M
1940-09-23,M,M,0.00,0.0,M
1940-09-24,M,M,0.00,0.0,M
1940-09-25,M,M,0.00,0.0,M
1940-09-26,M,M,0.08,0.0,M
1940-09-27,M,M,0.07,0.0,M
1940-09-28,M,M,0.00,0.0,M
1940-09-29,M,M,0.00,0.0,M
1940-09-30,M,M,0.19,0.0,M
1940-10-01,M,M,0.00,0.0,M
1940-10-02,M,M,0.00,0.0,M
1940-10-03,M,M,0.00,0.0,M
1940-10-04,M,M,0.00,0.0,M
1940-10-05,M,M,0.25,0.0,M
1940-10-06,M,M,0.00,0.0,M
1940-10-07,M,M,0.00,0.0,M
1940-10-08,M,M,0.00,0.0,M
1940-10-09,M,M,0.14,0.0,M
1940-10-10,M,M,0.00,0.0,M
1940-10-11,M,M,0.00,0.0,M
1940-10-12,M,M,0.00,0.0,M
1940-10-13,M,M,0.00,0.0,M
1940-10-14,M,M,0.00,0.0,M
1940-10-15,M,M,0.00,0.0,M
1940-10-16,M,M,0.00,0.0,M
1940-10-17,M,M,0.00,0.0,M
1940-10-18,M,M,0.00,0.0,M
1940-10-19,M,M,0.00,0.0,M
1940-10-20,M,M,0.00,0.0,M
1940-10-21,M,M,0.00,0.0,M
1940-10-22,M,M,0.00,0.0,M
1940-10-23,M,M,0.00,0.0,M
1940-10-24,M,M,0.00,0.0,M
1940-10-25,M,M,0.00,0.0,M
1940-10-26,M,M,0.00,0.0,M
1940-10-27,M,M,0.30,0.0,M
1940-10-28,M,M,0.00,0.0,M
1940-10-29,M,M,0.00,0.0,M
1940-10-30,M,M,0.00,0.0,M
1940-10-31,M,M,0.00,0.0,M
1940-11-01,M,M,0.00,0.0,M
1940-11-02,M,M,0.00,0.0,M
1940-11-03,M,M,0.00,0.0,M
1940-11-04,M,M,0.10,0.0,M
1940-11-05,M,M,0.00,0.0,M
1940-11-06,M,M,0.00,0.0,M
1940-11-07,M,M,0.00,0.0,M
1940-11-08,M,M,0.00,0.0,M
1940-11-09,M,M,0.00,0.0,M
1940-11-10,M,M,0.05,0.0,M
1940-11-11,M,M,0.00,0.0,M
1940-11-12,M,M,0.00,0.0,M
1940-11-13,M,M,0.00,0.0,M
1940-11-14,M,M,0.00,0.0,M
1940-11-15,M,M,0.00,0.0,M
1940-11-16,M,M,0.00,0.0,M
1940-11-17,M,M,0.00,0.0,M
1940-11-18,M,M,0.04,0.0,M
1940-11-19,M,M,0.69,1.0,M
1940-11-20,M,M,0.66,7.0,7
1940-11-21,M,M,0.00,0.0,7
1940-11-22,M,M,0.00,0.0,6
1940-11-23,M,M,0.00,0.0,6
1940-11-24,M,M,0.22,2.0,4
1940-11-25,M,M,0.00,0.0,2
1940-11-26,M,M,0.00,0.0,2
1940-11-27,M,M,0.00,0.0,1
1940-11-28,M,M,0.00,0.0,0
1940-11-29,M,M,0.00,0.0,M
1940-11-30,M,M,0.00,0.0,0
1940-12-01,M,M,0.00,0.0,0
1940-12-02,M,M,0.00,M,M
1940-12-03,M,M,0.00,M,M
1940-12-04,M,M,0.00,M,M
1940-12-05,M,M,0.00,M,M
1940-12-06,M,M,0.00,M,M
1940-12-07,M,M,0.00,M,M
1940-12-08,M,M,0.00,M,M
1940-12-09,M,M,0.00,M,M
1940-12-10,M,M,0.50,5.0,4
1940-12-11,M,M,0.08,M,4
1940-12-12,M,M,0.13,1.0,4
1940-12-13,M,M,0.56,6.0,9
1940-12-14,M,M,0.02,T,8
1940-12-15,M,M,0.00,0.0,7
1940-12-16,M,M,0.00,M,7
1940-12-17,M,M,0.35,4.0,10
1940-12-18,M,M,0.11,1.0,9
1940-12-19,M,M,0.00,0.0,9
1940-12-20,M,M,0.00,M,9
1940-12-21,M,M,0.00,M,9
1940-12-22,M,M,0.00,M,8
1940-12-23,M,M,0.00,M,7
1940-12-24,M,M,0.03,M,7
1940-12-25,M,M,0.30,4.0,10
1940-12-26,M,M,0.00,0.0,10
1940-12-27,M,M,0.00,M,9
1940-12-28,M,M,0.00,M,7
1940-12-29,M,M,0.00,M,7
1940-12-30,M,M,0.00,M,6
1940-12-31,M,M,0.10,1.0,6
1941-01-01,M,M,0.00,0.0,6
1941-01-02,M,M,0.00,0.0,6
1941-01-03,M,M,0.00,0.0,6
1941-01-04,M,M,0.00,0.0,5
1941-01-05,M,M,T,0.0,5
1941-01-06,M,M,0.00,0.0,5
1941-01-07,M,M,0.00,0.0,5
1941-01-08,M,M,0.00,0.0,5
1941-01-09,M,M,0.00,0.0,5
1941-01-10,M,M,0.00,0.0,5
1941-01-11,M,M,0.00,0.0,5
1941-01-12,M,M,0.12,1.0,4
1941-01-13,M,M,0.00,0.0,4
1941-01-14,M,M,T,0.0,4
1941-01-15,M,M,0.17,2.0,6
1941-01-16,M,M,0.01,0.0,6
1941-01-17,M,M,0.00,0.0,6
1941-01-18,M,M,0.00,0.0,6
1941-01-19,M,M,0.00,0.0,6
1941-01-20,M,M,0.00,0.0,6
1941-01-21,M,M,0.05,1.0,6
1941-01-22,M,M,0.20,2.0,7
1941-01-23,M,M,0.06,T,7
1941-01-24,M,M,0.03,T,7
1941-01-25,M,M,0.25,3.0,10
1941-01-26,M,M,0.00,0.0,9
1941-01-27,M,M,0.00,0.0,8
1941-01-28,M,M,T,0.0,8
1941-01-29,M,M,0.60,6.0,13
1941-01-30,M,M,0.05,T,12
1941-01-31,M,M,0.01,T,11
1941-02-01,M,M,T,T,11
1941-02-02,M,M,0.00,0.0,10
1941-02-03,M,M,0.00,0.0,10
1941-02-04,M,M,0.00,0.0,10
1941-02-05,M,M,0.00,0.0,9
1941-02-06,M,M,0.00,0.0,9
1941-02-07,M,M,0.15,1.0,9
1941-02-08,M,M,0.00,0.0,8
1941-02-09,M,M,0.00,0.0,8
1941-02-10,M,M,0.00,0.0,7
1941-02-11,M,M,0.00,0.0,7
1941-02-12,M,M,T,0.0,6
1941-02-13,M,M,0.00,0.0,6
1941-02-14,M,M,0.00,0.0,5
1941-02-15,M,M,0.00,0.0,5
1941-02-16,M,M,0.10,0.0,4
1941-02-17,M,M,0.05,0.0,4
1941-02-18,M,M,0.00,0.0,4
1941-02-19,M,M,0.00,0.0,4
1941-02-20,M,M,0.03,0.0,4
1941-02-21,M,M,0.00,0.0,2
1941-02-22,M,M,T,0.0,0
1941-02-23,M,M,0.44,5.0,3
1941-02-24,M,M,T,T,0
1941-02-25,M,M,0.34,4.0,0
1941-02-26,M,M,0.05,1.0,0
1941-02-27,M,M,0.00,0.0,0
1941-02-28,M,M,0.00,0.0,0
1941-03-01,M,M,T,0.0,0
1941-03-02,M,M,0.00,0.0,M
1941-03-03,M,M,0.00,0.0,M
1941-03-04,M,M,0.00,0.0,M
1941-03-05,M,M,0.31,2.0,M
1941-03-06,M,M,T,T,M
1941-03-07,M,M,0.00,0.0,M
1941-03-08,M,M,0.00,0.0,M
1941-03-09,M,M,0.00,0.0,M
1941-03-10,M,M,0.00,0.0,M
1941-03-11,M,M,0.00,0.0,M
1941-03-12,M,M,0.00,0.0,M
1941-03-13,M,M,0.30,3.0,3
1941-03-14,M,M,0.59,7.0,7
1941-03-15,M,M,0.04,T,3
1941-03-16,M,M,0.00,0.0,1
1941-03-17,M,M,0.00,0.0,0
1941-03-18,M,M,0.00,0.0,0
1941-03-19,M,M,0.00,0.0,M
1941-03-20,M,M,T,0.0,M
1941-03-21,M,M,0.25,0.0,M
1941-03-22,M,M,0.04,0.0,M
1941-03-23,M,M,0.07,0.0,M
1941-03-24,M,M,0.60,2.0,1
1941-03-25,M,M,0.21,1.0,0
1941-03-26,M,M,0.02,0.0,0
1941-03-27,M,M,0.00,0.0,M
1941-03-28,M,M,0.00,0.0,M
1941-03-29,M,M,T,0.0,M
1941-03-30,M,M,0.00,0.0,M
1941-03-31,M,M,0.00,0.0,M
1941-04-01,M,M,T,0.0,0
1941-04-02,M,M,0.01,T,M
1941-04-03,M,M,0.00,0.0,M
1941-04-04,M,M,0.00,0.0,M
1941-04-05,M,M,0.00,0.0,M
1941-04-06,M,M,0.00,0.0,M
1941-04-07,M,M,0.00,0.0,M
1941-04-08,M,M,0.00,0.0,M
1941-04-09,M,M,0.00,0.0,M
1941-04-10,M,M,0.00,0.0,M
1941-04-11,M,M,0.00,0.0,M
1941-04-12,M,M,0.05,0.0,M
1941-04-13,M,M,0.00,0.0,M
1941-04-14,M,M,0.00,0.0,M
1941-04-15,M,M,0.00,0.0,M
1941-04-16,M,M,0.00,0.0,M
1941-04-17,M,M,0.00,0.0,M
1941-04-18,M,M,0.00,0.0,M
1941-04-19,M,M,T,0.0,0
1941-04-20,M,M,0.00,0.0,M
1941-04-21,M,M,0.00,0.0,M
1941-04-22,M,M,0.05,1.0,M
1941-04-23,M,M,0.80,4.0,0
1941-04-24,M,M,0.02,0.0,M
1941-04-25,M,M,0.00,0.0,M
1941-04-26,M,M,0.05,0.0,M
1941-04-27,M,M,0.01,0.0,M
1941-04-28,M,M,0.06,0.0,M
1941-04-29,M,M,0.00,0.0,M
1941-04-30,M,M,0.00,0.0,0
1941-05-01,M,M,0.49,0.0,0
1941-05-02,M,M,0.20,M,M
1941-05-03,M,M,0.25,M,M
1941-05-04,M,M,0.33,M,M
1941-05-05,M,M,0.00,M,M
1941-05-06,M,M,0.00,M,M
1941-05-07,M,M,0.00,M,M
1941-05-08,M,M,0.00,M,M
1941-05-09,M,M,0.00,M,M
1941-05-10,M,M,0.01,M,M
1941-05-11,M,M,0.07,M,M
1941-05-12,M,M,0.02,M,M
1941-05-13,M,M,0.00,M,M
1941-05-14,M,M,0.00,M,M
1941-05-15,M,M,0.00,M,M
1941-05-16,M,M,0.00,M,M
1941-05-17,M,M,0.00,M,M
1941-05-18,M,M,0.00,M,M
1941-05-19,M,M,0.00,M,M
1941-05-20,M,M,T,M,M
1941-05-21,M,M,0.08,M,M
1941-05-22,M,M,0.44,M,M
1941-05-23,M,M,0.06,M,M
1941-05-24,M,M,0.04,M,M
1941-05-25,M,M,0.20,M,M
1941-05-26,M,M,0.00,M,M
1941-05-27,M,M,0.05,M,M
1941-05-28,M,M,0.44,M,M
1941-05-29,M,M,0.07,M,M
1941-05-30,M,M,T,M,M
1941-05-31,M,M,T,M,M
1941-06-01,M,M,T,0.0,M
1941-06-02,M,M,T,0.0,M
1941-06-03,M,M,0.31,0.0,M
1941-06-04,M,M,0.07,0.0,M
1941-06-05,M,M,0.12,0.0,M
1941-06-06,M,M,T,0.0,M
1941-06-07,M,M,0.01,0.0,M
1941-06-08,M,M,0.58,0.0,M
1941-06-09,M,M,T,0.0,M
1941-06-10,M,M,0.01,0.0,M
1941-06-11,M,M,0.41,0.0,M
1941-06-12,M,M,0.02,0.0,M
1941-06-13,M,M,T,0.0,M
1941-06-14,M,M,T,0.0,M
1941-06-15,M,M,0.37,0.0,M
1941-06-16,M,M,T,0.0,M
1941-06-17,M,M,T,0.0,M
1941-06-18,M,M,0.00,0.0,M
1941-06-19,M,M,0.00,0.0,M
1941-06-20,M,M,0.00,0.0,M
1941-06-21,M,M,0.00,0.0,M
1941-06-22,M,M,0.03,0.0,M
1941-06-23,M,M,0.00,0.0,M
1941-06-24,M,M,0.17,0.0,M
1941-06-25,M,M,0.04,0.0,M
1941-06-26,M,M,0.00,0.0,M
1941-06-27,M,M,0.00,0.0,M
1941-06-28,M,M,0.00,0.0,M
1941-06-29,M,M,0.00,0.0,M
1941-06-30,M,M,0.00,0.0,M
1941-07-01,M,M,0.00,0.0,M
1941-07-02,M,M,0.00,0.0,M
1941-07-03,M,M,0.00,0.0,M
1941-07-04,M,M,T,0.0,M
1941-07-05,M,M,0.02,0.0,M
1941-07-06,M,M,0.07,0.0,M
1941-07-07,M,M,0.00,0.0,M
1941-07-08,M,M,0.10,0.0,M
1941-07-09,M,M,0.27,0.0,M
1941-07-10,M,M,T,0.0,M
1941-07-11,M,M,0.01,0.0,M
1941-07-12,M,M,0.16,0.0,M
1941-07-13,M,M,0.05,0.0,M
1941-07-14,M,M,0.17,0.0,M
1941-07-15,M,M,T,0.0,M
1941-07-16,M,M,0.00,0.0,M
1941-07-17,M,M,0.13,0.0,M
1941-07-18,M,M,0.00,0.0,M
1941-07-19,M,M,0.49,0.0,M
1941-07-20,M,M,0.00,0.0,M
1941-07-21,M,M,0.15,0.0,M
1941-07-22,M,M,0.00,0.0,M
1941-07-23,M,M,0.00,0.0,M
1941-07-24,M,M,0.44,0.0,M
1941-07-25,M,M,0.00,0.0,M
1941-07-26,M,M,0.00,0.0,M
1941-07-27,M,M,0.00,0.0,M
1941-07-28,M,M,0.00,0.0,M
1941-07-29,M,M,0.00,0.0,M
1941-07-30,M,M,0.00,0.0,M
1941-07-31,M,M,0.00,0.0,M
1941-08-01,M,M,0.00,0.0,M
1941-08-02,M,M,0.00,0.0,M
1941-08-03,M,M,0.05,0.0,M
1941-08-04,M,M,0.00,0.0,M
1941-08-05,M,M,0.00,0.0,M
1941-08-06,M,M,T,0.0,M
1941-08-07,M,M,0.00,0.0,M
1941-08-08,M,M,0.00,0.0,M
1941-08-09,M,M,0.00,0.0,M
1941-08-10,M,M,0.00,0.0,M
1941-08-11,M,M,0.00,0.0,M
1941-08-12,M,M,0.40,0.0,M
1941-08-13,M,M,0.00,0.0,M
1941-08-14,M,M,T,0.0,M
1941-08-15,M,M,0.00,0.0,M
1941-08-16,M,M,0.40,0.0,M
1941-08-17,M,M,0.00,0.0,M
1941-08-18,M,M,0.00,0.0,M
1941-08-19,M,M,0.00,0.0,M
1941-08-20,M,M,0.10,0.0,M
1941-08-21,M,M,0.72,0.0,M
1941-08-22,M,M,T,0.0,M
1941-08-23,M,M,T,0.0,M
1941-08-24,M,M,0.00,0.0,M
1941-08-25,M,M,0.00,0.0,M
1941-08-26,M,M,0.00,0.0,M
1941-08-27,M,M,0.00,0.0,M
1941-08-28,M,M,0.00,0.0,M
1941-08-29,M,M,0.02,0.0,M
1941-08-30,M,M,0.00,0.0,M
1941-08-31,M,M,0.00,0.0,M
1941-09-01,M,M,0.03,0.0,M
1941-09-02,M,M,0.00,0.0,M
1941-09-03,M,M,0.00,0.0,M
1941-09-04,M,M,0.00,0.0,M
1941-09-05,M,M,0.00,0.0,M
1941-09-06,M,M,0.00,0.0,M
1941-09-07,M,M,0.00,0.0,M
1941-09-08,M,M,0.02,0.0,M
1941-09-09,M,M,0.00,0.0,M
1941-09-10,M,M,0.00,0.0,M
1941-09-11,M,M,0.00,0.0,M
1941-09-12,M,M,0.00,0.0,M
1941-09-13,M,M,0.07,0.0,M
1941-09-14,M,M,0.20,0.0,M
1941-09-15,M,M,0.00,0.0,M
1941-09-16,M,M,0.00,0.0,M
1941-09-17,M,M,0.01,0.0,M
1941-09-18,M,M,0.00,0.0,M
1941-09-19,M,M,0.01,0.0,M
1941-09-20,M,M,0.05,0.0,M
1941-09-21,M,M,0.00,0.0,M
1941-09-22,M,M,0.10,0.0,M
1941-09-23,M,M,0.97,0.0,M
1941-09-24,M,M,0.00,0.0,M
1941-09-25,M,M,0.00,0.0,M
1941-09-26,M,M,0.00,0.0,M
1941-09-27,M,M,0.00,0.0,M
1941-09-28,M,M,0.39,0.0,M
1941-09-29,M,M,1.25,0.0,M
1941-09-30,M,M,0.00,0.0,M
1941-10-01,M,M,0.00,0.0,M
1941-10-02,M,M,0.00,0.0,M
1941-10-03,M,M,0.38,0.0,M
1941-10-04,M,M,0.49,0.0,M
1941-10-05,M,M,0.00,0.0,M
1941-10-06,M,M,0.00,0.0,M
1941-10-07,M,M,0.00,0.0,M
1941-10-08,M,M,0.00,0.0,M
1941-10-09,M,M,0.00,0.0,M
1941-10-10,M,M,0.00,0.0,M
1941-10-11,M,M,0.00,0.0,M
1941-10-12,M,M,0.00,0.0,M
1941-10-13,M,M,0.21,0.0,M
1941-10-14,M,M,0.16,0.0,M
1941-10-15,M,M,0.00,0.0,M
1941-10-16,M,M,0.00,0.0,M
1941-10-17,M,M,0.00,0.0,M
1941-10-18,M,M,0.00,0.0,M
1941-10-19,M,M,T,0.0,M
1941-10-20,M,M,T,0.0,M
1941-10-21,M,M,0.22,0.0,M
1941-10-22,M,M,0.40,0.0,M
1941-10-23,M,M,0.17,0.0,M
1941-10-24,M,M,0.08,0.0,M
1941-10-25,M,M,0.18,0.0,M
1941-10-26,M,M,0.00,0.0,M
1941-10-27,M,M,0.00,0.0,M
1941-10-28,M,M,0.28,0.0,M
1941-10-29,M,M,0.11,0.0,M
1941-10-30,M,M,0.29,0.0,M
1941-10-31,M,M,0.00,0.0,M
1941-11-01,M,M,0.00,0.0,M
1941-11-02,M,M,0.00,0.0,M
1941-11-03,M,M,0.00,0.0,M
1941-11-04,M,M,0.00,0.0,M
1941-11-05,M,M,0.00,0.0,M
1941-11-06,M,M,0.00,0.0,M
1941-11-07,M,M,0.00,0.0,M
1941-11-08,M,M,0.00,0.0,M
1941-11-09,M,M,0.00,0.0,M
1941-11-10,M,M,0.00,0.0,M
1941-11-11,M,M,0.00,0.0,M
1941-11-12,M,M,0.00,0.0,M
1941-11-13,M,M,0.08,0.0,M
1941-11-14,M,M,0.00,0.0,M
1941-11-15,M,M,0.11,0.0,M
1941-11-16,M,M,0.00,0.0,M
1941-11-17,M,M,0.00,0.0,M
1941-11-18,M,M,0.00,0.0,M
1941-11-19,M,M,0.08,1.0,0
1941-11-20,M,M,0.00,0.0,M
1941-11-21,M,M,0.00,0.0,M
1941-11-22,M,M,0.00,0.0,M
1941-11-23,M,M,0.00,0.0,M
1941-11-24,M,M,0.00,0.0,M
1941-11-25,M,M,0.00,0.0,M
1941-11-26,M,M,0.00,0.0,M
1941-11-27,M,M,0.00,0.0,M
1941-11-28,M,M,0.00,0.0,M
1941-11-29,M,M,0.00,0.0,M
1941-11-30,M,M,0.00,0.0,0
1941-12-01,M,M,0.00,0.0,M
1941-12-02,M,M,0.00,0.0,M
1941-12-03,M,M,0.00,0.0,M
1941-12-04,M,M,0.03,T,0
1941-12-05,M,M,0.00,0.0,M
1941-12-06,M,M,0.00,0.0,M
1941-12-07,M,M,0.00,0.0,M
1941-12-08,M,M,0.00,0.0,M
1941-12-09,M,M,0.00,0.0,M
1941-12-10,M,M,M,T,T
1941-12-11,M,M,0.15,3.0,3
1941-12-12,M,M,0.00,0.0,M
1941-12-13,M,M,M,T,M
1941-12-14,M,M,0.00,0.0,M
1941-12-15,M,M,0.00,0.0,M
1941-12-16,M,M,0.00,0.0,M
1941-12-17,M,M,0.00,0.0,M
1941-12-18,M,M,0.00,0.0,M
1941-12-19,M,M,0.00,0.0,M
1941-12-20,M,M,0.00,0.0,M
1941-12-21,M,M,0.00,0.0,M
1941-12-22,M,M,0.00,0.0,M
1941-12-23,M,M,0.20,4.0,4
1941-12-24,M,M,0.05,1.0,3
1941-12-25,M,M,0.00,0.0,3
1941-12-26,M,M,0.00,0.0,3
1941-12-27,M,M,0.00,0.0,3
1941-12-28,M,M,0.10,2.0,3
1941-12-29,M,M,0.05,1.0,3
1941-12-30,M,M,0.15,3.0,4
1941-12-31,M,M,M,T,3
1942-01-01,M,M,0.00,0.0,3
1942-01-02,M,M,0.00,0.0,3
1942-01-03,M,M,0.12,2.0,5
1942-01-04,M,M,0.00,0.0,4
1942-01-05,M,M,0.00,0.0,3
1942-01-06,M,M,0.00,0.0,3
1942-01-07,M,M,0.00,0.0,2
1942-01-08,M,M,0.00,0.0,2
1942-01-09,M,M,0.00,0.0,1
1942-01-10,M,M,0.00,0.0,1
1942-01-11,M,M,0.00,0.0,1
1942-01-12,M,M,0.00,0.0,1
1942-01-13,M,M,0.00,0.0,1
1942-01-14,M,M,0.00,0.0,1
1942-01-15,M,M,0.00,0.0,1
1942-01-16,M,M,0.00,0.0,T
1942-01-17,M,M,0.07,1.0,1
1942-01-18,M,M,0.00,0.0,M
1942-01-19,M,M,0.00,0.0,M
1942-01-20,M,M,0.00,0.0,M
1942-01-21,M,M,0.00,0.0,M
1942-01-22,M,M,0.00,0.0,M
1942-01-23,M,M,0.00,0.0,M
1942-01-24,M,M,0.00,0.0,M
1942-01-25,M,M,0.00,0.0,M
1942-01-26,M,M,0.00,0.0,M
1942-01-27,M,M,0.00,0.0,M
1942-01-28,M,M,0.00,0.0,M
1942-01-29,M,M,0.00,0.0,M
1942-01-30,M,M,0.07,1.0,0
1942-01-31,M,M,0.00,0.0,M
1942-02-01,M,M,0.00,0.0,M
1942-02-02,M,M,0.00,0.0,M
1942-02-03,M,M,0.00,0.0,M
1942-02-04,M,M,0.00,0.0,M
1942-02-05,M,M,T,T,0
1942-02-06,M,M,0.00,0.0,M
1942-02-07,M,M,0.00,0.0,M
1942-02-08,M,M,0.00,0.0,M
1942-02-09,M,M,0.00,0.0,M
1942-02-10,M,M,0.12,2.0,2
1942-02-11,M,M,T,0.0,M
1942-02-12,M,M,0.00,0.0,M
1942-02-13,M,M,0.00,0.0,M
1942-02-14,M,M,T,0.0,0
1942-02-15,M,M,0.00,0.0,M
1942-02-16,M,M,0.00,0.0,M
1942-02-17,M,M,0.00,0.0,M
1942-02-18,M,M,0.00,0.0,M
1942-02-19,M,M,0.00,0.0,M
1942-02-20,M,M,0.00,0.0,M
1942-02-21,M,M,0.00,0.0,M
1942-02-22,M,M,M,2.0,0
1942-02-23,M,M,0.09,0.0,M
1942-02-24,M,M,0.00,0.0,M
1942-02-25,M,M,0.07,2.0,2
1942-02-26,M,M,T,0.0,M
1942-02-27,M,M,0.00,0.0,M
1942-02-28,M,M,0.00,0.0,M
1942-03-01,M,M,0.00,0.0,M
1942-03-02,M,M,0.00,0.0,M
1942-03-03,M,M,0.00,0.0,M
1942-03-04,M,M,0.00,0.0,M
1942-03-05,M,M,0.00,0.0,M
1942-03-06,M,M,0.00,0.0,M
1942-03-07,M,M,T,0.0,M
1942-03-08,M,M,0.00,0.0,M
1942-03-09,M,M,0.00,0.0,M
1942-03-10,M,M,0.00,0.0,M
1942-03-11,M,M,0.00,0.0,M
1942-03-12,M,M,0.00,0.0,M
1942-03-13,M,M,0.64,2.0,2
1942-03-14,M,M,0.00,0.0,M
1942-03-15,M,M,0.29,4.0,4
1942-03-16,M,M,0.00,0.0,M
1942-03-17,M,M,0.06,2.0,1
1942-03-18,M,M,0.00,0.0,M
1942-03-19,M,M,0.00,0.0,M
1942-03-20,M,M,T,0.0,M
1942-03-21,M,M,0.00,0.0,M
1942-03-22,M,M,0.00,0.0,M
1942-03-23,M,M,0.00,0.0,M
1942-03-24,M,M,0.00,0.0,M
1942-03-25,M,M,0.00,0.0,M
1942-03-26,M,M,0.00,0.0,M
1942-03-27,M,M,0.00,0.0,M
1942-03-28,M,M,0.00,0.0,M
1942-03-29,M,M,0.00,0.0,M
1942-03-30,M,M,0.00,0.0,M
1942-03-31,M,M,0.00,0.0,M
1942-04-01,M,M,0.00,M,M
1942-04-02,M,M,0.00,M,M
1942-04-03,M,M,0.00,M,M
1942-04-04,M,M,0.06,M,M
1942-04-05,M,M,0.00,M,M
1942-04-06,M,M,0.00,M,M
1942-04-07,M,M,0.23,M,M
1942-04-08,M,M,0.00,M,M
1942-04-09,M,M,0.00,M,M
1942-04-10,M,M,T,M,M
1942-04-11,M,M,0.00,M,M
1942-04-12,M,M,0.34,M,M
1942-04-13,M,M,0.30,M,M
1942-04-14,M,M,0.00,M,M
1942-04-15,M,M,0.00,M,M
1942-04-16,M,M,0.00,M,M
1942-04-17,M,M,0.28,M,M
1942-04-18,M,M,0.36,M,M
1942-04-19,M,M,0.00,M,M
1942-04-20,M,M,0.02,M,M
1942-04-21,M,M,0.00,M,M
1942-04-22,M,M,0.00,M,M
1942-04-23,M,M,0.85,M,M
1942-04-24,M,M,0.16,M,M
1942-04-25,M,M,0.01,M,M
1942-04-26,M,M,0.00,M,M
1942-04-27,M,M,0.00,M,M
1942-04-28,M,M,0.00,M,M
1942-04-29,M,M,0.00,M,M
1942-04-30,M,M,0.00,M,T
1942-05-01,M,M,0.23,2.0,M
1942-05-02,M,M,0.09,0.0,M
1942-05-03,M,M,0.14,T,T
1942-05-04,M,M,0.00,0.0,M
1942-05-05,M,M,0.00,0.0,M
1942-05-06,M,M,0.00,0.0,M
1942-05-07,M,M,0.00,0.0,M
1942-05-08,M,M,0.00,0.0,M
1942-05-09,M,M,0.00,0.0,M
1942-05-10,M,M,0.00,0.0,M
1942-05-11,M,M,0.00,0.0,M
1942-05-12,M,M,0.00,0.0,M
1942-05-13,M,M,0.00,0.0,M
1942-05-14,M,M,0.00,0.0,M
1942-05-15,M,M,0.00,0.0,M
1942-05-16,M,M,0.00,0.0,M
1942-05-17,M,M,0.00,0.0,M
1942-05-18,M,M,0.00,0.0,M
1942-05-19,M,M,0.00,0.0,M
1942-05-20,M,M,0.00,0.0,M
1942-05-21,M,M,0.00,0.0,M
1942-05-22,M,M,0.00,0.0,M
1942-05-23,M,M,0.00,0.0,M
1942-05-24,M,M,0.00,0.0,M
1942-05-25,M,M,0.00,0.0,M
1942-05-26,M,M,0.00,0.0,M
1942-05-27,M,M,0.00,0.0,M
1942-05-28,M,M,0.00,0.0,M
1942-05-29,M,M,0.00,0.0,M
1942-05-30,M,M,0.00,0.0,M
1942-05-31,M,M,0.00,0.0,M
1942-06-01,M,M,0.00,0.0,M
1942-06-02,M,M,0.00,0.0,M
1942-06-03,M,M,0.00,0.0,M
1942-06-04,M,M,0.25,0.0,M
1942-06-05,M,M,0.00,0.0,M
1942-06-06,M,M,0.00,0.0,M
1942-06-07,M,M,0.00,0.0,M
1942-06-08,M,M,0.02,0.0,M
1942-06-09,M,M,0.00,0.0,M
1942-06-10,M,M,0.00,0.0,M
1942-06-11,M,M,0.00,0.0,M
1942-06-12,M,M,0.00,0.0,M
1942-06-13,M,M,0.00,0.0,M
1942-06-14,M,M,0.00,0.0,M
1942-06-15,M,M,0.00,0.0,M
1942-06-16,M,M,0.00,0.0,M
1942-06-17,M,M,0.00,0.0,M
1942-06-18,M,M,0.00,0.0,M
1942-06-19,M,M,0.00,0.0,M
1942-06-20,M,M,0.00,0.0,M
1942-06-21,M,M,0.00,0.0,M
1942-06-22,M,M,0.00,0.0,M
1942-06-23,M,M,0.00,0.0,M
1942-06-24,M,M,0.00,0.0,M
1942-06-25,M,M,0.00,0.0,M
1942-06-26,M,M,0.00,0.0,M
1942-06-27,M,M,0.00,0.0,M
1942-06-28,M,M,0.00,0.0,M
1942-06-29,M,M,0.00,0.0,M
1942-06-30,M,M,0.00,0.0,M
1942-07-01,M,M,0.00,M,M
1942-07-02,M,M,0.10,M,M
1942-07-03,M,M,0.00,M,M
1942-07-04,M,M,0.00,M,M
1942-07-05,M,M,0.00,M,M
1942-07-06,M,M,0.00,M,M
1942-07-07,M,M,0.03,M,M
1942-07-08,M,M,0.00,M,M
1942-07-09,M,M,0.02,M,M
1942-07-10,M,M,0.18,M,M
1942-07-11,M,M,0.03,M,M
1942-07-12,M,M,0.00,M,M
1942-07-13,M,M,0.00,M,M
1942-07-14,M,M,0.00,M,M
1942-07-15,M,M,0.00,M,M
1942-07-16,M,M,0.00,M,M
1942-07-17,M,M,0.06,M,M
1942-07-18,M,M,0.22,M,M
1942-07-19,M,M,0.00,M,M
1942-07-20,M,M,0.00,M,M
1942-07-21,M,M,0.30,M,M
1942-07-22,M,M,0.00,M,M
1942-07-23,M,M,0.00,M,M
1942-07-24,M,M,0.00,M,M
1942-07-25,M,M,0.00,M,M
1942-07-26,M,M,0.00,M,M
1942-07-27,M,M,0.00,M,M
1942-07-28,M,M,0.07,M,M
1942-07-29,M,M,0.04,M,M
1942-07-30,M,M,T,M,M
1942-07-31,M,M,0.40,M,M
1942-08-01,M,M,0.00,M,M
1942-08-02,M,M,0.02,M,M
1942-08-03,M,M,0.00,M,M
1942-08-04,M,M,0.00,M,M
1942-08-05,M,M,0.00,M,M
1942-08-06,M,M,0.00,M,M
1942-08-07,M,M,0.00,M,M
1942-08-08,M,M,0.20,M,M
1942-08-09,M,M,0.13,M,M
1942-08-10,M,M,0.00,M,M
1942-08-11,M,M,0.00,M,M
1942-08-12,M,M,0.00,M,M
1942-08-13,M,M,0.05,M,M
1942-08-14,M,M,0.00,M,M
1942-08-15,M,M,0.07,M,M
1942-08-16,M,M,0.23,M,M
1942-08-17,M,M,T,M,M
1942-08-18,M,M,0.00,M,M
1942-08-19,M,M,0.00,M,M
1942-08-20,M,M,0.00,M,M
1942-08-21,M,M,0.00,M,M
1942-08-22,M,M,0.00,M,M
1942-08-23,M,M,0.00,M,M
1942-08-24,M,M,0.00,M,M
1942-08-25,M,M,0.04,M,M
1942-08-26,M,M,0.00,M,M
1942-08-27,M,M,0.00,M,M
1942-08-28,M,M,0.00,M,M
1942-08-29,M,M,0.00,M,M
1942-08-30,M,M,0.00,M,M
1942-08-31,M,M,0.00,M,M
1942-09-01,M,M,0.00,0.0,M
1942-09-02,M,M,0.52,0.0,M
1942-09-03,M,M,0.00,0.0,M
1942-09-04,M,M,0.15,0.0,M
1942-09-05,M,M,0.00,0.0,M
1942-09-06,M,M,0.05,0.0,M
1942-09-07,M,M,0.06,0.0,M
1942-09-08,M,M,0.00,0.0,M
1942-09-09,M,M,0.00,0.0,M
1942-09-10,M,M,0.56,0.0,M
1942-09-11,M,M,0.00,0.0,M
1942-09-12,M,M,0.34,0.0,M
1942-09-13,M,M,0.30,0.0,M
1942-09-14,M,M,0.00,0.0,M
1942-09-15,M,M,0.00,0.0,M
1942-09-16,M,M,0.00,0.0,M
1942-09-17,M,M,0.00,0.0,M
1942-09-18,M,M,0.00,0.0,M
1942-09-19,M,M,0.00,0.0,M
1942-09-20,M,M,0.00,0.0,M
1942-09-21,M,M,0.00,0.0,M
1942-09-22,M,M,0.00,0.0,M
1942-09-23,M,M,0.00,0.0,M
1942-09-24,M,M,0.00,0.0,M
1942-09-25,M,M,0.00,0.0,M
1942-09-26,M,M,0.00,0.0,M
1942-09-27,M,M,0.00,0.0,M
1942-09-28,M,M,0.00,0.0,M
1942-09-29,M,M,0.00,0.0,M
1942-09-30,M,M,0.00,0.0,M
1942-10-01,M,M,0.00,0.0,M
1942-10-02,M,M,0.00,0.0,M
1942-10-03,M,M,0.00,0.0,M
1942-10-04,M,M,0.00,0.0,M
1942-10-05,M,M,0.00,0.0,M
1942-10-06,M,M,0.00,0.0,M
1942-10-07,M,M,0.00,0.0,M
1942-10-08,M,M,0.00,0.0,M
1942-10-09,M,M,0.00,0.0,M
1942-10-10,M,M,0.00,0.0,M
1942-10-11,M,M,0.00,0.0,M
1942-10-12,M,M,0.00,0.0,M
1942-10-13,M,M,0.14,0.0,M
1942-10-14,M,M,0.27,0.0,M
1942-10-15,M,M,0.00,0.0,M
1942-10-16,M,M,T,0.0,M
1942-10-17,M,M,0.22,0.0,M
1942-10-18,M,M,T,0.0,M
1942-10-19,M,M,0.04,0.0,M
1942-10-20,M,M,0.00,0.0,M
1942-10-21,M,M,0.00,0.0,M
1942-10-22,M,M,0.00,0.0,M
1942-10-23,M,M,0.00,0.0,M
1942-10-24,M,M,0.00,0.0,M
1942-10-25,M,M,0.00,0.0,M
1942-10-26,M,M,0.00,0.0,M
1942-10-27,M,M,0.00,0.0,M
1942-10-28,M,M,0.00,0.0,M
1942-10-29,M,M,0.00,0.0,M
1942-10-30,M,M,0.00,0.0,M
1942-10-31,M,M,0.00,0.0,M
1942-11-01,M,M,0.00,0.0,M
1942-11-02,M,M,0.00,0.0,M
1942-11-03,M,M,0.00,0.0,M
1942-11-04,M,M,0.00,0.0,M
1942-11-05,M,M,0.00,0.0,M
1942-11-06,M,M,0.00,0.0,M
1942-11-07,M,M,0.00,0.0,M
1942-11-08,M,M,0.00,0.0,M
1942-11-09,M,M,0.00,0.0,M
1942-11-10,M,M,0.00,0.0,M
1942-11-11,M,M,0.00,0.0,M
1942-11-12,M,M,0.00,0.0,M
1942-11-13,M,M,0.00,0.0,M
1942-11-14,M,M,0.00,0.0,M
1942-11-15,M,M,0.00,0.0,M
1942-11-16,M,M,0.00,0.0,M
1942-11-17,M,M,0.00,0.0,M
1942-11-18,M,M,0.00,0.0,M
1942-11-19,M,M,0.00,0.0,M
1942-11-20,M,M,0.00,0.0,M
1942-11-21,M,M,0.00,0.0,M
1942-11-22,M,M,0.00,0.0,M
1942-11-23,M,M,0.00,0.0,M
1942-11-24,M,M,0.00,0.0,M
1942-11-25,M,M,0.00,0.0,M
1942-11-26,M,M,0.00,0.0,M
1942-11-27,M,M,0.00,0.0,M
1942-11-28,M,M,0.00,0.0,M
1942-11-29,M,M,0.00,0.0,M
1942-11-30,M,M,T,T,M
1942-12-01,M,M,T,T,M
1942-12-02,M,M,0.00,0.0,M
1942-12-03,M,M,0.00,0.0,M
1942-12-04,M,M,0.00,0.0,M
1942-12-05,M,M,0.00,0.0,M
1942-12-06,M,M,0.16,2.0,M
1942-12-07,M,M,0.00,0.0,M
1942-12-08,M,M,0.00,0.0,M
1942-12-09,M,M,0.00,0.0,M
1942-12-10,M,M,0.00,0.0,M
1942-12-11,M,M,0.00,0.0,M
1942-12-12,M,M,0.00,0.0,M
1942-12-13,M,M,0.00,0.0,M
1942-12-14,M,M,0.00,0.0,M
1942-12-15,M,M,0.00,0.0,M
1942-12-16,M,M,0.00,0.0,M
1942-12-17,M,M,0.00,0.0,M
1942-12-18,M,M,0.00,0.0,M
1942-12-19,M,M,0.00,0.0,M
1942-12-20,M,M,0.00,0.0,M
1942-12-21,M,M,0.00,0.0,M
1942-12-22,M,M,0.00,0.0,M
1942-12-23,M,M,0.00,0.0,M
1942-12-24,M,M,0.00,0.0,M
1942-12-25,M,M,0.24,3.1,0
1942-12-26,M,M,0.00,0.0,M
1942-12-27,M,M,0.00,0.0,M
1942-12-28,M,M,0.00,0.0,M
1942-12-29,M,M,0.00,0.0,M
1942-12-30,M,M,0.00,0.0,M
1942-12-31,M,M,0.00,0.0,M
1943-01-01,M,M,0.00,0.0,M
1943-01-02,M,M,0.00,0.0,M
1943-01-03,M,M,0.00,0.0,M
1943-01-04,M,M,0.00,0.0,M
1943-01-05,M,M,0.00,0.0,M
1943-01-06,M,M,0.00,0.0,M
1943-01-07,M,M,0.00,0.0,M
1943-01-08,M,M,0.00,0.0,M
1943-01-09,M,M,0.00,0.0,M
1943-01-10,M,M,0.00,0.0,M
1943-01-11,M,M,0.00,0.0,M
1943-01-12,M,M,0.00,0.0,M
1943-01-13,M,M,0.00,0.0,M
1943-01-14,M,M,0.00,0.0,M
1943-01-15,M,M,0.00,0.0,M
1943-01-16,M,M,0.00,0.0,M
1943-01-17,M,M,0.00,0.0,M
1943-01-18,M,M,0.20,3.2,0
1943-01-19,M,M,0.00,0.0,M
1943-01-20,M,M,0.00,0.0,M
1943-01-21,M,M,0.00,0.0,M
1943-01-22,M,M,0.00,0.0,M
1943-01-23,M,M,0.00,0.0,M
1943-01-24,M,M,0.00,0.0,M
1943-01-25,M,M,0.00,0.0,M
1943-01-26,M,M,0.00,0.0,M
1943-01-27,M,M,0.00,0.0,M
1943-01-28,M,M,0.08,0.4,0
1943-01-29,M,M,0.00,0.0,M
1943-01-30,M,M,0.00,0.0,M
1943-01-31,M,M,0.00,0.0,M
1943-02-01,M,M,M,0.0,M
1943-02-02,M,M,M,0.0,M
1943-02-03,M,M,M,0.0,M
1943-02-04,M,M,M,0.0,M
1943-02-05,M,M,M,3.1,0
1943-02-06,M,M,M,0.0,M
1943-02-07,M,M,M,0.0,M
1943-02-08,M,M,M,0.0,M
1943-02-09,M,M,M,0.0,M
1943-02-10,M,M,M,0.2,0
1943-02-11,M,M,M,0.0,M
1943-02-12,M,M,M,0.0,M
1943-02-13,M,M,M,0.0,M
1943-02-14,M,M,M,0.0,M
1943-02-15,M,M,M,0.0,M
1943-02-16,M,M,M,0.0,M
1943-02-17,M,M,M,0.0,M
1943-02-18,M,M,M,0.0,M
1943-02-19,M,M,M,0.0,M
1943-02-20,M,M,M,0.0,M
1943-02-21,M,M,M,0.0,M
1943-02-22,M,M,M,0.0,M
1943-02-23,M,M,M,0.0,M
1943-02-24,M,M,M,0.0,M
1943-02-25,M,M,M,0.0,M
1943-02-26,M,M,M,0.0,M
1943-02-27,M,M,M,0.0,M
1943-02-28,M,M,M,1.0,0
1943-03-01,M,M,0.00,0.0,M
1943-03-02,M,M,0.00,0.0,M
1943-03-03,M,M,0.00,0.0,M
1943-03-04,M,M,0.00,0.0,M
1943-03-05,M,M,0.02,T,M
1943-03-06,M,M,0.00,0.0,M
1943-03-07,M,M,0.00,0.0,M
1943-03-08,M,M,0.00,0.0,M
1943-03-09,M,M,0.00,0.0,M
1943-03-10,M,M,M,T,M
1943-03-11,M,M,0.53,0.0,M
1943-03-12,M,M,0.32,0.0,M
1943-03-13,M,M,0.00,0.0,M
1943-03-14,M,M,0.00,0.0,M
1943-03-15,M,M,0.00,0.0,M
1943-03-16,M,M,0.11,0.0,M
1943-03-17,M,M,T,0.0,M
1943-03-18,M,M,0.08,0.0,M
1943-03-19,M,M,0.01,0.0,M
1943-03-20,M,M,0.00,0.0,M
1943-03-21,M,M,0.00,0.0,M
1943-03-22,M,M,0.00,0.0,M
1943-03-23,M,M,0.00,0.0,M
1943-03-24,M,M,0.00,0.0,M
1943-03-25,M,M,0.00,0.0,M
1943-03-26,M,M,0.00,0.0,M
1943-03-27,M,M,0.00,0.0,M
1943-03-28,M,M,0.00,0.0,M
1943-03-29,M,M,0.00,0.0,M
1943-03-30,M,M,0.00,0.0,M
1943-03-31,M,M,0.00,0.0,M
1943-04-01,M,M,0.00,0.0,M
1943-04-02,M,M,0.00,0.0,M
1943-04-03,M,M,0.00,0.0,M
1943-04-04,M,M,0.00,0.0,M
1943-04-05,M,M,0.00,0.0,M
1943-04-06,M,M,0.00,0.0,M
1943-04-07,M,M,0.00,0.0,M
1943-04-08,M,M,0.00,0.0,M
1943-04-09,M,M,0.00,0.0,M
1943-04-10,M,M,0.00,0.0,M
1943-04-11,M,M,0.06,0.0,M
1943-04-12,M,M,0.00,0.0,M
1943-04-13,M,M,0.00,0.0,M
1943-04-14,M,M,0.00,0.0,M
1943-04-15,M,M,0.00,0.0,M
1943-04-16,M,M,0.00,0.0,M
1943-04-17,M,M,0.00,0.0,M
1943-04-18,M,M,0.00,0.0,M
1943-04-19,M,M,0.00,0.0,M
1943-04-20,M,M,0.00,0.0,M
1943-04-21,M,M,0.00,0.0,M
1943-04-22,M,M,0.00,0.0,M
1943-04-23,M,M,0.00,0.0,M
1943-04-24,M,M,0.00,0.0,M
1943-04-25,M,M,0.00,0.0,M
1943-04-26,M,M,0.00,0.0,M
1943-04-27,M,M,0.00,0.0,M
1943-04-28,M,M,0.00,0.0,M
1943-04-29,M,M,0.00,0.0,M
1943-04-30,M,M,0.00,0.0,M
1943-05-01,M,M,0.00,0.0,M
1943-05-02,M,M,0.00,0.0,M
1943-05-03,M,M,0.00,0.0,M
1943-05-04,M,M,0.00,0.0,M
1943-05-05,M,M,0.00,0.0,M
1943-05-06,M,M,T,0.0,M
1943-05-07,M,M,0.12,0.0,M
1943-05-08,M,M,0.00,0.0,M
1943-05-09,M,M,0.02,0.0,M
1943-05-10,M,M,0.28,0.0,M
1943-05-11,M,M,0.00,0.0,M
1943-05-12,M,M,0.00,0.0,M
1943-05-13,M,M,0.00,0.0,M
1943-05-14,M,M,0.00,0.0,M
1943-05-15,M,M,0.00,0.0,M
1943-05-16,M,M,0.00,0.0,M
1943-05-17,M,M,0.00,0.0,M
1943-05-18,M,M,0.00,0.0,M
1943-05-19,M,M,0.00,0.0,M
1943-05-20,M,M,0.00,0.0,M
1943-05-21,M,M,0.04,0.0,M
1943-05-22,M,M,0.12,0.0,M
1943-05-23,M,M,0.00,0.0,M
1943-05-24,M,M,0.00,0.0,M
1943-05-25,M,M,0.00,0.0,M
1943-05-26,M,M,0.00,0.0,M
1943-05-27,M,M,0.00,0.0,M
1943-05-28,M,M,0.00,0.0,M
1943-05-29,M,M,0.00,0.0,M
1943-05-30,M,M,0.00,0.0,M
1943-05-31,M,M,0.00,0.0,M
1943-06-01,M,M,M,0.0,M
1943-06-02,M,M,M,0.0,M
1943-06-03,M,M,M,0.0,M
1943-06-04,M,M,M,0.0,M
1943-06-05,M,M,M,0.0,M
1943-06-06,M,M,M,0.0,M
1943-06-07,M,M,M,0.0,M
1943-06-08,M,M,M,0.0,M
1943-06-09,M,M,M,0.0,M
1943-06-10,M,M,0.18,0.0,M
1943-06-11,M,M,0.16,0.0,M
1943-06-12,M,M,M,0.0,M
1943-06-13,M,M,M,0.0,M
1943-06-14,M,M,M,0.0,M
1943-06-15,M,M,M,0.0,M
1943-06-16,M,M,M,0.0,M
1943-06-17,M,M,M,0.0,M
1943-06-18,M,M,0.01,0.0,M
1943-06-19,M,M,0.18,0.0,M
1943-06-20,M,M,M,0.0,M
1943-06-21,M,M,M,0.0,M
1943-06-22,M,M,M,0.0,M
1943-06-23,M,M,M,0.0,M
1943-06-24,M,M,M,0.0,M
1943-06-25,M,M,M,0.0,M
1943-06-26,M,M,0.03,0.0,M
1943-06-27,M,M,0.03,0.0,M
1943-06-28,M,M,M,0.0,M
1943-06-29,M,M,0.91,0.0,M
1943-06-30,M,M,0.17,0.0,M
1943-07-01,M,M,0.10,0.0,M
1943-07-02,M,M,0.00,0.0,M
1943-07-03,M,M,0.00,0.0,M
1943-07-04,M,M,0.00,0.0,M
1943-07-05,M,M,0.00,0.0,M
1943-07-06,M,M,0.00,0.0,M
1943-07-07,M,M,0.00,0.0,M
1943-07-08,M,M,0.00,0.0,M
1943-07-09,M,M,0.03,0.0,M
1943-07-10,M,M,0.00,0.0,M
1943-07-11,M,M,0.00,0.0,M
1943-07-12,M,M,0.04,0.0,M
1943-07-13,M,M,0.00,0.0,M
1943-07-14,M,M,0.00,0.0,M
1943-07-15,M,M,0.00,0.0,M
1943-07-16,M,M,0.07,0.0,M
1943-07-17,M,M,0.00,0.0,M
1943-07-18,M,M,0.00,0.0,M
1943-07-19,M,M,0.03,0.0,M
1943-07-20,M,M,0.00,0.0,M
1943-07-21,M,M,0.02,0.0,M
1943-07-22,M,M,0.20,0.0,M
1943-07-23,M,M,0.00,0.0,M
1943-07-24,M,M,0.00,0.0,M
1943-07-25,M,M,0.05,0.0,M
1943-07-26,M,M,0.11,0.0,M
1943-07-27,M,M,0.00,0.0,M
1943-07-28,M,M,0.00,0.0,M
1943-07-29,M,M,0.60,0.0,M
1943-07-30,M,M,0.00,0.0,M
1943-07-31,M,M,0.03,0.0,M
1943-08-01,M,M,0.03,0.0,M
1943-08-02,M,M,0.00,0.0,M
1943-08-03,M,M,0.00,0.0,M
1943-08-04,M,M,0.00,0.0,M
1943-08-05,M,M,0.64,0.0,M
1943-08-06,M,M,0.03,0.0,M
1943-08-07,M,M,0.00,0.0,M
1943-08-08,M,M,0.00,0.0,M
1943-08-09,M,M,0.00,0.0,M
1943-08-10,M,M,0.00,0.0,M
1943-08-11,M,M,0.00,0.0,M
1943-08-12,M,M,0.00,0.0,M
1943-08-13,M,M,0.07,0.0,M
1943-08-14,M,M,0.00,0.0,M
1943-08-15,M,M,0.06,0.0,M
1943-08-16,M,M,0.00,0.0,M
1943-08-17,M,M,0.17,0.0,M
1943-08-18,M,M,1.48,0.0,M
1943-08-19,M,M,0.00,0.0,M
1943-08-20,M,M,0.00,0.0,M
1943-08-21,M,M,0.00,0.0,M
1943-08-22,M,M,0.00,0.0,M
1943-08-23,M,M,0.00,0.0,M
1943-08-24,M,M,0.00,0.0,M
1943-08-25,M,M,0.18,0.0,M
1943-08-26,M,M,0.00,0.0,M
1943-08-27,M,M,0.00,0.0,M
1943-08-28,M,M,0.00,0.0,M
1943-08-29,M,M,0.00,0.0,M
1943-08-30,M,M,0.00,0.0,M
1943-08-31,M,M,0.01,0.0,M
1943-09-01,M,M,0.23,0.0,M
1943-09-02,M,M,0.00,0.0,M
1943-09-03,M,M,0.00,0.0,M
1943-09-04,M,M,0.00,0.0,M
1943-09-05,M,M,0.00,0.0,M
1943-09-06,M,M,0.00,0.0,M
1943-09-07,M,M,0.00,0.0,M
1943-09-08,M,M,0.00,0.0,M
1943-09-09,M,M,0.00,0.0,M
1943-09-10,M,M,0.00,0.0,M
1943-09-11,M,M,0.07,0.0,M
1943-09-12,M,M,0.02,0.0,M
1943-09-13,M,M,0.00,0.0,M
1943-09-14,M,M,0.00,0.0,M
1943-09-15,M,M,0.01,0.0,M
1943-09-16,M,M,0.12,0.0,M
1943-09-17,M,M,1.27,0.0,M
1943-09-18,M,M,0.00,0.0,M
1943-09-19,M,M,0.00,0.0,M
1943-09-20,M,M,0.00,0.0,M
1943-09-21,M,M,0.00,0.0,M
1943-09-22,M,M,0.00,0.0,M
1943-09-23,M,M,0.00,0.0,M
1943-09-24,M,M,0.00,0.0,M
1943-09-25,M,M,0.00,0.0,M
1943-09-26,M,M,0.00,0.0,M
1943-09-27,M,M,0.00,0.0,M
1943-09-28,M,M,0.00,0.0,M
1943-09-29,M,M,0.05,0.0,M
1943-09-30,M,M,0.00,0.0,M
1943-10-01,M,M,0.23,0.0,M
1943-10-02,M,M,0.00,0.0,M
1943-10-03,M,M,0.01,0.0,M
1943-10-04,M,M,0.00,0.0,M
1943-10-05,M,M,0.00,0.0,M
1943-10-06,M,M,0.00,0.0,M
1943-10-07,M,M,0.00,0.0,M
1943-10-08,M,M,0.02,0.0,M
1943-10-09,M,M,0.00,0.0,M
1943-10-10,M,M,0.00,0.0,M
1943-10-11,M,M,0.11,0.0,M
1943-10-12,M,M,0.00,0.0,M
1943-10-13,M,M,0.04,0.0,M
1943-10-14,M,M,0.00,0.0,M
1943-10-15,M,M,0.00,0.0,M
1943-10-16,M,M,0.00,0.0,M
1943-10-17,M,M,0.00,0.0,M
1943-10-18,M,M,0.00,0.0,M
1943-10-19,M,M,0.00,0.0,M
1943-10-20,M,M,M,T,M
1943-10-21,M,M,0.26,0.0,M
1943-10-22,M,M,0.00,0.0,M
1943-10-23,M,M,0.00,0.0,M
1943-10-24,M,M,0.00,0.0,M
1943-10-25,M,M,0.00,0.0,M
1943-10-26,M,M,0.00,0.0,M
1943-10-27,M,M,0.00,0.0,M
1943-10-28,M,M,0.00,0.0,M
1943-10-29,M,M,M,T,M
1943-10-30,M,M,0.50,0.0,M
1943-10-31,M,M,0.02,0.0,M
1943-11-01,M,M,0.00,0.0,M
1943-11-02,M,M,0.00,0.0,M
1943-11-03,M,M,0.00,0.0,M
1943-11-04,M,M,0.00,0.0,M
1943-11-05,M,M,0.00,0.0,M
1943-11-06,M,M,0.00,0.0,M
1943-11-07,M,M,0.00,0.0,M
1943-11-08,M,M,0.00,0.0,M
1943-11-09,M,M,0.00,0.0,M
1943-11-10,M,M,0.00,0.0,M
1943-11-11,M,M,0.00,0.0,M
1943-11-12,M,M,0.00,0.0,M
1943-11-13,M,M,0.00,0.0,M
1943-11-14,M,M,0.00,0.0,M
1943-11-15,M,M,0.00,0.0,M
1943-11-16,M,M,0.00,0.0,M
1943-11-17,M,M,0.00,0.0,M
1943-11-18,M,M,0.00,0.0,M
1943-11-19,M,M,0.00,0.0,M
1943-11-20,M,M,0.00,0.0,M
1943-11-21,M,M,0.00,0.0,M
1943-11-22,M,M,0.00,0.0,M
1943-11-23,M,M,0.00,0.0,M
1943-11-24,M,M,T,0.2,M
1943-11-25,M,M,0.24,0.0,M
1943-11-26,M,M,0.00,0.0,M
1943-11-27,M,M,0.00,0.0,M
1943-11-28,M,M,0.00,0.0,M
1943-11-29,M,M,0.00,0.0,M
1943-11-30,M,M,0.00,0.0,M
1943-12-01,M,M,0.00,0.0,M
1943-12-02,M,M,0.00,0.0,M
1943-12-03,M,M,0.00,0.0,M
1943-12-04,M,M,0.00,0.0,M
1943-12-05,M,M,0.00,0.0,M
1943-12-06,M,M,0.00,0.0,M
1943-12-07,M,M,0.00,0.0,M
1943-12-08,M,M,0.00,0.0,M
1943-12-09,M,M,0.44,6.0,M
1943-12-10,M,M,0.22,0.0,M
1943-12-11,M,M,T,0.0,M
1943-12-12,M,M,0.00,0.0,M
1943-12-13,M,M,0.00,0.0,M
1943-12-14,M,M,0.00,0.0,M
1943-12-15,M,M,0.00,0.0,M
1943-12-16,M,M,0.00,0.0,M
1943-12-17,M,M,0.00,0.0,M
1943-12-18,M,M,0.00,0.0,M
1943-12-19,M,M,0.00,0.0,M
1943-12-20,M,M,0.00,0.0,M
1943-12-21,M,M,0.00,0.0,M
1943-12-22,M,M,0.20,3.5,M
1943-12-23,M,M,0.00,0.0,M
1943-12-24,M,M,0.00,0.0,M
1943-12-25,M,M,0.00,0.0,M
1943-12-26,M,M,0.00,0.0,M
1943-12-27,M,M,0.00,0.0,M
1943-12-28,M,M,0.10,0.5,M
1943-12-29,M,M,0.00,0.0,M
1943-12-30,M,M,0.00,0.0,M
1943-12-31,M,M,0.11,1.0,M
1944-01-01,M,M,0.00,0.0,M
1944-01-02,M,M,0.00,0.0,M
1944-01-03,M,M,0.00,0.0,M
1944-01-04,M,M,0.00,0.0,M
1944-01-05,M,M,0.00,0.0,M
1944-01-06,M,M,0.15,2.0,M
1944-01-07,M,M,0.00,0.0,M
1944-01-08,M,M,0.00,0.0,M
1944-01-09,M,M,0.00,0.0,M
1944-01-10,M,M,0.00,0.0,M
1944-01-11,M,M,0.00,0.0,M
1944-01-12,M,M,0.14,2.0,M
1944-01-13,M,M,0.00,0.0,M
1944-01-14,M,M,0.00,0.0,M
1944-01-15,M,M,0.00,0.0,M
1944-01-16,M,M,0.00,0.0,M
1944-01-17,M,M,0.00,0.0,M
1944-01-18,M,M,0.00,0.0,M
1944-01-19,M,M,0.00,0.0,M
1944-01-20,M,M,M,T,M
1944-01-21,M,M,T,1.0,M
1944-01-22,M,M,0.13,0.0,M
1944-01-23,M,M,0.00,0.0,M
1944-01-24,M,M,0.00,0.0,M
1944-01-25,M,M,0.00,0.0,M
1944-01-26,M,M,0.12,T,M
1944-01-27,M,M,0.00,0.0,M
1944-01-28,M,M,0.26,3.0,M
1944-01-29,M,M,0.00,0.0,M
1944-01-30,M,M,0.11,1.5,M
1944-01-31,M,M,0.00,0.0,M
1944-02-01,M,M,0.00,0.0,M
1944-02-02,M,M,0.00,0.0,M
1944-02-03,M,M,0.00,0.0,M
1944-02-04,M,M,0.00,0.0,M
1944-02-05,M,M,0.00,0.0,M
1944-02-06,M,M,0.00,0.0,M
1944-02-07,M,M,0.00,0.0,M
1944-02-08,M,M,0.00,0.0,M
1944-02-09,M,M,0.00,0.0,M
1944-02-10,M,M,0.12,1.5,M
1944-02-11,M,M,0.00,0.0,M
1944-02-12,M,M,0.00,0.0,M
1944-02-13,M,M,0.00,0.0,M
1944-02-14,M,M,0.00,0.0,M
1944-02-15,M,M,0.00,0.0,M
1944-02-16,M,M,0.00,0.0,M
1944-02-17,M,M,0.00,0.0,M
1944-02-18,M,M,0.04,0.5,M
1944-02-19,M,M,0.13,1.5,M
1944-02-20,M,M,0.00,0.0,M
1944-02-21,M,M,0.00,0.0,M
1944-02-22,M,M,0.00,0.0,M
1944-02-23,M,M,0.00,0.0,M
1944-02-24,M,M,0.00,0.0,M
1944-02-25,M,M,0.06,1.0,M
1944-02-26,M,M,0.15,2.0,M
1944-02-27,M,M,0.00,0.0,M
1944-02-28,M,M,0.02,0.5,M
1944-02-29,M,M,0.00,0.0,M
1944-03-01,M,M,0.00,0.0,M
1944-03-02,M,M,0.00,0.0,M
1944-03-03,M,M,0.00,0.0,M
1944-03-04,M,M,0.00,0.0,M
1944-03-05,M,M,0.02,T,M
1944-03-06,M,M,0.01,T,M
1944-03-07,M,M,0.00,0.0,M
1944-03-08,M,M,0.00,0.0,M
1944-03-09,M,M,0.00,0.0,M
1944-03-10,M,M,0.00,0.0,M
1944-03-11,M,M,0.00,0.0,M
1944-03-12,M,M,0.00,0.0,M
1944-03-13,M,M,0.01,T,M
1944-03-14,M,M,0.00,0.0,M
1944-03-15,M,M,0.00,0.0,M
1944-03-16,M,M,0.00,0.0,M
1944-03-17,M,M,0.00,0.0,M
1944-03-18,M,M,0.07,1.0,M
1944-03-19,M,M,0.05,1.0,M
1944-03-20,M,M,0.06,0.5,M
1944-03-21,M,M,0.04,0.5,M
1944-03-22,M,M,0.00,0.0,M
1944-03-23,M,M,0.00,0.0,M
1944-03-24,M,M,0.00,0.0,M
1944-03-25,M,M,0.00,0.0,M
1944-03-26,M,M,0.00,0.0,M
1944-03-27,M,M,0.00,0.0,M
1944-03-28,M,M,0.05,0.8,M
1944-03-29,M,M,0.00,0.0,M
1944-03-30,M,M,0.00,0.0,M
1944-03-31,M,M,0.00,0.0,M
1944-04-01,M,M,0.00,0.0,M
1944-04-02,M,M,0.00,0.0,M
1944-04-03,M,M,0.00,0.0,M
1944-04-04,M,M,0.00,0.0,M
1944-04-05,M,M,0.00,0.0,M
1944-04-06,M,M,0.00,0.0,M
1944-04-07,M,M,0.00,0.0,M
1944-04-08,M,M,0.00,0.0,M
1944-04-09,M,M,0.00,0.0,M
1944-04-10,M,M,1.00,4.5,M
1944-04-11,M,M,0.04,0.5,M
1944-04-12,M,M,0.00,0.0,M
1944-04-13,M,M,0.00,0.0,M
1944-04-14,M,M,0.30,1.0,M
1944-04-15,M,M,0.09,T,M
1944-04-16,M,M,0.00,0.0,M
1944-04-17,M,M,0.00,0.0,M
1944-04-18,M,M,0.00,0.0,M
1944-04-19,M,M,0.75,8.0,M
1944-04-20,M,M,0.00,0.0,M
1944-04-21,M,M,0.00,0.0,M
1944-04-22,M,M,0.00,0.0,M
1944-04-23,M,M,0.00,0.0,M
1944-04-24,M,M,0.00,0.0,M
1944-04-25,M,M,0.00,0.0,M
1944-04-26,M,M,0.00,0.0,M
1944-04-27,M,M,0.00,0.0,M
1944-04-28,M,M,0.00,0.0,M
1944-04-29,M,M,0.00,0.0,M
1944-04-30,M,M,0.00,0.0,M
1944-05-01,M,M,0.00,0.0,M
1944-05-02,M,M,0.00,0.0,M
1944-05-03,M,M,0.00,0.0,M
1944-05-04,M,M,0.01,0.0,M
1944-05-05,M,M,0.00,0.0,M
1944-05-06,M,M,0.00,0.0,M
1944-05-07,M,M,0.00,0.0,M
1944-05-08,M,M,0.00,0.0,M
1944-05-09,M,M,0.00,0.0,M
1944-05-10,M,M,0.00,0.0,M
1944-05-11,M,M,0.20,0.0,M
1944-05-12,M,M,0.00,0.0,M
1944-05-13,M,M,0.00,0.0,M
1944-05-14,M,M,0.00,0.0,M
1944-05-15,M,M,0.00,0.0,M
1944-05-16,M,M,0.00,0.0,M
1944-05-17,M,M,0.00,0.0,M
1944-05-18,M,M,0.02,T,M
1944-05-19,M,M,0.00,0.0,M
1944-05-20,M,M,0.00,0.0,M
1944-05-21,M,M,0.00,0.0,M
1944-05-22,M,M,0.00,0.0,M
1944-05-23,M,M,0.00,0.0,M
1944-05-24,M,M,0.00,0.0,M
1944-05-25,M,M,0.00,0.0,M
1944-05-26,M,M,0.00,0.0,M
1944-05-27,M,M,0.00,0.0,M
1944-05-28,M,M,0.80,0.0,M
1944-05-29,M,M,0.00,0.0,M
1944-05-30,M,M,0.00,0.0,M
1944-05-31,M,M,0.00,0.0,M
1944-06-01,M,M,0.00,0.0,M
1944-06-02,M,M,0.00,0.0,M
1944-06-03,M,M,0.13,0.0,M
1944-06-04,M,M,0.00,0.0,M
1944-06-05,M,M,0.00,0.0,M
1944-06-06,M,M,0.00,0.0,M
1944-06-07,M,M,0.11,0.0,M
1944-06-08,M,M,0.00,0.0,M
1944-06-09,M,M,0.00,0.0,M
1944-06-10,M,M,0.00,0.0,M
1944-06-11,M,M,0.00,0.0,M
1944-06-12,M,M,0.00,0.0,M
1944-06-13,M,M,0.00,0.0,M
1944-06-14,M,M,0.00,0.0,M
1944-06-15,M,M,0.00,0.0,M
1944-06-16,M,M,0.00,0.0,M
1944-06-17,M,M,0.00,0.0,M
1944-06-18,M,M,0.00,0.0,M
1944-06-19,M,M,0.00,0.0,M
1944-06-20,M,M,0.00,0.0,M
1944-06-21,M,M,0.00,0.0,M
1944-06-22,M,M,0.00,0.0,M
1944-06-23,M,M,0.00,0.0,M
1944-06-24,M,M,0.00,0.0,M
1944-06-25,M,M,0.00,0.0,M
1944-06-26,M,M,0.00,0.0,M
1944-06-27,M,M,0.00,0.0,M
1944-06-28,M,M,0.00,0.0,M
1944-06-29,M,M,0.00,0.0,M
1944-06-30,M,M,0.00,0.0,M
1944-07-01,M,M,0.17,0.0,M
1944-07-02,M,M,0.18,0.0,M
1944-07-03,M,M,0.02,0.0,M
1944-07-04,M,M,0.20,0.0,M
1944-07-05,M,M,0.00,0.0,M
1944-07-06,M,M,0.18,0.0,M
1944-07-07,M,M,0.00,0.0,M
1944-07-08,M,M,0.00,0.0,M
1944-07-09,M,M,0.20,0.0,M
1944-07-10,M,M,0.00,0.0,M
1944-07-11,M,M,0.08,0.0,M
1944-07-12,M,M,0.00,0.0,M
1944-07-13,M,M,0.00,0.0,M
1944-07-14,M,M,0.21,0.0,M
1944-07-15,M,M,0.02,0.0,M
1944-07-16,M,M,0.00,0.0,M
1944-07-17,M,M,0.02,0.0,M
1944-07-18,M,M,0.00,0.0,M
1944-07-19,M,M,0.06,0.0,M
1944-07-20,M,M,0.00,0.0,M
1944-07-21,M,M,0.56,0.0,M
1944-07-22,M,M,0.00,0.0,M
1944-07-23,M,M,0.00,0.0,M
1944-07-24,M,M,0.32,0.0,M
1944-07-25,M,M,0.00,0.0,M
1944-07-26,M,M,0.00,0.0,M
1944-07-27,M,M,0.00,0.0,M
1944-07-28,M,M,0.00,0.0,M
1944-07-29,M,M,0.00,0.0,M
1944-07-30,M,M,T,0.0,M
1944-07-31,M,M,0.00,0.0,M
1944-08-01,M,M,0.00,0.0,M
1944-08-02,M,M,0.00,0.0,M
1944-08-03,M,M,0.00,0.0,M
1944-08-04,M,M,0.00,0.0,M
1944-08-05,M,M,0.00,0.0,M
1944-08-06,M,M,0.11,0.0,M
1944-08-07,M,M,0.00,0.0,M
1944-08-08,M,M,0.00,0.0,M
1944-08-09,M,M,0.52,0.0,M
1944-08-10,M,M,0.00,0.0,M
1944-08-11,M,M,0.23,0.0,M
1944-08-12,M,M,0.00,0.0,M
1944-08-13,M,M,0.00,0.0,M
1944-08-14,M,M,0.00,0.0,M
1944-08-15,M,M,0.00,0.0,M
1944-08-16,M,M,0.00,0.0,M
1944-08-17,M,M,0.00,0.0,M
1944-08-18,M,M,0.00,0.0,M
1944-08-19,M,M,0.27,0.0,M
1944-08-20,M,M,0.00,0.0,M
1944-08-21,M,M,0.00,0.0,M
1944-08-22,M,M,0.00,0.0,M
1944-08-23,M,M,0.00,0.0,M
1944-08-24,M,M,0.02,0.0,M
1944-08-25,M,M,0.00,0.0,M
1944-08-26,M,M,0.00,0.0,M
1944-08-27,M,M,0.00,0.0,M
1944-08-28,M,M,0.00,0.0,M
1944-08-29,M,M,T,0.0,M
1944-08-30,M,M,0.00,0.0,M
1944-08-31,M,M,0.00,0.0,M
1944-09-01,M,M,0.00,0.0,M
1944-09-02,M,M,0.00,0.0,M
1944-09-03,M,M,0.00,0.0,M
1944-09-04,M,M,0.00,0.0,M
1944-09-05,M,M,0.00,0.0,M
1944-09-06,M,M,0.00,0.0,M
1944-09-07,M,M,0.00,0.0,M
1944-09-08,M,M,0.00,0.0,M
1944-09-09,M,M,0.00,0.0,M
1944-09-10,M,M,0.00,0.0,M
1944-09-11,M,M,0.00,0.0,M
1944-09-12,M,M,0.00,0.0,M
1944-09-13,M,M,0.00,0.0,M
1944-09-14,M,M,0.00,0.0,M
1944-09-15,M,M,0.00,0.0,M
1944-09-16,M,M,0.00,0.0,M
1944-09-17,M,M,0.00,0.0,M
1944-09-18,M,M,0.00,0.0,M
1944-09-19,M,M,0.00,0.0,M
1944-09-20,M,M,0.00,0.0,M
1944-09-21,M,M,0.00,0.0,M
1944-09-22,M,M,T,0.0,M
1944-09-23,M,M,0.00,0.0,M
1944-09-24,M,M,0.12,0.0,M
1944-09-25,M,M,0.16,0.0,M
1944-09-26,M,M,0.26,0.0,M
1944-09-27,M,M,0.49,0.0,M
1944-09-28,M,M,0.00,0.0,M
1944-09-29,M,M,0.08,0.0,M
1944-09-30,M,M,0.00,0.0,M
1944-10-01,M,M,0.00,0.0,M
1944-10-02,M,M,0.08,0.0,M
1944-10-03,M,M,0.00,0.0,M
1944-10-04,M,M,0.13,0.0,M
1944-10-05,M,M,0.00,0.0,M
1944-10-06,M,M,0.00,0.0,M
1944-10-07,M,M,0.00,0.0,M
1944-10-08,M,M,0.00,0.0,M
1944-10-09,M,M,0.00,0.0,M
1944-10-10,M,M,T,0.0,M
1944-10-11,M,M,0.00,0.0,M
1944-10-12,M,M,0.00,0.0,M
1944-10-13,M,M,0.00,0.0,M
1944-10-14,M,M,0.00,0.0,M
1944-10-15,M,M,0.00,0.0,M
1944-10-16,M,M,1.02,0.0,M
1944-10-17,M,M,0.37,0.0,M
1944-10-18,M,M,0.18,0.0,M
1944-10-19,M,M,0.30,0.0,M
1944-10-20,M,M,0.00,0.0,M
1944-10-21,M,M,0.00,0.0,M
1944-10-22,M,M,0.00,0.0,M
1944-10-23,M,M,0.00,0.0,M
1944-10-24,M,M,0.00,0.0,M
1944-10-25,M,M,0.00,0.0,M
1944-10-26,M,M,0.00,0.0,M
1944-10-27,M,M,0.00,0.0,M
1944-10-28,M,M,0.00,0.0,M
1944-10-29,M,M,0.00,0.0,M
1944-10-30,M,M,0.00,0.0,M
1944-10-31,M,M,0.00,0.0,M
1944-11-01,M,M,0.00,0.0,M
1944-11-02,M,M,0.00,0.0,M
1944-11-03,M,M,0.00,0.0,M
1944-11-04,M,M,T,T,M
1944-11-05,M,M,0.00,0.0,M
1944-11-06,M,M,0.21,T,M
1944-11-07,M,M,0.10,T,M
1944-11-08,M,M,0.00,0.0,M
1944-11-09,M,M,0.00,0.0,M
1944-11-10,M,M,0.00,0.0,M
1944-11-11,M,M,0.00,0.0,M
1944-11-12,M,M,0.00,0.0,M
1944-11-13,M,M,0.00,0.0,M
1944-11-14,M,M,0.00,0.0,M
1944-11-15,M,M,0.00,0.0,M
1944-11-16,M,M,0.00,0.0,M
1944-11-17,M,M,0.37,3.0,M
1944-11-18,M,M,0.00,0.0,M
1944-11-19,M,M,0.00,0.0,M
1944-11-20,M,M,0.00,0.0,M
1944-11-21,M,M,0.00,0.0,M
1944-11-22,M,M,0.00,0.0,M
1944-11-23,M,M,0.00,0.0,M
1944-11-24,M,M,0.00,0.0,M
1944-11-25,M,M,0.00,0.0,M
1944-11-26,M,M,0.00,0.0,M
1944-11-27,M,M,0.00,0.0,M
1944-11-28,M,M,0.00,0.0,M
1944-11-29,M,M,0.00,0.0,M
1944-11-30,M,M,0.00,0.0,M
1944-12-01,M,M,0.00,0.0,M
1944-12-02,M,M,0.00,0.0,M
1944-12-03,M,M,0.00,0.0,M
1944-12-04,M,M,0.05,1.0,M
1944-12-05,M,M,0.04,1.0,M
1944-12-06,M,M,0.00,0.0,M
1944-12-07,M,M,0.00,0.0,M
1944-12-08,M,M,0.00,0.0,M
1944-12-09,M,M,0.00,0.0,M
1944-12-10,M,M,0.00,0.0,M
1944-12-11,M,M,0.00,0.0,M
1944-12-12,M,M,0.00,0.0,M
1944-12-13,M,M,0.00,0.0,M
1944-12-14,M,M,0.00,0.0,M
1944-12-15,M,M,0.00,0.0,M
1944-12-16,M,M,0.00,0.0,M
1944-12-17,M,M,0.00,0.0,M
1944-12-18,M,M,0.00,0.0,M
1944-12-19,M,M,0.00,0.0,M
1944-12-20,M,M,0.00,0.0,M
1944-12-21,M,M,0.00,0.0,M
1944-12-22,M,M,0.00,0.0,M
1944-12-23,M,M,0.06,0.5,M
1944-12-24,M,M,0.09,0.5,M
1944-12-25,M,M,0.00,0.0,M
1944-12-26,M,M,0.00,0.0,M
1944-12-27,M,M,T,T,M
1944-12-28,M,M,0.00,0.0,M
1944-12-29,M,M,0.03,T,M
1944-12-30,M,M,0.00,0.0,M
1944-12-31,M,M,0.00,0.0,M
1945-01-01,M,M,0.00,0.0,M
1945-01-02,M,M,0.00,0.0,M
1945-01-03,M,M,0.00,0.0,M
1945-01-04,M,M,0.00,0.0,M
1945-01-05,M,M,0.00,0.0,M
1945-01-06,M,M,0.00,0.0,M
1945-01-07,M,M,0.00,0.0,M
1945-01-08,M,M,0.00,0.0,M
1945-01-09,M,M,0.00,0.0,M
1945-01-10,M,M,0.00,0.0,M
1945-01-11,M,M,0.00,0.0,M
1945-01-12,M,M,0.00,0.0,M
1945-01-13,M,M,0.00,0.0,M
1945-01-14,M,M,0.00,0.0,M
1945-01-15,M,M,0.00,0.0,M
1945-01-16,M,M,0.30,T,M
1945-01-17,M,M,0.10,T,M
1945-01-18,M,M,0.00,0.0,M
1945-01-19,M,M,0.00,0.0,M
1945-01-20,M,M,0.00,0.0,M
1945-01-21,M,M,0.40,3.0,M
1945-01-22,M,M,0.00,0.0,M
1945-01-23,M,M,0.00,0.0,M
1945-01-24,M,M,T,T,M
1945-01-25,M,M,0.47,5.0,M
1945-01-26,M,M,0.00,0.0,M
1945-01-27,M,M,0.15,4.0,M
1945-01-28,M,M,0.00,0.0,M
1945-01-29,M,M,0.00,0.0,M
1945-01-30,M,M,0.00,0.0,M
1945-01-31,M,M,0.00,0.0,M
1945-02-01,M,M,0.00,0.0,M
1945-02-02,M,M,0.00,0.0,M
1945-02-03,M,M,0.00,0.0,M
1945-02-04,M,M,0.00,0.0,M
1945-02-05,M,M,0.00,0.0,M
1945-02-06,M,M,0.00,0.0,M
1945-02-07,M,M,0.00,0.0,M
1945-02-08,M,M,0.00,0.0,M
1945-02-09,M,M,0.00,0.0,M
1945-02-10,M,M,0.00,0.0,M
1945-02-11,M,M,0.00,0.0,M
1945-02-12,M,M,0.00,0.0,M
1945-02-13,M,M,0.00,0.0,M
1945-02-14,M,M,0.00,0.0,M
1945-02-15,M,M,0.00,0.0,M
1945-02-16,M,M,0.00,0.0,M
1945-02-17,M,M,0.00,0.0,M
1945-02-18,M,M,0.00,0.0,M
1945-02-19,M,M,0.00,0.0,M
1945-02-20,M,M,0.00,0.0,M
1945-02-21,M,M,0.01,0.2,M
1945-02-22,M,M,0.04,0.5,M
1945-02-23,M,M,0.00,0.0,M
1945-02-24,M,M,0.00,0.0,M
1945-02-25,M,M,0.00,0.0,M
1945-02-26,M,M,0.00,0.0,M
1945-02-27,M,M,0.00,0.0,M
1945-02-28,M,M,0.03,0.3,M
1945-03-01,M,M,T,T,M
1945-03-02,M,M,0.00,0.0,M
1945-03-03,M,M,0.00,0.0,M
1945-03-04,M,M,0.00,0.0,M
1945-03-05,M,M,0.00,0.0,M
1945-03-06,M,M,0.00,0.0,M
1945-03-07,M,M,0.00,0.0,M
1945-03-08,M,M,0.00,0.0,M
1945-03-09,M,M,0.00,0.0,M
1945-03-10,M,M,0.00,0.0,M
1945-03-11,M,M,0.00,0.0,M
1945-03-12,M,M,0.00,0.0,M
1945-03-13,M,M,0.00,0.0,M
1945-03-14,M,M,0.00,0.0,M
1945-03-15,M,M,T,T,M
1945-03-16,M,M,0.00,0.0,M
1945-03-17,M,M,0.00,0.0,M
1945-03-18,M,M,0.00,0.0,M
1945-03-19,M,M,0.00,0.0,M
1945-03-20,M,M,0.00,0.0,M
1945-03-21,M,M,0.00,0.0,M
1945-03-22,M,M,0.00,0.0,M
1945-03-23,M,M,0.00,0.0,M
1945-03-24,M,M,0.05,T,M
1945-03-25,M,M,0.00,0.0,M
1945-03-26,M,M,0.00,0.0,M
1945-03-27,M,M,0.00,0.0,M
1945-03-28,M,M,0.00,0.0,M
1945-03-29,M,M,0.00,0.0,M
1945-03-30,M,M,0.00,0.0,M
1945-03-31,M,M,0.00,0.0,M
1945-04-01,M,M,0.00,0.0,M
1945-04-02,M,M,0.00,0.0,M
1945-04-03,M,M,0.00,0.0,M
1945-04-04,M,M,0.11,2.0,2
1945-04-05,M,M,0.00,0.0,M
1945-04-06,M,M,0.00,0.0,M
1945-04-07,M,M,0.00,0.0,M
1945-04-08,M,M,0.00,0.0,M
1945-04-09,M,M,0.00,0.0,M
1945-04-10,M,M,0.00,0.0,M
1945-04-11,M,M,0.00,0.0,M
1945-04-12,M,M,0.00,0.0,M
1945-04-13,M,M,0.00,0.0,M
1945-04-14,M,M,0.00,0.0,M
1945-04-15,M,M,0.54,7.0,7
1945-04-16,M,M,0.00,0.0,M
1945-04-17,M,M,0.00,0.0,M
1945-04-18,M,M,T,T,M
1945-04-19,M,M,0.00,0.0,M
1945-04-20,M,M,0.00,0.0,M
1945-04-21,M,M,0.00,0.0,M
1945-04-22,M,M,0.00,0.0,M
1945-04-23,M,M,0.62,0.0,M
1945-04-24,M,M,0.00,0.0,M
1945-04-25,M,M,0.38,0.0,M
1945-04-26,M,M,0.00,0.0,M
1945-04-27,M,M,0.04,0.0,M
1945-04-28,M,M,0.00,0.0,M
1945-04-29,M,M,0.00,0.0,M
1945-04-30,M,M,0.00,0.0,M
1945-05-01,M,M,0.00,0.0,M
1945-05-02,M,M,0.00,0.0,M
1945-05-03,M,M,0.00,0.0,M
1945-05-04,M,M,0.00,0.0,M
1945-05-05,M,M,0.05,0.0,M
1945-05-06,M,M,0.00,0.0,M
1945-05-07,M,M,0.00,0.0,M
1945-05-08,M,M,0.01,0.0,M
1945-05-09,M,M,0.00,0.0,M
1945-05-10,M,M,0.00,0.0,M
1945-05-11,M,M,0.00,0.0,M
1945-05-12,M,M,0.00,0.0,M
1945-05-13,M,M,0.00,0.0,M
1945-05-14,M,M,0.00,0.0,M
1945-05-15,M,M,0.00,0.0,M
1945-05-16,M,M,0.22,0.0,M
1945-05-17,M,M,0.00,0.0,M
1945-05-18,M,M,0.00,0.0,M
1945-05-19,M,M,0.00,0.0,M
1945-05-20,M,M,0.00,0.0,M
1945-05-21,M,M,0.00,0.0,M
1945-05-22,M,M,0.00,0.0,M
1945-05-23,M,M,0.00,0.0,M
1945-05-24,M,M,0.00,0.0,M
1945-05-25,M,M,0.00,0.0,M
1945-05-26,M,M,0.00,0.0,M
1945-05-27,M,M,0.00,0.0,M
1945-05-28,M,M,0.00,0.0,M
1945-05-29,M,M,0.00,0.0,M
1945-05-30,M,M,0.00,0.0,M
1945-05-31,M,M,0.00,0.0,M
1945-06-01,M,M,0.00,0.0,M
1945-06-02,M,M,0.00,0.0,M
1945-06-03,M,M,0.00,0.0,M
1945-06-04,M,M,0.00,0.0,M
1945-06-05,M,M,0.00,0.0,M
1945-06-06,M,M,0.00,0.0,M
1945-06-07,M,M,0.00,0.0,M
1945-06-08,M,M,0.00,0.0,M
1945-06-09,M,M,0.00,0.0,M
1945-06-10,M,M,0.00,0.0,M
1945-06-11,M,M,0.00,0.0,M
1945-06-12,M,M,0.00,0.0,M
1945-06-13,M,M,0.00,0.0,M
1945-06-14,M,M,0.00,0.0,M
1945-06-15,M,M,0.00,0.0,M
1945-06-16,M,M,0.00,0.0,M
1945-06-17,M,M,0.00,0.0,M
1945-06-18,M,M,0.03,0.0,M
1945-06-19,M,M,0.00,0.0,M
1945-06-20,M,M,0.00,0.0,M
1945-06-21,M,M,0.00,0.0,M
1945-06-22,M,M,0.00,0.0,M
1945-06-23,M,M,0.00,0.0,M
1945-06-24,M,M,0.00,0.0,M
1945-06-25,M,M,0.00,0.0,M
1945-06-26,M,M,0.20,0.0,M
1945-06-27,M,M,0.00,0.0,M
1945-06-28,M,M,0.00,0.0,M
1945-06-29,M,M,0.00,0.0,M
1945-06-30,M,M,0.00,0.0,M
1945-07-01,M,M,0.00,0.0,M
1945-07-02,M,M,0.00,0.0,M
1945-07-03,M,M,0.00,0.0,M
1945-07-04,M,M,0.00,0.0,M
1945-07-05,M,M,0.09,0.0,M
1945-07-06,M,M,0.00,0.0,M
1945-07-07,M,M,0.18,0.0,M
1945-07-08,M,M,0.00,0.0,M
1945-07-09,M,M,0.00,0.0,M
1945-07-10,M,M,0.16,0.0,M
1945-07-11,M,M,0.00,0.0,M
1945-07-12,M,M,0.00,0.0,M
1945-07-13,M,M,0.00,0.0,M
1945-07-14,M,M,0.00,0.0,M
1945-07-15,M,M,0.00,0.0,M
1945-07-16,M,M,0.02,0.0,M
1945-07-17,M,M,0.00,0.0,M
1945-07-18,M,M,0.00,0.0,M
1945-07-19,M,M,0.00,0.0,M
1945-07-20,M,M,0.00,0.0,M
1945-07-21,M,M,0.00,0.0,M
1945-07-22,M,M,T,0.0,M
1945-07-23,M,M,T,0.0,M
1945-07-24,M,M,T,0.0,M
1945-07-25,M,M,T,0.0,M
1945-07-26,M,M,0.02,0.0,M
1945-07-27,M,M,0.00,0.0,M
1945-07-28,M,M,0.00,0.0,M
1945-07-29,M,M,T,0.0,M
1945-07-30,M,M,0.20,0.0,M
1945-07-31,M,M,0.00,0.0,M
1945-08-01,M,M,0.00,0.0,M
1945-08-02,M,M,0.00,0.0,M
1945-08-03,M,M,0.00,0.0,M
1945-08-04,M,M,0.89,0.0,M
1945-08-05,M,M,0.00,0.0,M
1945-08-06,M,M,0.00,0.0,M
1945-08-07,M,M,0.38,0.0,M
1945-08-08,M,M,0.00,0.0,M
1945-08-09,M,M,0.00,0.0,M
1945-08-10,M,M,0.02,0.0,M
1945-08-11,M,M,0.00,0.0,M
1945-08-12,M,M,0.26,0.0,M
1945-08-13,M,M,0.00,0.0,M
1945-08-14,M,M,0.00,0.0,M
1945-08-15,M,M,0.00,0.0,M
1945-08-16,M,M,0.00,0.0,M
1945-08-17,M,M,0.21,0.0,M
1945-08-18,M,M,0.13,0.0,M
1945-08-19,M,M,0.36,0.0,M
1945-08-20,M,M,0.06,0.0,M
1945-08-21,M,M,0.32,0.0,M
1945-08-22,M,M,0.06,0.0,M
1945-08-23,M,M,0.10,0.0,M
1945-08-24,M,M,0.15,0.0,M
1945-08-25,M,M,0.03,0.0,M
1945-08-26,M,M,0.00,0.0,M
1945-08-27,M,M,0.00,0.0,M
1945-08-28,M,M,0.00,0.0,M
1945-08-29,M,M,0.00,0.0,M
1945-08-30,M,M,0.00,0.0,M
1945-08-31,M,M,0.00,0.0,M
1945-09-01,M,M,1.32,0.0,M
1945-09-02,M,M,0.00,0.0,M
1945-09-03,M,M,0.00,0.0,M
1945-09-04,M,M,T,0.0,M
1945-09-05,M,M,T,0.0,M
1945-09-06,M,M,0.00,0.0,M
1945-09-07,M,M,0.13,0.0,M
1945-09-08,M,M,0.00,0.0,M
1945-09-09,M,M,0.00,0.0,M
1945-09-10,M,M,0.00,0.0,M
1945-09-11,M,M,0.00,0.0,M
1945-09-12,M,M,0.00,0.0,M
1945-09-13,M,M,0.00,0.0,M
1945-09-14,M,M,0.00,0.0,M
1945-09-15,M,M,0.00,0.0,M
1945-09-16,M,M,0.00,0.0,M
1945-09-17,M,M,0.04,0.0,M
1945-09-18,M,M,0.00,0.0,M
1945-09-19,M,M,0.00,0.0,M
1945-09-20,M,M,0.00,0.0,M
1945-09-21,M,M,0.00,0.0,M
1945-09-22,M,M,0.00,0.0,M
1945-09-23,M,M,0.00,0.0,M
1945-09-24,M,M,0.00,0.0,M
1945-09-25,M,M,0.00,0.0,M
1945-09-26,M,M,0.00,0.0,M
1945-09-27,M,M,0.00,0.0,M
1945-09-28,M,M,0.00,0.0,M
1945-09-29,M,M,T,T,M
1945-09-30,M,M,0.63,T,M
1945-10-01,M,M,0.00,0.0,M
1945-10-02,M,M,0.00,0.0,M
1945-10-03,M,M,0.00,0.0,M
1945-10-04,M,M,0.00,0.0,M
1945-10-05,M,M,0.00,0.0,M
1945-10-06,M,M,0.00,0.0,M
1945-10-07,M,M,0.00,0.0,M
1945-10-08,M,M,0.00,0.0,M
1945-10-09,M,M,0.13,0.0,M
1945-10-10,M,M,T,0.0,M
1945-10-11,M,M,0.00,0.0,M
1945-10-12,M,M,0.00,0.0,M
1945-10-13,M,M,0.00,0.0,M
1945-10-14,M,M,0.00,0.0,M
1945-10-15,M,M,0.00,0.0,M
1945-10-16,M,M,0.00,0.0,M
1945-10-17,M,M,0.11,0.0,M
1945-10-18,M,M,0.00,0.0,M
1945-10-19,M,M,0.00,0.0,M
1945-10-20,M,M,0.00,0.0,M
1945-10-21,M,M,0.00,0.0,M
1945-10-22,M,M,0.00,0.0,M
1945-10-23,M,M,0.00,0.0,M
1945-10-24,M,M,0.00,0.0,M
1945-10-25,M,M,0.00,0.0,M
1945-10-26,M,M,0.00,0.0,M
1945-10-27,M,M,0.00,0.0,M
1945-10-28,M,M,0.00,0.0,M
1945-10-29,M,M,0.00,0.0,M
1945-10-30,M,M,0.00,0.0,M
1945-10-31,M,M,0.00,0.0,M
1945-11-01,M,M,0.00,0.0,M
1945-11-02,M,M,0.00,0.0,M
1945-11-03,M,M,0.00,0.0,M
1945-11-04,M,M,0.00,0.0,M
1945-11-05,M,M,0.00,0.0,M
1945-11-06,M,M,0.00,0.0,M
1945-11-07,M,M,0.00,0.0,M
1945-11-08,M,M,T,T,M
1945-11-09,M,M,0.00,0.0,M
1945-11-10,M,M,0.00,0.0,M
1945-11-11,M,M,0.00,0.0,M
1945-11-12,M,M,0.00,0.0,M
1945-11-13,M,M,T,T,M
1945-11-14,M,M,0.00,0.0,M
1945-11-15,M,M,0.00,0.0,M
1945-11-16,M,M,0.00,0.0,M
1945-11-17,M,M,0.00,0.0,M
1945-11-18,M,M,0.00,0.0,M
1945-11-19,M,M,0.00,0.0,M
1945-11-20,M,M,0.00,0.0,M
1945-11-21,M,M,0.00,0.0,M
1945-11-22,M,M,0.00,0.0,M
1945-11-23,M,M,0.00,0.0,M
1945-11-24,M,M,0.00,0.0,M
1945-11-25,M,M,0.00,0.0,M
1945-11-26,M,M,0.00,0.0,M
1945-11-27,M,M,0.00,0.0,M
1945-11-28,M,M,0.00,0.0,M
1945-11-29,M,M,0.00,0.0,M
1945-11-30,M,M,0.00,0.0,M
1945-12-01,M,M,0.00,0.0,M
1945-12-02,M,M,0.00,0.0,M
1945-12-03,M,M,0.00,0.0,M
1945-12-04,M,M,0.00,0.0,M
1945-12-05,M,M,0.00,0.0,M
1945-12-06,M,M,0.00,0.0,M
1945-12-07,M,M,0.00,0.0,M
1945-12-08,M,M,0.00,0.0,M
1945-12-09,M,M,0.00,0.0,M
1945-12-10,M,M,M,2.5,M
1945-12-11,M,M,0.04,0.0,3
1945-12-12,M,M,0.02,3.0,3
1945-12-13,M,M,0.00,0.0,M
1945-12-14,M,M,0.00,0.0,M
1945-12-15,M,M,0.00,0.0,M
1945-12-16,M,M,0.00,0.0,M
1945-12-17,M,M,0.00,0.0,M
1945-12-18,M,M,0.00,0.0,M
1945-12-19,M,M,0.00,0.0,M
1945-12-20,M,M,0.00,0.0,M
1945-12-21,M,M,0.00,0.0,M
1945-12-22,M,M,0.00,0.0,M
1945-12-23,M,M,0.00,0.0,M
1945-12-24,M,M,M,3.0,M
1945-12-25,M,M,0.07,0.0,3
1945-12-26,M,M,0.00,0.0,M
1945-12-27,M,M,0.00,0.0,M
1945-12-28,M,M,0.00,0.0,M
1945-12-29,M,M,0.00,0.0,M
1945-12-30,M,M,0.00,0.0,M
1945-12-31,M,M,0.00,0.0,M
1946-01-01,M,M,0.00,0.0,M
1946-01-02,M,M,0.00,0.0,M
1946-01-03,M,M,0.00,0.0,M
1946-01-04,M,M,0.00,0.0,M
1946-01-05,M,M,0.03,0.8,M
1946-01-06,M,M,0.01,0.2,M
1946-01-07,M,M,0.00,0.0,M
1946-01-08,M,M,0.00,0.0,M
1946-01-09,M,M,0.00,0.0,M
1946-01-10,M,M,0.00,0.0,M
1946-01-11,M,M,0.00,0.0,M
1946-01-12,M,M,0.00,0.0,M
1946-01-13,M,M,0.00,0.0,M
1946-01-14,M,M,0.00,0.0,M
1946-01-15,M,M,0.00,0.0,M
1946-01-16,M,M,T,T,M
1946-01-17,M,M,0.00,0.0,M
1946-01-18,M,M,0.00,0.0,M
1946-01-19,M,M,0.00,0.0,M
1946-01-20,M,M,0.00,0.0,M
1946-01-21,M,M,0.00,0.0,M
1946-01-22,M,M,0.00,0.0,M
1946-01-23,M,M,0.00,0.0,M
1946-01-24,M,M,0.00,0.0,M
1946-01-25,M,M,0.00,0.0,M
1946-01-26,M,M,0.00,0.0,M
1946-01-27,M,M,0.00,0.0,M
1946-01-28,M,M,0.00,0.0,M
1946-01-29,M,M,0.00,0.0,M
1946-01-30,M,M,0.00,0.0,M
1946-01-31,M,M,0.00,0.0,M
1946-02-01,M,M,0.00,0.0,M
1946-02-02,M,M,0.00,0.0,M
1946-02-03,M,M,0.00,0.0,M
1946-02-04,M,M,0.00,0.0,M
1946-02-05,M,M,0.00,0.0,M
1946-02-06,M,M,0.01,0.5,M
1946-02-07,M,M,0.00,0.0,M
1946-02-08,M,M,0.00,0.0,M
1946-02-09,M,M,0.00,0.0,M
1946-02-10,M,M,0.00,0.0,M
1946-02-11,M,M,0.00,0.0,M
1946-02-12,M,M,0.00,0.0,M
1946-02-13,M,M,0.00,0.0,M
1946-02-14,M,M,0.00,0.0,M
1946-02-15,M,M,0.00,0.0,M
1946-02-16,M,M,0.00,0.0,M
1946-02-17,M,M,0.00,0.0,M
1946-02-18,M,M,0.12,0.0,M
1946-02-19,M,M,0.00,0.0,M
1946-02-20,M,M,0.00,0.0,M
1946-02-21,M,M,0.00,0.0,M
1946-02-22,M,M,0.00,0.0,M
1946-02-23,M,M,0.00,0.0,M
1946-02-24,M,M,0.00,0.0,M
1946-02-25,M,M,0.00,0.0,M
1946-02-26,M,M,0.00,0.0,M
1946-02-27,M,M,0.00,0.0,M
1946-02-28,M,M,0.00,0.0,M
1946-03-01,M,M,0.00,0.0,M
1946-03-02,M,M,0.00,0.0,M
1946-03-03,M,M,0.00,0.0,5
1946-03-04,M,M,0.95,5.0,7
1946-03-05,M,M,0.56,6.5,M
1946-03-06,M,M,0.00,0.0,M
1946-03-07,M,M,0.00,0.0,M
1946-03-08,M,M,0.00,0.0,M
1946-03-09,M,M,0.00,0.0,M
1946-03-10,M,M,0.00,0.0,M
1946-03-11,M,M,0.00,0.0,M
1946-03-12,M,M,0.00,0.0,M
1946-03-13,M,M,0.00,0.0,M
1946-03-14,M,M,0.00,0.0,M
1946-03-15,M,M,T,T,M
1946-03-16,M,M,0.00,0.0,M
1946-03-17,M,M,0.00,0.0,M
1946-03-18,M,M,0.00,0.0,M
1946-03-19,M,M,0.00,0.0,M
1946-03-20,M,M,T,0.0,M
1946-03-21,M,M,0.00,0.0,M
1946-03-22,M,M,0.00,0.0,M
1946-03-23,M,M,0.00,0.0,M
1946-03-24,M,M,0.00,0.0,M
1946-03-25,M,M,0.00,0.0,2
1946-03-26,M,M,0.21,1.5,M
1946-03-27,M,M,0.00,0.0,M
1946-03-28,M,M,0.00,0.0,M
1946-03-29,M,M,T,0.0,M
1946-03-30,M,M,0.00,0.0,M
1946-03-31,M,M,0.00,0.0,M
1946-04-01,M,M,T,0.0,M
1946-04-02,M,M,0.00,0.0,M
1946-04-03,M,M,0.00,0.0,M
1946-04-04,M,M,0.00,0.0,M
1946-04-05,M,M,T,0.0,M
1946-04-06,M,M,0.12,0.0,M
1946-04-07,M,M,0.11,0.0,M
1946-04-08,M,M,0.00,0.0,M
1946-04-09,M,M,0.00,0.0,M
1946-04-10,M,M,0.00,0.0,M
1946-04-11,M,M,0.00,0.0,M
1946-04-12,M,M,0.00,0.0,M
1946-04-13,M,M,0.00,0.0,M
1946-04-14,M,M,0.00,0.0,M
1946-04-15,M,M,0.00,0.0,M
1946-04-16,M,M,0.00,0.0,M
1946-04-17,M,M,0.00,0.0,M
1946-04-18,M,M,0.00,0.0,M
1946-04-19,M,M,0.00,0.0,M
1946-04-20,M,M,0.00,0.0,M
1946-04-21,M,M,0.00,0.0,M
1946-04-22,M,M,0.00,0.0,M
1946-04-23,M,M,0.00,0.0,M
1946-04-24,M,M,0.00,0.0,M
1946-04-25,M,M,0.00,0.0,M
1946-04-26,M,M,0.00,0.0,M
1946-04-27,M,M,0.00,0.0,M
1946-04-28,M,M,T,0.0,M
1946-04-29,M,M,0.25,0.0,M
1946-04-30,M,M,0.00,0.0,M
1946-05-01,M,M,0.00,0.0,M
1946-05-02,M,M,0.00,0.0,M
1946-05-03,M,M,0.00,0.0,M
1946-05-04,M,M,0.00,0.0,M
1946-05-05,M,M,0.40,0.0,M
1946-05-06,M,M,0.00,0.0,M
1946-05-07,M,M,0.00,0.0,M
1946-05-08,M,M,0.00,0.0,M
1946-05-09,M,M,0.00,0.0,M
1946-05-10,M,M,0.00,0.0,M
1946-05-11,M,M,0.00,0.0,M
1946-05-12,M,M,0.00,0.0,M
1946-05-13,M,M,0.00,0.0,M
1946-05-14,M,M,0.00,0.0,M
1946-05-15,M,M,0.00,0.0,M
1946-05-16,M,M,0.00,0.0,M
1946-05-17,M,M,0.00,0.0,M
1946-05-18,M,M,0.00,0.0,M
1946-05-19,M,M,0.00,0.0,M
1946-05-20,M,M,0.00,0.0,M
1946-05-21,M,M,0.00,0.0,M
1946-05-22,M,M,0.00,0.0,M
1946-05-23,M,M,0.00,0.0,M
1946-05-24,M,M,0.00,0.0,M
1946-05-25,M,M,0.00,0.0,M
1946-05-26,M,M,0.00,0.0,M
1946-05-27,M,M,0.00,0.0,M
1946-05-28,M,M,0.00,0.0,M
1946-05-29,M,M,0.03,0.0,M
1946-05-30,M,M,0.00,0.0,M
1946-05-31,M,M,0.00,0.0,M
1946-06-01,M,M,0.00,0.0,M
1946-06-02,M,M,0.00,0.0,M
1946-06-03,M,M,0.00,0.0,M
1946-06-04,M,M,0.00,0.0,M
1946-06-05,M,M,0.00,0.0,M
1946-06-06,M,M,0.00,0.0,M
1946-06-07,M,M,0.00,0.0,M
1946-06-08,M,M,0.00,0.0,M
1946-06-09,M,M,0.00,0.0,M
1946-06-10,M,M,0.00,0.0,M
1946-06-11,M,M,0.00,0.0,M
1946-06-12,M,M,0.00,0.0,M
1946-06-13,M,M,0.00,0.0,M
1946-06-14,M,M,0.00,0.0,M
1946-06-15,M,M,0.00,0.0,M
1946-06-16,M,M,0.00,0.0,M
1946-06-17,M,M,0.00,0.0,M
1946-06-18,M,M,0.08,0.0,M
1946-06-19,M,M,T,0.0,M
1946-06-20,M,M,0.00,0.0,M
1946-06-21,M,M,T,0.0,M
1946-06-22,M,M,0.00,0.0,M
1946-06-23,M,M,0.00,0.0,M
1946-06-24,M,M,0.00,0.0,M
1946-06-25,M,M,0.00,0.0,M
1946-06-26,M,M,0.00,0.0,M
1946-06-27,M,M,0.11,0.0,M
1946-06-28,M,M,T,0.0,M
1946-06-29,M,M,0.00,0.0,M
1946-06-30,M,M,0.00,0.0,M
1946-07-01,M,M,0.00,0.0,M
1946-07-02,M,M,0.00,0.0,M
1946-07-03,M,M,0.01,0.0,M
1946-07-04,M,M,0.00,0.0,M
1946-07-05,M,M,0.03,0.0,M
1946-07-06,M,M,0.00,0.0,M
1946-07-07,M,M,0.00,0.0,M
1946-07-08,M,M,0.16,0.0,M
1946-07-09,M,M,0.04,0.0,M
1946-07-10,M,M,0.00,0.0,M
1946-07-11,M,M,0.06,0.0,M
1946-07-12,M,M,0.00,0.0,M
1946-07-13,M,M,0.00,0.0,M
1946-07-14,M,M,0.09,0.0,M
1946-07-15,M,M,0.05,0.0,M
1946-07-16,M,M,0.01,0.0,M
1946-07-17,M,M,0.26,0.0,M
1946-07-18,M,M,0.08,0.0,M
1946-07-19,M,M,0.07,0.0,M
1946-07-20,M,M,0.16,0.0,M
1946-07-21,M,M,0.00,0.0,M
1946-07-22,M,M,0.00,0.0,M
1946-07-23,M,M,0.00,0.0,M
1946-07-24,M,M,0.11,0.0,M
1946-07-25,M,M,0.00,0.0,M
1946-07-26,M,M,0.00,0.0,M
1946-07-27,M,M,0.00,0.0,M
1946-07-28,M,M,0.00,0.0,M
1946-07-29,M,M,0.13,0.0,M
1946-07-30,M,M,0.00,0.0,M
1946-07-31,M,M,0.09,0.0,M
1946-08-01,M,M,0.02,0.0,M
1946-08-02,M,M,0.03,0.0,M
1946-08-03,M,M,0.02,0.0,M
1946-08-04,M,M,0.44,0.0,M
1946-08-05,M,M,0.00,0.0,M
1946-08-06,M,M,0.00,0.0,M
1946-08-07,M,M,T,0.0,M
1946-08-08,M,M,0.59,0.0,M
1946-08-09,M,M,0.09,0.0,M
1946-08-10,M,M,0.13,0.0,M
1946-08-11,M,M,0.00,0.0,M
1946-08-12,M,M,0.12,0.0,M
1946-08-13,M,M,0.00,0.0,M
1946-08-14,M,M,0.17,0.0,M
1946-08-15,M,M,0.00,0.0,M
1946-08-16,M,M,0.21,0.0,M
1946-08-17,M,M,0.00,0.0,M
1946-08-18,M,M,0.00,0.0,M
1946-08-19,M,M,0.64,0.0,M
1946-08-20,M,M,0.00,0.0,M
1946-08-21,M,M,0.04,0.0,M
1946-08-22,M,M,0.40,0.0,M
1946-08-23,M,M,0.80,0.0,M
1946-08-24,M,M,0.50,0.0,M
1946-08-25,M,M,0.30,0.0,M
1946-08-26,M,M,0.05,0.0,M
1946-08-27,M,M,0.10,0.0,M
1946-08-28,M,M,0.74,0.0,M
1946-08-29,M,M,0.24,0.0,M
1946-08-30,M,M,0.00,0.0,M
1946-08-31,M,M,0.00,0.0,M
1946-09-01,M,M,M,0.0,M
1946-09-02,M,M,0.11,0.0,M
1946-09-03,M,M,0.14,0.0,M
1946-09-04,M,M,M,0.0,M
1946-09-05,M,M,0.22,0.0,M
1946-09-06,M,M,M,0.0,M
1946-09-07,M,M,M,0.0,M
1946-09-08,M,M,M,0.0,M
1946-09-09,M,M,M,0.0,M
1946-09-10,M,M,M,0.0,M
1946-09-11,M,M,M,0.0,M
1946-09-12,M,M,0.16,0.0,M
1946-09-13,M,M,T,0.0,M
1946-09-14,M,M,0.30,0.0,M
1946-09-15,M,M,M,0.0,M
1946-09-16,M,M,0.01,0.0,M
1946-09-17,M,M,M,0.0,M
1946-09-18,M,M,0.36,0.0,M
1946-09-19,M,M,0.24,0.0,M
1946-09-20,M,M,M,0.0,M
1946-09-21,M,M,M,0.0,M
1946-09-22,M,M,M,0.0,M
1946-09-23,M,M,M,0.0,M
1946-09-24,M,M,M,0.0,M
1946-09-25,M,M,M,0.0,M
1946-09-26,M,M,M,0.0,M
1946-09-27,M,M,M,0.0,M
1946-09-28,M,M,M,0.0,M
1946-09-29,M,M,M,0.0,M
1946-09-30,M,M,M,0.0,M
1946-10-01,M,M,0.03,0.0,M
1946-10-02,M,M,0.01,0.0,M
1946-10-03,M,M,0.00,0.0,M
1946-10-04,M,M,0.81,0.0,M
1946-10-05,M,M,0.00,0.0,M
1946-10-06,M,M,0.61,0.0,M
1946-10-07,M,M,0.00,0.0,M
1946-10-08,M,M,0.00,0.0,M
1946-10-09,M,M,0.02,0.0,M
1946-10-10,M,M,0.00,0.0,M
1946-10-11,M,M,0.00,0.0,M
1946-10-12,M,M,0.00,0.0,M
1946-10-13,M,M,0.00,0.0,M
1946-10-14,M,M,0.00,0.0,M
1946-10-15,M,M,0.00,0.0,M
1946-10-16,M,M,0.00,0.0,M
1946-10-17,M,M,0.00,0.0,M
1946-10-18,M,M,0.00,0.0,M
1946-10-19,M,M,0.00,0.0,M
1946-10-20,M,M,0.00,0.0,M
1946-10-21,M,M,0.00,0.0,M
1946-10-22,M,M,0.00,0.0,M
1946-10-23,M,M,0.00,0.0,M
1946-10-24,M,M,0.00,0.0,M
1946-10-25,M,M,0.00,0.0,M
1946-10-26,M,M,0.00,0.0,M
1946-10-27,M,M,0.00,0.0,M
1946-10-28,M,M,0.01,0.0,M
1946-10-29,M,M,0.31,0.0,M
1946-10-30,M,M,0.00,0.0,M
1946-10-31,M,M,0.00,0.0,M
1946-11-01,M,M,0.01,M,T
1946-11-02,M,M,0.07,2.0,1
1946-11-03,M,M,0.03,1.5,2
1946-11-04,M,M,M,M,1
1946-11-05,M,M,M,M,T
1946-11-06,M,M,M,M,M
1946-11-07,M,M,M,M,M
1946-11-08,M,M,M,M,M
1946-11-09,M,M,M,M,M
1946-11-10,M,M,M,M,M
1946-11-11,M,M,M,M,M
1946-11-12,M,M,M,M,M
1946-11-13,M,M,M,M,M
1946-11-14,M,M,0.02,1.0,1
1946-11-15,M,M,0.08,M,M
1946-11-16,M,M,M,M,M
1946-11-17,M,M,M,M,M
1946-11-18,M,M,M,M,M
1946-11-19,M,M,M,M,M
1946-11-20,M,M,M,M,M
1946-11-21,M,M,M,M,M
1946-11-22,M,M,M,M,M
1946-11-23,M,M,0.23,M,M
1946-11-24,M,M,0.08,M,M
1946-11-25,M,M,M,M,M
1946-11-26,M,M,M,M,M
1946-11-27,M,M,M,M,M
1946-11-28,M,M,M,M,M
1946-11-29,M,M,M,M,M
1946-11-30,M,M,M,M,M
1946-12-01,M,M,0.00,0.0,M
1946-12-02,M,M,0.00,0.0,M
1946-12-03,M,M,0.00,0.0,M
1946-12-04,M,M,0.00,0.0,M
1946-12-05,M,M,0.00,0.0,M
1946-12-06,M,M,0.00,0.0,M
1946-12-07,M,M,0.02,T,0
1946-12-08,M,M,0.00,0.0,M
1946-12-09,M,M,0.00,0.0,M
1946-12-10,M,M,0.00,0.0,M
1946-12-11,M,M,0.00,0.0,M
1946-12-12,M,M,0.00,0.0,M
1946-12-13,M,M,0.00,0.0,M
1946-12-14,M,M,0.00,0.0,M
1946-12-15,M,M,0.00,0.0,M
1946-12-16,M,M,0.00,0.0,M
1946-12-17,M,M,0.00,0.0,M
1946-12-18,M,M,0.00,0.0,M
1946-12-19,M,M,0.00,0.0,M
1946-12-20,M,M,0.00,0.0,M
1946-12-21,M,M,0.00,0.0,M
1946-12-22,M,M,0.00,0.0,M
1946-12-23,M,M,0.00,0.0,M
1946-12-24,M,M,0.00,0.0,M
1946-12-25,M,M,0.00,0.0,M
1946-12-26,M,M,0.14,0.0,M
1946-12-27,M,M,0.10,1.5,1
1946-12-28,M,M,0.01,T,T
1946-12-29,M,M,0.00,0.0,T
1946-12-30,M,M,0.00,0.0,T
1946-12-31,M,M,0.00,0.0,T
1947-01-01,M,M,0.01,1.0,T
1947-01-02,M,M,0.08,4.0,4
1947-01-03,M,M,M,0.0,T
1947-01-04,M,M,M,0.0,T
1947-01-05,M,M,M,0.0,T
1947-01-06,M,M,M,0.0,M
1947-01-07,M,M,M,0.0,M
1947-01-08,M,M,M,0.0,M
1947-01-09,M,M,M,0.0,M
1947-01-10,M,M,M,0.0,M
1947-01-11,M,M,M,0.0,M
1947-01-12,M,M,M,0.0,M
1947-01-13,M,M,0.14,3.0,3
1947-01-14,M,M,0.19,4.0,5
1947-01-15,M,M,M,0.0,4
1947-01-16,M,M,M,0.0,3
1947-01-17,M,M,M,0.0,3
1947-01-18,M,M,T,0.1,3
1947-01-19,M,M,M,0.0,3
1947-01-20,M,M,M,0.0,3
1947-01-21,M,M,M,0.0,2
1947-01-22,M,M,M,0.0,1
1947-01-23,M,M,M,0.0,1
1947-01-24,M,M,M,0.0,M
1947-01-25,M,M,M,0.0,M
1947-01-26,M,M,M,0.0,M
1947-01-27,M,M,M,0.0,M
1947-01-28,M,M,0.02,1.0,M
1947-01-29,M,M,M,0.0,M
1947-01-30,M,M,M,0.0,M
1947-01-31,M,M,M,0.0,M
1947-02-01,M,M,0.00,0.0,M
1947-02-02,M,M,0.00,0.0,M
1947-02-03,M,M,0.00,0.0,M
1947-02-04,M,M,0.00,0.0,M
1947-02-05,M,M,0.00,0.0,M
1947-02-06,M,M,0.00,0.0,M
1947-02-07,M,M,0.00,0.0,M
1947-02-08,M,M,0.00,0.0,M
1947-02-09,M,M,0.05,0.8,1
1947-02-10,M,M,0.01,0.0,M
1947-02-11,M,M,0.00,0.0,M
1947-02-12,M,M,0.00,0.0,M
1947-02-13,M,M,0.00,0.0,M
1947-02-14,M,M,0.00,0.0,M
1947-02-15,M,M,0.00,0.0,M
1947-02-16,M,M,0.00,0.0,M
1947-02-17,M,M,0.00,0.0,M
1947-02-18,M,M,0.00,0.0,M
1947-02-19,M,M,0.00,0.0,M
1947-02-20,M,M,0.00,0.0,M
1947-02-21,M,M,0.00,0.0,M
1947-02-22,M,M,0.00,0.0,M
1947-02-23,M,M,0.00,0.0,M
1947-02-24,M,M,0.00,0.0,M
1947-02-25,M,M,0.00,0.0,M
1947-02-26,M,M,0.00,0.0,M
1947-02-27,M,M,0.82,5.0,5
1947-02-28,M,M,0.00,0.0,3
1947-03-01,M,M,0.00,0.0,3
1947-03-02,M,M,0.00,0.0,2
1947-03-03,M,M,0.13,2.0,3
1947-03-04,M,M,0.00,0.0,1
1947-03-05,M,M,0.00,0.0,M
1947-03-06,M,M,0.00,0.0,M
1947-03-07,M,M,0.00,0.0,M
1947-03-08,M,M,0.00,0.0,M
1947-03-09,M,M,0.23,3.0,3
1947-03-10,M,M,0.07,0.3,1
1947-03-11,M,M,0.03,0.5,M
1947-03-12,M,M,0.00,0.0,M
1947-03-13,M,M,0.00,0.0,M
1947-03-14,M,M,T,0.0,M
1947-03-15,M,M,0.00,0.0,M
1947-03-16,M,M,0.00,0.0,M
1947-03-17,M,M,0.00,0.0,M
1947-03-18,M,M,0.00,0.0,M
1947-03-19,M,M,0.00,0.0,M
1947-03-20,M,M,0.00,0.0,M
1947-03-21,M,M,0.00,0.0,M
1947-03-22,M,M,0.00,0.0,M
1947-03-23,M,M,0.05,0.0,M
1947-03-24,M,M,0.00,0.0,M
1947-03-25,M,M,0.00,0.0,M
1947-03-26,M,M,0.00,0.0,M
1947-03-27,M,M,0.00,0.0,M
1947-03-28,M,M,0.00,0.0,M
1947-03-29,M,M,0.00,0.0,M
1947-03-30,M,M,0.00,0.0,M
1947-03-31,M,M,0.00,0.0,M
1947-04-01,M,M,0.00,0.0,M
1947-04-02,M,M,0.00,0.0,M
1947-04-03,M,M,0.01,T,T
1947-04-04,M,M,T,0.0,M
1947-04-05,M,M,0.00,0.0,M
1947-04-06,M,M,0.00,0.0,M
1947-04-07,M,M,0.00,0.0,M
1947-04-08,M,M,0.00,0.0,M
1947-04-09,M,M,0.03,0.0,M
1947-04-10,M,M,0.00,0.0,M
1947-04-11,M,M,0.00,0.0,M
1947-04-12,M,M,0.00,0.0,M
1947-04-13,M,M,0.00,0.0,M
1947-04-14,M,M,0.00,0.0,M
1947-04-15,M,M,0.00,0.0,M
1947-04-16,M,M,0.00,0.0,M
1947-04-17,M,M,0.00,0.0,M
1947-04-18,M,M,0.00,0.0,M
1947-04-19,M,M,0.00,0.0,M
1947-04-20,M,M,0.00,0.0,M
1947-04-21,M,M,0.00,0.0,M
1947-04-22,M,M,0.00,0.0,M
1947-04-23,M,M,0.00,0.0,M
1947-04-24,M,M,0.37,2.0,0
1947-04-25,M,M,0.00,0.0,M
1947-04-26,M,M,0.00,0.0,M
1947-04-27,M,M,0.00,0.0,M
1947-04-28,M,M,0.01,0.0,M
1947-04-29,M,M,0.00,0.0,M
1947-04-30,M,M,0.00,0.0,M
1947-05-01,M,M,0.00,0.0,M
1947-05-02,M,M,0.00,0.0,M
1947-05-03,M,M,0.00,0.0,M
1947-05-04,M,M,0.00,0.0,M
1947-05-05,M,M,0.00,0.0,M
1947-05-06,M,M,0.00,0.0,M
1947-05-07,M,M,0.01,0.0,M
1947-05-08,M,M,0.00,0.0,M
1947-05-09,M,M,0.89,0.0,M
1947-05-10,M,M,1.05,0.0,M
1947-05-11,M,M,0.11,0.0,M
1947-05-12,M,M,0.00,0.0,M
1947-05-13,M,M,0.00,0.0,M
1947-05-14,M,M,0.00,0.0,M
1947-05-15,M,M,0.00,0.0,M
1947-05-16,M,M,T,0.0,M
1947-05-17,M,M,0.01,0.0,M
1947-05-18,M,M,0.00,0.0,M
1947-05-19,M,M,0.00,0.0,M
1947-05-20,M,M,0.00,0.0,M
1947-05-21,M,M,0.00,0.0,M
1947-05-22,M,M,0.00,0.0,M
1947-05-23,M,M,0.15,0.0,M
1947-05-24,M,M,0.00,0.0,M
1947-05-25,M,M,0.00,0.0,M
1947-05-26,M,M,0.00,0.0,M
1947-05-27,M,M,T,0.0,M
1947-05-28,M,M,0.00,0.0,M
1947-05-29,M,M,0.00,0.0,M
1947-05-30,M,M,0.00,0.0,M
1947-05-31,M,M,0.00,0.0,M
1947-06-01,M,M,0.00,0.0,M
1947-06-02,M,M,0.00,0.0,M
1947-06-03,M,M,0.00,0.0,M
1947-06-04,M,M,0.00,0.0,M
1947-06-05,M,M,0.00,0.0,M
1947-06-06,M,M,0.00,0.0,M
1947-06-07,M,M,0.00,0.0,M
1947-06-08,M,M,0.00,0.0,M
1947-06-09,M,M,0.00,0.0,M
1947-06-10,M,M,0.00,0.0,M
1947-06-11,M,M,0.00,0.0,M
1947-06-12,M,M,0.00,0.0,M
1947-06-13,M,M,0.00,0.0,M
1947-06-14,M,M,0.00,0.0,M
1947-06-15,M,M,0.00,0.0,M
1947-06-16,M,M,T,0.0,M
1947-06-17,M,M,0.00,0.0,M
1947-06-18,M,M,T,0.0,M
1947-06-19,M,M,0.00,0.0,M
1947-06-20,M,M,T,0.0,M
1947-06-21,M,M,T,0.0,M
1947-06-22,M,M,0.00,0.0,M
1947-06-23,M,M,T,0.0,M
1947-06-24,M,M,0.01,0.0,M
1947-06-25,M,M,0.00,0.0,M
1947-06-26,M,M,0.00,0.0,M
1947-06-27,M,M,0.00,0.0,M
1947-06-28,M,M,0.00,0.0,M
1947-06-29,M,M,0.00,0.0,M
1947-06-30,M,M,0.00,0.0,M
1947-07-01,M,M,0.09,M,M
1947-07-02,M,M,0.05,M,M
1947-07-03,M,M,T,M,M
1947-07-04,M,M,0.00,M,M
1947-07-05,M,M,0.04,M,M
1947-07-06,M,M,0.10,M,M
1947-07-07,M,M,0.02,M,M
1947-07-08,M,M,0.06,M,M
1947-07-09,M,M,0.00,M,M
1947-07-10,M,M,0.00,M,M
1947-07-11,M,M,0.00,M,M
1947-07-12,M,M,0.00,M,M
1947-07-13,M,M,0.01,M,M
1947-07-14,M,M,T,M,M
1947-07-15,M,M,T,M,M
1947-07-16,M,M,T,M,M
1947-07-17,M,M,T,M,M
1947-07-18,M,M,0.99,M,M
1947-07-19,M,M,0.00,M,M
1947-07-20,M,M,0.01,M,M
1947-07-21,M,M,0.00,M,M
1947-07-22,M,M,0.08,M,M
1947-07-23,M,M,0.08,M,M
1947-07-24,M,M,0.00,M,M
1947-07-25,M,M,0.00,M,M
1947-07-26,M,M,0.00,M,M
1947-07-27,M,M,0.00,M,M
1947-07-28,M,M,0.00,M,M
1947-07-29,M,M,0.00,M,M
1947-07-30,M,M,0.00,M,M
1947-07-31,M,M,0.00,M,M
1947-08-01,M,M,0.00,M,M
1947-08-02,M,M,0.00,M,M
1947-08-03,M,M,0.00,M,M
1947-08-04,M,M,0.09,M,M
1947-08-05,M,M,0.03,M,M
1947-08-06,M,M,0.00,M,M
1947-08-07,M,M,0.00,M,M
1947-08-08,M,M,0.07,M,M
1947-08-09,M,M,0.00,M,M
1947-08-10,M,M,0.00,M,M
1947-08-11,M,M,0.11,M,M
1947-08-12,M,M,0.24,M,M
1947-08-13,M,M,0.03,M,M
1947-08-14,M,M,0.08,M,M
1947-08-15,M,M,0.44,M,M
1947-08-16,M,M,0.43,M,M
1947-08-17,M,M,0.03,M,M
1947-08-18,M,M,0.06,M,M
1947-08-19,M,M,0.26,M,M
1947-08-20,M,M,T,M,M
1947-08-21,M,M,0.23,M,M
1947-08-22,M,M,0.38,M,M
1947-08-23,M,M,0.17,M,M
1947-08-24,M,M,0.09,M,M
1947-08-25,M,M,0.25,M,M
1947-08-26,M,M,0.02,M,M
1947-08-27,M,M,0.33,M,M
1947-08-28,M,M,0.00,M,M
1947-08-29,M,M,0.02,M,M
1947-08-30,M,M,0.00,M,M
1947-08-31,M,M,0.00,M,M
1947-09-01,M,M,0.01,M,M
1947-09-02,M,M,0.00,M,M
1947-09-03,M,M,0.00,M,M
1947-09-04,M,M,0.00,M,M
1947-09-05,M,M,0.00,M,M
1947-09-06,M,M,0.00,M,M
1947-09-07,M,M,0.00,M,M
1947-09-08,M,M,0.00,M,M
1947-09-09,M,M,0.04,M,M
1947-09-10,M,M,0.04,M,M
1947-09-11,M,M,0.00,M,M
1947-09-12,M,M,0.00,M,M
1947-09-13,M,M,0.00,M,M
1947-09-14,M,M,0.00,M,M
1947-09-15,M,M,0.00,M,M
1947-09-16,M,M,0.00,M,M
1947-09-17,M,M,0.20,M,M
1947-09-18,M,M,0.00,M,M
1947-09-19,M,M,0.08,M,M
1947-09-20,M,M,0.00,M,M
1947-09-21,M,M,0.00,M,M
1947-09-22,M,M,0.00,M,M
1947-09-23,M,M,0.00,M,M
1947-09-24,M,M,0.00,M,M
1947-09-25,M,M,0.01,M,M
1947-09-26,M,M,0.00,M,M
1947-09-27,M,M,0.00,M,M
1947-09-28,M,M,0.01,M,M
1947-09-29,M,M,0.00,M,M
1947-09-30,M,M,0.00,M,M
1947-10-01,M,M,0.00,M,M
1947-10-02,M,M,0.12,M,M
1947-10-03,M,M,0.00,M,M
1947-10-04,M,M,0.00,M,M
1947-10-05,M,M,0.00,M,M
1947-10-06,M,M,0.00,M,M
1947-10-07,M,M,0.00,M,M
1947-10-08,M,M,0.00,M,M
1947-10-09,M,M,T,M,M
1947-10-10,M,M,0.00,M,M
1947-10-11,M,M,T,M,M
1947-10-12,M,M,0.01,M,M
1947-10-13,M,M,0.02,M,M
1947-10-14,M,M,1.48,M,M
1947-10-15,M,M,T,M,M
1947-10-16,M,M,0.00,M,M
1947-10-17,M,M,0.00,M,M
1947-10-18,M,M,0.00,M,M
1947-10-19,M,M,0.00,M,M
1947-10-20,M,M,0.00,M,M
1947-10-21,M,M,0.00,M,M
1947-10-22,M,M,0.00,M,M
1947-10-23,M,M,0.00,M,M
1947-10-24,M,M,0.00,M,M
1947-10-25,M,M,0.00,M,M
1947-10-26,M,M,0.00,M,M
1947-10-27,M,M,0.00,M,M
1947-10-28,M,M,0.00,M,M
1947-10-29,M,M,0.00,M,M
1947-10-30,M,M,0.00,M,M
1947-10-31,M,M,0.00,M,M
1947-11-01,M,M,0.00,0.0,M
1947-11-02,M,M,0.00,0.0,M
1947-11-03,M,M,T,0.0,M
1947-11-04,M,M,0.00,0.0,M
1947-11-05,M,M,T,0.0,M
1947-11-06,M,M,0.00,0.0,M
1947-11-07,M,M,0.01,0.5,M
1947-11-08,M,M,0.00,0.0,M
1947-11-09,M,M,0.00,0.0,M
1947-11-10,M,M,T,T,M
1947-11-11,M,M,0.00,0.0,M
1947-11-12,M,M,0.00,0.0,M
1947-11-13,M,M,0.00,0.0,M
1947-11-14,M,M,T,T,M
1947-11-15,M,M,0.00,0.0,M
1947-11-16,M,M,T,T,M
1947-11-17,M,M,0.00,0.0,M
1947-11-18,M,M,0.00,0.0,M
1947-11-19,M,M,0.18,2.5,1
1947-11-20,M,M,0.00,0.0,M
1947-11-21,M,M,0.10,3.0,2
1947-11-22,M,M,0.00,0.0,M
1947-11-23,M,M,0.18,4.0,4
1947-11-24,M,M,0.00,0.0,3
1947-11-25,M,M,0.00,0.0,M
1947-11-26,M,M,0.00,M,M
1947-11-27,M,M,0.00,0.0,M
1947-11-28,M,M,0.00,0.0,M
1947-11-29,M,M,0.00,0.0,M
1947-11-30,M,M,0.00,0.0,M
1947-12-01,M,M,0.11,0.0,M
1947-12-02,M,M,0.20,0.0,M
1947-12-03,M,M,0.20,3.0,3
1947-12-04,M,M,0.00,0.0,2
1947-12-05,M,M,0.00,0.0,M
1947-12-06,M,M,T,T,M
1947-12-07,M,M,T,T,M
1947-12-08,M,M,0.03,0.3,M
1947-12-09,M,M,T,T,M
1947-12-10,M,M,0.00,0.0,M
1947-12-11,M,M,0.00,0.0,M
1947-12-12,M,M,0.00,0.0,M
1947-12-13,M,M,0.00,0.0,M
1947-12-14,M,M,0.00,0.0,M
1947-12-15,M,M,0.00,0.0,M
1947-12-16,M,M,0.00,0.0,M
1947-12-17,M,M,0.00,0.0,M
1947-12-18,M,M,0.00,0.0,M
1947-12-19,M,M,0.00,0.0,M
1947-12-20,M,M,0.00,0.0,M
1947-12-21,M,M,0.00,0.0,M
1947-12-22,M,M,0.00,0.0,M
1947-12-23,M,M,0.00,0.0,M
1947-12-24,M,M,0.00,0.0,M
1947-12-25,M,M,0.00,0.0,M
1947-12-26,M,M,0.00,0.0,M
1947-12-27,M,M,0.00,0.0,M
1947-12-28,M,M,0.00,0.0,M
1947-12-29,M,M,0.00,0.0,M
1947-12-30,M,M,T,T,M
1947-12-31,M,M,0.29,4.0,4
1948-01-01,M,M,M,M,M
1948-01-02,M,M,0.00,0.0,2
1948-01-03,M,M,0.00,0.0,2
1948-01-04,M,M,0.00,0.0,1
1948-01-05,M,M,0.00,0.0,T
1948-01-06,M,M,0.00,0.0,0
1948-01-07,M,M,0.00,0.0,0
1948-01-08,M,M,0.00,0.0,0
1948-01-09,M,M,0.00,0.0,0
1948-01-10,M,M,0.00,0.0,0
1948-01-11,M,M,0.00,0.0,0
1948-01-12,M,M,0.00,0.0,0
1948-01-13,M,M,0.00,0.0,0
1948-01-14,M,M,0.00,0.0,0
1948-01-15,M,M,0.00,0.0,0
1948-01-16,M,M,0.00,0.0,0
1948-01-17,M,M,0.00,0.0,0
1948-01-18,M,M,0.07,1.0,1
1948-01-19,M,M,0.00,0.0,0
1948-01-20,M,M,0.00,0.0,0
1948-01-21,M,M,0.00,0.0,0
1948-01-22,M,M,0.00,0.0,0
1948-01-23,M,M,T,T,0
1948-01-24,M,M,0.00,0.0,0
1948-01-25,M,M,0.02,1.0,T
1948-01-26,M,M,0.00,0.0,0
1948-01-27,M,M,0.18,5.0,5
1948-01-28,M,M,0.02,1.0,3
1948-01-29,M,M,T,T,2
1948-01-30,M,M,T,T,T
1948-01-31,M,M,0.00,0.0,T
1948-02-01,M,M,0.00,0.0,T
1948-02-02,M,M,0.00,0.0,0
1948-02-03,M,M,0.00,0.0,0
1948-02-04,M,M,0.00,0.0,0
1948-02-05,M,M,0.11,4.0,4
1948-02-06,M,M,0.00,0.0,1
1948-02-07,M,M,0.00,0.0,0
1948-02-08,M,M,0.05,2.0,1
1948-02-09,M,M,0.00,0.0,0
1948-02-10,M,M,0.41,7.0,4
1948-02-11,M,M,0.39,4.0,8
1948-02-12,M,M,T,T,7
1948-02-13,M,M,0.00,0.0,6
1948-02-14,M,M,0.00,0.0,5
1948-02-15,M,M,0.00,0.0,4
1948-02-16,M,M,0.00,0.0,3
1948-02-17,M,M,0.00,0.0,2
1948-02-18,M,M,0.00,0.0,T
1948-02-19,M,M,0.00,0.0,T
1948-02-20,M,M,0.00,0.0,T
1948-02-21,M,M,0.00,0.0,0
1948-02-22,M,M,0.00,0.0,0
1948-02-23,M,M,0.02,0.5,0
1948-02-24,M,M,0.66,8.0,4
1948-02-25,M,M,0.14,1.0,2
1948-02-26,M,M,0.19,0.0,0
1948-02-27,M,M,0.00,0.0,0
1948-02-28,M,M,0.00,0.0,0
1948-02-29,M,M,0.42,5.0,4
1948-03-01,M,M,0.17,2.0,2
1948-03-02,M,M,0.10,1.0,3
1948-03-03,M,M,0.20,2.0,3
1948-03-04,M,M,0.01,1.0,2
1948-03-05,M,M,0.02,1.0,2
1948-03-06,M,M,0.00,0.0,2
1948-03-07,M,M,T,T,2
1948-03-08,M,M,T,T,2
1948-03-09,M,M,0.14,2.0,2
1948-03-10,M,M,0.22,5.0,4
1948-03-11,M,M,0.00,0.0,3
1948-03-12,M,M,0.00,0.0,2
1948-03-13,M,M,0.00,0.0,1
1948-03-14,M,M,T,T,T
1948-03-15,M,M,0.00,0.0,0
1948-03-16,M,M,0.00,0.0,0
1948-03-17,M,M,T,0.0,0
1948-03-18,M,M,0.00,0.0,0
1948-03-19,M,M,0.09,1.0,0
1948-03-20,M,M,T,T,0
1948-03-21,M,M,T,T,0
1948-03-22,M,M,0.00,0.0,0
1948-03-23,M,M,0.00,0.0,0
1948-03-24,M,M,0.00,0.0,0
1948-03-25,M,M,0.00,0.0,0
1948-03-26,M,M,0.00,0.0,0
1948-03-27,M,M,0.00,0.0,0
1948-03-28,M,M,0.00,0.0,0
1948-03-29,M,M,0.00,0.0,0
1948-03-30,M,M,0.28,T,T
1948-03-31,M,M,0.13,T,T
1948-04-01,M,M,0.02,T,0
1948-04-02,M,M,0.00,0.0,0
1948-04-03,M,M,0.00,0.0,0
1948-04-04,M,M,0.00,0.0,0
1948-04-05,M,M,0.00,0.0,0
1948-04-06,M,M,0.00,0.0,0
1948-04-07,M,M,0.00,0.0,M
1948-04-08,M,M,0.00,0.0,0
1948-04-09,M,M,0.00,0.0,0
1948-04-10,M,M,0.00,0.0,0
1948-04-11,M,M,0.00,0.0,0
1948-04-12,M,M,0.06,0.0,0
1948-04-13,M,M,0.00,0.0,0
1948-04-14,M,M,0.00,0.0,0
1948-04-15,M,M,0.00,0.0,0
1948-04-16,M,M,0.00,0.0,0
1948-04-17,M,M,0.00,0.0,0
1948-04-18,M,M,0.00,0.0,0
1948-04-19,M,M,0.00,0.0,0
1948-04-20,M,M,0.00,0.0,0
1948-04-21,M,M,0.00,0.0,0
1948-04-22,M,M,0.15,0.0,0
1948-04-23,M,M,0.00,0.0,0
1948-04-24,M,M,0.28,1.0,T
1948-04-25,M,M,0.06,0.0,0
1948-04-26,M,M,0.00,0.0,0
1948-04-27,M,M,0.00,0.0,0
1948-04-28,M,M,0.00,0.0,0
1948-04-29,M,M,0.00,0.0,0
1948-04-30,M,M,0.00,0.0,0
1948-05-01,M,M,0.00,0.0,0
1948-05-02,M,M,0.00,0.0,0
1948-05-03,M,M,0.00,0.0,0
1948-05-04,M,M,0.00,0.0,0
1948-05-05,M,M,0.00,0.0,0
1948-05-06,M,M,0.00,0.0,0
1948-05-07,M,M,0.00,0.0,0
1948-05-08,M,M,0.00,0.0,0
1948-05-09,M,M,0.00,0.0,0
1948-05-10,M,M,0.00,0.0,0
1948-05-11,M,M,0.05,0.0,0
1948-05-12,M,M,0.00,0.0,0
1948-05-13,M,M,0.12,0.0,0
1948-05-14,M,M,0.00,0.0,0
1948-05-15,M,M,0.00,0.0,0
1948-05-16,M,M,0.00,0.0,0
1948-05-17,M,M,T,0.0,0
1948-05-18,M,M,0.00,0.0,0
1948-05-19,M,M,0.01,0.0,0
1948-05-20,M,M,0.00,0.0,0
1948-05-21,M,M,0.00,0.0,0
1948-05-22,M,M,0.00,0.0,0
1948-05-23,M,M,0.00,0.0,0
1948-05-24,M,M,0.00,0.0,0
1948-05-25,M,M,0.64,0.0,0
1948-05-26,M,M,0.05,0.0,0
1948-05-27,M,M,T,0.0,0
1948-05-28,M,M,0.02,0.0,0
1948-05-29,M,M,0.00,0.0,0
1948-05-30,M,M,0.00,0.0,0
1948-05-31,M,M,0.00,0.0,0
1948-06-01,M,M,0.03,0.0,0
1948-06-02,M,M,T,0.0,0
1948-06-03,M,M,0.00,0.0,0
1948-06-04,M,M,0.00,0.0,0
1948-06-05,M,M,0.00,0.0,0
1948-06-06,M,M,0.08,0.0,0
1948-06-07,M,M,0.10,0.0,0
1948-06-08,M,M,0.00,0.0,0
1948-06-09,M,M,0.00,0.0,0
1948-06-10,M,M,0.00,0.0,0
1948-06-11,M,M,0.00,0.0,0
1948-06-12,M,M,0.33,0.0,0
1948-06-13,M,M,0.00,0.0,0
1948-06-14,M,M,0.00,0.0,0
1948-06-15,M,M,0.00,0.0,0
1948-06-16,M,M,0.00,0.0,0
1948-06-17,M,M,0.00,0.0,0
1948-06-18,M,M,T,0.0,0
1948-06-19,M,M,0.00,0.0,0
1948-06-20,M,M,0.04,0.0,0
1948-06-21,M,M,0.00,0.0,0
1948-06-22,M,M,0.18,0.0,0
1948-06-23,M,M,0.19,0.0,0
1948-06-24,M,M,0.00,0.0,0
1948-06-25,M,M,0.00,0.0,0
1948-06-26,M,M,0.01,0.0,0
1948-06-27,M,M,0.01,0.0,0
1948-06-28,M,M,0.00,0.0,0
1948-06-29,M,M,0.00,0.0,0
1948-06-30,M,M,0.00,0.0,0
1948-07-01,M,M,0.00,0.0,0
1948-07-02,M,M,0.00,0.0,0
1948-07-03,M,M,0.00,0.0,0
1948-07-04,M,M,0.05,0.0,0
1948-07-05,M,M,0.04,0.0,0
1948-07-06,M,M,0.05,0.0,0
1948-07-07,M,M,0.06,0.0,0
1948-07-08,M,M,0.25,0.0,0
1948-07-09,M,M,0.00,0.0,0
1948-07-10,M,M,T,0.0,0
1948-07-11,M,M,0.00,0.0,0
1948-07-12,M,M,0.01,0.0,0
1948-07-13,M,M,0.00,0.0,0
1948-07-14,M,M,0.00,0.0,0
1948-07-15,M,M,T,0.0,0
1948-07-16,M,M,T,0.0,0
1948-07-17,M,M,0.00,0.0,0
1948-07-18,M,M,0.09,0.0,0
1948-07-19,M,M,0.06,0.0,0
1948-07-20,M,M,0.03,0.0,0
1948-07-21,M,M,0.00,0.0,0
1948-07-22,M,M,0.07,0.0,0
1948-07-23,M,M,0.00,0.0,0
1948-07-24,M,M,0.00,0.0,0
1948-07-25,M,M,0.17,0.0,0
1948-07-26,M,M,0.33,0.0,0
1948-07-27,M,M,T,0.0,0
1948-07-28,M,M,T,0.0,0
1948-07-29,M,M,0.00,0.0,0
1948-07-30,M,M,0.00,0.0,0
1948-07-31,M,M,0.00,0.0,0
1948-08-01,M,M,0.04,0.0,0
1948-08-02,M,M,0.11,0.0,0
1948-08-03,M,M,0.02,0.0,0
1948-08-04,M,M,0.46,0.0,0
1948-08-05,M,M,0.06,0.0,0
1948-08-06,M,M,T,0.0,0
1948-08-07,M,M,0.00,0.0,0
1948-08-08,M,M,0.04,0.0,0
1948-08-09,M,M,0.00,0.0,0
1948-08-10,M,M,0.00,0.0,0
1948-08-11,M,M,T,0.0,0
1948-08-12,M,M,T,0.0,0
1948-08-13,M,M,T,0.0,0
1948-08-14,M,M,0.00,0.0,0
1948-08-15,M,M,0.12,0.0,0
1948-08-16,M,M,0.00,0.0,0
1948-08-17,M,M,0.00,0.0,0
1948-08-18,M,M,0.00,0.0,0
1948-08-19,M,M,0.09,0.0,0
1948-08-20,M,M,0.00,0.0,0
1948-08-21,M,M,0.00,0.0,0
1948-08-22,M,M,0.20,0.0,0
1948-08-23,M,M,0.10,0.0,0
1948-08-24,M,M,0.00,0.0,0
1948-08-25,M,M,0.04,0.0,0
1948-08-26,M,M,0.00,0.0,0
1948-08-27,M,M,0.00,0.0,0
1948-08-28,M,M,0.00,0.0,0
1948-08-29,M,M,0.00,0.0,0
1948-08-30,M,M,0.00,0.0,0
1948-08-31,M,M,0.00,0.0,0
1948-09-01,M,M,0.00,0.0,0
1948-09-02,M,M,0.00,0.0,0
1948-09-03,M,M,0.00,0.0,0
1948-09-04,M,M,0.00,0.0,0
1948-09-05,M,M,0.00,0.0,0
1948-09-06,M,M,0.00,0.0,0
1948-09-07,M,M,0.00,0.0,0
1948-09-08,M,M,0.00,0.0,0
1948-09-09,M,M,0.00,0.0,0
1948-09-10,M,M,T,0.0,0
1948-09-11,M,M,0.00,0.0,0
1948-09-12,M,M,0.00,0.0,0
1948-09-13,M,M,0.00,0.0,0
1948-09-14,M,M,0.00,0.0,0
1948-09-15,M,M,0.00,0.0,0
1948-09-16,M,M,0.06,0.0,0
1948-09-17,M,M,0.00,0.0,0
1948-09-18,M,M,0.00,0.0,0
1948-09-19,M,M,0.00,0.0,0
1948-09-20,M,M,0.00,0.0,0
1948-09-21,M,M,0.00,0.0,0
1948-09-22,M,M,0.00,0.0,0
1948-09-23,M,M,0.00,0.0,0
1948-09-24,M,M,0.00,0.0,0
1948-09-25,M,M,0.00,0.0,0
1948-09-26,M,M,0.45,0.0,0
1948-09-27,M,M,0.02,0.0,0
1948-09-28,M,M,0.00,0.0,0
1948-09-29,M,M,0.00,0.0,0
1948-09-30,M,M,0.00,0.0,0
1948-10-01,M,M,0.00,0.0,0
1948-10-02,M,M,0.42,0.0,0
1948-10-03,M,M,0.00,0.0,0
1948-10-04,M,M,0.00,0.0,0
1948-10-05,M,M,0.02,0.0,0
1948-10-06,M,M,0.00,0.0,0
1948-10-07,M,M,0.00,0.0,0
1948-10-08,M,M,0.00,0.0,0
1948-10-09,M,M,0.00,0.0,0
1948-10-10,M,M,0.00,0.0,0
1948-10-11,M,M,0.00,0.0,0
1948-10-12,M,M,0.00,0.0,0
1948-10-13,M,M,0.00,0.0,0
1948-10-14,M,M,0.00,0.0,0
1948-10-15,M,M,0.10,0.0,0
1948-10-16,M,M,0.00,0.0,0
1948-10-17,M,M,0.00,0.0,0
1948-10-18,M,M,0.00,0.0,0
1948-10-19,M,M,0.07,0.0,0
1948-10-20,M,M,0.20,0.0,0
1948-10-21,M,M,0.00,0.0,0
1948-10-22,M,M,0.00,0.0,0
1948-10-23,M,M,0.00,0.0,0
1948-10-24,M,M,0.00,0.0,0
1948-10-25,M,M,0.00,0.0,0
1948-10-26,M,M,0.00,0.0,0
1948-10-27,M,M,0.00,0.0,0
1948-10-28,M,M,0.12,T,0
1948-10-29,M,M,0.31,0.0,0
1948-10-30,M,M,0.34,T,0
1948-10-31,M,M,0.00,T,0
1948-11-01,M,M,0.15,0.0,0
1948-11-02,M,M,0.00,0.0,0
1948-11-03,M,M,0.00,0.0,0
1948-11-04,M,M,0.01,T,0
1948-11-05,M,M,0.00,0.0,0
1948-11-06,M,M,0.00,0.0,0
1948-11-07,M,M,0.00,0.0,0
1948-11-08,M,M,T,T,0
1948-11-09,M,M,0.00,0.0,0
1948-11-10,M,M,0.00,0.0,0
1948-11-11,M,M,0.00,0.0,0
1948-11-12,M,M,0.00,0.0,0
1948-11-13,M,M,0.00,0.0,0
1948-11-14,M,M,0.00,0.0,0
1948-11-15,M,M,0.00,0.0,0
1948-11-16,M,M,0.00,0.0,0
1948-11-17,M,M,T,0.1,T
1948-11-18,M,M,0.00,0.0,0
1948-11-19,M,M,0.00,0.0,0
1948-11-20,M,M,0.00,0.0,0
1948-11-21,M,M,0.00,0.0,0
1948-11-22,M,M,0.00,0.0,0
1948-11-23,M,M,0.00,0.0,0
1948-11-24,M,M,0.00,0.0,0
1948-11-25,M,M,0.00,0.0,0
1948-11-26,M,M,0.00,0.0,0
1948-11-27,M,M,0.06,0.5,0
1948-11-28,M,M,0.00,0.0,0
1948-11-29,M,M,0.00,0.0,0
1948-11-30,M,M,0.00,0.0,0
1948-12-01,M,M,0.00,0.0,0
1948-12-02,M,M,0.00,0.0,0
1948-12-03,M,M,0.00,0.0,0
1948-12-04,M,M,0.00,0.0,0
1948-12-05,M,M,0.00,0.0,0
1948-12-06,M,M,0.00,0.0,0
1948-12-07,M,M,0.00,0.0,0
1948-12-08,M,M,0.00,0.0,0
1948-12-09,M,M,0.00,0.0,0
1948-12-10,M,M,0.00,0.0,0
1948-12-11,M,M,0.00,0.0,0
1948-12-12,M,M,0.00,0.0,0
1948-12-13,M,M,0.00,0.0,0
1948-12-14,M,M,0.02,T,0
1948-12-15,M,M,0.00,0.0,0
1948-12-16,M,M,0.00,0.0,0
1948-12-17,M,M,0.00,0.0,0
1948-12-18,M,M,T,T,0
1948-12-19,M,M,T,T,0
1948-12-20,M,M,0.00,0.0,0
1948-12-21,M,M,0.00,0.0,0
1948-12-22,M,M,0.17,T,0
1948-12-23,M,M,0.00,0.0,0
1948-12-24,M,M,0.00,0.0,0
1948-12-25,M,M,0.00,0.0,0
1948-12-26,M,M,0.11,1.5,0
1948-12-27,M,M,0.00,0.0,0
1948-12-28,M,M,0.03,M,0
1948-12-29,M,M,0.00,0.0,0
1948-12-30,M,M,0.00,0.0,0
1948-12-31,M,M,0.00,0.0,0
1949-01-01,M,M,0.19,3.4,3
1949-01-02,M,M,0.12,1.1,4
1949-01-03,M,M,0.02,0.3,5
1949-01-04,M,M,T,T,M
1949-01-05,M,M,0.00,0.0,M
1949-01-06,M,M,0.00,0.0,M
1949-01-07,M,M,0.00,0.0,2
1949-01-08,M,M,0.10,1.2,3
1949-01-09,M,M,0.06,1.5,3
1949-01-10,M,M,T,T,M
1949-01-11,M,M,0.01,0.1,1
1949-01-12,M,M,T,0.0,0
1949-01-13,M,M,0.00,0.0,0
1949-01-14,M,M,0.00,0.0,0
1949-01-15,M,M,0.10,0.0,0
1949-01-16,M,M,T,T,0
1949-01-17,M,M,0.00,0.0,0
1949-01-18,M,M,0.00,0.0,0
1949-01-19,M,M,0.45,5.2,5
1949-01-20,M,M,0.20,2.1,7
1949-01-21,M,M,T,0.1,6
1949-01-22,M,M,0.00,0.0,4
1949-01-23,M,M,0.01,0.5,4
1949-01-24,M,M,0.25,1.5,5
1949-01-25,M,M,0.02,0.2,4
1949-01-26,M,M,0.04,0.5,3
1949-01-27,M,M,0.06,1.6,4
1949-01-28,M,M,0.08,1.8,5
1949-01-29,M,M,0.00,0.0,0
1949-01-30,M,M,0.00,0.0,0
1949-01-31,M,M,0.00,0.0,0
1949-02-01,M,M,0.00,0.0,0
1949-02-02,M,M,T,0.2,T
1949-02-03,M,M,0.10,2.0,2
1949-02-04,M,M,0.00,0.0,M
1949-02-05,M,M,T,0.1,2
1949-02-06,M,M,T,T,2
1949-02-07,M,M,0.00,0.0,2
1949-02-08,M,M,0.10,3.5,5
1949-02-09,M,M,0.00,0.0,5
1949-02-10,M,M,0.00,0.0,4
1949-02-11,M,M,0.00,0.0,3
1949-02-12,M,M,T,0.1,3
1949-02-13,M,M,0.00,0.0,2
1949-02-14,M,M,0.06,1.0,3
1949-02-15,M,M,0.00,0.0,0
1949-02-16,M,M,0.00,0.0,0
1949-02-17,M,M,0.00,0.0,0
1949-02-18,M,M,0.00,0.0,0
1949-02-19,M,M,0.00,0.0,0
1949-02-20,M,M,0.00,0.0,0
1949-02-21,M,M,0.00,0.0,0
1949-02-22,M,M,0.00,0.0,0
1949-02-23,M,M,0.00,0.0,0
1949-02-24,M,M,M,T,0
1949-02-25,M,M,0.00,0.0,0
1949-02-26,M,M,M,M,M
1949-02-27,M,M,M,M,M
1949-02-28,M,M,M,M,M
1949-03-01,M,M,M,M,M
1949-03-02,M,M,M,M,M
1949-03-03,M,M,M,M,M
1949-03-04,M,M,M,M,M
1949-03-05,M,M,0.00,0.0,0
1949-03-06,M,M,0.00,0.0,0
1949-03-07,M,M,0.05,0.0,0
1949-03-08,M,M,T,0.0,0
1949-03-09,M,M,0.00,0.0,0
1949-03-10,M,M,0.00,0.0,0
1949-03-11,M,M,0.00,0.0,0
1949-03-12,M,M,0.00,0.0,0
1949-03-13,M,M,0.00,0.0,0
1949-03-14,M,M,0.00,0.0,0
1949-03-15,M,M,0.00,0.0,0
1949-03-16,M,M,0.00,0.0,0
1949-03-17,M,M,0.00,0.0,0
1949-03-18,M,M,0.00,0.0,0
1949-03-19,M,M,0.00,0.0,0
1949-03-20,M,M,0.00,0.0,0
1949-03-21,M,M,0.00,0.0,0
1949-03-22,M,M,0.00,0.0,0
1949-03-23,M,M,0.00,T,0
1949-03-24,M,M,0.02,T,T
1949-03-25,M,M,0.00,0.0,0
1949-03-26,M,M,0.24,3.0,1
1949-03-27,M,M,0.00,0.0,0
1949-03-28,M,M,0.00,0.0,0
1949-03-29,M,M,0.31,5.5,3
1949-03-30,M,M,T,T,M
1949-03-31,M,M,0.24,2.4,M
1949-04-01,M,M,0.26,2.6,M
1949-04-02,M,M,0.32,4.0,3
1949-04-03,M,M,0.34,4.0,3
1949-04-04,M,M,0.00,0.0,0
1949-04-05,M,M,0.00,0.0,0
1949-04-06,M,M,0.00,0.0,0
1949-04-07,M,M,0.00,0.0,0
1949-04-08,M,M,T,0.0,0
1949-04-09,M,M,0.00,0.0,0
1949-04-10,M,M,0.15,0.0,0
1949-04-11,M,M,0.00,0.0,0
1949-04-12,M,M,0.00,0.0,0
1949-04-13,M,M,0.00,0.0,0
1949-04-14,M,M,0.00,0.0,0
1949-04-15,M,M,0.00,0.0,0
1949-04-16,M,M,0.00,0.0,0
1949-04-17,M,M,0.11,0.0,0
1949-04-18,M,M,0.11,0.0,0
1949-04-19,M,M,0.01,0.0,0
1949-04-20,M,M,0.05,T,0
1949-04-21,M,M,0.00,0.0,0
1949-04-22,M,M,0.00,0.0,0
1949-04-23,M,M,0.00,0.0,0
1949-04-24,M,M,0.00,0.0,0
1949-04-25,M,M,0.00,0.0,0
1949-04-26,M,M,0.00,0.0,0
1949-04-27,M,M,0.01,0.0,0
1949-04-28,M,M,0.00,0.0,0
1949-04-29,M,M,0.00,0.0,0
1949-04-30,M,M,0.00,0.0,0
1949-05-01,M,M,0.00,0.0,0
1949-05-02,M,M,0.00,0.0,0
1949-05-03,M,M,0.00,0.0,0
1949-05-04,M,M,0.00,0.0,0
1949-05-05,M,M,0.00,0.0,0
1949-05-06,M,M,0.10,0.0,0
1949-05-07,M,M,0.02,0.0,0
1949-05-08,M,M,T,0.0,0
1949-05-09,M,M,0.00,0.0,0
1949-05-10,M,M,0.64,0.0,0
1949-05-11,M,M,0.27,0.0,0
1949-05-12,M,M,0.03,0.0,0
1949-05-13,M,M,0.00,0.0,0
1949-05-14,M,M,0.00,0.0,0
1949-05-15,M,M,0.00,0.0,0
1949-05-16,M,M,T,0.0,0
1949-05-17,M,M,0.00,0.0,0
1949-05-18,M,M,0.00,0.0,0
1949-05-19,M,M,0.00,0.0,0
1949-05-20,M,M,0.00,0.0,0
1949-05-21,M,M,0.00,0.0,0
1949-05-22,M,M,0.00,0.0,0
1949-05-23,M,M,0.00,0.0,0
1949-05-24,M,M,0.00,0.0,0
1949-05-25,M,M,0.00,0.0,0
1949-05-26,M,M,T,0.0,0
1949-05-27,M,M,0.00,0.0,0
1949-05-28,M,M,0.00,0.0,0
1949-05-29,M,M,T,0.0,0
1949-05-30,M,M,0.04,0.0,0
1949-05-31,M,M,0.00,0.0,0
1949-06-01,M,M,0.00,0.0,0
1949-06-02,M,M,0.00,0.0,0
1949-06-03,M,M,0.00,0.0,0
1949-06-04,M,M,0.03,0.0,0
1949-06-05,M,M,0.00,0.0,0
1949-06-06,M,M,0.00,0.0,0
1949-06-07,M,M,0.04,0.0,0
1949-06-08,M,M,0.06,0.0,0
1949-06-09,M,M,0.12,0.0,0
1949-06-10,M,M,0.26,0.0,0
1949-06-11,M,M,T,0.0,0
1949-06-12,M,M,0.00,0.0,0
1949-06-13,M,M,0.10,0.0,0
1949-06-14,M,M,0.12,0.0,0
1949-06-15,M,M,0.00,0.0,0
1949-06-16,M,M,0.00,0.0,0
1949-06-17,M,M,M,0.0,0
1949-06-18,M,M,0.03,0.0,0
1949-06-19,M,M,0.07,0.0,0
1949-06-20,M,M,T,0.0,0
1949-06-21,M,M,0.03,0.0,0
1949-06-22,M,M,0.00,0.0,0
1949-06-23,M,M,0.05,0.0,0
1949-06-24,M,M,T,0.0,0
1949-06-25,M,M,0.00,0.0,0
1949-06-26,M,M,0.02,0.0,0
1949-06-27,M,M,0.00,0.0,0
1949-06-28,M,M,0.00,0.0,0
1949-06-29,M,M,0.00,0.0,0
1949-06-30,M,M,0.22,0.0,0
1949-07-01,M,M,0.00,0.0,0
1949-07-02,M,M,0.07,0.0,0
1949-07-03,M,M,0.00,0.0,0
1949-07-04,M,M,T,0.0,0
1949-07-05,M,M,0.00,0.0,0
1949-07-06,M,M,0.06,0.0,0
1949-07-07,M,M,0.03,0.0,0
1949-07-08,M,M,0.04,0.0,0
1949-07-09,M,M,0.03,0.0,0
1949-07-10,M,M,0.06,0.0,0
1949-07-11,M,M,0.32,0.0,0
1949-07-12,M,M,0.40,0.0,0
1949-07-13,M,M,0.01,0.0,0
1949-07-14,M,M,0.04,0.0,0
1949-07-15,M,M,T,0.0,0
1949-07-16,M,M,T,0.0,0
1949-07-17,M,M,0.00,0.0,0
1949-07-18,M,M,0.01,0.0,0
1949-07-19,M,M,0.00,0.0,0
1949-07-20,M,M,0.16,0.0,0
1949-07-21,M,M,0.00,0.0,0
1949-07-22,M,M,0.27,0.0,0
1949-07-23,M,M,1.46,0.0,0
1949-07-24,M,M,0.01,0.0,0
1949-07-25,M,M,0.01,0.0,0
1949-07-26,M,M,0.19,0.0,0
1949-07-27,M,M,0.00,0.0,0
1949-07-28,M,M,0.00,0.0,0
1949-07-29,M,M,0.00,0.0,0
1949-07-30,M,M,0.39,0.0,0
1949-07-31,M,M,T,0.0,0
1949-08-01,M,M,0.02,0.0,0
1949-08-02,M,M,0.03,0.0,0
1949-08-03,M,M,0.08,0.0,0
1949-08-04,M,M,T,0.0,0
1949-08-05,M,M,0.19,0.0,0
1949-08-06,M,M,0.00,0.0,0
1949-08-07,M,M,0.00,0.0,0
1949-08-08,M,M,0.00,0.0,0
1949-08-09,M,M,0.00,0.0,0
1949-08-10,M,M,0.20,0.0,0
1949-08-11,M,M,0.01,0.0,0
1949-08-12,M,M,0.00,0.0,0
1949-08-13,M,M,0.00,0.0,0
1949-08-14,M,M,0.00,0.0,0
1949-08-15,M,M,0.00,0.0,0
1949-08-16,M,M,0.00,0.0,0
1949-08-17,M,M,0.10,0.0,0
1949-08-18,M,M,0.18,0.0,0
1949-08-19,M,M,0.00,0.0,0
1949-08-20,M,M,0.00,0.0,0
1949-08-21,M,M,0.00,0.0,0
1949-08-22,M,M,0.00,0.0,0
1949-08-23,M,M,0.00,0.0,0
1949-08-24,M,M,0.00,0.0,0
1949-08-25,M,M,0.05,0.0,0
1949-08-26,M,M,0.00,0.0,0
1949-08-27,M,M,0.04,0.0,0
1949-08-28,M,M,T,0.0,0
1949-08-29,M,M,0.00,0.0,0
1949-08-30,M,M,0.00,0.0,0
1949-08-31,M,M,0.00,0.0,0
1949-09-01,M,M,0.01,0.0,0
1949-09-02,M,M,0.03,0.0,0
1949-09-03,M,M,0.00,0.0,0
1949-09-04,M,M,0.00,0.0,0
1949-09-05,M,M,0.00,0.0,0
1949-09-06,M,M,T,0.0,0
1949-09-07,M,M,0.16,0.0,0
1949-09-08,M,M,0.00,0.0,0
1949-09-09,M,M,0.00,0.0,0
1949-09-10,M,M,0.16,0.0,0
1949-09-11,M,M,0.00,0.0,0
1949-09-12,M,M,0.06,0.0,0
1949-09-13,M,M,0.00,0.0,0
1949-09-14,M,M,0.17,0.0,0
1949-09-15,M,M,0.00,0.0,0
1949-09-16,M,M,0.00,0.0,0
1949-09-17,M,M,0.00,0.0,0
1949-09-18,M,M,0.00,0.0,0
1949-09-19,M,M,0.00,0.0,0
1949-09-20,M,M,0.00,0.0,0
1949-09-21,M,M,0.00,0.0,0
1949-09-22,M,M,0.00,0.0,0
1949-09-23,M,M,0.00,0.0,0
1949-09-24,M,M,0.01,0.0,0
1949-09-25,M,M,0.07,0.0,0
1949-09-26,M,M,0.00,0.0,0
1949-09-27,M,M,0.00,0.0,0
1949-09-28,M,M,0.00,0.0,0
1949-09-29,M,M,0.16,0.0,0
1949-09-30,M,M,0.37,0.0,0
1949-10-01,M,M,0.00,0.0,0
1949-10-02,M,M,0.00,0.0,0
1949-10-03,M,M,0.00,0.0,0
1949-10-04,M,M,0.00,0.0,0
1949-10-05,M,M,0.00,0.0,0
1949-10-06,M,M,0.00,0.0,0
1949-10-07,M,M,0.00,0.0,0
1949-10-08,M,M,0.00,0.0,0
1949-10-09,M,M,0.04,T,0
1949-10-10,M,M,0.23,T,0
1949-10-11,M,M,0.00,0.0,0
1949-10-12,M,M,0.00,0.0,0
1949-10-13,M,M,0.00,0.0,0
1949-10-14,M,M,0.00,0.0,0
1949-10-15,M,M,0.00,0.0,0
1949-10-16,M,M,0.00,0.0,0
1949-10-17,M,M,0.00,0.0,0
1949-10-18,M,M,0.00,0.0,0
1949-10-19,M,M,0.15,T,0
1949-10-20,M,M,0.05,0.5,0
1949-10-21,M,M,0.00,0.0,0
1949-10-22,M,M,0.00,0.0,0
1949-10-23,M,M,T,0.0,0
1949-10-24,M,M,0.20,0.0,0
1949-10-25,M,M,0.00,0.0,0
1949-10-26,M,M,0.00,0.0,0
1949-10-27,M,M,0.00,0.0,0
1949-10-28,M,M,0.00,0.0,0
1949-10-29,M,M,0.00,0.0,0
1949-10-30,M,M,M,M,M
1949-10-31,M,M,0.00,0.0,0
1949-11-01,M,M,0.00,0.0,0
1949-11-02,M,M,0.00,0.0,0
1949-11-03,M,M,0.00,0.0,0
1949-11-04,M,M,0.00,0.0,0
1949-11-05,M,M,0.00,0.0,0
1949-11-06,M,M,0.00,0.0,0
1949-11-07,M,M,0.00,0.0,0
1949-11-08,M,M,0.00,0.0,0
1949-11-09,M,M,0.00,0.0,0
1949-11-10,M,M,0.01,0.0,0
1949-11-11,M,M,0.05,0.0,0
1949-11-12,M,M,T,0.0,0
1949-11-13,M,M,0.00,0.0,0
1949-11-14,M,M,0.00,0.0,0
1949-11-15,M,M,0.00,0.0,0
1949-11-16,M,M,0.00,0.0,0
1949-11-17,M,M,0.00,0.0,0
1949-11-18,M,M,0.00,0.0,0
1949-11-19,M,M,0.00,0.0,0
1949-11-20,M,M,0.00,0.0,0
1949-11-21,M,M,0.00,0.0,0
1949-11-22,M,M,0.00,0.0,0
1949-11-23,M,M,0.00,0.0,0
1949-11-24,M,M,0.00,0.0,0
1949-11-25,M,M,0.00,0.0,0
1949-11-26,M,M,0.00,0.0,0
1949-11-27,M,M,0.00,0.0,0
1949-11-28,M,M,0.00,0.0,0
1949-11-29,M,M,0.00,0.0,0
1949-11-30,M,M,0.00,0.0,0
1949-12-01,M,M,0.00,0.0,0
1949-12-02,M,M,0.00,0.0,0
1949-12-03,M,M,0.00,0.0,0
1949-12-04,M,M,0.00,0.0,0
1949-12-05,M,M,0.00,0.0,0
1949-12-06,M,M,0.00,0.0,0
1949-12-07,M,M,0.00,0.0,0
1949-12-08,M,M,0.00,0.0,0
1949-12-09,M,M,0.00,0.0,0
1949-12-10,M,M,0.11,0.1,0
1949-12-11,M,M,0.05,1.0,T
1949-12-12,M,M,0.01,0.5,1
1949-12-13,M,M,0.00,0.0,0
1949-12-14,M,M,0.00,0.0,0
1949-12-15,M,M,0.00,0.0,0
1949-12-16,M,M,T,0.0,0
1949-12-17,M,M,0.07,2.0,2
1949-12-18,M,M,T,0.5,T
1949-12-19,M,M,T,0.0,0
1949-12-20,M,M,T,0.0,0
1949-12-21,M,M,0.00,0.0,0
1949-12-22,M,M,0.00,0.0,0
1949-12-23,M,M,0.00,0.0,0
1949-12-24,M,M,0.00,0.0,0
1949-12-25,M,M,0.00,0.0,0
1949-12-26,M,M,T,T,0
1949-12-27,M,M,0.00,0.0,0
1949-12-28,M,M,0.00,0.0,0
1949-12-29,M,M,0.00,0.0,0
1949-12-30,M,M,0.00,0.0,0
1949-12-31,M,M,0.00,0.0,0
1950-01-01,M,M,0.00,0.0,0
1950-01-02,M,M,0.15,1.0,T
1950-01-03,M,M,0.14,1.0,T
1950-01-04,M,M,0.02,0.5,0
1950-01-05,M,M,0.02,0.5,T
1950-01-06,M,M,0.00,0.0,T
1950-01-07,M,M,0.00,0.0,0
1950-01-08,M,M,0.00,0.0,0
1950-01-09,M,M,0.00,0.0,0
1950-01-10,M,M,T,0.0,0
1950-01-11,M,M,0.00,0.0,0
1950-01-12,M,M,0.00,0.0,0
1950-01-13,M,M,0.01,0.5,T
1950-01-14,M,M,T,0.0,0
1950-01-15,M,M,0.00,0.0,0
1950-01-16,M,M,0.00,0.0,0
1950-01-17,M,M,0.00,0.0,0
1950-01-18,M,M,0.00,0.0,0
1950-01-19,M,M,0.00,0.0,0
1950-01-20,M,M,0.00,0.0,0
1950-01-21,M,M,0.00,0.0,0
1950-01-22,M,M,0.00,0.0,0
1950-01-23,M,M,0.00,0.0,0
1950-01-24,M,M,0.00,0.0,0
1950-01-25,M,M,0.18,1.5,1
1950-01-26,M,M,T,0.0,M
1950-01-27,M,M,0.00,0.0,0
1950-01-28,M,M,0.00,0.0,0
1950-01-29,M,M,0.30,1.5,1
1950-01-30,M,M,0.23,3.0,2
1950-01-31,M,M,0.00,0.0,M
1950-02-01,M,M,0.00,0.0,M
1950-02-02,M,M,0.00,0.0,M
1950-02-03,M,M,0.00,0.0,M
1950-02-04,M,M,0.00,0.0,0
1950-02-05,M,M,0.00,0.0,0
1950-02-06,M,M,0.00,0.0,0
1950-02-07,M,M,0.00,0.0,0
1950-02-08,M,M,0.02,0.0,0
1950-02-09,M,M,0.00,0.0,0
1950-02-10,M,M,0.00,0.0,0
1950-02-11,M,M,0.15,2.0,2
1950-02-12,M,M,0.06,1.0,0
1950-02-13,M,M,T,T,0
1950-02-14,M,M,T,T,0
1950-02-15,M,M,0.00,0.0,0
1950-02-16,M,M,0.00,0.0,0
1950-02-17,M,M,0.00,0.0,0
1950-02-18,M,M,0.00,0.0,0
1950-02-19,M,M,0.00,0.0,0
1950-02-20,M,M,0.00,0.0,0
1950-02-21,M,M,0.00,0.0,0
1950-02-22,M,M,0.00,0.0,0
1950-02-23,M,M,0.00,0.0,0
1950-02-24,M,M,0.00,0.0,0
1950-02-25,M,M,0.00,0.0,0
1950-02-26,M,M,0.00,0.0,0
1950-02-27,M,M,T,0.0,0
1950-02-28,M,M,0.07,T,0
1950-03-01,M,M,0.01,0.0,0
1950-03-02,M,M,0.19,M,M
1950-03-03,M,M,0.10,M,M
1950-03-04,M,M,0.00,0.0,0
1950-03-05,M,M,0.00,0.0,0
1950-03-06,M,M,0.00,0.0,0
1950-03-07,M,M,0.00,0.0,0
1950-03-08,M,M,0.00,0.0,0
1950-03-09,M,M,0.00,0.0,0
1950-03-10,M,M,T,0.0,0
1950-03-11,M,M,0.00,0.0,0
1950-03-12,M,M,T,T,0
1950-03-13,M,M,0.00,M,M
1950-03-14,M,M,0.00,0.0,0
1950-03-15,M,M,0.00,0.0,0
1950-03-16,M,M,0.00,0.0,0
1950-03-17,M,M,0.00,0.0,0
1950-03-18,M,M,0.00,0.0,0
1950-03-19,M,M,0.00,0.0,0
1950-03-20,M,M,0.00,0.0,0
1950-03-21,M,M,0.00,0.0,0
1950-03-22,M,M,0.00,0.0,0
1950-03-23,M,M,0.00,0.0,0
1950-03-24,M,M,0.00,0.0,0
1950-03-25,M,M,0.00,0.0,0
1950-03-26,M,M,0.00,0.0,0
1950-03-27,M,M,0.00,0.0,0
1950-03-28,M,M,0.00,0.0,0
1950-03-29,M,M,0.00,0.0,0
1950-03-30,M,M,0.00,0.0,0
1950-03-31,M,M,0.00,0.0,0
1950-04-01,M,M,0.00,0.0,0
1950-04-02,M,M,0.00,0.0,0
1950-04-03,M,M,0.00,0.0,0
1950-04-04,M,M,0.00,0.0,0
1950-04-05,M,M,0.00,0.0,0
1950-04-06,M,M,T,0.0,0
1950-04-07,M,M,0.00,0.0,0
1950-04-08,M,M,0.00,0.0,0
1950-04-09,M,M,0.15,0.0,0
1950-04-10,M,M,0.00,0.0,0
1950-04-11,M,M,0.00,0.0,0
1950-04-12,M,M,0.00,0.0,0
1950-04-13,M,M,0.79,0.0,0
1950-04-14,M,M,0.01,0.0,0
1950-04-15,M,M,0.00,0.0,0
1950-04-16,M,M,0.03,0.0,0
1950-04-17,M,M,0.00,0.0,0
1950-04-18,M,M,0.00,0.0,0
1950-04-19,M,M,0.00,0.0,0
1950-04-20,M,M,0.00,0.0,0
1950-04-21,M,M,0.00,0.0,0
1950-04-22,M,M,0.00,0.0,0
1950-04-23,M,M,0.00,0.0,0
1950-04-24,M,M,0.00,0.0,0
1950-04-25,M,M,0.00,0.0,0
1950-04-26,M,M,0.00,0.0,0
1950-04-27,M,M,0.00,0.0,0
1950-04-28,M,M,0.00,0.0,0
1950-04-29,M,M,0.00,0.0,0
1950-04-30,M,M,0.00,0.0,0
1950-05-01,M,M,0.00,0.0,0
1950-05-02,M,M,0.00,0.0,0
1950-05-03,M,M,0.00,0.0,0
1950-05-04,M,M,0.00,0.0,0
1950-05-05,M,M,0.01,T,0
1950-05-06,M,M,0.00,0.0,0
1950-05-07,M,M,0.00,0.0,0
1950-05-08,M,M,0.00,0.0,0
1950-05-09,M,M,0.00,0.0,0
1950-05-10,M,M,0.00,0.0,0
1950-05-11,M,M,0.00,0.0,0
1950-05-12,M,M,0.00,0.0,0
1950-05-13,M,M,0.00,0.0,0
1950-05-14,M,M,0.06,0.0,0
1950-05-15,M,M,T,0.0,0
1950-05-16,M,M,0.00,0.0,0
1950-05-17,M,M,0.00,0.0,0
1950-05-18,M,M,0.00,0.0,0
1950-05-19,M,M,0.00,0.0,0
1950-05-20,M,M,0.00,0.0,0
1950-05-21,M,M,0.00,0.0,0
1950-05-22,M,M,0.00,0.0,0
1950-05-23,M,M,0.00,0.0,0
1950-05-24,M,M,0.00,0.0,0
1950-05-25,M,M,0.00,0.0,0
1950-05-26,M,M,0.00,0.0,0
1950-05-27,M,M,0.00,0.0,0
1950-05-28,M,M,0.00,0.0,0
1950-05-29,M,M,0.00,0.0,0
1950-05-30,M,M,0.00,0.0,0
1950-05-31,M,M,0.00,0.0,0
1950-06-01,M,M,0.00,0.0,0
1950-06-02,M,M,0.00,0.0,0
1950-06-03,M,M,0.06,0.0,0
1950-06-04,M,M,0.50,0.0,0
1950-06-05,M,M,0.32,0.0,0
1950-06-06,M,M,T,0.0,0
1950-06-07,M,M,0.01,0.0,0
1950-06-08,M,M,0.00,0.0,0
1950-06-09,M,M,0.00,0.0,0
1950-06-10,M,M,0.00,0.0,0
1950-06-11,M,M,0.00,0.0,0
1950-06-12,M,M,0.01,0.0,0
1950-06-13,M,M,0.00,0.0,0
1950-06-14,M,M,0.00,0.0,0
1950-06-15,M,M,0.00,0.0,0
1950-06-16,M,M,0.00,0.0,0
1950-06-17,M,M,T,0.0,0
1950-06-18,M,M,0.00,0.0,0
1950-06-19,M,M,0.00,0.0,0
1950-06-20,M,M,0.00,0.0,0
1950-06-21,M,M,0.00,0.0,0
1950-06-22,M,M,0.00,0.0,0
1950-06-23,M,M,0.24,0.0,0
1950-06-24,M,M,0.00,0.0,0
1950-06-25,M,M,0.00,0.0,0
1950-06-26,M,M,0.00,0.0,0
1950-06-27,M,M,0.00,0.0,0
1950-06-28,M,M,0.00,0.0,0
1950-06-29,M,M,0.00,0.0,0
1950-06-30,M,M,0.02,0.0,0
1950-07-01,M,M,0.02,0.0,0
1950-07-02,M,M,0.02,0.0,0
1950-07-03,M,M,0.02,0.0,0
1950-07-04,M,M,0.02,0.0,0
1950-07-05,M,M,0.01,0.0,0
1950-07-06,M,M,0.02,0.0,0
1950-07-07,M,M,0.01,0.0,0
1950-07-08,M,M,0.52,0.0,0
1950-07-09,M,M,0.00,0.0,0
1950-07-10,M,M,0.20,0.0,0
1950-07-11,M,M,0.40,0.0,0
1950-07-12,M,M,T,0.0,0
1950-07-13,M,M,0.19,0.0,0
1950-07-14,M,M,0.04,0.0,0
1950-07-15,M,M,0.20,0.0,0
1950-07-16,M,M,0.03,0.0,0
1950-07-17,M,M,0.07,0.0,0
1950-07-18,M,M,0.00,0.0,0
1950-07-19,M,M,0.00,0.0,0
1950-07-20,M,M,T,0.0,0
1950-07-21,M,M,T,0.0,0
1950-07-22,M,M,T,0.0,0
1950-07-23,M,M,0.21,0.0,0
1950-07-24,M,M,0.19,0.0,0
1950-07-25,M,M,0.00,0.0,0
1950-07-26,M,M,0.21,0.0,0
1950-07-27,M,M,0.06,0.0,0
1950-07-28,M,M,0.01,0.0,0
1950-07-29,M,M,0.00,0.0,0
1950-07-30,M,M,0.00,0.0,0
1950-07-31,M,M,0.04,0.0,0
1950-08-01,M,M,T,0.0,0
1950-08-02,M,M,T,0.0,0
1950-08-03,M,M,0.00,0.0,0
1950-08-04,M,M,0.00,0.0,0
1950-08-05,M,M,0.00,0.0,0
1950-08-06,M,M,0.00,0.0,0
1950-08-07,M,M,0.01,0.0,0
1950-08-08,M,M,0.00,0.0,0
1950-08-09,M,M,0.00,0.0,0
1950-08-10,M,M,0.00,0.0,0
1950-08-11,M,M,0.00,0.0,0
1950-08-12,M,M,T,0.0,0
1950-08-13,M,M,0.00,0.0,0
1950-08-14,M,M,0.00,0.0,0
1950-08-15,M,M,T,0.0,0
1950-08-16,M,M,0.07,0.0,0
1950-08-17,M,M,T,0.0,0
1950-08-18,M,M,0.00,0.0,0
1950-08-19,M,M,0.00,0.0,0
1950-08-20,M,M,0.00,0.0,0
1950-08-21,M,M,0.01,0.0,0
1950-08-22,M,M,0.00,0.0,0
1950-08-23,M,M,T,0.0,0
1950-08-24,M,M,0.00,0.0,0
1950-08-25,M,M,T,0.0,0
1950-08-26,M,M,0.01,0.0,0
1950-08-27,M,M,0.10,0.0,0
1950-08-28,M,M,0.00,0.0,0
1950-08-29,M,M,0.00,0.0,0
1950-08-30,M,M,0.00,0.0,0
1950-08-31,M,M,0.00,0.0,0
1950-09-01,M,M,0.00,0.0,0
1950-09-02,M,M,0.00,0.0,0
1950-09-03,M,M,0.07,0.0,0
1950-09-04,M,M,0.00,0.0,0
1950-09-05,M,M,0.00,0.0,0
1950-09-06,M,M,0.52,0.0,0
1950-09-07,M,M,0.00,0.0,0
1950-09-08,M,M,0.00,0.0,0
1950-09-09,M,M,0.05,0.0,0
1950-09-10,M,M,0.00,0.0,0
1950-09-11,M,M,0.00,0.0,0
1950-09-12,M,M,0.00,0.0,0
1950-09-13,M,M,0.00,0.0,0
1950-09-14,M,M,0.00,0.0,0
1950-09-15,M,M,0.00,0.0,0
1950-09-16,M,M,0.00,0.0,0
1950-09-17,M,M,0.00,0.0,0
1950-09-18,M,M,0.20,0.0,0
1950-09-19,M,M,0.25,0.0,0
1950-09-20,M,M,0.50,0.0,0
1950-09-21,M,M,0.00,0.0,0
1950-09-22,M,M,0.18,0.0,0
1950-09-23,M,M,0.04,0.0,0
1950-09-24,M,M,0.02,0.0,0
1950-09-25,M,M,0.22,0.0,0
1950-09-26,M,M,0.00,0.0,0
1950-09-27,M,M,0.00,0.0,0
1950-09-28,M,M,0.00,0.0,0
1950-09-29,M,M,0.00,0.0,0
1950-09-30,M,M,0.00,0.0,0
1950-10-01,M,M,0.06,0.0,0
1950-10-02,M,M,0.00,0.0,0
1950-10-03,M,M,0.00,0.0,0
1950-10-04,M,M,0.00,0.0,0
1950-10-05,M,M,0.00,0.0,0
1950-10-06,M,M,0.00,0.0,0
1950-10-07,M,M,0.00,0.0,0
1950-10-08,M,M,0.00,0.0,0
1950-10-09,M,M,0.00,0.0,0
1950-10-10,M,M,0.00,0.0,0
1950-10-11,M,M,0.00,0.0,0
1950-10-12,M,M,0.00,0.0,0
1950-10-13,M,M,0.00,0.0,0
1950-10-14,M,M,0.00,0.0,0
1950-10-15,M,M,0.00,0.0,0
1950-10-16,M,M,0.00,0.0,0
1950-10-17,M,M,0.00,0.0,0
1950-10-18,M,M,0.00,0.0,0
1950-10-19,M,M,0.00,0.0,0
1950-10-20,M,M,0.00,0.0,0
1950-10-21,M,M,0.00,0.0,0
1950-10-22,M,M,0.00,0.0,0
1950-10-23,M,M,0.00,0.0,0
1950-10-24,M,M,0.00,0.0,0
1950-10-25,M,M,0.00,0.0,0
1950-10-26,M,M,0.00,0.0,0
1950-10-27,M,M,0.00,0.0,0
1950-10-28,M,M,0.00,0.0,0
1950-10-29,M,M,0.00,0.0,0
1950-10-30,M,M,0.00,0.0,0
1950-10-31,M,M,0.00,0.0,0
1950-11-01,M,M,0.00,0.0,0
1950-11-02,M,M,0.00,0.0,0
1950-11-03,M,M,0.00,0.0,0
1950-11-04,M,M,0.00,0.0,0
1950-11-05,M,M,0.00,0.0,0
1950-11-06,M,M,0.00,0.0,0
1950-11-07,M,M,0.00,0.0,0
1950-11-08,M,M,0.00,0.0,0
1950-11-09,M,M,0.00,0.0,0
1950-11-10,M,M,T,T,0
1950-11-11,M,M,0.00,0.0,0
1950-11-12,M,M,0.00,0.0,0
1950-11-13,M,M,0.00,0.0,0
1950-11-14,M,M,0.00,0.0,0
1950-11-15,M,M,0.06,T,T
1950-11-16,M,M,0.00,0.0,0
1950-11-17,M,M,0.00,0.0,0
1950-11-18,M,M,T,0.0,0
1950-11-19,M,M,T,0.0,0
1950-11-20,M,M,0.00,0.0,0
1950-11-21,M,M,0.00,0.0,0
1950-11-22,M,M,0.00,0.0,0
1950-11-23,M,M,0.00,0.0,0
1950-11-24,M,M,0.00,0.0,0
1950-11-25,M,M,0.00,0.0,0
1950-11-26,M,M,0.00,0.0,0
1950-11-27,M,M,0.00,0.0,0
1950-11-28,M,M,0.00,0.0,0
1950-11-29,M,M,0.00,0.0,0
1950-11-30,M,M,0.00,0.0,0
1950-12-01,M,M,T,T,T
1950-12-02,M,M,T,T,T
1950-12-03,M,M,0.00,0.0,0
1950-12-04,M,M,T,T,0
1950-12-05,M,M,T,0.0,0
1950-12-06,M,M,0.04,T,T
1950-12-07,M,M,T,T,T
1950-12-08,M,M,0.01,T,T
1950-12-09,M,M,0.00,0.0,0
1950-12-10,M,M,0.00,0.0,0
1950-12-11,M,M,0.00,0.0,0
1950-12-12,M,M,0.00,0.0,0
1950-12-13,M,M,0.00,0.0,0
1950-12-14,M,M,0.00,0.0,0
1950-12-15,M,M,0.00,0.0,0
1950-12-16,M,M,0.00,0.0,0
1950-12-17,M,M,0.00,0.0,0
1950-12-18,M,M,0.00,0.0,0
1950-12-19,M,M,0.00,0.0,0
1950-12-20,M,M,0.00,0.0,0
1950-12-21,M,M,0.00,0.0,0
1950-12-22,M,M,0.00,0.0,0
1950-12-23,M,M,0.00,0.0,0
1950-12-24,M,M,0.00,0.0,0
1950-12-25,M,M,0.00,0.0,0
1950-12-26,M,M,0.00,0.0,0
1950-12-27,M,M,0.00,0.0,0
1950-12-28,M,M,0.00,0.0,0
1950-12-29,M,M,0.00,0.0,0
1950-12-30,M,M,0.00,0.0,0
1950-12-31,M,M,T,T,0
1951-01-01,M,M,0.00,0.0,0
1951-01-02,M,M,0.05,1.5,1
1951-01-03,M,M,0.00,0.0,M
1951-01-04,M,M,0.00,0.0,M
1951-01-05,M,M,0.00,0.0,0
1951-01-06,M,M,0.00,0.0,0
1951-01-07,M,M,0.00,0.0,0
1951-01-08,M,M,0.00,0.0,0
1951-01-09,M,M,0.00,0.0,0
1951-01-10,M,M,0.00,0.0,0
1951-01-11,M,M,0.02,0.5,1
1951-01-12,M,M,0.00,0.0,0
1951-01-13,M,M,0.08,2.5,1
1951-01-14,M,M,0.00,0.0,0
1951-01-15,M,M,0.00,0.0,0
1951-01-16,M,M,0.00,0.0,0
1951-01-17,M,M,0.00,0.0,0
1951-01-18,M,M,0.00,0.0,0
1951-01-19,M,M,0.00,0.0,0
1951-01-20,M,M,0.00,0.0,0
1951-01-21,M,M,0.00,0.0,0
1951-01-22,M,M,0.00,0.0,0
1951-01-23,M,M,0.00,0.0,0
1951-01-24,M,M,0.00,0.0,0
1951-01-25,M,M,0.00,0.0,0
1951-01-26,M,M,0.00,0.0,0
1951-01-27,M,M,0.00,0.0,0
1951-01-28,M,M,0.00,0.0,0
1951-01-29,M,M,0.00,0.0,0
1951-01-30,M,M,0.24,4.0,3
1951-01-31,M,M,0.37,10.0,9
1951-02-01,M,M,0.01,0.5,7
1951-02-02,M,M,0.00,0.0,M
1951-02-03,M,M,0.00,0.0,M
1951-02-04,M,M,0.00,0.0,M
1951-02-05,M,M,0.00,0.0,M
1951-02-06,M,M,T,0.0,M
1951-02-07,M,M,0.00,0.0,M
1951-02-08,M,M,0.00,0.0,M
1951-02-09,M,M,0.00,0.0,M
1951-02-10,M,M,0.00,0.0,M
1951-02-11,M,M,0.00,0.0,M
1951-02-12,M,M,0.00,0.0,M
1951-02-13,M,M,0.08,2.0,1
1951-02-14,M,M,0.09,2.0,1
1951-02-15,M,M,0.00,0.0,M
1951-02-16,M,M,0.00,0.0,M
1951-02-17,M,M,0.00,0.0,M
1951-02-18,M,M,0.00,0.0,M
1951-02-19,M,M,0.00,0.0,M
1951-02-20,M,M,0.03,1.0,0
1951-02-21,M,M,0.00,0.0,0
1951-02-22,M,M,0.00,0.0,0
1951-02-23,M,M,0.00,0.0,0
1951-02-24,M,M,0.03,0.0,0
1951-02-25,M,M,0.09,0.0,0
1951-02-26,M,M,0.00,0.0,0
1951-02-27,M,M,0.00,0.0,0
1951-02-28,M,M,0.00,0.0,0
1951-03-01,M,M,0.00,0.0,0
1951-03-02,M,M,0.01,0.0,0
1951-03-03,M,M,T,0.0,0
1951-03-04,M,M,0.00,0.0,0
1951-03-05,M,M,0.00,0.0,0
1951-03-06,M,M,0.00,0.0,0
1951-03-07,M,M,0.00,0.0,0
1951-03-08,M,M,0.00,0.0,0
1951-03-09,M,M,0.00,0.0,0
1951-03-10,M,M,0.28,0.0,0
1951-03-11,M,M,0.00,0.0,0
1951-03-12,M,M,0.02,0.0,0
1951-03-13,M,M,0.00,0.0,0
1951-03-14,M,M,0.00,0.0,0
1951-03-15,M,M,0.00,0.0,0
1951-03-16,M,M,0.00,0.0,0
1951-03-17,M,M,0.00,0.0,0
1951-03-18,M,M,0.01,T,0
1951-03-19,M,M,0.00,0.0,0
1951-03-20,M,M,0.00,0.0,0
1951-03-21,M,M,0.00,0.0,0
1951-03-22,M,M,0.00,0.0,0
1951-03-23,M,M,0.00,0.0,0
1951-03-24,M,M,0.00,0.0,0
1951-03-25,M,M,0.00,0.0,0
1951-03-26,M,M,0.00,0.0,0
1951-03-27,M,M,0.00,0.0,0
1951-03-28,M,M,0.06,0.0,0
1951-03-29,M,M,0.25,0.0,0
1951-03-30,M,M,0.00,0.0,0
1951-03-31,M,M,0.01,0.0,0
1951-04-01,M,M,0.19,0.5,1
1951-04-02,M,M,0.00,0.0,M
1951-04-03,M,M,T,0.0,M
1951-04-04,M,M,T,0.0,M
1951-04-05,M,M,0.38,0.0,M
1951-04-06,M,M,0.10,0.0,M
1951-04-07,M,M,0.17,0.0,0
1951-04-08,M,M,T,0.0,0
1951-04-09,M,M,0.06,0.0,0
1951-04-10,M,M,0.00,0.0,0
1951-04-11,M,M,0.01,0.0,0
1951-04-12,M,M,0.00,0.0,0
1951-04-13,M,M,0.00,0.0,0
1951-04-14,M,M,0.00,0.0,0
1951-04-15,M,M,0.00,0.0,0
1951-04-16,M,M,0.00,0.0,0
1951-04-17,M,M,0.00,0.0,0
1951-04-18,M,M,0.00,0.0,0
1951-04-19,M,M,T,0.0,0
1951-04-20,M,M,T,0.0,0
1951-04-21,M,M,0.05,0.0,0
1951-04-22,M,M,0.00,0.0,0
1951-04-23,M,M,0.00,0.0,0
1951-04-24,M,M,0.00,0.0,0
1951-04-25,M,M,0.00,0.0,0
1951-04-26,M,M,0.00,0.0,0
1951-04-27,M,M,0.00,0.0,0
1951-04-28,M,M,0.00,0.0,0
1951-04-29,M,M,0.00,0.0,0
1951-04-30,M,M,0.09,T,0
1951-05-01,M,M,0.01,0.0,0
1951-05-02,M,M,0.01,0.0,0
1951-05-03,M,M,T,0.0,0
1951-05-04,M,M,0.00,0.0,0
1951-05-05,M,M,0.00,0.0,0
1951-05-06,M,M,0.00,0.0,0
1951-05-07,M,M,0.00,0.0,0
1951-05-08,M,M,0.00,0.0,0
1951-05-09,M,M,0.00,0.0,0
1951-05-10,M,M,T,0.0,0
1951-05-11,M,M,0.27,0.0,0
1951-05-12,M,M,0.01,0.0,0
1951-05-13,M,M,0.00,0.0,0
1951-05-14,M,M,0.00,0.0,0
1951-05-15,M,M,0.00,0.0,0
1951-05-16,M,M,0.00,0.0,0
1951-05-17,M,M,0.22,0.0,0
1951-05-18,M,M,0.07,0.0,0
1951-05-19,M,M,0.00,0.0,0
1951-05-20,M,M,0.00,0.0,0
1951-05-21,M,M,0.00,0.0,0
1951-05-22,M,M,0.00,0.0,0
1951-05-23,M,M,0.00,0.0,0
1951-05-24,M,M,0.00,0.0,0
1951-05-25,M,M,0.00,0.0,0
1951-05-26,M,M,0.00,0.0,0
1951-05-27,M,M,0.00,0.0,0
1951-05-28,M,M,0.00,0.0,0
1951-05-29,M,M,T,0.0,0
1951-05-30,M,M,0.00,0.0,0
1951-05-31,M,M,T,0.0,0
1951-06-01,M,M,0.00,0.0,0
1951-06-02,M,M,0.00,0.0,0
1951-06-03,M,M,0.00,0.0,0
1951-06-04,M,M,0.00,0.0,0
1951-06-05,M,M,0.00,0.0,0
1951-06-06,M,M,0.00,0.0,0
1951-06-07,M,M,0.00,0.0,0
1951-06-08,M,M,0.00,0.0,0
1951-06-09,M,M,0.00,0.0,0
1951-06-10,M,M,0.00,0.0,0
1951-06-11,M,M,0.00,0.0,0
1951-06-12,M,M,T,0.0,0
1951-06-13,M,M,0.00,0.0,0
1951-06-14,M,M,0.00,0.0,0
1951-06-15,M,M,0.00,0.0,0
1951-06-16,M,M,0.00,0.0,0
1951-06-17,M,M,0.00,0.0,0
1951-06-18,M,M,0.00,0.0,0
1951-06-19,M,M,0.00,0.0,0
1951-06-20,M,M,0.00,0.0,0
1951-06-21,M,M,0.00,0.0,0
1951-06-22,M,M,0.00,0.0,0
1951-06-23,M,M,0.00,0.0,0
1951-06-24,M,M,0.00,0.0,0
1951-06-25,M,M,0.00,0.0,0
1951-06-26,M,M,0.00,0.0,0
1951-06-27,M,M,0.00,0.0,0
1951-06-28,M,M,0.00,0.0,0
1951-06-29,M,M,0.00,0.0,0
1951-06-30,M,M,0.00,0.0,0
1951-07-01,M,M,0.00,0.0,0
1951-07-02,M,M,0.00,0.0,0
1951-07-03,M,M,0.00,0.0,0
1951-07-04,M,M,0.00,0.0,0
1951-07-05,M,M,0.00,0.0,0
1951-07-06,M,M,0.00,0.0,0
1951-07-07,M,M,0.00,0.0,0
1951-07-08,M,M,0.00,0.0,0
1951-07-09,M,M,0.00,0.0,0
1951-07-10,M,M,0.00,0.0,0
1951-07-11,M,M,0.00,0.0,0
1951-07-12,M,M,0.00,0.0,0
1951-07-13,M,M,0.00,0.0,0
1951-07-14,M,M,0.03,0.0,0
1951-07-15,M,M,0.05,0.0,0
1951-07-16,M,M,T,0.0,0
1951-07-17,M,M,0.00,0.0,0
1951-07-18,M,M,T,0.0,0
1951-07-19,M,M,0.23,0.0,0
1951-07-20,M,M,0.22,0.0,0
1951-07-21,M,M,0.00,0.0,0
1951-07-22,M,M,0.06,0.0,0
1951-07-23,M,M,M,0.0,0
1951-07-24,M,M,0.09,0.0,0
1951-07-25,M,M,0.11,0.0,0
1951-07-26,M,M,0.04,0.0,0
1951-07-27,M,M,T,0.0,0
1951-07-28,M,M,0.01,0.0,0
1951-07-29,M,M,T,0.0,0
1951-07-30,M,M,0.01,0.0,0
1951-07-31,M,M,0.00,0.0,0
1951-08-01,M,M,0.24,0.0,0
1951-08-02,M,M,0.00,0.0,0
1951-08-03,M,M,0.00,0.0,0
1951-08-04,M,M,0.46,0.0,0
1951-08-05,M,M,0.16,0.0,0
1951-08-06,M,M,0.00,0.0,0
1951-08-07,M,M,0.00,0.0,0
1951-08-08,M,M,0.00,0.0,0
1951-08-09,M,M,0.00,0.0,0
1951-08-10,M,M,0.00,0.0,0
1951-08-11,M,M,0.00,0.0,0
1951-08-12,M,M,0.00,0.0,0
1951-08-13,M,M,0.00,0.0,0
1951-08-14,M,M,0.00,0.0,0
1951-08-15,M,M,0.00,0.0,0
1951-08-16,M,M,0.00,0.0,0
1951-08-17,M,M,0.00,0.0,0
1951-08-18,M,M,0.00,0.0,0
1951-08-19,M,M,0.00,0.0,0
1951-08-20,M,M,0.00,0.0,0
1951-08-21,M,M,0.01,0.0,0
1951-08-22,M,M,0.51,0.0,0
1951-08-23,M,M,0.00,0.0,0
1951-08-24,M,M,0.29,0.0,0
1951-08-25,M,M,0.23,0.0,0
1951-08-26,M,M,0.00,0.0,0
1951-08-27,M,M,0.00,0.0,0
1951-08-28,M,M,0.00,0.0,0
1951-08-29,M,M,0.20,0.0,0
1951-08-30,M,M,T,0.0,0
1951-08-31,M,M,0.00,0.0,0
1951-09-01,M,M,0.00,0.0,0
1951-09-02,M,M,0.00,0.0,0
1951-09-03,M,M,0.00,0.0,0
1951-09-04,M,M,0.00,0.0,0
1951-09-05,M,M,0.00,0.0,0
1951-09-06,M,M,0.00,0.0,0
1951-09-07,M,M,0.00,0.0,0
1951-09-08,M,M,T,0.0,0
1951-09-09,M,M,0.14,0.0,0
1951-09-10,M,M,0.00,0.0,0
1951-09-11,M,M,0.00,0.0,0
1951-09-12,M,M,0.00,0.0,0
1951-09-13,M,M,0.00,0.0,0
1951-09-14,M,M,0.00,0.0,0
1951-09-15,M,M,0.00,0.0,0
1951-09-16,M,M,0.00,0.0,0
1951-09-17,M,M,0.00,0.0,0
1951-09-18,M,M,0.00,0.0,0
1951-09-19,M,M,0.00,0.0,0
1951-09-20,M,M,0.00,0.0,0
1951-09-21,M,M,0.00,0.0,0
1951-09-22,M,M,0.00,0.0,0
1951-09-23,M,M,0.02,0.0,0
1951-09-24,M,M,0.00,0.0,0
1951-09-25,M,M,0.00,0.0,0
1951-09-26,M,M,0.00,0.0,0
1951-09-27,M,M,0.00,0.0,0
1951-09-28,M,M,0.00,0.0,0
1951-09-29,M,M,0.00,0.0,0
1951-09-30,M,M,T,0.0,0
1951-10-01,M,M,0.00,0.0,0
1951-10-02,M,M,0.00,0.0,0
1951-10-03,M,M,0.00,0.0,0
1951-10-04,M,M,0.00,0.0,0
1951-10-05,M,M,T,0.0,0
1951-10-06,M,M,0.00,0.0,0
1951-10-07,M,M,0.00,0.0,0
1951-10-08,M,M,0.00,0.0,0
1951-10-09,M,M,0.00,0.0,0
1951-10-10,M,M,0.00,0.0,0
1951-10-11,M,M,0.00,0.0,0
1951-10-12,M,M,0.00,0.0,0
1951-10-13,M,M,0.00,0.0,0
1951-10-14,M,M,0.00,0.0,0
1951-10-15,M,M,0.00,0.0,0
1951-10-16,M,M,0.00,0.0,0
1951-10-17,M,M,0.00,0.0,0
1951-10-18,M,M,0.00,0.0,0
1951-10-19,M,M,0.00,0.0,0
1951-10-20,M,M,T,0.0,0
1951-10-21,M,M,T,0.0,0
1951-10-22,M,M,0.00,0.0,0
1951-10-23,M,M,0.00,0.0,0
1951-10-24,M,M,0.00,0.0,0
1951-10-25,M,M,T,0.0,0
1951-10-26,M,M,0.11,0.0,0
1951-10-27,M,M,0.37,0.0,0
1951-10-28,M,M,0.00,0.0,0
1951-10-29,M,M,T,0.0,0
1951-10-30,M,M,T,0.0,0
1951-10-31,M,M,0.02,0.0,0
1951-11-01,M,M,0.07,0.0,0
1951-11-02,M,M,T,0.0,0
1951-11-03,M,M,0.00,0.0,0
1951-11-04,M,M,0.00,0.0,0
1951-11-05,M,M,0.00,0.0,0
1951-11-06,M,M,0.00,0.0,0
1951-11-07,M,M,0.00,0.0,0
1951-11-08,M,M,0.00,0.0,0
1951-11-09,M,M,0.00,0.0,0
1951-11-10,M,M,0.00,0.0,0
1951-11-11,M,M,T,0.0,0
1951-11-12,M,M,T,0.0,0
1951-11-13,M,M,0.18,0.0,0
1951-11-14,M,M,T,0.0,0
1951-11-15,M,M,0.10,0.0,0
1951-11-16,M,M,0.00,0.0,0
1951-11-17,M,M,0.06,0.0,0
1951-11-18,M,M,0.18,0.0,0
1951-11-19,M,M,0.00,0.0,0
1951-11-20,M,M,0.00,0.0,0
1951-11-21,M,M,0.00,0.0,0
1951-11-22,M,M,0.00,0.0,0
1951-11-23,M,M,0.00,0.0,0
1951-11-24,M,M,0.00,0.0,0
1951-11-25,M,M,0.00,0.0,0
1951-11-26,M,M,0.00,0.0,0
1951-11-27,M,M,0.00,0.0,0
1951-11-28,M,M,0.00,0.0,0
1951-11-29,M,M,0.00,0.0,0
1951-11-30,M,M,0.00,0.0,0
1951-12-01,M,M,0.00,0.0,0
1951-12-02,M,M,0.00,0.0,0
1951-12-03,M,M,0.00,0.0,0
1951-12-04,M,M,0.22,4.0,4
1951-12-05,M,M,0.28,5.0,5
1951-12-06,M,M,0.09,2.0,4
1951-12-07,M,M,0.02,0.0,3
1951-12-08,M,M,T,0.0,3
1951-12-09,M,M,0.04,1.0,3
1951-12-10,M,M,0.00,0.0,3
1951-12-11,M,M,0.00,0.0,3
1951-12-12,M,M,0.00,0.0,2
1951-12-13,M,M,0.00,0.0,2
1951-12-14,M,M,0.01,0.5,2
1951-12-15,M,M,0.00,0.0,2
1951-12-16,M,M,0.00,0.0,2
1951-12-17,M,M,0.00,0.0,1
1951-12-18,M,M,0.00,0.0,1
1951-12-19,M,M,0.14,3.0,4
1951-12-20,M,M,0.17,3.0,5
1951-12-21,M,M,0.00,0.0,5
1951-12-22,M,M,0.00,0.0,4
1951-12-23,M,M,0.00,0.0,4
1951-12-24,M,M,T,0.0,4
1951-12-25,M,M,0.00,0.0,3
1951-12-26,M,M,0.00,0.0,M
1951-12-27,M,M,0.00,0.0,2
1951-12-28,M,M,0.00,0.0,2
1951-12-29,M,M,0.13,0.0,1
1951-12-30,M,M,0.85,0.0,T
1951-12-31,M,M,0.06,0.0,0
1952-01-01,M,M,0.10,1.1,M
1952-01-02,M,M,T,T,M
1952-01-03,M,M,0.03,1.0,M
1952-01-04,M,M,0.10,2.0,M
1952-01-05,M,M,0.00,0.0,M
1952-01-06,M,M,0.00,0.0,M
1952-01-07,M,M,0.04,0.7,1
1952-01-08,M,M,T,0.0,M
1952-01-09,M,M,T,0.0,M
1952-01-10,M,M,0.00,0.0,M
1952-01-11,M,M,0.00,0.0,M
1952-01-12,M,M,0.00,0.0,M
1952-01-13,M,M,0.00,0.0,M
1952-01-14,M,M,0.47,0.0,M
1952-01-15,M,M,0.00,0.0,M
1952-01-16,M,M,0.00,0.0,M
1952-01-17,M,M,0.00,0.0,M
1952-01-18,M,M,0.30,3.5,M
1952-01-19,M,M,0.07,0.0,M
1952-01-20,M,M,0.00,0.0,M
1952-01-21,M,M,0.00,0.0,M
1952-01-22,M,M,T,0.0,M
1952-01-23,M,M,0.00,0.0,M
1952-01-24,M,M,0.00,0.0,M
1952-01-25,M,M,0.00,0.0,M
1952-01-26,M,M,0.05,0.2,T
1952-01-27,M,M,0.00,0.0,0
1952-01-28,M,M,0.00,0.0,0
1952-01-29,M,M,0.00,0.0,0
1952-01-30,M,M,0.00,0.0,0
1952-01-31,M,M,0.00,0.0,0
1952-02-01,M,M,0.00,M,M
1952-02-02,M,M,0.00,M,M
1952-02-03,M,M,0.01,M,M
1952-02-04,M,M,0.00,M,M
1952-02-05,M,M,0.00,M,M
1952-02-06,M,M,0.00,M,M
1952-02-07,M,M,0.00,M,M
1952-02-08,M,M,0.00,M,M
1952-02-09,M,M,0.00,M,M
1952-02-10,M,M,0.00,M,M
1952-02-11,M,M,0.06,M,M
1952-02-12,M,M,T,M,M
1952-02-13,M,M,0.02,M,M
1952-02-14,M,M,0.00,M,M
1952-02-15,M,M,0.02,M,M
1952-02-16,M,M,0.00,M,M
1952-02-17,M,M,0.00,M,M
1952-02-18,M,M,0.00,M,M
1952-02-19,M,M,0.00,M,M
1952-02-20,M,M,0.00,M,M
1952-02-21,M,M,0.00,M,M
1952-02-22,M,M,0.00,M,M
1952-02-23,M,M,0.00,M,M
1952-02-24,M,M,0.00,M,M
1952-02-25,M,M,0.17,M,M
1952-02-26,M,M,0.00,M,M
1952-02-27,M,M,0.00,M,M
1952-02-28,M,M,0.00,M,M
1952-02-29,M,M,0.00,M,M
1952-03-01,M,M,0.00,M,M
1952-03-02,M,M,0.22,M,M
1952-03-03,M,M,0.01,M,M
1952-03-04,M,M,0.00,M,M
1952-03-05,M,M,0.02,M,M
1952-03-06,M,M,0.00,M,M
1952-03-07,M,M,0.00,M,M
1952-03-08,M,M,0.00,M,M
1952-03-09,M,M,0.00,M,M
1952-03-10,M,M,0.00,M,M
1952-03-11,M,M,0.00,M,M
1952-03-12,M,M,0.03,M,M
1952-03-13,M,M,0.00,M,M
1952-03-14,M,M,T,M,M
1952-03-15,M,M,0.00,M,M
1952-03-16,M,M,T,M,M
1952-03-17,M,M,0.00,M,M
1952-03-18,M,M,0.00,M,M
1952-03-19,M,M,0.00,M,M
1952-03-20,M,M,0.00,M,M
1952-03-21,M,M,0.00,M,M
1952-03-22,M,M,0.00,M,M
1952-03-23,M,M,T,M,M
1952-03-24,M,M,0.00,M,M
1952-03-25,M,M,0.00,M,M
1952-03-26,M,M,0.00,M,M
1952-03-27,M,M,0.08,M,M
1952-03-28,M,M,0.00,M,M
1952-03-29,M,M,0.00,M,M
1952-03-30,M,M,0.00,M,M
1952-03-31,M,M,0.00,M,M
1952-04-01,M,M,0.00,0.0,0
1952-04-02,M,M,0.00,0.0,0
1952-04-03,M,M,0.00,0.0,0
1952-04-04,M,M,0.00,0.0,0
1952-04-05,M,M,0.00,0.0,0
1952-04-06,M,M,0.00,0.0,0
1952-04-07,M,M,0.00,0.0,0
1952-04-08,M,M,0.00,0.0,0
1952-04-09,M,M,0.03,0.0,0
1952-04-10,M,M,0.00,0.0,0
1952-04-11,M,M,0.05,0.0,0
1952-04-12,M,M,0.00,0.0,0
1952-04-13,M,M,0.00,0.0,0
1952-04-14,M,M,0.00,0.0,0
1952-04-15,M,M,0.00,0.0,0
1952-04-16,M,M,0.00,0.0,0
1952-04-17,M,M,0.00,0.0,0
1952-04-18,M,M,0.00,0.0,0
1952-04-19,M,M,0.00,0.0,0
1952-04-20,M,M,0.24,0.0,0
1952-04-21,M,M,0.22,0.0,0
1952-04-22,M,M,0.06,0.0,0
1952-04-23,M,M,0.08,0.0,0
1952-04-24,M,M,0.00,0.0,0
1952-04-25,M,M,0.00,0.0,0
1952-04-26,M,M,0.00,0.0,0
1952-04-27,M,M,0.00,0.0,0
1952-04-28,M,M,0.23,0.0,0
1952-04-29,M,M,0.05,0.0,0
1952-04-30,M,M,0.00,0.0,0
1952-05-01,M,M,0.00,0.0,0
1952-05-02,M,M,0.00,0.0,0
1952-05-03,M,M,0.00,0.0,0
1952-05-04,M,M,0.00,0.0,0
1952-05-05,M,M,0.00,0.0,0
1952-05-06,M,M,0.05,0.0,0
1952-05-07,M,M,0.00,0.0,0
1952-05-08,M,M,0.00,0.0,0
1952-05-09,M,M,0.00,0.0,0
1952-05-10,M,M,0.00,0.0,0
1952-05-11,M,M,0.00,0.0,0
1952-05-12,M,M,0.00,0.0,0
1952-05-13,M,M,0.00,0.0,0
1952-05-14,M,M,0.00,0.0,0
1952-05-15,M,M,0.00,0.0,0
1952-05-16,M,M,0.00,0.0,0
1952-05-17,M,M,1.33,0.0,0
1952-05-18,M,M,0.23,0.0,0
1952-05-19,M,M,0.03,0.0,0
1952-05-20,M,M,0.01,0.0,0
1952-05-21,M,M,0.04,0.0,0
1952-05-22,M,M,0.01,0.0,0
1952-05-23,M,M,0.01,0.0,0
1952-05-24,M,M,T,0.0,0
1952-05-25,M,M,T,0.0,0
1952-05-26,M,M,0.00,0.0,0
1952-05-27,M,M,0.08,0.0,0
1952-05-28,M,M,0.01,0.0,0
1952-05-29,M,M,0.04,0.0,0
1952-05-30,M,M,0.03,0.0,0
1952-05-31,M,M,0.00,0.0,0
1952-06-01,M,M,0.09,0.0,0
1952-06-02,M,M,T,0.0,0
1952-06-03,M,M,0.18,0.0,0
1952-06-04,M,M,0.22,T,0
1952-06-05,M,M,0.00,0.0,0
1952-06-06,M,M,0.00,0.0,0
1952-06-07,M,M,0.00,0.0,0
1952-06-08,M,M,0.00,0.0,0
1952-06-09,M,M,0.00,0.0,0
1952-06-10,M,M,0.00,0.0,0
1952-06-11,M,M,0.00,0.0,0
1952-06-12,M,M,0.00,0.0,0
1952-06-13,M,M,0.00,0.0,0
1952-06-14,M,M,0.00,0.0,0
1952-06-15,M,M,0.00,0.0,0
1952-06-16,M,M,0.00,0.0,0
1952-06-17,M,M,0.00,0.0,0
1952-06-18,M,M,0.00,0.0,0
1952-06-19,M,M,0.00,0.0,0
1952-06-20,M,M,0.04,0.0,0
1952-06-21,M,M,0.00,0.0,0
1952-06-22,M,M,0.00,0.0,0
1952-06-23,M,M,0.00,0.0,0
1952-06-24,M,M,0.00,0.0,0
1952-06-25,M,M,0.00,0.0,0
1952-06-26,M,M,0.00,0.0,0
1952-06-27,M,M,0.00,0.0,0
1952-06-28,M,M,0.00,0.0,0
1952-06-29,M,M,0.00,0.0,0
1952-06-30,M,M,0.02,0.0,0
1952-07-01,M,M,0.10,0.0,0
1952-07-02,M,M,0.00,0.0,0
1952-07-03,M,M,0.00,0.0,0
1952-07-04,M,M,0.00,0.0,0
1952-07-05,M,M,0.00,0.0,0
1952-07-06,M,M,0.05,0.0,0
1952-07-07,M,M,0.26,0.0,0
1952-07-08,M,M,0.05,0.0,0
1952-07-09,M,M,0.00,0.0,0
1952-07-10,M,M,0.13,0.0,0
1952-07-11,M,M,0.00,0.0,0
1952-07-12,M,M,0.00,0.0,0
1952-07-13,M,M,0.00,0.0,0
1952-07-14,M,M,0.00,0.0,0
1952-07-15,M,M,0.08,0.0,0
1952-07-16,M,M,0.00,0.0,0
1952-07-17,M,M,0.09,0.0,0
1952-07-18,M,M,T,0.0,0
1952-07-19,M,M,0.00,0.0,0
1952-07-20,M,M,0.20,0.0,0
1952-07-21,M,M,0.00,0.0,0
1952-07-22,M,M,0.00,0.0,0
1952-07-23,M,M,0.00,0.0,0
1952-07-24,M,M,0.01,0.0,0
1952-07-25,M,M,0.00,0.0,0
1952-07-26,M,M,0.00,0.0,0
1952-07-27,M,M,0.00,0.0,0
1952-07-28,M,M,0.01,0.0,0
1952-07-29,M,M,0.11,0.0,0
1952-07-30,M,M,0.00,0.0,0
1952-07-31,M,M,0.09,0.0,0
1952-08-01,M,M,0.13,0.0,0
1952-08-02,M,M,0.18,0.0,0
1952-08-03,M,M,0.03,0.0,0
1952-08-04,M,M,0.00,0.0,0
1952-08-05,M,M,0.02,0.0,0
1952-08-06,M,M,0.00,0.0,0
1952-08-07,M,M,0.00,0.0,0
1952-08-08,M,M,0.00,0.0,0
1952-08-09,M,M,0.00,0.0,0
1952-08-10,M,M,0.01,0.0,0
1952-08-11,M,M,0.00,0.0,0
1952-08-12,M,M,0.05,0.0,0
1952-08-13,M,M,0.00,0.0,0
1952-08-14,M,M,0.00,0.0,0
1952-08-15,M,M,T,0.0,0
1952-08-16,M,M,0.00,0.0,0
1952-08-17,M,M,0.02,0.0,0
1952-08-18,M,M,T,0.0,0
1952-08-19,M,M,0.10,0.0,0
1952-08-20,M,M,0.01,0.0,0
1952-08-21,M,M,0.00,0.0,0
1952-08-22,M,M,0.02,0.0,0
1952-08-23,M,M,T,0.0,0
1952-08-24,M,M,0.09,0.0,0
1952-08-25,M,M,0.00,0.0,0
1952-08-26,M,M,0.07,0.0,0
1952-08-27,M,M,0.00,0.0,0
1952-08-28,M,M,0.52,0.0,0
1952-08-29,M,M,0.00,0.0,0
1952-08-30,M,M,T,0.0,0
1952-08-31,M,M,0.00,0.0,0
1952-09-01,M,M,0.00,0.0,0
1952-09-02,M,M,0.00,0.0,0
1952-09-03,M,M,0.00,0.0,0
1952-09-04,M,M,0.00,0.0,0
1952-09-05,M,M,0.00,0.0,0
1952-09-06,M,M,0.00,0.0,0
1952-09-07,M,M,0.00,0.0,0
1952-09-08,M,M,0.00,0.0,0
1952-09-09,M,M,0.00,0.0,0
1952-09-10,M,M,0.00,0.0,0
1952-09-11,M,M,0.00,0.0,0
1952-09-12,M,M,0.00,0.0,0
1952-09-13,M,M,0.00,0.0,0
1952-09-14,M,M,0.00,0.0,0
1952-09-15,M,M,0.00,0.0,0
1952-09-16,M,M,0.00,0.0,0
1952-09-17,M,M,0.05,0.0,0
1952-09-18,M,M,0.00,0.0,0
1952-09-19,M,M,0.00,0.0,0
1952-09-20,M,M,0.00,0.0,0
1952-09-21,M,M,0.00,0.0,0
1952-09-22,M,M,0.36,0.0,0
1952-09-23,M,M,0.01,0.0,0
1952-09-24,M,M,0.05,0.0,0
1952-09-25,M,M,0.00,0.0,0
1952-09-26,M,M,0.00,0.0,0
1952-09-27,M,M,0.00,0.0,0
1952-09-28,M,M,0.00,0.0,0
1952-09-29,M,M,0.00,0.0,0
1952-09-30,M,M,0.00,0.0,0
1952-10-01,M,M,0.00,0.0,0
1952-10-02,M,M,0.00,0.0,0
1952-10-03,M,M,0.00,0.0,0
1952-10-04,M,M,0.00,0.0,0
1952-10-05,M,M,0.00,0.0,0
1952-10-06,M,M,0.00,0.0,0
1952-10-07,M,M,0.00,0.0,0
1952-10-08,M,M,0.00,0.0,0
1952-10-09,M,M,0.00,0.0,0
1952-10-10,M,M,0.00,0.0,0
1952-10-11,M,M,0.00,0.0,0
1952-10-12,M,M,0.00,0.0,0
1952-10-13,M,M,0.00,0.0,0
1952-10-14,M,M,0.00,0.0,0
1952-10-15,M,M,0.00,0.0,0
1952-10-16,M,M,0.00,0.0,0
1952-10-17,M,M,0.00,0.0,0
1952-10-18,M,M,0.00,0.0,0
1952-10-19,M,M,0.00,0.0,0
1952-10-20,M,M,0.00,0.0,0
1952-10-21,M,M,0.00,0.0,0
1952-10-22,M,M,0.00,0.0,0
1952-10-23,M,M,0.00,0.0,0
1952-10-24,M,M,0.00,0.0,0
1952-10-25,M,M,0.00,0.0,0
1952-10-26,M,M,0.00,0.0,0
1952-10-27,M,M,0.00,0.0,0
1952-10-28,M,M,0.00,0.0,0
1952-10-29,M,M,0.00,0.0,0
1952-10-30,M,M,0.00,0.0,0
1952-10-31,M,M,0.00,0.0,0
1952-11-01,M,M,0.00,0.0,0
1952-11-02,M,M,0.00,0.0,0
1952-11-03,M,M,0.30,0.0,0
1952-11-04,M,M,0.00,0.0,M
1952-11-05,M,M,0.00,0.0,0
1952-11-06,M,M,0.00,0.0,0
1952-11-07,M,M,0.00,0.0,0
1952-11-08,M,M,0.00,0.0,0
1952-11-09,M,M,S,M,M
1952-11-10,M,M,0.45A,M,M
1952-11-11,M,M,0.00,M,M
1952-11-12,M,M,0.00,M,M
1952-11-13,M,M,0.00,M,M
1952-11-14,M,M,0.00,M,M
1952-11-15,M,M,0.00,M,M
1952-11-16,M,M,0.23,M,M
1952-11-17,M,M,0.02,M,M
1952-11-18,M,M,0.00,M,M
1952-11-19,M,M,0.00,M,M
1952-11-20,M,M,0.00,M,M
1952-11-21,M,M,0.00,M,M
1952-11-22,M,M,0.00,M,M
1952-11-23,M,M,S,M,M
1952-11-24,M,M,0.12A,M,M
1952-11-25,M,M,0.17,M,M
1952-11-26,M,M,0.00,M,M
1952-11-27,M,M,0.00,M,M
1952-11-28,M,M,0.01,M,M
1952-11-29,M,M,T,M,M
1952-11-30,M,M,0.12,M,M
1952-12-01,M,M,0.00,0.0,0
1952-12-02,M,M,0.00,0.0,0
1952-12-03,M,M,0.00,0.0,0
1952-12-04,M,M,0.00,0.0,0
1952-12-05,M,M,0.00,0.0,0
1952-12-06,M,M,0.00,0.0,0
1952-12-07,M,M,0.00,0.0,0
1952-12-08,M,M,0.00,0.0,0
1952-12-09,M,M,0.00,0.0,0
1952-12-10,M,M,0.00,0.0,0
1952-12-11,M,M,0.00,0.0,0
1952-12-12,M,M,0.00,0.0,0
1952-12-13,M,M,0.00,0.0,0
1952-12-14,M,M,0.00,0.0,0
1952-12-15,M,M,0.00,0.0,0
1952-12-16,M,M,0.00,0.0,0
1952-12-17,M,M,0.00,0.0,0
1952-12-18,M,M,0.07,0.0,0
1952-12-19,M,M,0.00,0.0,0
1952-12-20,M,M,0.00,0.0,0
1952-12-21,M,M,0.00,0.0,0
1952-12-22,M,M,0.14,0.0,0
1952-12-23,M,M,0.00,0.0,0
1952-12-24,M,M,0.20,M,M
1952-12-25,M,M,T,0.0,M
1952-12-26,M,M,0.00,0.0,M
1952-12-27,M,M,0.00,0.0,M
1952-12-28,M,M,0.00,0.0,M
1952-12-29,M,M,0.00,0.0,M
1952-12-30,M,M,0.00,0.0,M
1952-12-31,M,M,T,0.0,M
1953-01-01,M,M,0.00,0.0,0
1953-01-02,M,M,0.00,0.0,0
1953-01-03,M,M,0.00,0.0,0
1953-01-04,M,M,0.00,0.0,0
1953-01-05,M,M,0.00,0.0,0
1953-01-06,M,M,0.12,0.0,0
1953-01-07,M,M,0.10,0.0,0
1953-01-08,M,M,0.00,0.0,0
1953-01-09,M,M,0.00,0.0,0
1953-01-10,M,M,0.00,0.0,0
1953-01-11,M,M,0.00,0.0,0
1953-01-12,M,M,0.00,0.0,0
1953-01-13,M,M,0.00,0.0,0
1953-01-14,M,M,T,0.0,0
1953-01-15,M,M,0.02,0.0,0
1953-01-16,M,M,0.00,0.0,0
1953-01-17,M,M,0.00,0.0,0
1953-01-18,M,M,0.00,0.0,0
1953-01-19,M,M,0.00,0.0,0
1953-01-20,M,M,0.00,0.0,0
1953-01-21,M,M,0.00,0.0,0
1953-01-22,M,M,0.00,0.0,0
1953-01-23,M,M,0.00,0.0,0
1953-01-24,M,M,0.00,0.0,0
1953-01-25,M,M,0.00,0.0,0
1953-01-26,M,M,0.00,0.0,0
1953-01-27,M,M,0.00,0.0,0
1953-01-28,M,M,0.00,0.0,0
1953-01-29,M,M,0.00,0.0,0
1953-01-30,M,M,M,M,M
1953-01-31,M,M,0.00,0.0,0
1953-02-01,M,M,0.00,0.0,0
1953-02-02,M,M,0.00,0.0,0
1953-02-03,M,M,0.00,0.0,0
1953-02-04,M,M,0.00,0.0,0
1953-02-05,M,M,0.00,0.0,0
1953-02-06,M,M,0.00,0.0,0
1953-02-07,M,M,0.00,0.0,0
1953-02-08,M,M,0.00,0.0,0
1953-02-09,M,M,0.00,0.0,0
1953-02-10,M,M,0.00,0.0,0
1953-02-11,M,M,0.41,M,M
1953-02-12,M,M,0.00,0.0,M
1953-02-13,M,M,0.02,M,M
1953-02-14,M,M,0.00,0.0,M
1953-02-15,M,M,0.00,0.0,M
1953-02-16,M,M,0.00,0.0,M
1953-02-17,M,M,0.00,0.0,M
1953-02-18,M,M,0.00,0.0,M
1953-02-19,M,M,0.00,0.0,M
1953-02-20,M,M,0.03,M,M
1953-02-21,M,M,0.00,0.0,M
1953-02-22,M,M,0.00,0.0,M
1953-02-23,M,M,0.00,0.0,M
1953-02-24,M,M,0.00,0.0,M
1953-02-25,M,M,0.01,M,M
1953-02-26,M,M,0.00,0.0,M
1953-02-27,M,M,0.00,0.0,M
1953-02-28,M,M,0.00,0.0,M
1953-03-01,M,M,S,M,M
1953-03-02,M,M,0.23A,M,M
1953-03-03,M,M,0.09,M,M
1953-03-04,M,M,0.00,0.0,0
1953-03-05,M,M,0.00,0.0,0
1953-03-06,M,M,0.00,0.0,0
1953-03-07,M,M,0.00,0.0,0
1953-03-08,M,M,0.18,0.0,0
1953-03-09,M,M,0.05,0.0,0
1953-03-10,M,M,0.00,0.0,0
1953-03-11,M,M,0.00,0.0,0
1953-03-12,M,M,0.00,0.0,0
1953-03-13,M,M,0.00,0.0,0
1953-03-14,M,M,0.00,0.0,0
1953-03-15,M,M,0.00,0.0,0
1953-03-16,M,M,0.00,0.0,0
1953-03-17,M,M,0.00,0.0,0
1953-03-18,M,M,0.00,0.0,0
1953-03-19,M,M,0.00,0.0,0
1953-03-20,M,M,0.00,0.0,0
1953-03-21,M,M,0.03,0.0,0
1953-03-22,M,M,0.00,0.0,0
1953-03-23,M,M,0.00,0.0,0
1953-03-24,M,M,0.00,0.0,0
1953-03-25,M,M,0.00,0.0,0
1953-03-26,M,M,0.00,0.0,0
1953-03-27,M,M,0.00,0.0,0
1953-03-28,M,M,0.00,0.0,0
1953-03-29,M,M,0.05,0.0,0
1953-03-30,M,M,0.03,0.0,0
1953-03-31,M,M,0.00,0.0,0
1953-04-01,M,M,0.00,0.0,0
1953-04-02,M,M,0.00,0.0,0
1953-04-03,M,M,0.00,0.0,0
1953-04-04,M,M,0.00,0.0,0
1953-04-05,M,M,0.00,0.0,0
1953-04-06,M,M,0.00,0.0,0
1953-04-07,M,M,0.12,0.0,0
1953-04-08,M,M,0.05,0.0,0
1953-04-09,M,M,0.00,0.0,0
1953-04-10,M,M,0.00,0.0,0
1953-04-11,M,M,0.00,0.0,0
1953-04-12,M,M,0.00,0.0,0
1953-04-13,M,M,0.00,0.0,0
1953-04-14,M,M,0.00,0.0,0
1953-04-15,M,M,0.00,0.0,0
1953-04-16,M,M,0.00,0.0,0
1953-04-17,M,M,0.00,0.0,0
1953-04-18,M,M,0.00,0.0,0
1953-04-19,M,M,0.00,0.0,0
1953-04-20,M,M,0.00,0.0,0
1953-04-21,M,M,0.00,0.0,0
1953-04-22,M,M,0.00,0.0,0
1953-04-23,M,M,0.00,0.0,0
1953-04-24,M,M,0.07,0.0,0
1953-04-25,M,M,0.00,0.0,0
1953-04-26,M,M,0.00,0.0,0
1953-04-27,M,M,0.00,0.0,0
1953-04-28,M,M,0.00,0.0,0
1953-04-29,M,M,0.02,0.0,0
1953-04-30,M,M,0.00,0.0,0
1953-05-01,M,M,0.00,0.0,0
1953-05-02,M,M,0.00,0.0,0
1953-05-03,M,M,0.00,0.0,0
1953-05-04,M,M,0.15,0.0,0
1953-05-05,M,M,0.04,0.0,0
1953-05-06,M,M,0.00,0.0,0
1953-05-07,M,M,0.00,0.0,0
1953-05-08,M,M,0.00,0.0,0
1953-05-09,M,M,0.00,0.0,0
1953-05-10,M,M,0.00,0.0,0
1953-05-11,M,M,0.00,0.0,0
1953-05-12,M,M,0.00,0.0,0
1953-05-13,M,M,0.78,0.0,0
1953-05-14,M,M,0.00,0.0,0
1953-05-15,M,M,0.00,0.0,0
1953-05-16,M,M,0.09,0.0,0
1953-05-17,M,M,0.00,0.0,0
1953-05-18,M,M,0.49,0.0,0
1953-05-19,M,M,0.00,0.0,0
1953-05-20,M,M,0.00,0.0,0
1953-05-21,M,M,0.00,0.0,0
1953-05-22,M,M,0.00,0.0,0
1953-05-23,M,M,0.00,0.0,0
1953-05-24,M,M,0.00,0.0,0
1953-05-25,M,M,0.00,0.0,0
1953-05-26,M,M,0.00,0.0,0
1953-05-27,M,M,0.00,0.0,0
1953-05-28,M,M,0.05,0.0,0
1953-05-29,M,M,0.00,0.0,0
1953-05-30,M,M,0.00,0.0,0
1953-05-31,M,M,0.00,0.0,0
1953-06-01,M,M,0.00,0.0,0
1953-06-02,M,M,0.00,0.0,0
1953-06-03,M,M,0.00,0.0,0
1953-06-04,M,M,0.00,0.0,0
1953-06-05,M,M,0.00,0.0,0
1953-06-06,M,M,0.00,0.0,0
1953-06-07,M,M,0.00,0.0,0
1953-06-08,M,M,0.00,0.0,0
1953-06-09,M,M,0.00,0.0,0
1953-06-10,M,M,0.00,0.0,0
1953-06-11,M,M,0.00,0.0,0
1953-06-12,M,M,0.00,0.0,0
1953-06-13,M,M,0.00,0.0,0
1953-06-14,M,M,0.00,0.0,0
1953-06-15,M,M,0.00,0.0,0
1953-06-16,M,M,0.00,0.0,0
1953-06-17,M,M,0.18,0.0,0
1953-06-18,M,M,0.02,0.0,0
1953-06-19,M,M,0.11,0.0,0
1953-06-20,M,M,0.00,0.0,0
1953-06-21,M,M,0.00,0.0,0
1953-06-22,M,M,0.00,0.0,0
1953-06-23,M,M,0.00,0.0,0
1953-06-24,M,M,0.00,0.0,0
1953-06-25,M,M,0.00,0.0,0
1953-06-26,M,M,0.00,0.0,0
1953-06-27,M,M,0.00,0.0,0
1953-06-28,M,M,0.00,0.0,0
1953-06-29,M,M,0.00,0.0,0
1953-06-30,M,M,0.00,0.0,0
1953-07-01,M,M,0.00,0.0,0
1953-07-02,M,M,0.00,0.0,0
1953-07-03,M,M,0.00,0.0,0
1953-07-04,M,M,0.00,0.0,0
1953-07-05,M,M,0.00,0.0,0
1953-07-06,M,M,0.00,0.0,0
1953-07-07,M,M,0.00,0.0,0
1953-07-08,M,M,0.00,0.0,0
1953-07-09,M,M,0.00,0.0,0
1953-07-10,M,M,0.00,0.0,0
1953-07-11,M,M,0.00,0.0,0
1953-07-12,M,M,0.26,0.0,0
1953-07-13,M,M,0.01,0.0,0
1953-07-14,M,M,0.11,0.0,0
1953-07-15,M,M,0.00,0.0,0
1953-07-16,M,M,0.07,0.0,0
1953-07-17,M,M,0.60,0.0,0
1953-07-18,M,M,0.43,0.0,0
1953-07-19,M,M,0.08,0.0,0
1953-07-20,M,M,0.22,0.0,0
1953-07-21,M,M,0.00,0.0,0
1953-07-22,M,M,0.03,0.0,0
1953-07-23,M,M,0.19,0.0,0
1953-07-24,M,M,0.00,0.0,0
1953-07-25,M,M,0.00,0.0,0
1953-07-26,M,M,0.00,0.0,0
1953-07-27,M,M,0.05,0.0,0
1953-07-28,M,M,0.00,0.0,0
1953-07-29,M,M,0.00,0.0,0
1953-07-30,M,M,0.21,0.0,0
1953-07-31,M,M,0.10,0.0,0
1953-08-01,M,M,0.07,0.0,0
1953-08-02,M,M,0.00,0.0,0
1953-08-03,M,M,0.00,0.0,0
1953-08-04,M,M,0.00,0.0,0
1953-08-05,M,M,0.00,0.0,0
1953-08-06,M,M,0.00,0.0,0
1953-08-07,M,M,0.00,0.0,0
1953-08-08,M,M,M,M,M
1953-08-09,M,M,0.00,0.0,0
1953-08-10,M,M,0.03,0.0,0
1953-08-11,M,M,0.18,0.0,0
1953-08-12,M,M,0.00,0.0,0
1953-08-13,M,M,0.00,0.0,0
1953-08-14,M,M,0.00,0.0,0
1953-08-15,M,M,0.00,0.0,0
1953-08-16,M,M,0.00,0.0,0
1953-08-17,M,M,0.00,0.0,0
1953-08-18,M,M,0.10,0.0,0
1953-08-19,M,M,0.19,0.0,0
1953-08-20,M,M,0.00,0.0,0
1953-08-21,M,M,0.23,0.0,0
1953-08-22,M,M,0.02,0.0,0
1953-08-23,M,M,0.00,0.0,0
1953-08-24,M,M,0.00,0.0,0
1953-08-25,M,M,0.00,0.0,0
1953-08-26,M,M,0.00,0.0,0
1953-08-27,M,M,0.00,0.0,0
1953-08-28,M,M,0.00,0.0,0
1953-08-29,M,M,0.00,0.0,0
1953-08-30,M,M,0.00,0.0,0
1953-08-31,M,M,0.00,0.0,0
1953-09-01,M,M,0.00,0.0,0
1953-09-02,M,M,0.09,0.0,0
1953-09-03,M,M,0.00,0.0,0
1953-09-04,M,M,0.00,0.0,0
1953-09-05,M,M,0.00,0.0,0
1953-09-06,M,M,0.00,0.0,0
1953-09-07,M,M,0.00,0.0,0
1953-09-08,M,M,0.00,0.0,0
1953-09-09,M,M,0.00,0.0,0
1953-09-10,M,M,0.00,0.0,0
1953-09-11,M,M,0.00,0.0,0
1953-09-12,M,M,0.00,0.0,0
1953-09-13,M,M,0.00,0.0,0
1953-09-14,M,M,0.00,0.0,0
1953-09-15,M,M,0.00,0.0,0
1953-09-16,M,M,0.00,0.0,0
1953-09-17,M,M,0.00,0.0,0
1953-09-18,M,M,0.00,0.0,0
1953-09-19,M,M,0.00,0.0,0
1953-09-20,M,M,0.00,0.0,0
1953-09-21,M,M,0.00,0.0,0
1953-09-22,M,M,0.00,0.0,0
1953-09-23,M,M,0.00,0.0,0
1953-09-24,M,M,0.00,0.0,0
1953-09-25,M,M,0.00,0.0,0
1953-09-26,M,M,0.00,0.0,0
1953-09-27,M,M,0.00,0.0,0
1953-09-28,M,M,0.00,0.0,0
1953-09-29,M,M,0.00,0.0,0
1953-09-30,M,M,0.00,0.0,0
1953-10-01,M,M,0.00,0.0,0
1953-10-02,M,M,0.00,0.0,0
1953-10-03,M,M,0.00,0.0,0
1953-10-04,M,M,0.00,0.0,0
1953-10-05,M,M,0.00,0.0,0
1953-10-06,M,M,0.00,0.0,0
1953-10-07,M,M,0.00,0.0,0
1953-10-08,M,M,0.00,0.0,0
1953-10-09,M,M,0.00,0.0,0
1953-10-10,M,M,0.00,0.0,0
1953-10-11,M,M,0.00,0.0,0
1953-10-12,M,M,0.00,0.0,0
1953-10-13,M,M,0.11,0.0,0
1953-10-14,M,M,0.00,0.0,0
1953-10-15,M,M,0.00,0.0,0
1953-10-16,M,M,0.00,0.0,0
1953-10-17,M,M,0.00,0.0,0
1953-10-18,M,M,0.00,0.0,0
1953-10-19,M,M,0.00,0.0,0
1953-10-20,M,M,0.88,0.0,0
1953-10-21,M,M,0.03,0.0,0
1953-10-22,M,M,0.00,0.0,0
1953-10-23,M,M,0.10,0.0,0
1953-10-24,M,M,0.46,0.0,0
1953-10-25,M,M,0.00,0.0,0
1953-10-26,M,M,0.00,0.0,0
1953-10-27,M,M,0.00,0.0,0
1953-10-28,M,M,0.00,0.0,0
1953-10-29,M,M,0.00,0.0,0
1953-10-30,M,M,0.00,0.0,0
1953-10-31,M,M,0.00,0.0,0
1953-11-01,M,M,0.00,0.0,0
1953-11-02,M,M,0.00,0.0,0
1953-11-03,M,M,0.00,0.0,0
1953-11-04,M,M,0.00,0.0,0
1953-11-05,M,M,0.22,0.0,0
1953-11-06,M,M,0.82,0.0,0
1953-11-07,M,M,0.00,0.0,0
1953-11-08,M,M,0.00,0.0,0
1953-11-09,M,M,0.00,0.0,0
1953-11-10,M,M,0.00,0.0,0
1953-11-11,M,M,0.00,0.0,0
1953-11-12,M,M,0.00,0.0,0
1953-11-13,M,M,0.00,0.0,0
1953-11-14,M,M,0.00,0.0,0
1953-11-15,M,M,0.00,0.0,0
1953-11-16,M,M,0.00,0.0,0
1953-11-17,M,M,0.00,0.0,0
1953-11-18,M,M,0.00,0.0,0
1953-11-19,M,M,0.23,M,M
1953-11-20,M,M,0.00,0.0,0
1953-11-21,M,M,0.29,M,M
1953-11-22,M,M,0.06,M,M
1953-11-23,M,M,0.00,0.0,0
1953-11-24,M,M,0.00,0.0,0
1953-11-25,M,M,0.00,0.0,0
1953-11-26,M,M,0.00,0.0,0
1953-11-27,M,M,0.00,0.0,0
1953-11-28,M,M,0.00,0.0,0
1953-11-29,M,M,0.00,0.0,0
1953-11-30,M,M,0.00,0.0,0
1953-12-01,M,M,0.00,0.0,0
1953-12-02,M,M,0.09,M,M
1953-12-03,M,M,0.15,M,M
1953-12-04,M,M,0.00,0.0,0
1953-12-05,M,M,0.14,M,M
1953-12-06,M,M,0.00,0.0,0
1953-12-07,M,M,0.00,0.0,0
1953-12-08,M,M,0.00,0.0,0
1953-12-09,M,M,0.00,0.0,0
1953-12-10,M,M,0.00,0.0,0
1953-12-11,M,M,0.03,M,M
1953-12-12,M,M,0.00,0.0,0
1953-12-13,M,M,0.00,0.0,0
1953-12-14,M,M,0.00,0.0,0
1953-12-15,M,M,0.00,0.0,0
1953-12-16,M,M,0.00,0.0,0
1953-12-17,M,M,0.00,0.0,0
1953-12-18,M,M,0.00,0.0,0
1953-12-19,M,M,0.00,0.0,0
1953-12-20,M,M,0.00,0.0,0
1953-12-21,M,M,0.00,0.0,0
1953-12-22,M,M,0.00,0.0,0
1953-12-23,M,M,0.00,0.0,0
1953-12-24,M,M,0.00,0.0,0
1953-12-25,M,M,0.00,0.0,0
1953-12-26,M,M,0.00,0.0,0
1953-12-27,M,M,S,S,M
1953-12-28,M,M,0.06A,1.0A,1
1953-12-29,M,M,0.00,0.0,M
1953-12-30,M,M,0.00,0.0,M
1953-12-31,M,M,0.00,0.0,M
1954-01-01,M,M,0.00,0.0,0
1954-01-02,M,M,0.00,0.0,0
1954-01-03,M,M,0.00,0.0,0
1954-01-04,M,M,0.00,0.0,0
1954-01-05,M,M,0.00,0.0,0
1954-01-06,M,M,0.00,0.0,0
1954-01-07,M,M,0.00,0.0,0
1954-01-08,M,M,0.00,0.0,0
1954-01-09,M,M,0.00,0.0,0
1954-01-10,M,M,0.00,0.0,0
1954-01-11,M,M,0.00,0.0,0
1954-01-12,M,M,0.00,0.0,0
1954-01-13,M,M,0.03,1.5,1
1954-01-14,M,M,0.05,1.2,1
1954-01-15,M,M,0.00,0.0,M
1954-01-16,M,M,0.00,0.0,M
1954-01-17,M,M,0.00,0.0,M
1954-01-18,M,M,0.00,0.0,M
1954-01-19,M,M,0.00,0.0,M
1954-01-20,M,M,0.00,0.0,M
1954-01-21,M,M,0.31,2.9,3
1954-01-22,M,M,0.00,0.0,M
1954-01-23,M,M,0.00,0.0,M
1954-01-24,M,M,0.00,0.0,M
1954-01-25,M,M,0.00,0.0,M
1954-01-26,M,M,0.15,1.0,1
1954-01-27,M,M,0.00,0.0,M
1954-01-28,M,M,0.00,0.0,M
1954-01-29,M,M,0.00,0.0,M
1954-01-30,M,M,0.00,0.0,M
1954-01-31,M,M,0.00,0.0,M
1954-02-01,M,M,0.00,0.0,0
1954-02-02,M,M,0.00,0.0,0
1954-02-03,M,M,0.00,0.0,0
1954-02-04,M,M,0.00,0.0,0
1954-02-05,M,M,0.00,0.0,0
1954-02-06,M,M,0.00,0.0,0
1954-02-07,M,M,0.00,0.0,0
1954-02-08,M,M,0.00,0.0,0
1954-02-09,M,M,0.00,0.0,0
1954-02-10,M,M,0.00,0.0,0
1954-02-11,M,M,0.00,0.0,0
1954-02-12,M,M,0.00,0.0,0
1954-02-13,M,M,0.00,0.0,0
1954-02-14,M,M,0.00,0.0,0
1954-02-15,M,M,0.00,0.0,0
1954-02-16,M,M,0.00,0.0,0
1954-02-17,M,M,0.00,0.0,0
1954-02-18,M,M,0.00,0.0,0
1954-02-19,M,M,0.00,0.0,0
1954-02-20,M,M,0.00,0.0,0
1954-02-21,M,M,0.00,0.0,0
1954-02-22,M,M,0.00,0.0,0
1954-02-23,M,M,0.00,0.0,0
1954-02-24,M,M,0.00,0.0,0
1954-02-25,M,M,0.00,0.0,0
1954-02-26,M,M,0.00,0.0,0
1954-02-27,M,M,T,T,0
1954-02-28,M,M,0.00,0.0,0
1954-03-01,M,M,0.00,M,M
1954-03-02,M,M,0.00,M,M
1954-03-03,M,M,0.00,M,M
1954-03-04,M,M,0.00,M,M
1954-03-05,M,M,0.00,M,M
1954-03-06,M,M,0.00,M,M
1954-03-07,M,M,0.00,M,M
1954-03-08,M,M,0.00,M,M
1954-03-09,M,M,0.00,M,M
1954-03-10,M,M,0.00,M,M
1954-03-11,M,M,0.00,M,M
1954-03-12,M,M,T,M,M
1954-03-13,M,M,0.00,M,M
1954-03-14,M,M,0.00,M,M
1954-03-15,M,M,0.00,M,M
1954-03-16,M,M,0.00,M,M
1954-03-17,M,M,0.00,M,M
1954-03-18,M,M,T,M,M
1954-03-19,M,M,0.00,M,M
1954-03-20,M,M,0.03,M,M
1954-03-21,M,M,0.02,M,M
1954-03-22,M,M,0.20,M,M
1954-03-23,M,M,0.25,M,M
1954-03-24,M,M,0.41,M,M
1954-03-25,M,M,0.00,M,M
1954-03-26,M,M,0.14,M,M
1954-03-27,M,M,0.00,M,M
1954-03-28,M,M,0.00,M,M
1954-03-29,M,M,0.00,M,M
1954-03-30,M,M,0.00,M,M
1954-03-31,M,M,0.07,M,M
1954-04-01,M,M,0.00,0.0,0
1954-04-02,M,M,0.00,0.0,0
1954-04-03,M,M,0.00,0.0,0
1954-04-04,M,M,0.00,0.0,0
1954-04-05,M,M,0.00,0.0,0
1954-04-06,M,M,0.00,0.0,0
1954-04-07,M,M,0.00,0.0,0
1954-04-08,M,M,0.00,0.0,0
1954-04-09,M,M,0.00,0.0,0
1954-04-10,M,M,0.00,0.0,0
1954-04-11,M,M,0.00,0.0,0
1954-04-12,M,M,0.00,0.0,0
1954-04-13,M,M,0.00,0.0,0
1954-04-14,M,M,0.00,0.0,0
1954-04-15,M,M,0.00,0.0,0
1954-04-16,M,M,0.00,0.0,0
1954-04-17,M,M,0.00,0.0,0
1954-04-18,M,M,0.00,0.0,0
1954-04-19,M,M,0.00,0.0,0
1954-04-20,M,M,0.00,0.0,0
1954-04-21,M,M,0.00,0.0,0
1954-04-22,M,M,0.00,0.0,0
1954-04-23,M,M,0.00,0.0,0
1954-04-24,M,M,0.00,0.0,0
1954-04-25,M,M,0.00,0.0,0
1954-04-26,M,M,0.00,0.0,0
1954-04-27,M,M,0.00,0.0,0
1954-04-28,M,M,0.00,0.0,0
1954-04-29,M,M,0.00,0.0,0
1954-04-30,M,M,0.00,0.0,0
1954-05-01,M,M,0.37,0.0,0
1954-05-02,M,M,0.17,0.0,0
1954-05-03,M,M,0.00,0.0,0
1954-05-04,M,M,0.00,0.0,0
1954-05-05,M,M,0.00,0.0,0
1954-05-06,M,M,0.00,0.0,0
1954-05-07,M,M,0.00,0.0,0
1954-05-08,M,M,0.00,0.0,0
1954-05-09,M,M,0.00,0.0,0
1954-05-10,M,M,0.00,0.0,0
1954-05-11,M,M,0.66,0.0,0
1954-05-12,M,M,0.04,0.0,0
1954-05-13,M,M,0.01,0.0,0
1954-05-14,M,M,0.17,0.0,0
1954-05-15,M,M,0.00,0.0,0
1954-05-16,M,M,0.00,0.0,0
1954-05-17,M,M,0.00,0.0,0
1954-05-18,M,M,0.49,0.0,0
1954-05-19,M,M,0.00,0.0,0
1954-05-20,M,M,0.00,0.0,0
1954-05-21,M,M,0.00,0.0,0
1954-05-22,M,M,0.00,0.0,0
1954-05-23,M,M,0.10,0.0,0
1954-05-24,M,M,0.00,0.0,0
1954-05-25,M,M,0.10,0.0,0
1954-05-26,M,M,0.00,0.0,0
1954-05-27,M,M,0.00,0.0,0
1954-05-28,M,M,0.00,0.0,0
1954-05-29,M,M,0.00,0.0,0
1954-05-30,M,M,0.00,0.0,0
1954-05-31,M,M,0.00,0.0,0
1954-06-01,M,M,0.00,0.0,0
1954-06-02,M,M,0.00,0.0,0
1954-06-03,M,M,0.00,0.0,0
1954-06-04,M,M,0.00,0.0,0
1954-06-05,M,M,0.00,0.0,0
1954-06-06,M,M,0.00,0.0,0
1954-06-07,M,M,0.00,0.0,0
1954-06-08,M,M,0.00,0.0,0
1954-06-09,M,M,0.00,0.0,0
1954-06-10,M,M,0.00,0.0,0
1954-06-11,M,M,0.00,0.0,0
1954-06-12,M,M,0.00,0.0,0
1954-06-13,M,M,0.00,0.0,0
1954-06-14,M,M,0.00,0.0,0
1954-06-15,M,M,0.00,0.0,0
1954-06-16,M,M,0.00,0.0,0
1954-06-17,M,M,0.00,0.0,0
1954-06-18,M,M,0.00,0.0,0
1954-06-19,M,M,0.00,0.0,0
1954-06-20,M,M,0.00,0.0,0
1954-06-21,M,M,0.00,0.0,0
1954-06-22,M,M,0.00,0.0,0
1954-06-23,M,M,0.00,0.0,0
1954-06-24,M,M,0.00,0.0,0
1954-06-25,M,M,0.00,0.0,0
1954-06-26,M,M,0.35,0.0,0
1954-06-27,M,M,0.00,0.0,0
1954-06-28,M,M,0.00,0.0,0
1954-06-29,M,M,0.00,0.0,0
1954-06-30,M,M,0.00,0.0,0
1954-07-01,M,M,0.00,0.0,0
1954-07-02,M,M,0.00,0.0,0
1954-07-03,M,M,0.35,0.0,0
1954-07-04,M,M,S,0.0,0
1954-07-05,M,M,0.10A,0.0,0
1954-07-06,M,M,0.00,0.0,0
1954-07-07,M,M,0.00,0.0,0
1954-07-08,M,M,0.00,0.0,0
1954-07-09,M,M,0.04,0.0,0
1954-07-10,M,M,0.00,0.0,0
1954-07-11,M,M,0.00,0.0,0
1954-07-12,M,M,0.00,0.0,0
1954-07-13,M,M,0.00,0.0,0
1954-07-14,M,M,0.00,0.0,0
1954-07-15,M,M,0.00,0.0,0
1954-07-16,M,M,0.00,0.0,0
1954-07-17,M,M,0.00,0.0,0
1954-07-18,M,M,0.00,0.0,0
1954-07-19,M,M,0.01,0.0,0
1954-07-20,M,M,0.14,0.0,0
1954-07-21,M,M,0.00,0.0,0
1954-07-22,M,M,0.00,0.0,0
1954-07-23,M,M,0.20,0.0,0
1954-07-24,M,M,0.36,0.0,0
1954-07-25,M,M,0.00,0.0,0
1954-07-26,M,M,0.02,0.0,0
1954-07-27,M,M,0.00,0.0,0
1954-07-28,M,M,0.00,0.0,0
1954-07-29,M,M,0.00,0.0,0
1954-07-30,M,M,0.00,0.0,0
1954-07-31,M,M,0.35,0.0,0
1954-08-01,M,M,0.02,0.0,0
1954-08-02,M,M,0.00,0.0,0
1954-08-03,M,M,0.00,0.0,0
1954-08-04,M,M,0.00,0.0,0
1954-08-05,M,M,0.00,0.0,0
1954-08-06,M,M,0.01,0.0,0
1954-08-07,M,M,0.00,0.0,0
1954-08-08,M,M,0.09,0.0,0
1954-08-09,M,M,0.04,0.0,0
1954-08-10,M,M,0.07,0.0,0
1954-08-11,M,M,S,0.0,0
1954-08-12,M,M,0.36A,0.0,0
1954-08-13,M,M,0.21,0.0,0
1954-08-14,M,M,0.00,0.0,0
1954-08-15,M,M,0.00,0.0,0
1954-08-16,M,M,0.04,0.0,0
1954-08-17,M,M,0.00,0.0,0
1954-08-18,M,M,0.00,0.0,0
1954-08-19,M,M,0.00,0.0,0
1954-08-20,M,M,0.00,0.0,0
1954-08-21,M,M,0.23,0.0,0
1954-08-22,M,M,0.00,0.0,0
1954-08-23,M,M,0.00,0.0,0
1954-08-24,M,M,0.00,0.0,0
1954-08-25,M,M,0.00,0.0,0
1954-08-26,M,M,0.22,0.0,0
1954-08-27,M,M,0.00,0.0,0
1954-08-28,M,M,0.00,0.0,0
1954-08-29,M,M,0.00,0.0,0
1954-08-30,M,M,0.21,0.0,0
1954-08-31,M,M,0.22,0.0,0
1954-09-01,M,M,0.00,0.0,0
1954-09-02,M,M,0.20,0.0,0
1954-09-03,M,M,0.00,0.0,0
1954-09-04,M,M,0.00,0.0,0
1954-09-05,M,M,0.00,0.0,0
1954-09-06,M,M,0.04,0.0,0
1954-09-07,M,M,0.00,0.0,0
1954-09-08,M,M,0.04,0.0,0
1954-09-09,M,M,0.00,0.0,0
1954-09-10,M,M,0.00,0.0,0
1954-09-11,M,M,M,M,M
1954-09-12,M,M,0.10,0.0,0
1954-09-13,M,M,0.22,0.0,0
1954-09-14,M,M,M,M,M
1954-09-15,M,M,0.00,0.0,0
1954-09-16,M,M,0.00,0.0,0
1954-09-17,M,M,0.00,0.0,0
1954-09-18,M,M,0.00,0.0,0
1954-09-19,M,M,0.00,0.0,0
1954-09-20,M,M,0.00,0.0,0
1954-09-21,M,M,0.00,0.0,0
1954-09-22,M,M,0.00,0.0,0
1954-09-23,M,M,0.00,0.0,0
1954-09-24,M,M,0.10,0.0,0
1954-09-25,M,M,0.03,0.0,0
1954-09-26,M,M,0.52,0.0,0
1954-09-27,M,M,0.02,0.0,0
1954-09-28,M,M,0.00,0.0,0
1954-09-29,M,M,0.00,0.0,0
1954-09-30,M,M,0.00,0.0,0
1954-10-01,M,M,0.00,0.0,0
1954-10-02,M,M,0.00,0.0,0
1954-10-03,M,M,0.01,0.0,0
1954-10-04,M,M,0.00,0.0,0
1954-10-05,M,M,0.30,0.0,0
1954-10-06,M,M,0.01,0.0,0
1954-10-07,M,M,0.07,0.0,0
1954-10-08,M,M,0.09,0.0,0
1954-10-09,M,M,0.00,0.0,0
1954-10-10,M,M,0.02,0.0,0
1954-10-11,M,M,0.00,0.0,0
1954-10-12,M,M,0.00,0.0,0
1954-10-13,M,M,0.00,0.0,0
1954-10-14,M,M,0.00,0.0,0
1954-10-15,M,M,0.00,0.0,0
1954-10-16,M,M,0.00,0.0,0
1954-10-17,M,M,0.00,0.0,0
1954-10-18,M,M,0.00,0.0,0
1954-10-19,M,M,0.00,0.0,0
1954-10-20,M,M,0.00,0.0,0
1954-10-21,M,M,0.00,0.0,0
1954-10-22,M,M,0.00,0.0,0
1954-10-23,M,M,0.00,0.0,0
1954-10-24,M,M,0.00,0.0,0
1954-10-25,M,M,0.00,0.0,0
1954-10-26,M,M,0.00,0.0,0
1954-10-27,M,M,0.00,0.0,0
1954-10-28,M,M,0.00,0.0,0
1954-10-29,M,M,0.00,0.0,0
1954-10-30,M,M,0.00,0.0,0
1954-10-31,M,M,0.00,0.0,0
1954-11-01,M,M,0.00,0.0,0
1954-11-02,M,M,0.00,0.0,0
1954-11-03,M,M,0.06,0.0,0
1954-11-04,M,M,0.00,0.0,0
1954-11-05,M,M,0.00,0.0,0
1954-11-06,M,M,0.00,0.0,0
1954-11-07,M,M,0.00,0.0,0
1954-11-08,M,M,0.00,0.0,0
1954-11-09,M,M,0.00,0.0,0
1954-11-10,M,M,0.00,0.0,0
1954-11-11,M,M,0.00,0.0,0
1954-11-12,M,M,0.03,0.0,0
1954-11-13,M,M,0.00,0.0,0
1954-11-14,M,M,0.00,0.0,0
1954-11-15,M,M,0.00,0.0,0
1954-11-16,M,M,0.00,0.0,M
1954-11-17,M,M,0.00,0.0,0
1954-11-18,M,M,0.00,0.0,0
1954-11-19,M,M,0.00,0.0,0
1954-11-20,M,M,0.00,0.0,0
1954-11-21,M,M,0.00,0.0,0
1954-11-22,M,M,0.00,0.0,0
1954-11-23,M,M,0.00,0.0,0
1954-11-24,M,M,0.00,0.0,0
1954-11-25,M,M,0.00,0.0,0
1954-11-26,M,M,0.00,0.0,0
1954-11-27,M,M,0.00,0.0,0
1954-11-28,M,M,0.00,0.0,0
1954-11-29,M,M,0.00,0.0,0
1954-11-30,M,M,0.00,0.0,0
1954-12-01,M,M,0.00,0.0,0
1954-12-02,M,M,0.00,0.0,0
1954-12-03,M,M,0.00,0.0,0
1954-12-04,M,M,T,0.0,0
1954-12-05,M,M,0.00,0.0,0
1954-12-06,M,M,0.00,0.0,0
1954-12-07,M,M,0.00,0.0,0
1954-12-08,M,M,0.00,0.0,0
1954-12-09,M,M,0.00,0.0,0
1954-12-10,M,M,0.00,0.0,0
1954-12-11,M,M,0.23,4.2,4
1954-12-12,M,M,0.00,0.0,M
1954-12-13,M,M,0.00,0.0,M
1954-12-14,M,M,0.00,0.0,M
1954-12-15,M,M,0.00,0.0,M
1954-12-16,M,M,0.03,T,M
1954-12-17,M,M,0.00,0.0,M
1954-12-18,M,M,0.00,0.0,M
1954-12-19,M,M,0.00,0.0,M
1954-12-20,M,M,0.00,0.0,M
1954-12-21,M,M,0.00,0.0,M
1954-12-22,M,M,0.00,0.0,M
1954-12-23,M,M,0.00,0.0,M
1954-12-24,M,M,0.00,0.0,M
1954-12-25,M,M,0.00,0.0,M
1954-12-26,M,M,0.00,0.0,M
1954-12-27,M,M,0.00,0.0,M
1954-12-28,M,M,0.00,0.0,M
1954-12-29,M,M,0.00,0.0,M
1954-12-30,M,M,0.00,0.0,M
1954-12-31,M,M,0.00,0.0,M
1955-01-01,M,M,0.00,0.0,0
1955-01-02,M,M,0.00,0.0,0
1955-01-03,M,M,T,T,0
1955-01-04,M,M,0.00,0.0,0
1955-01-05,M,M,T,T,0
1955-01-06,M,M,0.00,0.0,0
1955-01-07,M,M,0.00,0.0,0
1955-01-08,M,M,0.00,0.0,0
1955-01-09,M,M,0.07,T,0
1955-01-10,M,M,0.00,0.0,0
1955-01-11,M,M,0.00,0.0,0
1955-01-12,M,M,0.00,0.0,0
1955-01-13,M,M,0.00,0.0,0
1955-01-14,M,M,0.00,0.0,0
1955-01-15,M,M,0.00,0.0,0
1955-01-16,M,M,0.00,0.0,0
1955-01-17,M,M,0.27,4.3,4
1955-01-18,M,M,0.00,0.0,M
1955-01-19,M,M,0.00,0.0,M
1955-01-20,M,M,0.00,0.0,M
1955-01-21,M,M,0.00,0.0,M
1955-01-22,M,M,0.00,0.0,M
1955-01-23,M,M,0.00,0.0,M
1955-01-24,M,M,0.00,0.0,M
1955-01-25,M,M,0.00,0.0,M
1955-01-26,M,M,0.00,0.0,M
1955-01-27,M,M,0.00,0.0,M
1955-01-28,M,M,0.00,0.0,M
1955-01-29,M,M,0.00,0.0,M
1955-01-30,M,M,0.00,0.0,M
1955-01-31,M,M,0.00,0.0,M
1955-02-01,M,M,0.10,2.0,2
1955-02-02,M,M,0.00,0.0,0
1955-02-03,M,M,0.00,0.0,0
1955-02-04,M,M,0.00,0.0,0
1955-02-05,M,M,0.00,0.0,0
1955-02-06,M,M,0.00,0.0,0
1955-02-07,M,M,0.00,0.0,0
1955-02-08,M,M,0.00,0.0,0
1955-02-09,M,M,0.00,0.0,0
1955-02-10,M,M,0.00,0.0,0
1955-02-11,M,M,0.00,0.0,0
1955-02-12,M,M,0.00,0.0,0
1955-02-13,M,M,0.00,0.0,0
1955-02-14,M,M,0.00,0.0,0
1955-02-15,M,M,0.00,0.0,0
1955-02-16,M,M,0.00,0.0,0
1955-02-17,M,M,0.00,0.0,0
1955-02-18,M,M,0.10,1.0,0
1955-02-19,M,M,0.07,1.0,0
1955-02-20,M,M,0.05,1.0,0
1955-02-21,M,M,0.10,1.0,0
1955-02-22,M,M,0.05,1.0,0
1955-02-23,M,M,0.12,4.0,2
1955-02-24,M,M,0.00,0.0,0
1955-02-25,M,M,0.00,0.0,0
1955-02-26,M,M,0.00,0.0,0
1955-02-27,M,M,0.00,0.0,0
1955-02-28,M,M,0.10,1.0,1
1955-03-01,M,M,M,M,M
1955-03-02,M,M,M,M,M
1955-03-03,M,M,M,M,M
1955-03-04,M,M,M,M,M
1955-03-05,M,M,M,M,M
1955-03-06,M,M,M,M,M
1955-03-07,M,M,M,M,M
1955-03-08,M,M,M,M,M
1955-03-09,M,M,M,M,M
1955-03-10,M,M,M,M,M
1955-03-11,M,M,M,M,M
1955-03-12,M,M,M,M,M
1955-03-13,M,M,M,M,M
1955-03-14,M,M,M,M,M
1955-03-15,M,M,M,M,M
1955-03-16,M,M,M,M,M
1955-03-17,M,M,M,M,M
1955-03-18,M,M,M,M,M
1955-03-19,M,M,M,M,M
1955-03-20,M,M,M,M,M
1955-03-21,M,M,M,M,M
1955-03-22,M,M,M,M,M
1955-03-23,M,M,M,M,M
1955-03-24,M,M,M,M,M
1955-03-25,M,M,M,M,M
1955-03-26,M,M,M,M,M
1955-03-27,M,M,M,M,M
1955-03-28,M,M,M,M,M
1955-03-29,M,M,M,M,M
1955-03-30,M,M,M,M,M
1955-03-31,M,M,M,M,M
1955-04-01,M,M,0.00,0.0,0
1955-04-02,M,M,0.00,0.0,0
1955-04-03,M,M,0.00,0.0,0
1955-04-04,M,M,0.00,0.0,0
1955-04-05,M,M,0.00,0.0,0
1955-04-06,M,M,0.16,2.0,0
1955-04-07,M,M,0.00,0.0,0
1955-04-08,M,M,0.00,0.0,0
1955-04-09,M,M,0.00,0.0,0
1955-04-10,M,M,0.00,0.0,0
1955-04-11,M,M,0.00,0.0,0
1955-04-12,M,M,0.00,0.0,0
1955-04-13,M,M,0.00,0.0,0
1955-04-14,M,M,0.00,0.0,0
1955-04-15,M,M,0.00,0.0,0
1955-04-16,M,M,0.00,0.0,0
1955-04-17,M,M,0.00,0.0,0
1955-04-18,M,M,0.00,0.0,0
1955-04-19,M,M,0.00,0.0,0
1955-04-20,M,M,0.00,0.0,0
1955-04-21,M,M,0.00,0.0,0
1955-04-22,M,M,0.65,0.0,0
1955-04-23,M,M,0.00,0.0,0
1955-04-24,M,M,0.00,0.0,0
1955-04-25,M,M,0.00,0.0,0
1955-04-26,M,M,0.00,0.0,0
1955-04-27,M,M,0.00,0.0,0
1955-04-28,M,M,0.00,0.0,M
1955-04-29,M,M,0.00,0.0,0
1955-04-30,M,M,0.00,0.0,0
1955-05-01,M,M,0.00,0.0,0
1955-05-02,M,M,0.16,0.0,0
1955-05-03,M,M,0.00,0.0,0
1955-05-04,M,M,0.00,0.0,0
1955-05-05,M,M,0.00,0.0,0
1955-05-06,M,M,0.00,0.0,0
1955-05-07,M,M,0.07,0.0,0
1955-05-08,M,M,0.17,0.0,0
1955-05-09,M,M,0.09,0.0,0
1955-05-10,M,M,0.11,0.0,0
1955-05-11,M,M,0.68,0.0,0
1955-05-12,M,M,0.03,0.0,0
1955-05-13,M,M,0.00,0.0,0
1955-05-14,M,M,0.00,0.0,0
1955-05-15,M,M,0.00,0.0,0
1955-05-16,M,M,0.00,0.0,0
1955-05-17,M,M,0.00,0.0,0
1955-05-18,M,M,0.10,0.0,0
1955-05-19,M,M,0.97,0.0,0
1955-05-20,M,M,0.06,0.0,0
1955-05-21,M,M,T,0.0,0
1955-05-22,M,M,0.12,0.0,0
1955-05-23,M,M,0.00,0.0,0
1955-05-24,M,M,0.00,0.0,0
1955-05-25,M,M,0.00,0.0,0
1955-05-26,M,M,0.00,0.0,0
1955-05-27,M,M,0.00,0.0,0
1955-05-28,M,M,0.00,0.0,0
1955-05-29,M,M,0.00,0.0,0
1955-05-30,M,M,T,0.0,0
1955-05-31,M,M,0.00,0.0,0
1955-06-01,M,M,0.00,0.0,0
1955-06-02,M,M,0.00,0.0,0
1955-06-03,M,M,0.00,0.0,0
1955-06-04,M,M,0.00,0.0,0
1955-06-05,M,M,0.00,0.0,0
1955-06-06,M,M,0.00,0.0,0
1955-06-07,M,M,0.00,0.0,0
1955-06-08,M,M,0.00,0.0,0
1955-06-09,M,M,0.00,0.0,0
1955-06-10,M,M,0.00,0.0,0
1955-06-11,M,M,0.00,0.0,0
1955-06-12,M,M,0.00,0.0,0
1955-06-13,M,M,0.09,0.0,0
1955-06-14,M,M,0.00,0.0,0
1955-06-15,M,M,0.00,0.0,0
1955-06-16,M,M,0.00,0.0,0
1955-06-17,M,M,0.00,0.0,0
1955-06-18,M,M,0.00,0.0,0
1955-06-19,M,M,0.00,0.0,0
1955-06-20,M,M,0.00,0.0,0
1955-06-21,M,M,0.00,0.0,0
1955-06-22,M,M,0.00,0.0,0
1955-06-23,M,M,0.00,0.0,0
1955-06-24,M,M,0.00,0.0,0
1955-06-25,M,M,0.00,0.0,0
1955-06-26,M,M,0.00,0.0,0
1955-06-27,M,M,0.00,0.0,0
1955-06-28,M,M,0.00,0.0,0
1955-06-29,M,M,0.00,0.0,0
1955-06-30,M,M,0.00,0.0,0
1955-07-01,M,M,0.00,0.0,0
1955-07-02,M,M,0.00,0.0,0
1955-07-03,M,M,0.00,0.0,0
1955-07-04,M,M,0.20,0.0,0
1955-07-05,M,M,0.00,0.0,0
1955-07-06,M,M,0.00,0.0,0
1955-07-07,M,M,0.00,0.0,0
1955-07-08,M,M,0.00,0.0,0
1955-07-09,M,M,0.00,0.0,0
1955-07-10,M,M,0.00,0.0,0
1955-07-11,M,M,0.31,0.0,0
1955-07-12,M,M,0.00,0.0,0
1955-07-13,M,M,0.00,0.0,0
1955-07-14,M,M,0.00,0.0,0
1955-07-15,M,M,0.00,0.0,0
1955-07-16,M,M,0.54,0.0,0
1955-07-17,M,M,0.00,0.0,0
1955-07-18,M,M,0.00,0.0,0
1955-07-19,M,M,0.00,0.0,0
1955-07-20,M,M,0.00,0.0,0
1955-07-21,M,M,0.00,0.0,0
1955-07-22,M,M,0.00,0.0,0
1955-07-23,M,M,0.00,0.0,0
1955-07-24,M,M,0.00,0.0,0
1955-07-25,M,M,0.00,0.0,0
1955-07-26,M,M,0.41,0.0,0
1955-07-27,M,M,0.00,0.0,0
1955-07-28,M,M,0.00,0.0,0
1955-07-29,M,M,0.00,0.0,0
1955-07-30,M,M,0.00,0.0,0
1955-07-31,M,M,0.53,0.0,0
1955-08-01,M,M,0.00,0.0,0
1955-08-02,M,M,0.00,0.0,0
1955-08-03,M,M,0.00,0.0,0
1955-08-04,M,M,0.00,0.0,0
1955-08-05,M,M,0.55,0.0,0
1955-08-06,M,M,0.00,0.0,0
1955-08-07,M,M,S,0.0,0
1955-08-08,M,M,0.26A,0.0,0
1955-08-09,M,M,0.00,0.0,0
1955-08-10,M,M,1.12,0.0,0
1955-08-11,M,M,0.00,0.0,0
1955-08-12,M,M,0.00,0.0,0
1955-08-13,M,M,0.00,0.0,0
1955-08-14,M,M,0.18,0.0,0
1955-08-15,M,M,0.00,0.0,0
1955-08-16,M,M,0.69,0.0,0
1955-08-17,M,M,T,0.0,0
1955-08-18,M,M,0.09,0.0,0
1955-08-19,M,M,0.00,0.0,0
1955-08-20,M,M,0.15,0.0,0
1955-08-21,M,M,0.00,0.0,0
1955-08-22,M,M,0.20,0.0,0
1955-08-23,M,M,0.00,0.0,0
1955-08-24,M,M,0.05,0.0,0
1955-08-25,M,M,0.00,0.0,0
1955-08-26,M,M,0.00,0.0,0
1955-08-27,M,M,0.00,0.0,0
1955-08-28,M,M,0.00,0.0,0
1955-08-29,M,M,0.00,0.0,0
1955-08-30,M,M,0.25,0.0,0
1955-08-31,M,M,0.00,0.0,0
1955-09-01,M,M,0.00,0.0,0
1955-09-02,M,M,0.00,0.0,0
1955-09-03,M,M,0.00,0.0,0
1955-09-04,M,M,0.00,0.0,0
1955-09-05,M,M,0.00,0.0,0
1955-09-06,M,M,0.00,0.0,0
1955-09-07,M,M,0.00,0.0,0
1955-09-08,M,M,0.00,0.0,0
1955-09-09,M,M,0.00,0.0,0
1955-09-10,M,M,0.00,0.0,0
1955-09-11,M,M,0.00,0.0,0
1955-09-12,M,M,0.00,0.0,0
1955-09-13,M,M,0.00,0.0,0
1955-09-14,M,M,0.00,0.0,0
1955-09-15,M,M,0.00,0.0,0
1955-09-16,M,M,0.00,0.0,0
1955-09-17,M,M,0.00,0.0,0
1955-09-18,M,M,0.00,0.0,0
1955-09-19,M,M,0.05,0.0,0
1955-09-20,M,M,0.00,0.0,0
1955-09-21,M,M,0.00,0.0,0
1955-09-22,M,M,0.00,0.0,0
1955-09-23,M,M,0.00,0.0,0
1955-09-24,M,M,0.00,0.0,0
1955-09-25,M,M,0.59,0.0,0
1955-09-26,M,M,0.00,0.0,0
1955-09-27,M,M,0.00,0.0,0
1955-09-28,M,M,0.00,0.0,0
1955-09-29,M,M,0.00,0.0,0
1955-09-30,M,M,0.00,0.0,0
1955-10-01,M,M,0.00,0.0,0
1955-10-02,M,M,0.00,0.0,0
1955-10-03,M,M,0.00,0.0,0
1955-10-04,M,M,0.00,0.0,0
1955-10-05,M,M,0.00,0.0,0
1955-10-06,M,M,0.00,0.0,0
1955-10-07,M,M,0.00,0.0,0
1955-10-08,M,M,0.00,0.0,0
1955-10-09,M,M,0.00,0.0,0
1955-10-10,M,M,0.00,0.0,0
1955-10-11,M,M,0.00,0.0,0
1955-10-12,M,M,0.00,0.0,0
1955-10-13,M,M,0.00,0.0,0
1955-10-14,M,M,0.00,0.0,0
1955-10-15,M,M,0.00,0.0,0
1955-10-16,M,M,0.00,0.0,0
1955-10-17,M,M,0.00,0.0,0
1955-10-18,M,M,0.00,0.0,0
1955-10-19,M,M,0.00,0.0,0
1955-10-20,M,M,0.00,0.0,0
1955-10-21,M,M,0.00,0.0,0
1955-10-22,M,M,0.00,0.0,0
1955-10-23,M,M,0.00,0.0,0
1955-10-24,M,M,0.00,0.0,0
1955-10-25,M,M,0.00,0.0,0
1955-10-26,M,M,0.00,0.0,0
1955-10-27,M,M,0.00,0.0,0
1955-10-28,M,M,0.00,0.0,0
1955-10-29,M,M,0.00,0.0,0
1955-10-30,M,M,0.00,0.0,0
1955-10-31,M,M,M,0.0,0
1955-11-01,M,M,0.00,0.0,0
1955-11-02,M,M,0.00,0.0,0
1955-11-03,M,M,0.00,0.0,0
1955-11-04,M,M,0.00,0.0,0
1955-11-05,M,M,0.00,0.0,0
1955-11-06,M,M,0.00,0.0,0
1955-11-07,M,M,0.00,0.0,0
1955-11-08,M,M,0.00,0.0,0
1955-11-09,M,M,0.00,0.0,0
1955-11-10,M,M,0.00,0.0,0
1955-11-11,M,M,0.00,0.0,0
1955-11-12,M,M,0.00,0.0,0
1955-11-13,M,M,0.25,6.0,M
1955-11-14,M,M,0.00,0.0,M
1955-11-15,M,M,0.00,0.0,M
1955-11-16,M,M,0.00,0.0,M
1955-11-17,M,M,0.00,0.0,M
1955-11-18,M,M,0.00,0.0,M
1955-11-19,M,M,0.00,0.0,M
1955-11-20,M,M,0.00,0.0,M
1955-11-21,M,M,0.00,0.0,M
1955-11-22,M,M,0.00,0.0,M
1955-11-23,M,M,0.00,0.0,M
1955-11-24,M,M,0.00,0.0,M
1955-11-25,M,M,0.00,0.0,0
1955-11-26,M,M,0.00,0.0,0
1955-11-27,M,M,0.00,0.0,0
1955-11-28,M,M,0.00,0.0,0
1955-11-29,M,M,0.00,0.0,0
1955-11-30,M,M,0.00,0.0,0
1955-12-01,M,M,0.10,1.6,M
1955-12-02,M,M,0.56,5.4,5
1955-12-03,M,M,0.12,0.0,4
1955-12-04,M,M,T,T,4
1955-12-05,M,M,0.00,0.0,4
1955-12-06,M,M,0.00,0.0,1
1955-12-07,M,M,0.00,0.0,1
1955-12-08,M,M,0.00,0.0,M
1955-12-09,M,M,T,M,M
1955-12-10,M,M,0.00,0.0,3
1955-12-11,M,M,0.00,0.0,3
1955-12-12,M,M,0.00,0.0,1
1955-12-13,M,M,0.00,0.0,0
1955-12-14,M,M,0.00,0.0,0
1955-12-15,M,M,0.00,0.0,0
1955-12-16,M,0,0.00,0.0,0
1955-12-17,M,M,0.00,0.0,0
1955-12-18,M,M,0.00,0.0,0
1955-12-19,M,M,0.00,0.0,0
1955-12-20,M,M,0.00,0.0,0
1955-12-21,M,M,0.00,0.0,0
1955-12-22,M,M,0.00,0.0,0
1955-12-23,M,M,0.00,0.0,0
1955-12-24,M,M,0.00,0.0,0
1955-12-25,M,M,0.00,0.0,0
1955-12-26,M,M,0.00,0.0,0
1955-12-27,M,M,0.00,0.0,0
1955-12-28,M,M,0.00,0.0,0
1955-12-29,M,M,0.00,0.0,0
1955-12-30,M,M,0.00,0.0,0
1955-12-31,M,M,0.00,0.0,0
1956-01-01,M,M,0.00,0.0,0
1956-01-02,M,M,0.00,0.0,0
1956-01-03,M,M,0.00,0.0,0
1956-01-04,M,M,0.00,0.0,0
1956-01-05,M,M,0.00,0.0,0
1956-01-06,M,M,0.00,0.0,0
1956-01-07,M,M,0.00,0.0,0
1956-01-08,M,M,0.00,0.0,0
1956-01-09,M,M,0.00,0.0,0
1956-01-10,M,M,0.00,0.0,0
1956-01-11,M,M,0.00,0.0,0
1956-01-12,M,M,0.00,0.0,0
1956-01-13,M,M,0.00,0.0,0
1956-01-14,M,M,0.00,0.0,0
1956-01-15,M,M,0.00,0.0,M
1956-01-16,M,M,0.25,4.0,4
1956-01-17,M,M,0.10,2.0,4
1956-01-18,M,M,0.00,0.0,M
1956-01-19,M,M,0.10,2.0,3
1956-01-20,M,M,0.00,0.0,M
1956-01-21,M,M,0.00,0.0,M
1956-01-22,M,M,0.00,0.0,M
1956-01-23,M,M,0.00,0.0,M
1956-01-24,M,M,0.00,0.0,M
1956-01-25,M,M,0.00,0.0,M
1956-01-26,M,M,0.00,0.0,0
1956-01-27,M,M,0.00,0.0,0
1956-01-28,M,M,S,S,M
1956-01-29,M,M,M,M,M
1956-01-30,M,M,0.51A,4.7A,5
1956-01-31,M,M,0.00,0.0,M
1956-02-01,M,M,0.22,2.1,4
1956-02-02,M,M,0.21,4.7,9
1956-02-03,M,M,0.00,0.0,M
1956-02-04,M,M,0.00,0.0,M
1956-02-05,M,M,0.00,0.0,M
1956-02-06,M,M,0.00,0.0,M
1956-02-07,M,M,0.00,0.0,M
1956-02-08,M,M,0.00,0.0,M
1956-02-09,M,M,0.00,0.0,M
1956-02-10,M,M,0.00,0.0,M
1956-02-11,M,M,0.00,0.0,M
1956-02-12,M,M,0.00,0.0,M
1956-02-13,M,M,0.00,0.0,M
1956-02-14,M,M,0.00,0.0,M
1956-02-15,M,M,0.00,0.0,M
1956-02-16,M,M,0.00,0.0,M
1956-02-17,M,M,0.00,0.0,M
1956-02-18,M,M,0.00,0.0,M
1956-02-19,M,M,0.00,0.0,M
1956-02-20,M,M,0.00,0.0,M
1956-02-21,M,M,0.00,0.0,M
1956-02-22,M,M,0.00,0.0,M
1956-02-23,M,M,T,0.0,M
1956-02-24,M,M,T,T,M
1956-02-25,M,M,0.00,0.0,M
1956-02-26,M,M,0.00,0.0,M
1956-02-27,M,M,0.00,0.0,M
1956-02-28,M,M,0.00,0.0,M
1956-02-29,M,M,0.00,0.0,M
1956-03-01,M,M,0.00,0.0,0
1956-03-02,M,M,0.00,0.0,0
1956-03-03,M,M,0.00,0.0,0
1956-03-04,M,M,0.00,0.0,0
1956-03-05,M,M,0.00,0.0,0
1956-03-06,M,M,T,0.0,0
1956-03-07,M,M,0.00,0.0,0
1956-03-08,M,M,0.00,0.0,0
1956-03-09,M,M,0.00,0.0,0
1956-03-10,M,M,0.00,0.0,0
1956-03-11,M,M,0.00,0.0,0
1956-03-12,M,M,0.00,0.0,0
1956-03-13,M,M,0.00,0.0,0
1956-03-14,M,M,0.00,0.0,0
1956-03-15,M,M,0.00,0.0,0
1956-03-16,M,M,0.00,0.0,0
1956-03-17,M,M,0.00,0.0,0
1956-03-18,M,M,0.00,0.0,0
1956-03-19,M,M,0.00,0.0,0
1956-03-20,M,M,0.00,0.0,0
1956-03-21,M,M,0.00,0.0,0
1956-03-22,M,M,0.00,0.0,0
1956-03-23,M,M,0.00,0.0,0
1956-03-24,M,M,0.00,0.0,0
1956-03-25,M,M,0.00,0.0,0
1956-03-26,M,M,0.00,0.0,0
1956-03-27,M,M,0.00,0.0,0
1956-03-28,M,M,0.00,0.0,0
1956-03-29,M,M,0.00,0.0,0
1956-03-30,M,M,0.00,0.0,0
1956-03-31,M,M,0.00,0.0,0
1956-04-01,M,M,0.03,T,T
1956-04-02,M,M,0.00,0.0,0
1956-04-03,M,M,0.05,T,T
1956-04-04,M,M,0.00,0.0,0
1956-04-05,M,M,0.00,0.0,0
1956-04-06,M,M,0.00,0.0,0
1956-04-07,M,M,0.00,0.0,0
1956-04-08,M,M,0.00,0.0,0
1956-04-09,M,M,0.00,0.0,0
1956-04-10,M,M,0.00,0.0,0
1956-04-11,M,M,0.00,0.0,0
1956-04-12,M,M,0.00,0.0,0
1956-04-13,M,M,0.00,0.0,0
1956-04-14,M,M,0.02,T,0
1956-04-15,M,M,0.00,0.0,0
1956-04-16,M,M,0.00,0.0,0
1956-04-17,M,M,0.02,0.0,0
1956-04-18,M,M,0.00,0.0,0
1956-04-19,M,M,0.00,0.0,0
1956-04-20,M,M,0.02,0.0,0
1956-04-21,M,M,0.00,0.0,0
1956-04-22,M,M,T,0.0,0
1956-04-23,M,M,0.00,0.0,0
1956-04-24,M,M,0.00,0.0,0
1956-04-25,M,M,0.00,0.0,0
1956-04-26,M,M,0.00,0.0,0
1956-04-27,M,M,0.00,0.0,0
1956-04-28,M,M,0.00,0.0,0
1956-04-29,M,M,0.00,0.0,0
1956-04-30,M,M,0.00,0.0,0
1956-05-01,M,M,0.00,0.0,0
1956-05-02,M,M,0.00,0.0,0
1956-05-03,M,M,0.00,0.0,0
1956-05-04,M,M,0.00,0.0,0
1956-05-05,M,M,0.00,0.0,0
1956-05-06,M,M,0.00,0.0,0
1956-05-07,M,M,0.00,0.0,0
1956-05-08,M,M,0.00,0.0,0
1956-05-09,M,M,0.00,0.0,0
1956-05-10,M,M,0.00,0.0,0
1956-05-11,M,M,0.00,0.0,0
1956-05-12,M,M,0.00,0.0,0
1956-05-13,M,M,0.00,0.0,0
1956-05-14,M,M,0.00,0.0,0
1956-05-15,M,M,0.11,0.0,0
1956-05-16,M,M,0.00,0.0,0
1956-05-17,M,M,0.00,0.0,0
1956-05-18,M,M,0.00,0.0,0
1956-05-19,M,M,0.00,0.0,0
1956-05-20,M,M,0.00,0.0,0
1956-05-21,M,M,0.00,0.0,0
1956-05-22,M,M,0.00,0.0,0
1956-05-23,M,M,0.00,0.0,0
1956-05-24,M,M,0.38,0.0,0
1956-05-25,M,M,0.12,0.0,0
1956-05-26,M,M,0.37,0.0,0
1956-05-27,M,M,0.02,0.0,0
1956-05-28,M,M,0.00,0.0,0
1956-05-29,M,M,0.00,0.0,0
1956-05-30,M,M,0.00,0.0,0
1956-05-31,M,M,0.00,0.0,0
1956-06-01,M,M,0.00,0.0,0
1956-06-02,M,M,0.09,0.0,0
1956-06-03,M,M,0.03,0.0,0
1956-06-04,M,M,0.09,0.0,0
1956-06-05,M,M,0.00,0.0,0
1956-06-06,M,M,0.00,0.0,0
1956-06-07,M,M,0.00,0.0,0
1956-06-08,M,M,0.00,0.0,0
1956-06-09,M,M,0.00,0.0,0
1956-06-10,M,M,0.06,0.0,0
1956-06-11,M,M,0.00,0.0,0
1956-06-12,M,M,0.00,0.0,0
1956-06-13,M,M,0.00,0.0,0
1956-06-14,M,M,0.00,0.0,0
1956-06-15,M,M,0.00,0.0,0
1956-06-16,M,M,0.00,0.0,0
1956-06-17,M,M,0.00,0.0,0
1956-06-18,M,M,0.00,0.0,0
1956-06-19,M,M,0.00,0.0,0
1956-06-20,M,M,0.00,0.0,0
1956-06-21,M,M,0.00,0.0,0
1956-06-22,M,M,0.00,0.0,0
1956-06-23,M,M,0.00,0.0,0
1956-06-24,M,M,0.00,0.0,0
1956-06-25,M,M,0.00,0.0,0
1956-06-26,M,M,0.00,0.0,0
1956-06-27,M,M,0.16,0.0,0
1956-06-28,M,M,0.00,0.0,0
1956-06-29,M,M,0.00,0.0,0
1956-06-30,M,M,0.00,0.0,0
1956-07-01,M,M,0.00,0.0,0
1956-07-02,M,M,0.00,0.0,0
1956-07-03,M,M,0.00,0.0,0
1956-07-04,M,M,0.00,0.0,0
1956-07-05,M,M,0.00,0.0,0
1956-07-06,M,M,0.00,0.0,0
1956-07-07,M,M,0.00,0.0,0
1956-07-08,M,M,0.00,0.0,0
1956-07-09,M,M,T,0.0,0
1956-07-10,M,M,T,0.0,0
1956-07-11,M,M,0.00,0.0,0
1956-07-12,M,M,0.00,0.0,0
1956-07-13,M,M,0.27,0.0,0
1956-07-14,M,M,0.00,0.0,0
1956-07-15,M,M,0.02,0.0,0
1956-07-16,M,M,0.00,0.0,0
1956-07-17,M,M,0.00,0.0,0
1956-07-18,M,M,0.00,0.0,0
1956-07-19,M,M,0.05,0.0,0
1956-07-20,M,M,0.00,0.0,0
1956-07-21,M,M,0.00,0.0,0
1956-07-22,M,M,0.00,0.0,0
1956-07-23,M,M,0.26,0.0,0
1956-07-24,M,M,0.00,0.0,0
1956-07-25,M,M,0.00,0.0,0
1956-07-26,M,M,0.00,0.0,0
1956-07-27,M,M,0.00,0.0,0
1956-07-28,M,M,0.00,0.0,0
1956-07-29,M,M,0.00,0.0,0
1956-07-30,M,M,0.00,0.0,0
1956-07-31,M,M,0.21,0.0,0
1956-08-01,M,M,0.32,0.0,0
1956-08-02,M,M,0.03,0.0,0
1956-08-03,M,M,0.31,0.0,0
1956-08-04,M,M,0.00,0.0,0
1956-08-05,M,M,0.00,0.0,0
1956-08-06,M,M,0.00,0.0,0
1956-08-07,M,M,0.00,0.0,0
1956-08-08,M,M,0.00,0.0,0
1956-08-09,M,M,0.00,0.0,0
1956-08-10,M,M,0.00,0.0,0
1956-08-11,M,M,0.00,0.0,0
1956-08-12,M,M,0.00,0.0,0
1956-08-13,M,M,0.00,0.0,0
1956-08-14,M,M,0.00,0.0,0
1956-08-15,M,M,0.00,0.0,0
1956-08-16,M,M,0.05,0.0,0
1956-08-17,M,M,0.00,0.0,0
1956-08-18,M,M,0.00,0.0,0
1956-08-19,M,M,0.18,0.0,0
1956-08-20,M,M,0.00,0.0,0
1956-08-21,M,M,0.00,0.0,0
1956-08-22,M,M,0.00,0.0,0
1956-08-23,M,M,0.00,0.0,0
1956-08-24,M,M,0.00,0.0,0
1956-08-25,M,M,0.00,0.0,0
1956-08-26,M,M,0.00,0.0,0
1956-08-27,M,M,0.00,0.0,0
1956-08-28,M,M,0.00,0.0,0
1956-08-29,M,M,0.00,0.0,0
1956-08-30,M,M,0.00,0.0,0
1956-08-31,M,M,0.00,0.0,0
1956-09-01,M,M,0.00,0.0,0
1956-09-02,M,M,0.00,0.0,0
1956-09-03,M,M,0.00,0.0,0
1956-09-04,M,M,0.00,0.0,0
1956-09-05,M,M,0.00,0.0,0
1956-09-06,M,M,0.00,0.0,0
1956-09-07,M,M,0.00,0.0,0
1956-09-08,M,M,0.00,0.0,0
1956-09-09,M,M,0.00,0.0,0
1956-09-10,M,M,0.00,0.0,0
1956-09-11,M,M,0.00,0.0,0
1956-09-12,M,M,0.00,0.0,0
1956-09-13,M,M,0.00,0.0,0
1956-09-14,M,M,0.00,0.0,0
1956-09-15,M,M,0.00,0.0,0
1956-09-16,M,M,0.00,0.0,0
1956-09-17,M,M,0.00,0.0,0
1956-09-18,M,M,0.00,0.0,0
1956-09-19,M,M,0.00,0.0,0
1956-09-20,M,M,0.00,0.0,0
1956-09-21,M,M,0.00,0.0,0
1956-09-22,M,M,0.00,0.0,0
1956-09-23,M,M,0.00,0.0,0
1956-09-24,M,M,0.00,0.0,0
1956-09-25,M,M,0.00,0.0,0
1956-09-26,M,M,0.00,0.0,0
1956-09-27,M,M,0.00,0.0,0
1956-09-28,M,M,0.00,0.0,0
1956-09-29,M,M,0.00,0.0,0
1956-09-30,M,M,0.00,0.0,0
1956-10-01,M,M,0.00,0.0,0
1956-10-02,M,M,0.00,0.0,0
1956-10-03,M,M,0.00,0.0,0
1956-10-04,M,M,0.00,0.0,0
1956-10-05,M,M,0.00,0.0,0
1956-10-06,M,M,0.00,0.0,0
1956-10-07,M,M,0.00,0.0,0
1956-10-08,M,M,0.00,0.0,0
1956-10-09,M,M,0.00,0.0,0
1956-10-10,M,M,0.00,0.0,0
1956-10-11,M,M,0.00,0.0,0
1956-10-12,M,M,0.00,0.0,0
1956-10-13,M,M,0.00,0.0,0
1956-10-14,M,M,0.00,0.0,0
1956-10-15,M,M,0.00,0.0,0
1956-10-16,M,M,0.00,0.0,0
1956-10-17,M,M,T,0.0,0
1956-10-18,M,M,0.00,0.0,0
1956-10-19,M,M,0.00,0.0,0
1956-10-20,M,M,0.00,0.0,0
1956-10-21,M,M,0.00,0.0,0
1956-10-22,M,M,0.00,0.0,0
1956-10-23,M,M,0.00,0.0,0
1956-10-24,M,M,0.12,T,0
1956-10-25,M,M,0.00,0.0,0
1956-10-26,M,M,0.00,0.0,0
1956-10-27,M,M,0.00,0.0,0
1956-10-28,M,M,0.00,0.0,0
1956-10-29,M,M,0.01,0.0,0
1956-10-30,M,M,0.07,1.0,1
1956-10-31,M,M,0.00,0.0,0
1956-11-01,M,M,0.00,0.0,0
1956-11-02,M,M,0.07,1.0,1
1956-11-03,M,M,0.00,0.0,0
1956-11-04,M,M,0.00,0.0,0
1956-11-05,M,M,0.00,0.0,0
1956-11-06,M,M,0.00,0.0,0
1956-11-07,M,M,0.00,0.0,0
1956-11-08,M,M,0.00,0.0,0
1956-11-09,M,M,0.00,0.0,0
1956-11-10,M,M,0.00,0.0,0
1956-11-11,M,M,0.00,0.0,0
1956-11-12,M,M,0.00,0.0,0
1956-11-13,M,M,0.00,0.0,0
1956-11-14,M,M,0.00,0.0,0
1956-11-15,M,M,0.00,0.0,0
1956-11-16,M,M,0.00,0.0,0
1956-11-17,M,M,0.00,0.0,0
1956-11-18,M,M,0.00,0.0,0
1956-11-19,M,M,0.00,0.0,0
1956-11-20,M,M,T,T,0
1956-11-21,M,M,0.00,0.0,0
1956-11-22,M,M,0.00,0.0,0
1956-11-23,M,M,0.00,0.0,0
1956-11-24,M,M,0.00,0.0,0
1956-11-25,M,M,0.00,0.0,0
1956-11-26,M,M,0.00,0.0,0
1956-11-27,M,M,0.00,0.0,0
1956-11-28,M,M,0.00,0.0,0
1956-11-29,M,M,0.00,0.0,0
1956-11-30,M,M,0.00,0.0,0
1956-12-01,M,M,0.00,0.0,0
1956-12-02,M,M,0.00,0.0,0
1956-12-03,M,M,0.00,0.0,0
1956-12-04,M,M,0.00,0.0,0
1956-12-05,M,M,0.00,0.0,0
1956-12-06,M,M,0.00,0.0,0
1956-12-07,M,M,T,T,T
1956-12-08,M,M,T,T,T
1956-12-09,M,M,0.00,0.0,0
1956-12-10,M,M,0.00,0.0,0
1956-12-11,M,M,0.00,0.0,0
1956-12-12,M,M,T,T,T
1956-12-13,M,M,0.00,0.0,0
1956-12-14,M,M,0.00,0.0,0
1956-12-15,M,M,0.00,0.0,0
1956-12-16,M,M,0.00,0.0,0
1956-12-17,M,M,0.00,0.0,0
1956-12-18,M,M,0.00,0.0,0
1956-12-19,M,M,0.00,0.0,0
1956-12-20,M,M,0.00,0.0,0
1956-12-21,M,M,0.02,T,0
1956-12-22,M,M,0.00,0.0,0
1956-12-23,M,M,0.00,0.0,0
1956-12-24,M,M,0.00,0.0,0
1956-12-25,M,M,0.00,0.0,0
1956-12-26,M,M,0.00,0.0,0
1956-12-27,M,M,0.00,0.0,0
1956-12-28,M,M,0.00,0.0,0
1956-12-29,M,M,0.00,0.0,0
1956-12-30,M,M,0.00,0.0,0
1956-12-31,M,M,0.00,0.0,0
1957-01-01,M,M,0.00,0.0,0
1957-01-02,M,M,0.00,0.0,0
1957-01-03,M,M,0.00,0.0,0
1957-01-04,M,M,0.20,2.0,2
1957-01-05,M,M,0.00,0.0,0
1957-01-06,M,M,0.00,0.0,0
1957-01-07,M,M,0.00,0.0,0
1957-01-08,M,M,0.45,0.0,0
1957-01-09,M,M,0.44,0.0,0
1957-01-10,M,M,0.00,0.0,0
1957-01-11,M,M,0.00,0.0,0
1957-01-12,M,M,0.00,0.0,0
1957-01-13,M,M,0.00,0.0,0
1957-01-14,M,M,0.42,0.0,0
1957-01-15,M,M,0.00,0.0,0
1957-01-16,M,M,0.00,0.0,0
1957-01-17,M,M,0.00,0.0,0
1957-01-18,M,M,0.00,0.0,0
1957-01-19,M,M,0.00,0.0,0
1957-01-20,M,M,0.00,0.0,0
1957-01-21,M,M,0.00,0.0,0
1957-01-22,M,M,0.11,2.0,2
1957-01-23,M,M,0.00,0.0,M
1957-01-24,M,M,0.00,0.0,M
1957-01-25,M,M,0.06,1.0,2
1957-01-26,M,M,0.08,1.0,2
1957-01-27,M,M,0.00,0.0,M
1957-01-28,M,M,0.03,0.3,1
1957-01-29,M,M,0.00,0.0,M
1957-01-30,M,M,0.00,0.0,M
1957-01-31,M,M,0.00,0.0,M
1957-02-01,M,M,0.00,0.0,0
1957-02-02,M,M,0.00,0.0,0
1957-02-03,M,M,0.00,0.0,0
1957-02-04,M,M,0.00,0.0,0
1957-02-05,M,M,0.00,0.0,0
1957-02-06,M,M,0.00,0.0,0
1957-02-07,M,M,0.00,0.0,0
1957-02-08,M,M,0.00,0.0,0
1957-02-09,M,M,0.00,0.0,0
1957-02-10,M,M,0.00,0.0,0
1957-02-11,M,M,0.00,0.0,0
1957-02-12,M,M,0.00,0.0,0
1957-02-13,M,M,0.00,0.0,0
1957-02-14,M,M,0.00,0.0,0
1957-02-15,M,M,0.00,0.0,0
1957-02-16,M,M,0.00,0.0,0
1957-02-17,M,M,0.00,0.0,0
1957-02-18,M,M,0.40,0.3,T
1957-02-19,M,M,0.37,1.5,2
1957-02-20,M,M,0.00,0.0,0
1957-02-21,M,M,0.00,0.0,0
1957-02-22,M,M,0.17,0.0,0
1957-02-23,M,M,0.00,0.0,0
1957-02-24,M,M,0.08,0.0,0
1957-02-25,M,M,0.00,0.0,0
1957-02-26,M,M,0.00,0.0,0
1957-02-27,M,M,0.00,0.0,0
1957-02-28,M,M,0.00,0.0,0
1957-03-01,M,M,0.00,0.0,0
1957-03-02,M,M,0.41,T,T
1957-03-03,M,M,T,T,0
1957-03-04,M,M,0.07,T,0
1957-03-05,M,M,0.00,0.0,0
1957-03-06,M,M,0.00,0.0,0
1957-03-07,M,M,0.00,0.0,0
1957-03-08,M,M,0.00,0.0,0
1957-03-09,M,M,0.00,0.0,0
1957-03-10,M,M,0.00,0.0,0
1957-03-11,M,M,0.00,0.0,0
1957-03-12,M,M,0.00,0.0,0
1957-03-13,M,M,0.00,0.0,0
1957-03-14,M,M,0.00,0.0,0
1957-03-15,M,M,0.00,0.0,0
1957-03-16,M,M,0.00,0.0,0
1957-03-17,M,M,0.00,0.0,0
1957-03-18,M,M,0.00,0.0,0
1957-03-19,M,M,0.00,0.0,0
1957-03-20,M,M,0.00,0.0,0
1957-03-21,M,M,0.20,0.0,0
1957-03-22,M,M,0.00,0.0,0
1957-03-23,M,M,0.00,0.0,0
1957-03-24,M,M,0.00,0.0,0
1957-03-25,M,M,0.00,0.0,0
1957-03-26,M,M,0.00,0.0,0
1957-03-27,M,M,0.00,0.0,0
1957-03-28,M,M,0.00,0.0,0
1957-03-29,M,M,0.00,0.0,0
1957-03-30,M,M,0.00,0.0,0
1957-03-31,M,M,0.00,0.0,0
1957-04-01,M,M,0.00,0.0,0
1957-04-02,M,M,0.14,T,T
1957-04-03,M,M,0.02,T,0
1957-04-04,M,M,0.00,0.0,0
1957-04-05,M,M,0.00,0.0,0
1957-04-06,M,M,0.00,0.0,0
1957-04-07,M,M,0.00,0.0,0
1957-04-08,M,M,0.00,0.0,0
1957-04-09,M,M,0.00,0.0,0
1957-04-10,M,M,0.00,0.0,0
1957-04-11,M,M,M,M,M
1957-04-12,M,M,0.00,0.0,0
1957-04-13,M,M,0.00,0.0,0
1957-04-14,M,M,0.00,0.0,0
1957-04-15,M,M,0.00,0.0,0
1957-04-16,M,M,0.00,0.0,0
1957-04-17,M,M,0.00,0.0,0
1957-04-18,M,M,0.00,0.0,0
1957-04-19,M,M,0.00,0.0,0
1957-04-20,M,M,0.00,0.0,0
1957-04-21,M,M,0.00,0.0,0
1957-04-22,M,M,0.07,1.0,0
1957-04-23,M,M,0.04,0.3,0
1957-04-24,M,M,0.00,0.0,0
1957-04-25,M,M,0.00,0.0,0
1957-04-26,M,M,0.00,0.0,0
1957-04-27,M,M,0.00,0.0,0
1957-04-28,M,M,0.00,0.0,0
1957-04-29,M,M,0.04,0.0,0
1957-04-30,M,M,0.00,0.0,0
1957-05-01,M,M,T,0.0,0
1957-05-02,M,M,T,0.0,0
1957-05-03,M,M,T,0.0,0
1957-05-04,M,M,T,0.0,0
1957-05-05,M,M,T,0.0,0
1957-05-06,M,M,T,0.0,0
1957-05-07,M,M,0.16,0.0,0
1957-05-08,M,M,0.05,0.0,0
1957-05-09,M,M,0.12,0.0,0
1957-05-10,M,M,0.00,0.0,0
1957-05-11,M,M,0.49,0.0,0
1957-05-12,M,M,T,0.0,0
1957-05-13,M,M,0.02,0.0,0
1957-05-14,M,M,0.00,0.0,0
1957-05-15,M,M,T,0.0,0
1957-05-16,M,M,0.01,0.0,0
1957-05-17,M,M,T,0.0,0
1957-05-18,M,M,0.02,0.0,0
1957-05-19,M,M,0.00,0.0,0
1957-05-20,M,M,0.27,0.0,0
1957-05-21,M,M,0.11,0.0,0
1957-05-22,M,M,0.02,0.0,0
1957-05-23,M,M,0.01,0.0,0
1957-05-24,M,M,0.00,0.0,0
1957-05-25,M,M,0.00,0.0,0
1957-05-26,M,M,0.00,0.0,0
1957-05-27,M,M,0.01,0.0,0
1957-05-28,M,M,0.01,0.0,0
1957-05-29,M,M,0.00,0.0,0
1957-05-30,M,M,0.01,0.0,0
1957-05-31,M,M,0.80,0.0,0
1957-06-01,M,M,0.15,0.0,0
1957-06-02,M,M,0.05,0.0,0
1957-06-03,M,M,0.00,0.0,0
1957-06-04,M,M,0.00,0.0,0
1957-06-05,M,M,0.00,0.0,0
1957-06-06,M,M,0.00,0.0,0
1957-06-07,M,M,0.13,0.0,0
1957-06-08,M,M,0.00,0.0,0
1957-06-09,M,M,0.00,0.0,0
1957-06-10,M,M,0.00,0.0,0
1957-06-11,M,M,0.00,0.0,0
1957-06-12,M,M,0.02,0.0,0
1957-06-13,M,M,0.00,0.0,0
1957-06-14,M,M,0.00,0.0,0
1957-06-15,M,M,0.00,0.0,0
1957-06-16,M,M,0.00,0.0,0
1957-06-17,M,M,0.00,0.0,0
1957-06-18,M,M,0.00,0.0,0
1957-06-19,M,M,0.00,0.0,0
1957-06-20,M,M,0.06,0.0,0
1957-06-21,M,M,0.00,0.0,0
1957-06-22,M,M,0.00,0.0,0
1957-06-23,M,M,0.00,0.0,0
1957-06-24,M,M,0.00,0.0,0
1957-06-25,M,M,0.00,0.0,0
1957-06-26,M,M,0.00,0.0,0
1957-06-27,M,M,0.00,0.0,0
1957-06-28,M,M,0.00,0.0,0
1957-06-29,M,M,0.00,0.0,0
1957-06-30,M,M,0.00,0.0,0
1957-07-01,M,M,0.00,0.0,0
1957-07-02,M,M,0.00,0.0,0
1957-07-03,M,M,0.00,0.0,0
1957-07-04,M,M,0.00,0.0,0
1957-07-05,M,M,0.00,0.0,0
1957-07-06,M,M,0.00,0.0,0
1957-07-07,M,M,0.00,0.0,0
1957-07-08,M,M,0.00,0.0,0
1957-07-09,M,M,0.13,0.0,0
1957-07-10,M,M,0.00,0.0,0
1957-07-11,M,M,0.00,0.0,0
1957-07-12,M,M,0.00,0.0,0
1957-07-13,M,M,0.00,0.0,0
1957-07-14,M,M,0.22,0.0,0
1957-07-15,M,M,0.00,0.0,0
1957-07-16,M,M,0.00,0.0,0
1957-07-17,M,M,0.50,0.0,0
1957-07-18,M,M,0.53,0.0,0
1957-07-19,M,M,0.00,0.0,0
1957-07-20,M,M,0.10,0.0,0
1957-07-21,M,M,0.02,0.0,0
1957-07-22,M,M,0.00,0.0,0
1957-07-23,M,M,0.00,0.0,0
1957-07-24,M,M,0.00,0.0,0
1957-07-25,M,M,0.11,0.0,0
1957-07-26,M,M,0.73,0.0,0
1957-07-27,M,M,0.00,0.0,0
1957-07-28,M,M,0.00,0.0,0
1957-07-29,M,M,0.00,0.0,0
1957-07-30,M,M,0.00,0.0,0
1957-07-31,M,M,1.16,0.0,0
1957-08-01,M,M,0.00,0.0,0
1957-08-02,M,M,1.19,0.0,0
1957-08-03,M,M,0.00,0.0,0
1957-08-04,M,M,0.00,0.0,0
1957-08-05,M,M,0.14,0.0,0
1957-08-06,M,M,0.10,0.0,0
1957-08-07,M,M,0.20,0.0,0
1957-08-08,M,M,0.00,0.0,0
1957-08-09,M,M,0.00,0.0,0
1957-08-10,M,M,0.90,0.0,0
1957-08-11,M,M,0.00,0.0,0
1957-08-12,M,M,0.00,0.0,0
1957-08-13,M,M,0.12,0.0,0
1957-08-14,M,M,0.10,0.0,0
1957-08-15,M,M,0.00,0.0,0
1957-08-16,M,M,0.12,0.0,0
1957-08-17,M,M,0.13,0.0,0
1957-08-18,M,M,0.11,0.0,0
1957-08-19,M,M,0.10,0.0,0
1957-08-20,M,M,0.00,0.0,0
1957-08-21,M,M,0.00,0.0,0
1957-08-22,M,M,0.00,0.0,0
1957-08-23,M,M,0.00,0.0,0
1957-08-24,M,M,0.00,0.0,0
1957-08-25,M,M,1.10,0.0,0
1957-08-26,M,M,0.00,0.0,0
1957-08-27,M,M,0.00,0.0,0
1957-08-28,M,M,0.00,0.0,0
1957-08-29,M,M,0.00,0.0,0
1957-08-30,M,M,0.70,0.0,0
1957-08-31,M,M,0.08,0.0,0
1957-09-01,M,M,T,0.0,0
1957-09-02,M,M,0.00,0.0,0
1957-09-03,M,M,0.00,0.0,0
1957-09-04,M,M,0.00,0.0,0
1957-09-05,M,M,0.00,0.0,0
1957-09-06,M,M,0.00,0.0,0
1957-09-07,M,M,T,0.0,0
1957-09-08,M,M,0.00,0.0,0
1957-09-09,M,M,0.00,0.0,0
1957-09-10,M,M,0.08,0.0,0
1957-09-11,M,M,0.00,0.0,0
1957-09-12,M,M,0.00,0.0,0
1957-09-13,M,M,0.00,0.0,0
1957-09-14,M,M,0.00,0.0,0
1957-09-15,M,M,0.00,0.0,0
1957-09-16,M,M,0.00,0.0,0
1957-09-17,M,M,0.00,0.0,0
1957-09-18,M,M,0.00,0.0,0
1957-09-19,M,M,0.00,0.0,0
1957-09-20,M,M,0.00,0.0,0
1957-09-21,M,M,0.00,0.0,0
1957-09-22,M,M,0.00,0.0,0
1957-09-23,M,M,0.00,0.0,0
1957-09-24,M,M,0.00,0.0,0
1957-09-25,M,M,0.00,0.0,0
1957-09-26,M,M,0.00,0.0,0
1957-09-27,M,M,0.00,0.0,0
1957-09-28,M,M,0.00,0.0,0
1957-09-29,M,M,0.00,0.0,0
1957-09-30,M,M,0.00,0.0,0
1957-10-01,M,M,0.00,0.0,0
1957-10-02,M,M,0.00,0.0,0
1957-10-03,M,M,0.00,0.0,0
1957-10-04,M,M,0.00,0.0,0
1957-10-05,M,M,0.00,0.0,0
1957-10-06,M,M,0.00,0.0,0
1957-10-07,M,M,0.00,0.0,0
1957-10-08,M,M,0.00,0.0,0
1957-10-09,M,M,0.00,0.0,0
1957-10-10,M,M,0.00,0.0,0
1957-10-11,M,M,0.00,0.0,0
1957-10-12,M,M,S,0.0,0
1957-10-13,M,M,1.30A,0.0,0
1957-10-14,M,M,0.20,0.0,0
1957-10-15,M,M,0.00,0.0,0
1957-10-16,M,M,0.00,0.0,0
1957-10-17,M,M,0.00,0.0,0
1957-10-18,M,M,0.00,0.0,0
1957-10-19,M,M,0.53,0.0,0
1957-10-20,M,M,0.09,0.0,0
1957-10-21,M,M,0.85,0.0,0
1957-10-22,M,M,0.61,0.0,0
1957-10-23,M,M,0.03,0.0,0
1957-10-24,M,M,0.00,0.0,0
1957-10-25,M,M,0.00,0.0,0
1957-10-26,M,M,0.00,0.0,0
1957-10-27,M,M,0.00,0.0,0
1957-10-28,M,M,0.00,0.0,0
1957-10-29,M,M,0.12,0.0,0
1957-10-30,M,M,0.00,0.0,0
1957-10-31,M,M,0.00,0.0,0
1957-11-01,M,M,0.08,0.0,0
1957-11-02,M,M,0.01,0.0,0
1957-11-03,M,M,0.00,0.0,0
1957-11-04,M,M,0.00,0.0,0
1957-11-05,M,M,0.98,M,1
1957-11-06,M,M,0.12,M,2
1957-11-07,M,M,0.24,M,M
1957-11-08,M,M,0.00,0.0,M
1957-11-09,M,M,0.00,0.0,M
1957-11-10,M,M,0.00,0.0,M
1957-11-11,M,M,0.00,0.0,M
1957-11-12,M,M,0.00,0.0,M
1957-11-13,M,M,0.00,0.0,M
1957-11-14,M,M,0.00,0.0,M
1957-11-15,M,M,T,M,M
1957-11-16,M,M,0.39,M,5
1957-11-17,M,M,0.08,0.0,M
1957-11-18,M,M,0.00,0.0,M
1957-11-19,M,M,0.00,0.0,M
1957-11-20,M,M,0.00,0.0,M
1957-11-21,M,M,0.00,0.0,M
1957-11-22,M,M,0.00,0.0,M
1957-11-23,M,M,0.11,M,2
1957-11-24,M,M,0.00,0.0,M
1957-11-25,M,M,0.00,0.0,M
1957-11-26,M,M,0.00,0.0,M
1957-11-27,M,M,0.00,0.0,M
1957-11-28,M,M,0.00,0.0,M
1957-11-29,M,M,0.00,0.0,M
1957-11-30,M,M,0.00,0.0,M
1957-12-01,M,M,0.00,M,M
1957-12-02,M,M,0.00,M,M
1957-12-03,M,M,0.00,M,M
1957-12-04,M,M,0.00,M,M
1957-12-05,M,M,0.15,M,3
1957-12-06,M,M,0.02,M,M
1957-12-07,M,M,0.00,M,M
1957-12-08,M,M,0.00,M,M
1957-12-09,M,M,0.00,M,M
1957-12-10,M,M,0.00,M,M
1957-12-11,M,M,0.00,M,M
1957-12-12,M,M,0.00,M,M
1957-12-13,M,M,0.00,M,M
1957-12-14,M,M,0.00,M,M
1957-12-15,M,M,0.00,M,M
1957-12-16,M,M,0.00,M,M
1957-12-17,M,M,0.02,M,M
1957-12-18,M,M,0.08,M,M
1957-12-19,M,M,0.00,M,M
1957-12-20,M,M,0.00,M,M
1957-12-21,M,M,0.00,M,M
1957-12-22,M,M,0.00,M,M
1957-12-23,M,M,0.02,M,M
1957-12-24,M,M,0.00,M,M
1957-12-25,M,M,0.00,M,M
1957-12-26,M,M,0.00,M,M
1957-12-27,M,M,0.00,M,M
1957-12-28,M,M,0.00,M,M
1957-12-29,M,M,0.00,M,M
1957-12-30,M,M,T,M,T
1957-12-31,M,M,0.00,M,M
1958-01-01,M,M,0.00,0.0,M
1958-01-02,M,M,0.00,0.0,M
1958-01-03,M,M,0.00,0.0,M
1958-01-04,M,M,0.00,0.0,M
1958-01-05,M,M,0.00,0.0,M
1958-01-06,M,M,0.00,0.0,M
1958-01-07,M,M,0.00,0.0,M
1958-01-08,M,M,0.00,0.0,M
1958-01-09,M,M,0.00,0.0,M
1958-01-10,M,M,0.00,0.0,M
1958-01-11,M,M,0.00,0.0,M
1958-01-12,M,M,0.02,1.0,1
1958-01-13,M,M,0.00,0.0,M
1958-01-14,M,M,0.00,0.0,M
1958-01-15,M,M,0.00,0.0,M
1958-01-16,M,M,0.00,0.0,M
1958-01-17,M,M,0.00,0.0,M
1958-01-18,M,M,T,0.0,M
1958-01-19,M,M,0.44,7.5,8
1958-01-20,M,M,0.23,6.0,14
1958-01-21,M,M,0.01,0.5,M
1958-01-22,M,M,0.00,0.0,M
1958-01-23,M,M,0.00,0.0,M
1958-01-24,M,M,T,0.0,M
1958-01-25,M,M,0.00,0.0,M
1958-01-26,M,M,0.00,0.0,M
1958-01-27,M,M,S,S,M
1958-01-28,M,M,0.02A,1.0A,M
1958-01-29,M,M,0.00,0.0,M
1958-01-30,M,M,0.00,0.0,M
1958-01-31,M,M,0.00,0.0,M
1958-02-01,M,M,0.00,0.0,M
1958-02-02,M,M,0.00,0.0,M
1958-02-03,M,M,0.00,0.0,M
1958-02-04,M,M,0.01,M,1
1958-02-05,M,M,0.06,M,M
1958-02-06,M,M,0.00,0.0,M
1958-02-07,M,M,0.00,0.0,M
1958-02-08,M,M,0.00,0.0,M
1958-02-09,M,M,0.00,0.0,M
1958-02-10,M,M,0.00,0.0,M
1958-02-11,M,M,0.00,0.0,M
1958-02-12,M,M,0.00,0.0,M
1958-02-13,M,M,T,M,M
1958-02-14,M,M,0.07,M,1
1958-02-15,M,M,0.00,0.0,M
1958-02-16,M,M,0.00,0.0,M
1958-02-17,M,M,0.00,0.0,M
1958-02-18,M,M,0.00,0.0,M
1958-02-19,M,M,0.00,0.0,M
1958-02-20,M,M,0.00,0.0,M
1958-02-21,M,M,0.01,0.0,M
1958-02-22,M,M,0.00,0.0,M
1958-02-23,M,M,0.00,0.0,M
1958-02-24,M,M,0.00,0.0,M
1958-02-25,M,M,0.02,0.0,M
1958-02-26,M,M,0.21,M,M
1958-02-27,M,M,0.07,M,T
1958-02-28,M,M,0.00,0.0,M
1958-03-01,M,M,0.00,M,M
1958-03-02,M,M,T,M,M
1958-03-03,M,M,0.00,M,M
1958-03-04,M,M,T,M,M
1958-03-05,M,M,0.25,M,M
1958-03-06,M,M,T,M,M
1958-03-07,M,M,0.21,M,M
1958-03-08,M,M,0.03,M,M
1958-03-09,M,M,T,M,M
1958-03-10,M,M,0.00,M,M
1958-03-11,M,M,0.05,M,1
1958-03-12,M,M,0.25,M,4
1958-03-13,M,M,0.06,M,M
1958-03-14,M,M,0.02,M,T
1958-03-15,M,M,T,M,0
1958-03-16,M,M,T,M,0
1958-03-17,M,M,0.15,M,0
1958-03-18,M,M,0.00,M,0
1958-03-19,M,M,0.00,M,0
1958-03-20,M,M,0.00,M,0
1958-03-21,M,M,0.00,M,0
1958-03-22,M,M,0.02,M,0
1958-03-23,M,M,0.00,M,0
1958-03-24,M,M,0.00,M,0
1958-03-25,M,M,0.18,M,0
1958-03-26,M,M,0.00,M,0
1958-03-27,M,M,0.00,M,0
1958-03-28,M,M,0.00,M,0
1958-03-29,M,M,0.00,M,0
1958-03-30,M,M,0.00,M,0
1958-03-31,M,M,0.00,M,0
1958-04-01,M,M,T,0.0,M
1958-04-02,M,M,0.01,0.0,M
1958-04-03,M,M,0.01,0.0,M
1958-04-04,M,M,0.01,0.0,M
1958-04-05,M,M,T,0.0,M
1958-04-06,M,M,0.00,0.0,M
1958-04-07,M,M,0.00,0.0,M
1958-04-08,M,M,0.24,0.0,M
1958-04-09,M,M,0.18,1.0,M
1958-04-10,M,M,0.01,0.0,M
1958-04-11,M,M,0.07,0.0,M
1958-04-12,M,M,0.40,7.5,M
1958-04-13,M,M,T,0.0,M
1958-04-14,M,M,0.00,0.0,M
1958-04-15,M,M,0.00,0.0,M
1958-04-16,M,M,T,0.0,M
1958-04-17,M,M,0.09,0.0,M
1958-04-18,M,M,0.00,0.0,M
1958-04-19,M,M,0.00,0.0,M
1958-04-20,M,M,0.00,0.0,M
1958-04-21,M,M,0.00,0.0,M
1958-04-22,M,M,0.00,0.0,M
1958-04-23,M,M,0.00,0.0,M
1958-04-24,M,M,0.00,0.0,M
1958-04-25,M,M,0.00,0.0,M
1958-04-26,M,M,0.00,0.0,M
1958-04-27,M,M,0.00,0.0,M
1958-04-28,M,M,0.00,0.0,M
1958-04-29,M,M,0.00,0.0,M
1958-04-30,M,M,0.01,0.0,M
1958-05-01,M,M,0.09,0.0,0
1958-05-02,M,M,0.04,0.0,0
1958-05-03,M,M,0.10,0.0,0
1958-05-04,M,M,0.00,0.0,0
1958-05-05,M,M,0.00,0.0,0
1958-05-06,M,M,0.00,0.0,0
1958-05-07,M,M,0.00,0.0,0
1958-05-08,M,M,0.00,0.0,0
1958-05-09,M,M,0.00,0.0,0
1958-05-10,M,M,0.00,0.0,0
1958-05-11,M,M,0.00,0.0,0
1958-05-12,M,M,0.04,0.0,0
1958-05-13,M,M,0.06,0.0,0
1958-05-14,M,M,0.00,0.0,0
1958-05-15,M,M,0.00,0.0,0
1958-05-16,M,M,0.00,0.0,0
1958-05-17,M,M,0.00,0.0,0
1958-05-18,M,M,0.24,0.0,0
1958-05-19,M,M,0.02,0.0,0
1958-05-20,M,M,0.03,0.0,0
1958-05-21,M,M,0.00,0.0,0
1958-05-22,M,M,0.00,0.0,0
1958-05-23,M,M,0.23,0.0,0
1958-05-24,M,M,0.03,0.0,0
1958-05-25,M,M,0.05,0.0,0
1958-05-26,M,M,0.01,0.0,0
1958-05-27,M,M,0.01,0.0,0
1958-05-28,M,M,0.01,0.0,0
1958-05-29,M,M,0.00,0.0,0
1958-05-30,M,M,0.00,0.0,0
1958-05-31,M,M,T,0.0,0
1958-06-01,M,M,0.00,0.0,0
1958-06-02,M,M,0.00,0.0,0
1958-06-03,M,M,0.00,0.0,0
1958-06-04,M,M,0.02,0.0,0
1958-06-05,M,M,0.32,0.0,0
1958-06-06,M,M,0.00,0.0,0
1958-06-07,M,M,0.03,0.0,0
1958-06-08,M,M,0.00,0.0,0
1958-06-09,M,M,0.05,0.0,0
1958-06-10,M,M,0.00,0.0,0
1958-06-11,M,M,0.00,0.0,0
1958-06-12,M,M,0.00,0.0,0
1958-06-13,M,M,0.00,0.0,0
1958-06-14,M,M,0.00,0.0,0
1958-06-15,M,M,0.00,0.0,0
1958-06-16,M,M,0.00,0.0,0
1958-06-17,M,M,0.00,0.0,0
1958-06-18,M,M,T,0.0,0
1958-06-19,M,M,0.00,0.0,0
1958-06-20,M,M,0.00,0.0,0
1958-06-21,M,M,0.01,0.0,0
1958-06-22,M,M,0.00,0.0,0
1958-06-23,M,M,0.00,0.0,0
1958-06-24,M,M,0.00,0.0,0
1958-06-25,M,M,0.00,0.0,0
1958-06-26,M,M,0.00,0.0,0
1958-06-27,M,M,0.00,0.0,0
1958-06-28,M,M,0.00,0.0,0
1958-06-29,M,M,0.00,0.0,0
1958-06-30,M,M,0.00,0.0,0
1958-07-01,M,M,0.00,0.0,0
1958-07-02,M,M,0.00,0.0,0
1958-07-03,M,M,0.00,0.0,0
1958-07-04,M,M,0.00,0.0,0
1958-07-05,M,M,0.00,0.0,0
1958-07-06,M,M,0.00,0.0,0
1958-07-07,M,M,0.12,0.0,0
1958-07-08,M,M,0.00,0.0,0
1958-07-09,M,M,0.00,0.0,0
1958-07-10,M,M,0.00,0.0,0
1958-07-11,M,M,0.00,0.0,0
1958-07-12,M,M,0.00,0.0,0
1958-07-13,M,M,0.00,0.0,0
1958-07-14,M,M,0.00,0.0,0
1958-07-15,M,M,0.00,0.0,0
1958-07-16,M,M,0.06,0.0,0
1958-07-17,M,M,0.00,0.0,0
1958-07-18,M,M,0.04,0.0,0
1958-07-19,M,M,0.35,0.0,0
1958-07-20,M,M,0.00,0.0,0
1958-07-21,M,M,0.00,0.0,0
1958-07-22,M,M,0.00,0.0,0
1958-07-23,M,M,0.00,0.0,0
1958-07-24,M,M,0.00,0.0,0
1958-07-25,M,M,0.05,0.0,0
1958-07-26,M,M,0.02,0.0,0
1958-07-27,M,M,0.00,0.0,0
1958-07-28,M,M,T,0.0,0
1958-07-29,M,M,0.00,0.0,0
1958-07-30,M,M,0.00,0.0,0
1958-07-31,M,M,0.00,0.0,0
1958-08-01,M,M,0.00,0.0,0
1958-08-02,M,M,0.00,0.0,0
1958-08-03,M,M,0.00,0.0,0
1958-08-04,M,M,0.00,0.0,0
1958-08-05,M,M,0.00,0.0,0
1958-08-06,M,M,0.00,0.0,0
1958-08-07,M,M,0.02,0.0,0
1958-08-08,M,M,0.00,0.0,0
1958-08-09,M,M,0.06,0.0,0
1958-08-10,M,M,T,0.0,0
1958-08-11,M,M,0.02,0.0,0
1958-08-12,M,M,0.01,0.0,0
1958-08-13,M,M,0.04,0.0,0
1958-08-14,M,M,0.02,0.0,0
1958-08-15,M,M,0.00,0.0,0
1958-08-16,M,M,0.00,0.0,0
1958-08-17,M,M,0.00,0.0,0
1958-08-18,M,M,0.15,0.0,0
1958-08-19,M,M,0.08,0.0,0
1958-08-20,M,M,0.28,0.0,0
1958-08-21,M,M,0.29,0.0,0
1958-08-22,M,M,0.47,0.0,0
1958-08-23,M,M,0.01,0.0,0
1958-08-24,M,M,0.00,0.0,0
1958-08-25,M,M,0.02,0.0,0
1958-08-26,M,M,0.11,0.0,0
1958-08-27,M,M,0.00,0.0,0
1958-08-28,M,M,0.00,0.0,0
1958-08-29,M,M,0.00,0.0,0
1958-08-30,M,M,0.00,0.0,0
1958-08-31,M,M,0.00,0.0,0
1958-09-01,M,M,0.00,0.0,0
1958-09-02,M,M,0.00,0.0,0
1958-09-03,M,M,0.00,0.0,0
1958-09-04,M,M,0.00,0.0,0
1958-09-05,M,M,0.00,0.0,0
1958-09-06,M,M,0.05,0.0,0
1958-09-07,M,M,0.50,0.0,0
1958-09-08,M,M,0.02,0.0,0
1958-09-09,M,M,0.00,0.0,0
1958-09-10,M,M,0.00,0.0,0
1958-09-11,M,M,0.00,0.0,0
1958-09-12,M,M,0.00,0.0,0
1958-09-13,M,M,1.07,0.0,0
1958-09-14,M,M,T,0.0,0
1958-09-15,M,M,0.00,0.0,0
1958-09-16,M,M,0.00,0.0,0
1958-09-17,M,M,0.00,0.0,0
1958-09-18,M,M,0.00,0.0,0
1958-09-19,M,M,0.02,0.0,0
1958-09-20,M,M,0.00,0.0,0
1958-09-21,M,M,0.00,0.0,0
1958-09-22,M,M,0.00,0.0,0
1958-09-23,M,M,0.00,0.0,0
1958-09-24,M,M,0.00,0.0,0
1958-09-25,M,M,0.00,0.0,0
1958-09-26,M,M,0.00,0.0,0
1958-09-27,M,M,0.11,0.0,0
1958-09-28,M,M,0.16,0.0,0
1958-09-29,M,M,0.00,0.0,0
1958-09-30,M,M,0.00,0.0,0
1958-10-01,M,M,0.00,0.0,0
1958-10-02,M,M,0.00,0.0,0
1958-10-03,M,M,0.00,0.0,0
1958-10-04,M,M,0.00,0.0,0
1958-10-05,M,M,0.00,0.0,0
1958-10-06,M,M,0.24,0.0,0
1958-10-07,M,M,T,0.0,0
1958-10-08,M,M,0.00,0.0,0
1958-10-09,M,M,0.00,0.0,0
1958-10-10,M,M,0.00,0.0,0
1958-10-11,M,M,0.00,0.0,0
1958-10-12,M,M,0.00,0.0,0
1958-10-13,M,M,0.00,0.0,0
1958-10-14,M,M,0.00,0.0,0
1958-10-15,M,M,0.00,0.0,0
1958-10-16,M,M,0.00,0.0,0
1958-10-17,M,M,0.00,0.0,0
1958-10-18,M,M,0.00,0.0,0
1958-10-19,M,M,0.00,0.0,0
1958-10-20,M,M,0.00,0.0,0
1958-10-21,M,M,0.00,0.0,0
1958-10-22,M,M,0.00,0.0,0
1958-10-23,M,M,0.00,0.0,0
1958-10-24,M,M,0.00,0.0,0
1958-10-25,M,M,T,0.0,0
1958-10-26,M,M,0.30,0.0,0
1958-10-27,M,M,0.00,0.0,0
1958-10-28,M,M,0.00,0.0,0
1958-10-29,M,M,T,0.0,0
1958-10-30,M,M,0.07,0.0,0
1958-10-31,M,M,0.00,0.0,0
1958-11-01,M,M,0.00,0.0,0
1958-11-02,M,M,0.00,0.0,0
1958-11-03,M,M,0.00,0.0,0
1958-11-04,M,M,0.00,0.0,0
1958-11-05,M,M,0.00,0.0,0
1958-11-06,M,M,0.00,0.0,0
1958-11-07,M,M,0.00,0.0,0
1958-11-08,M,M,0.00,0.0,0
1958-11-09,M,M,0.00,0.0,0
1958-11-10,M,M,0.00,0.0,0
1958-11-11,M,M,0.00,0.0,0
1958-11-12,M,M,0.00,0.0,0
1958-11-13,M,M,0.00,0.0,0
1958-11-14,M,M,0.00,0.0,0
1958-11-15,M,M,0.00,0.0,0
1958-11-16,M,M,0.20,4.0,4
1958-11-17,M,M,0.20,4.0,8
1958-11-18,M,M,0.03,2.0,6
1958-11-19,M,M,0.00,0.0,M
1958-11-20,M,M,0.00,0.0,M
1958-11-21,M,M,0.00,0.0,M
1958-11-22,M,M,0.00,0.0,M
1958-11-23,M,M,0.00,0.0,M
1958-11-24,M,M,0.00,0.0,M
1958-11-25,M,M,0.00,0.0,M
1958-11-26,M,M,S,T,0
1958-11-27,M,M,0.20A,0.0,0
1958-11-28,M,M,0.00,0.0,0
1958-11-29,M,M,0.00,0.0,0
1958-11-30,M,M,0.00,0.0,0
1958-12-01,M,M,0.00,0.0,0
1958-12-02,M,M,0.00,0.0,0
1958-12-03,M,M,0.00,0.0,0
1958-12-04,M,M,0.00,0.0,0
1958-12-05,M,M,0.00,0.0,0
1958-12-06,M,M,0.00,0.0,0
1958-12-07,M,M,0.00,0.0,0
1958-12-08,M,M,0.00,0.0,0
1958-12-09,M,M,0.00,0.0,0
1958-12-10,M,M,0.00,0.0,0
1958-12-11,M,M,0.00,0.0,0
1958-12-12,M,M,0.00,0.0,0
1958-12-13,M,M,0.00,0.0,0
1958-12-14,M,M,0.00,0.0,0
1958-12-15,M,M,0.00,0.0,0
1958-12-16,M,M,0.00,0.0,0
1958-12-17,M,M,0.00,0.0,0
1958-12-18,M,M,0.00,0.0,0
1958-12-19,M,M,0.00,0.0,0
1958-12-20,M,M,0.00,0.0,0
1958-12-21,M,M,0.00,0.0,0
1958-12-22,M,M,0.00,0.0,0
1958-12-23,M,M,0.00,0.0,0
1958-12-24,M,M,0.00,0.0,0
1958-12-25,M,M,0.00,0.0,0
1958-12-26,M,M,0.00,0.0,0
1958-12-27,M,M,0.00,0.0,0
1958-12-28,M,M,0.00,0.0,0
1958-12-29,M,M,0.24,M,4
1958-12-30,M,M,0.00,0.0,M
1958-12-31,M,M,0.00,0.0,M
1959-01-01,M,M,0.00,0.0,M
1959-01-02,M,M,0.00,0.0,M
1959-01-03,M,M,0.00,0.0,M
1959-01-04,M,M,0.00,0.0,M
1959-01-05,M,M,0.00,0.0,M
1959-01-06,M,M,0.00,0.0,M
1959-01-07,M,M,0.06,M,2
1959-01-08,M,M,0.00,0.0,M
1959-01-09,M,M,0.00,0.0,M
1959-01-10,M,M,0.00,0.0,M
1959-01-11,M,M,0.00,0.0,M
1959-01-12,M,M,0.00,0.0,M
1959-01-13,M,M,0.00,0.0,M
1959-01-14,M,M,0.00,0.0,M
1959-01-15,M,M,0.00,0.0,M
1959-01-16,M,M,0.00,0.0,M
1959-01-17,M,M,0.00,0.0,M
1959-01-18,M,M,0.00,0.0,M
1959-01-19,M,M,0.00,0.0,M
1959-01-20,M,M,T,M,M
1959-01-21,M,M,0.01,M,M
1959-01-22,M,M,0.00,0.0,M
1959-01-23,M,M,0.00,0.0,M
1959-01-24,M,M,0.00,0.0,M
1959-01-25,M,M,0.00,0.0,M
1959-01-26,M,M,0.00,0.0,M
1959-01-27,M,M,0.00,0.0,M
1959-01-28,M,M,0.00,0.0,M
1959-01-29,M,M,0.00,0.0,M
1959-01-30,M,M,0.00,0.0,M
1959-01-31,M,M,0.00,0.0,M
1959-02-01,M,M,T,T,0
1959-02-02,M,M,0.05,1.0,1
1959-02-03,M,M,0.10,2.0,2
1959-02-04,M,M,T,0.0,0
1959-02-05,M,M,0.00,0.0,0
1959-02-06,M,M,0.00,0.0,0
1959-02-07,M,M,0.00,0.0,0
1959-02-08,M,M,0.00,0.0,0
1959-02-09,M,M,0.15,2.0,2
1959-02-10,M,M,0.00,0.0,M
1959-02-11,M,M,0.00,0.0,M
1959-02-12,M,M,0.00,0.0,M
1959-02-13,M,M,0.00,0.0,M
1959-02-14,M,M,0.00,0.0,M
1959-02-15,M,M,0.00,0.0,M
1959-02-16,M,M,0.00,0.0,M
1959-02-17,M,M,0.17,0.0,0
1959-02-18,M,M,0.02,0.0,0
1959-02-19,M,M,0.00,0.0,0
1959-02-20,M,M,0.02,0.0,0
1959-02-21,M,M,0.01,0.5,1
1959-02-22,M,M,0.00,0.0,M
1959-02-23,M,M,0.00,0.0,M
1959-02-24,M,M,0.00,0.0,M
1959-02-25,M,M,0.00,0.0,M
1959-02-26,M,M,0.00,0.0,M
1959-02-27,M,M,0.00,0.0,M
1959-02-28,M,M,0.00,0.0,M
1959-03-01,M,M,0.00,0.0,M
1959-03-02,M,M,0.00,0.0,M
1959-03-03,M,M,0.00,0.0,M
1959-03-04,M,M,0.00,0.0,M
1959-03-05,M,M,0.00,0.0,M
1959-03-06,M,M,0.00,0.0,M
1959-03-07,M,M,0.00,0.0,M
1959-03-08,M,M,0.00,0.0,M
1959-03-09,M,M,0.00,0.0,M
1959-03-10,M,M,0.00,0.0,M
1959-03-11,M,M,0.00,0.0,M
1959-03-12,M,M,0.00,0.0,M
1959-03-13,M,M,0.00,0.0,M
1959-03-14,M,M,0.00,0.0,M
1959-03-15,M,M,0.00,0.0,M
1959-03-16,M,M,0.00,0.0,M
1959-03-17,M,M,0.00,0.0,M
1959-03-18,M,M,0.00,0.0,M
1959-03-19,M,M,0.00,0.0,M
1959-03-20,M,M,0.00,0.0,M
1959-03-21,M,M,0.00,0.0,M
1959-03-22,M,M,0.00,0.0,M
1959-03-23,M,M,0.00,0.0,M
1959-03-24,M,M,0.00,0.0,M
1959-03-25,M,M,0.39,M,1
1959-03-26,M,M,0.01,M,M
1959-03-27,M,M,0.00,0.0,M
1959-03-28,M,M,0.01,0.0,M
1959-03-29,M,M,0.00,0.0,M
1959-03-30,M,M,0.00,0.0,M
1959-03-31,M,M,T,M,M
1959-04-01,M,M,0.00,0.0,0
1959-04-02,M,M,0.00,0.0,0
1959-04-03,M,M,0.00,0.0,0
1959-04-04,M,M,0.00,0.0,0
1959-04-05,M,M,0.00,0.0,0
1959-04-06,M,M,0.00,0.0,0
1959-04-07,M,M,0.25,T,0
1959-04-08,M,M,0.15,T,0
1959-04-09,M,M,0.02,T,T
1959-04-10,M,M,0.00,0.0,0
1959-04-11,M,M,0.00,0.0,0
1959-04-12,M,M,0.00,0.0,0
1959-04-13,M,M,0.00,0.0,0
1959-04-14,M,M,0.00,0.0,0
1959-04-15,M,M,T,0.0,0
1959-04-16,M,M,T,0.0,0
1959-04-17,M,M,0.00,0.0,0
1959-04-18,M,M,T,0.0,0
1959-04-19,M,M,0.16,T,0
1959-04-20,M,M,0.01,T,0
1959-04-21,M,M,T,T,0
1959-04-22,M,M,0.00,0.0,0
1959-04-23,M,M,0.00,0.0,0
1959-04-24,M,M,0.00,0.0,0
1959-04-25,M,M,0.00,0.0,0
1959-04-26,M,M,0.00,0.0,0
1959-04-27,M,M,0.14,0.0,0
1959-04-28,M,M,0.00,0.0,0
1959-04-29,M,M,0.00,0.0,0
1959-04-30,M,M,0.00,0.0,0
1959-05-01,M,M,0.00,0.0,0
1959-05-02,M,M,0.00,0.0,0
1959-05-03,M,M,0.00,0.0,0
1959-05-04,M,M,0.00,0.0,0
1959-05-05,M,M,0.00,0.0,0
1959-05-06,M,M,0.00,0.0,0
1959-05-07,M,M,0.00,0.0,0
1959-05-08,M,M,0.85,0.0,0
1959-05-09,M,M,0.04,0.0,0
1959-05-10,M,M,0.00,0.0,0
1959-05-11,M,M,0.00,0.0,0
1959-05-12,M,M,0.00,0.0,0
1959-05-13,M,M,0.04,0.0,0
1959-05-14,M,M,0.04,0.0,0
1959-05-15,M,M,0.03,0.0,0
1959-05-16,M,M,0.00,0.0,0
1959-05-17,M,M,0.00,0.0,0
1959-05-18,M,M,0.00,0.0,0
1959-05-19,M,M,0.00,0.0,0
1959-05-20,M,M,0.00,0.0,0
1959-05-21,M,M,0.00,0.0,0
1959-05-22,M,M,T,0.0,0
1959-05-23,M,M,0.13,0.0,0
1959-05-24,M,M,0.94,0.0,0
1959-05-25,M,M,T,0.0,0
1959-05-26,M,M,0.00,0.0,0
1959-05-27,M,M,0.00,0.0,0
1959-05-28,M,M,0.00,0.0,0
1959-05-29,M,M,0.00,0.0,0
1959-05-30,M,M,0.00,0.0,0
1959-05-31,M,M,0.00,0.0,0
1959-06-01,M,M,0.00,0.0,0
1959-06-02,M,M,T,0.0,0
1959-06-03,M,M,T,0.0,0
1959-06-04,M,M,0.04,0.0,0
1959-06-05,M,M,0.00,0.0,0
1959-06-06,M,M,0.00,0.0,0
1959-06-07,M,M,0.00,0.0,0
1959-06-08,M,M,0.00,0.0,0
1959-06-09,M,M,0.00,0.0,0
1959-06-10,M,M,0.00,0.0,0
1959-06-11,M,M,0.00,0.0,0
1959-06-12,M,M,0.00,0.0,0
1959-06-13,M,M,0.00,0.0,0
1959-06-14,M,M,0.05,0.0,0
1959-06-15,M,M,0.71,0.0,0
1959-06-16,M,M,0.11,0.0,0
1959-06-17,M,M,0.00,0.0,0
1959-06-18,M,M,0.00,0.0,0
1959-06-19,M,M,T,0.0,0
1959-06-20,M,M,0.03,0.0,0
1959-06-21,M,M,0.33,0.0,0
1959-06-22,M,M,0.02,0.0,0
1959-06-23,M,M,0.00,0.0,0
1959-06-24,M,M,0.00,0.0,0
1959-06-25,M,M,T,0.0,0
1959-06-26,M,M,0.00,0.0,0
1959-06-27,M,M,0.00,0.0,0
1959-06-28,M,M,0.00,0.0,0
1959-06-29,M,M,0.00,0.0,0
1959-06-30,M,M,0.00,0.0,0
1959-07-01,M,M,0.00,0.0,0
1959-07-02,M,M,0.00,0.0,0
1959-07-03,M,M,0.04,0.0,0
1959-07-04,M,M,0.00,0.0,0
1959-07-05,M,M,0.00,0.0,0
1959-07-06,M,M,T,0.0,0
1959-07-07,M,M,T,0.0,0
1959-07-08,M,M,0.04,0.0,0
1959-07-09,M,M,0.00,0.0,0
1959-07-10,M,M,0.00,0.0,0
1959-07-11,M,M,0.00,0.0,0
1959-07-12,M,M,0.00,0.0,0
1959-07-13,M,M,0.00,0.0,0
1959-07-14,M,M,0.18,0.0,0
1959-07-15,M,M,0.00,0.0,0
1959-07-16,M,M,0.25,0.0,0
1959-07-17,M,M,0.01,0.0,0
1959-07-18,M,M,0.16,0.0,0
1959-07-19,M,M,0.07,0.0,0
1959-07-20,M,M,0.09,0.0,0
1959-07-21,M,M,0.02,0.0,0
1959-07-22,M,M,0.02,0.0,0
1959-07-23,M,M,0.00,0.0,0
1959-07-24,M,M,T,0.0,0
1959-07-25,M,M,0.12,0.0,0
1959-07-26,M,M,0.01,0.0,0
1959-07-27,M,M,0.03,0.0,0
1959-07-28,M,M,0.23,0.0,0
1959-07-29,M,M,0.00,0.0,0
1959-07-30,M,M,0.02,0.0,0
1959-07-31,M,M,0.00,0.0,0
1959-08-01,M,M,0.00,0.0,0
1959-08-02,M,M,0.00,0.0,0
1959-08-03,M,M,0.00,0.0,0
1959-08-04,M,M,0.01,0.0,0
1959-08-05,M,M,0.03,0.0,0
1959-08-06,M,M,1.25,0.0,0
1959-08-07,M,M,0.51,0.0,0
1959-08-08,M,M,0.03,0.0,0
1959-08-09,M,M,0.03,0.0,0
1959-08-10,M,M,0.01,0.0,0
1959-08-11,M,M,0.00,0.0,0
1959-08-12,M,M,0.00,0.0,0
1959-08-13,M,M,0.05,0.0,0
1959-08-14,M,M,0.05,0.0,0
1959-08-15,M,M,0.58,0.0,0
1959-08-16,M,M,0.00,0.0,0
1959-08-17,M,M,0.00,0.0,0
1959-08-18,M,M,0.00,0.0,0
1959-08-19,M,M,0.00,0.0,0
1959-08-20,M,M,0.23,0.0,0
1959-08-21,M,M,T,0.0,0
1959-08-22,M,M,0.00,0.0,0
1959-08-23,M,M,0.02,0.0,0
1959-08-24,M,M,0.15,0.0,0
1959-08-25,M,M,0.02,0.0,0
1959-08-26,M,M,0.02,0.0,0
1959-08-27,M,M,0.00,0.0,0
1959-08-28,M,M,T,0.0,0
1959-08-29,M,M,0.00,0.0,0
1959-08-30,M,M,0.00,0.0,0
1959-08-31,M,M,0.00,0.0,0
1959-09-01,M,M,0.00,0.0,0
1959-09-02,M,M,0.00,0.0,0
1959-09-03,M,M,0.00,0.0,0
1959-09-04,M,M,0.00,0.0,0
1959-09-05,M,M,0.00,0.0,0
1959-09-06,M,M,0.00,0.0,0
1959-09-07,M,M,0.00,0.0,0
1959-09-08,M,M,0.00,0.0,0
1959-09-09,M,M,0.00,0.0,0
1959-09-10,M,M,0.00,0.0,0
1959-09-11,M,M,0.00,0.0,0
1959-09-12,M,M,0.00,0.0,0
1959-09-13,M,M,0.00,0.0,0
1959-09-14,M,M,0.00,0.0,0
1959-09-15,M,M,0.00,0.0,0
1959-09-16,M,M,0.01,0.0,0
1959-09-17,M,M,0.01,0.0,0
1959-09-18,M,M,0.02,0.0,0
1959-09-19,M,M,0.00,0.0,0
1959-09-20,M,M,0.00,0.0,0
1959-09-21,M,M,0.00,0.0,0
1959-09-22,M,M,0.00,0.0,0
1959-09-23,M,M,0.00,0.0,0
1959-09-24,M,M,0.01,0.0,0
1959-09-25,M,M,0.00,0.0,0
1959-09-26,M,M,0.00,0.0,0
1959-09-27,M,M,0.00,0.0,0
1959-09-28,M,M,0.00,0.0,0
1959-09-29,M,M,0.00,0.0,0
1959-09-30,M,M,0.02,0.0,0
1959-10-01,M,M,0.11,0.0,0
1959-10-02,M,M,0.13,0.0,0
1959-10-03,M,M,0.74,0.0,0
1959-10-04,M,M,0.00,0.0,0
1959-10-05,M,M,0.00,0.0,0
1959-10-06,M,M,0.00,0.0,0
1959-10-07,M,M,0.00,0.0,0
1959-10-08,M,M,0.00,0.0,0
1959-10-09,M,M,0.00,0.0,0
1959-10-10,M,M,0.00,0.0,0
1959-10-11,M,M,0.00,0.0,0
1959-10-12,M,M,0.00,0.0,0
1959-10-13,M,M,0.00,0.0,0
1959-10-14,M,M,0.16,0.0,0
1959-10-15,M,M,0.00,0.0,0
1959-10-16,M,M,0.00,0.0,0
1959-10-17,M,M,0.00,0.0,0
1959-10-18,M,M,0.00,0.0,0
1959-10-19,M,M,0.00,0.0,0
1959-10-20,M,M,0.00,0.0,0
1959-10-21,M,M,0.00,0.0,0
1959-10-22,M,M,0.00,0.0,0
1959-10-23,M,M,0.00,0.0,0
1959-10-24,M,M,0.00,0.0,0
1959-10-25,M,M,0.00,0.0,0
1959-10-26,M,M,0.00,0.0,0
1959-10-27,M,M,0.00,0.0,0
1959-10-28,M,M,0.00,0.0,0
1959-10-29,M,M,0.14,0.0,0
1959-10-30,M,M,0.89,M,1
1959-10-31,M,M,0.00,0.0,M
1959-11-01,M,M,0.00,0.0,0
1959-11-02,M,M,0.00,0.0,0
1959-11-03,M,M,T,T,0
1959-11-04,M,M,0.05,T,0
1959-11-05,M,M,0.02,T,0
1959-11-06,M,M,0.00,0.0,0
1959-11-07,M,M,0.00,0.0,0
1959-11-08,M,M,0.00,0.0,0
1959-11-09,M,M,0.00,0.0,0
1959-11-10,M,M,0.00,0.0,0
1959-11-11,M,M,0.00,0.0,0
1959-11-12,M,M,0.00,0.0,0
1959-11-13,M,M,0.00,0.0,0
1959-11-14,M,M,0.00,0.0,0
1959-11-15,M,M,0.00,0.0,0
1959-11-16,M,M,0.00,0.0,0
1959-11-17,M,M,0.00,0.0,0
1959-11-18,M,M,0.00,0.0,0
1959-11-19,M,M,0.00,0.0,0
1959-11-20,M,M,0.00,0.0,0
1959-11-21,M,M,0.00,0.0,0
1959-11-22,M,M,0.00,0.0,0
1959-11-23,M,M,0.00,0.0,0
1959-11-24,M,M,0.00,0.0,0
1959-11-25,M,M,0.00,0.0,0
1959-11-26,M,M,0.00,0.0,0
1959-11-27,M,M,0.21,4.0,M
1959-11-28,M,M,0.00,0.0,M
1959-11-29,M,M,0.00,0.0,M
1959-11-30,M,M,0.00,0.0,M
1959-12-01,M,M,0.00,0.0,0
1959-12-02,M,M,0.00,0.0,0
1959-12-03,M,M,0.00,0.0,0
1959-12-04,M,M,0.00,0.0,0
1959-12-05,M,M,0.00,0.0,0
1959-12-06,M,M,0.00,0.0,0
1959-12-07,M,M,0.00,0.0,0
1959-12-08,M,M,0.00,0.0,0
1959-12-09,M,M,0.00,0.0,0
1959-12-10,M,M,0.00,0.0,0
1959-12-11,M,M,0.00,0.0,0
1959-12-12,M,M,0.00,0.0,0
1959-12-13,M,M,0.00,0.0,0
1959-12-14,M,M,0.03,M,T
1959-12-15,M,M,T,M,M
1959-12-16,M,M,0.00,0.0,M
1959-12-17,M,M,0.00,0.0,M
1959-12-18,M,M,0.00,0.0,M
1959-12-19,M,M,0.00,0.0,M
1959-12-20,M,M,0.00,0.0,M
1959-12-21,M,M,0.00,0.0,M
1959-12-22,M,M,0.40,M,4
1959-12-23,M,M,0.00,0.0,M
1959-12-24,M,M,0.00,0.0,M
1959-12-25,M,M,0.02,0.0,M
1959-12-26,M,M,0.46,M,1
1959-12-27,M,M,0.08,M,1
1959-12-28,M,M,T,0.0,M
1959-12-29,M,M,0.00,0.0,M
1959-12-30,M,M,0.00,0.0,M
1959-12-31,M,M,T,M,M
1960-01-01,M,M,0.09,2.0,4
1960-01-02,M,M,0.00,0.0,M
1960-01-03,M,M,0.00,0.0,M
1960-01-04,M,M,0.00,0.0,M
1960-01-05,M,M,0.00,0.0,M
1960-01-06,M,M,0.00,0.0,M
1960-01-07,M,M,0.00,0.0,M
1960-01-08,M,M,0.00,0.0,M
1960-01-09,M,M,0.00,0.0,M
1960-01-10,M,M,0.00,0.0,M
1960-01-11,M,M,0.00,0.0,M
1960-01-12,M,M,0.37,M,1
1960-01-13,M,M,0.00,0.0,M
1960-01-14,M,M,0.00,0.0,M
1960-01-15,M,M,0.10,M,1
1960-01-16,M,M,0.00,0.0,M
1960-01-17,M,M,0.10,M,2
1960-01-18,M,M,0.00,0.0,M
1960-01-19,M,M,0.00,0.0,M
1960-01-20,M,M,0.00,0.0,M
1960-01-21,M,M,0.00,0.0,M
1960-01-22,M,M,0.00,0.0,M
1960-01-23,M,M,0.00,0.0,M
1960-01-24,M,M,0.00,0.0,M
1960-01-25,M,M,0.00,0.0,M
1960-01-26,M,M,T,0.0,M
1960-01-27,M,M,0.00,0.0,M
1960-01-28,M,M,0.00,0.0,M
1960-01-29,M,M,0.00,0.0,M
1960-01-30,M,M,0.00,0.0,M
1960-01-31,M,M,0.00,0.0,M
1960-02-01,M,M,0.00,0.0,M
1960-02-02,M,M,0.13,2.0,M
1960-02-03,M,M,0.26,4.0,M
1960-02-04,M,M,0.00,0.0,M
1960-02-05,M,M,0.00,0.0,M
1960-02-06,M,M,0.00,0.0,M
1960-02-07,M,M,0.00,0.0,M
1960-02-08,M,M,0.00,0.0,M
1960-02-09,M,M,0.04,0.5,M
1960-02-10,M,M,0.02,0.3,M
1960-02-11,M,M,T,0.0,M
1960-02-12,M,M,0.00,0.0,M
1960-02-13,M,M,0.00,0.0,M
1960-02-14,M,M,0.00,0.0,M
1960-02-15,M,M,0.00,0.0,M
1960-02-16,M,M,0.00,0.0,M
1960-02-17,M,M,0.00,0.0,M
1960-02-18,M,M,0.00,0.0,M
1960-02-19,M,M,0.00,0.0,M
1960-02-20,M,M,T,T,M
1960-02-21,M,M,0.00,0.0,M
1960-02-22,M,M,0.00,0.0,M
1960-02-23,M,M,0.00,0.0,M
1960-02-24,M,M,0.09,2.0,M
1960-02-25,M,M,T,T,M
1960-02-26,M,M,0.02,T,M
1960-02-27,M,M,0.00,0.0,M
1960-02-28,M,M,0.00,0.0,M
1960-02-29,M,M,T,T,M
1960-03-01,M,M,0.50,7.0,7
1960-03-02,M,M,0.37,2.0,9
1960-03-03,M,M,0.00,0.0,M
1960-03-04,M,M,0.00,0.0,M
1960-03-05,M,M,0.00,0.0,M
1960-03-06,M,M,0.00,0.0,M
1960-03-07,M,M,0.00,0.0,M
1960-03-08,M,M,0.00,0.0,M
1960-03-09,M,M,0.00,0.0,M
1960-03-10,M,M,0.00,0.0,M
1960-03-11,M,M,0.00,0.0,M
1960-03-12,M,M,0.00,0.0,M
1960-03-13,M,M,0.00,0.0,M
1960-03-14,M,M,0.26,T,0
1960-03-15,M,M,0.01,0.0,0
1960-03-16,M,M,0.00,0.0,0
1960-03-17,M,M,0.00,0.0,0
1960-03-18,M,M,0.00,0.0,0
1960-03-19,M,M,0.00,0.0,0
1960-03-20,M,M,0.00,0.0,0
1960-03-21,M,M,0.00,0.0,0
1960-03-22,M,M,0.00,0.0,0
1960-03-23,M,M,0.00,0.0,0
1960-03-24,M,M,0.00,0.0,0
1960-03-25,M,M,0.06,0.0,0
1960-03-26,M,M,0.00,0.0,0
1960-03-27,M,M,0.00,0.0,0
1960-03-28,M,M,0.00,0.0,0
1960-03-29,M,M,0.05,0.0,0
1960-03-30,M,M,0.00,0.0,0
1960-03-31,M,M,0.00,0.0,0
1960-04-01,M,M,0.00,0.0,0
1960-04-02,M,M,0.00,0.0,0
1960-04-03,M,M,0.00,0.0,0
1960-04-04,M,M,0.00,0.0,0
1960-04-05,M,M,0.00,0.0,0
1960-04-06,M,M,0.00,0.0,0
1960-04-07,M,M,0.00,0.0,0
1960-04-08,M,M,0.00,0.0,0
1960-04-09,M,M,0.00,0.0,0
1960-04-10,M,M,0.00,0.0,0
1960-04-11,M,M,0.00,0.0,0
1960-04-12,M,M,0.05,0.0,0
1960-04-13,M,M,0.10,0.0,0
1960-04-14,M,M,T,0.0,0
1960-04-15,M,M,0.00,0.0,0
1960-04-16,M,M,0.00,0.0,0
1960-04-17,M,M,0.00,0.0,0
1960-04-18,M,M,0.00,0.0,0
1960-04-19,M,M,0.00,0.0,0
1960-04-20,M,M,0.00,0.0,0
1960-04-21,M,M,0.00,0.0,0
1960-04-22,M,M,0.00,0.0,0
1960-04-23,M,M,0.00,0.0,0
1960-04-24,M,M,0.00,0.0,0
1960-04-25,M,M,0.00,0.0,0
1960-04-26,M,M,0.00,0.0,0
1960-04-27,M,M,0.00,0.0,0
1960-04-28,M,M,0.00,0.0,0
1960-04-29,M,M,0.04,T,0
1960-04-30,M,M,0.02,0.0,0
1960-05-01,M,M,0.02,0.0,0
1960-05-02,M,M,0.00,0.0,0
1960-05-03,M,M,0.00,0.0,0
1960-05-04,M,M,0.00,0.0,0
1960-05-05,M,M,0.01,0.0,0
1960-05-06,M,M,0.02,0.0,0
1960-05-07,M,M,0.00,0.0,0
1960-05-08,M,M,0.00,0.0,0
1960-05-09,M,M,0.00,0.0,0
1960-05-10,M,M,0.00,0.0,0
1960-05-11,M,M,0.00,0.0,0
1960-05-12,M,M,0.00,0.0,0
1960-05-13,M,M,0.00,0.0,0
1960-05-14,M,M,0.00,0.0,0
1960-05-15,M,M,0.00,0.0,0
1960-05-16,M,M,0.00,0.0,0
1960-05-17,M,M,0.00,0.0,0
1960-05-18,M,M,0.00,0.0,0
1960-05-19,M,M,0.00,0.0,0
1960-05-20,M,M,0.00,0.0,0
1960-05-21,M,M,0.00,0.0,0
1960-05-22,M,M,0.00,0.0,0
1960-05-23,M,M,0.00,0.0,0
1960-05-24,M,M,0.00,0.0,0
1960-05-25,M,M,0.00,0.0,0
1960-05-26,M,M,0.00,0.0,0
1960-05-27,M,M,0.00,0.0,0
1960-05-28,M,M,0.00,0.0,0
1960-05-29,M,M,0.00,0.0,0
1960-05-30,M,M,0.00,0.0,0
1960-05-31,M,M,0.00,0.0,0
1960-06-01,M,M,0.05,0.0,0
1960-06-02,M,M,0.00,0.0,0
1960-06-03,M,M,0.00,0.0,0
1960-06-04,M,M,0.00,0.0,0
1960-06-05,M,M,0.00,0.0,0
1960-06-06,M,M,0.26,0.0,0
1960-06-07,M,M,0.07,0.0,0
1960-06-08,M,M,T,0.0,0
1960-06-09,M,M,0.00,0.0,0
1960-06-10,M,M,0.09,0.0,0
1960-06-11,M,M,0.19,0.0,0
1960-06-12,M,M,0.00,0.0,0
1960-06-13,M,M,0.00,0.0,0
1960-06-14,M,M,0.00,0.0,0
1960-06-15,M,M,0.00,0.0,0
1960-06-16,M,M,0.00,0.0,0
1960-06-17,M,M,0.00,0.0,0
1960-06-18,M,M,0.00,0.0,0
1960-06-19,M,M,0.00,0.0,0
1960-06-20,M,M,0.00,0.0,0
1960-06-21,M,M,0.00,0.0,0
1960-06-22,M,M,0.00,0.0,0
1960-06-23,M,M,0.00,0.0,0
1960-06-24,M,M,0.00,0.0,0
1960-06-25,M,M,0.00,0.0,0
1960-06-26,M,M,0.00,0.0,0
1960-06-27,M,M,0.00,0.0,0
1960-06-28,M,M,0.00,0.0,0
1960-06-29,M,M,0.00,0.0,0
1960-06-30,M,M,0.00,0.0,0
1960-07-01,M,M,0.00,0.0,0
1960-07-02,M,M,0.00,0.0,0
1960-07-03,M,M,0.00,0.0,0
1960-07-04,M,M,0.02,0.0,0
1960-07-05,M,M,0.00,0.0,0
1960-07-06,M,M,0.09,0.0,0
1960-07-07,M,M,0.36,0.0,0
1960-07-08,M,M,0.00,0.0,0
1960-07-09,M,M,0.00,0.0,0
1960-07-10,M,M,0.00,0.0,0
1960-07-11,M,M,0.11,0.0,0
1960-07-12,M,M,0.00,0.0,0
1960-07-13,M,M,0.00,0.0,0
1960-07-14,M,M,0.00,0.0,0
1960-07-15,M,M,0.03,0.0,0
1960-07-16,M,M,0.00,0.0,0
1960-07-17,M,M,0.14,0.0,0
1960-07-18,M,M,0.00,0.0,0
1960-07-19,M,M,T,0.0,0
1960-07-20,M,M,0.00,0.0,0
1960-07-21,M,M,0.00,0.0,0
1960-07-22,M,M,0.00,0.0,0
1960-07-23,M,M,0.02,0.0,0
1960-07-24,M,M,0.20,0.0,0
1960-07-25,M,M,0.02,0.0,0
1960-07-26,M,M,T,0.0,0
1960-07-27,M,M,0.00,0.0,0
1960-07-28,M,M,0.00,0.0,0
1960-07-29,M,M,0.18,0.0,0
1960-07-30,M,M,0.03,0.0,0
1960-07-31,M,M,0.00,0.0,0
1960-08-01,M,M,0.18,0.0,0
1960-08-02,M,M,0.14,0.0,0
1960-08-03,M,M,0.01,0.0,0
1960-08-04,M,M,0.00,0.0,0
1960-08-05,M,M,0.00,0.0,0
1960-08-06,M,M,0.07,0.0,0
1960-08-07,M,M,0.00,0.0,0
1960-08-08,M,M,0.00,0.0,0
1960-08-09,M,M,0.00,0.0,0
1960-08-10,M,M,0.02,0.0,0
1960-08-11,M,M,0.88,0.0,0
1960-08-12,M,M,0.10,0.0,0
1960-08-13,M,M,0.01,0.0,0
1960-08-14,M,M,0.09,0.0,0
1960-08-15,M,M,0.01,0.0,0
1960-08-16,M,M,T,0.0,0
1960-08-17,M,M,0.00,0.0,0
1960-08-18,M,M,0.00,0.0,0
1960-08-19,M,M,0.00,0.0,0
1960-08-20,M,M,0.00,0.0,0
1960-08-21,M,M,0.00,0.0,0
1960-08-22,M,M,0.00,0.0,0
1960-08-23,M,M,0.26,0.0,0
1960-08-24,M,M,0.00,0.0,0
1960-08-25,M,M,0.00,0.0,0
1960-08-26,M,M,0.00,0.0,0
1960-08-27,M,M,0.00,0.0,0
1960-08-28,M,M,0.00,0.0,0
1960-08-29,M,M,0.00,0.0,0
1960-08-30,M,M,0.00,0.0,0
1960-08-31,M,M,0.00,0.0,0
1960-09-01,M,M,0.00,0.0,0
1960-09-02,M,M,0.00,0.0,0
1960-09-03,M,M,0.00,0.0,0
1960-09-04,M,M,0.00,0.0,0
1960-09-05,M,M,0.00,0.0,0
1960-09-06,M,M,0.00,0.0,0
1960-09-07,M,M,0.00,0.0,0
1960-09-08,M,M,0.00,0.0,0
1960-09-09,M,M,0.00,0.0,0
1960-09-10,M,M,0.49,0.0,0
1960-09-11,M,M,0.00,0.0,0
1960-09-12,M,M,0.00,0.0,0
1960-09-13,M,M,0.00,0.0,0
1960-09-14,M,M,0.01,0.0,0
1960-09-15,M,M,0.01,0.0,0
1960-09-16,M,M,0.00,0.0,0
1960-09-17,M,M,0.00,0.0,0
1960-09-18,M,M,0.14,0.0,0
1960-09-19,M,M,0.01,0.0,0
1960-09-20,M,M,0.01,0.0,0
1960-09-21,M,M,T,0.0,0
1960-09-22,M,M,0.03,0.0,0
1960-09-23,M,M,0.00,0.0,0
1960-09-24,M,M,0.00,0.0,0
1960-09-25,M,M,0.00,0.0,0
1960-09-26,M,M,0.00,0.0,0
1960-09-27,M,M,T,0.0,0
1960-09-28,M,M,0.00,0.0,0
1960-09-29,M,M,0.00,0.0,0
1960-09-30,M,M,0.00,0.0,0
1960-10-01,M,M,0.00,0.0,0
1960-10-02,M,M,0.00,0.0,0
1960-10-03,M,M,0.00,0.0,0
1960-10-04,M,M,0.00,0.0,0
1960-10-05,M,M,0.00,0.0,0
1960-10-06,M,M,0.00,0.0,0
1960-10-07,M,M,0.00,0.0,0
1960-10-08,M,M,0.00,0.0,0
1960-10-09,M,M,0.07,0.0,0
1960-10-10,M,M,T,0.0,0
1960-10-11,M,M,0.04,0.0,0
1960-10-12,M,M,0.00,0.0,0
1960-10-13,M,M,0.00,0.0,0
1960-10-14,M,M,0.00,0.0,0
1960-10-15,M,M,0.35,M,0
1960-10-16,M,M,0.45,0.0,0
1960-10-17,M,M,0.10,0.0,0
1960-10-18,M,M,0.51,0.0,0
1960-10-19,M,M,0.00,0.0,0
1960-10-20,M,M,0.00,0.0,0
1960-10-21,M,M,0.00,0.0,0
1960-10-22,M,M,0.00,0.0,0
1960-10-23,M,M,0.00,0.0,0
1960-10-24,M,M,0.00,0.0,0
1960-10-25,M,M,0.00,0.0,0
1960-10-26,M,M,0.00,0.0,0
1960-10-27,M,M,0.00,0.0,0
1960-10-28,M,M,0.00,0.0,0
1960-10-29,M,M,0.00,0.0,0
1960-10-30,M,M,0.00,0.0,0
1960-10-31,M,M,0.00,0.0,0
1960-11-01,M,M,0.00,0.0,0
1960-11-02,M,M,0.00,0.0,0
1960-11-03,M,M,0.00,0.0,0
1960-11-04,M,M,0.00,0.0,0
1960-11-05,M,M,0.00,0.0,0
1960-11-06,M,M,0.00,0.0,0
1960-11-07,M,M,0.38,0.0,0
1960-11-08,M,M,0.00,0.0,0
1960-11-09,M,M,0.00,0.0,0
1960-11-10,M,M,0.00,0.0,0
1960-11-11,M,M,0.00,0.0,0
1960-11-12,M,M,0.00,0.0,0
1960-11-13,M,M,0.00,0.0,0
1960-11-14,M,M,0.00,0.0,0
1960-11-15,M,M,0.00,0.0,0
1960-11-16,M,M,0.00,0.0,0
1960-11-17,M,M,0.00,0.0,0
1960-11-18,M,M,0.00,0.0,0
1960-11-19,M,M,0.00,0.0,0
1960-11-20,M,M,0.00,0.0,0
1960-11-21,M,M,0.00,0.0,0
1960-11-22,M,M,0.00,0.0,0
1960-11-23,M,M,0.00,0.0,0
1960-11-24,M,M,0.00,0.0,0
1960-11-25,M,M,0.00,0.0,0
1960-11-26,M,M,0.00,0.0,0
1960-11-27,M,M,T,T,0
1960-11-28,M,M,0.01,0.0,0
1960-11-29,M,M,0.00,0.0,0
1960-11-30,M,M,0.00,0.0,0
1960-12-01,M,M,0.00,0.0,0
1960-12-02,M,M,0.00,0.0,0
1960-12-03,M,M,0.00,0.0,0
1960-12-04,M,M,0.26,0.0,0
1960-12-05,M,M,T,T,T
1960-12-06,M,M,0.05,T,0
1960-12-07,M,M,0.00,0.0,0
1960-12-08,M,M,0.01,M,M
1960-12-09,M,M,0.31,M,M
1960-12-10,M,M,0.01,M,M
1960-12-11,M,M,0.00,0.0,M
1960-12-12,M,M,T,M,M
1960-12-13,M,M,0.25,M,4
1960-12-14,M,M,0.00,0.0,M
1960-12-15,M,M,0.00,0.0,M
1960-12-16,M,M,0.00,0.0,M
1960-12-17,M,M,0.00,0.0,M
1960-12-18,M,M,0.00,0.0,M
1960-12-19,M,M,0.00,0.0,M
1960-12-20,M,M,0.00,0.0,M
1960-12-21,M,M,0.00,0.0,M
1960-12-22,M,M,0.00,0.0,M
1960-12-23,M,M,0.00,0.0,M
1960-12-24,M,M,0.00,0.0,M
1960-12-25,M,M,0.00,0.0,M
1960-12-26,M,M,0.00,0.0,M
1960-12-27,M,M,0.00,0.0,M
1960-12-28,M,M,0.00,0.0,M
1960-12-29,M,M,0.00,0.0,M
1960-12-30,M,M,0.00,0.0,M
1960-12-31,M,M,0.00,0.0,M
1961-01-01,M,M,0.00,0.0,M
1961-01-02,M,M,0.00,0.0,M
1961-01-03,M,M,0.00,0.0,M
1961-01-04,M,M,0.00,0.0,M
1961-01-05,M,M,0.00,0.0,M
1961-01-06,M,M,0.00,0.0,M
1961-01-07,M,M,0.00,0.0,M
1961-01-08,M,M,0.00,0.0,M
1961-01-09,M,M,0.00,0.0,M
1961-01-10,M,M,0.00,0.0,M
1961-01-11,M,M,0.00,0.0,M
1961-01-12,M,M,0.00,0.0,M
1961-01-13,M,M,0.00,0.0,M
1961-01-14,M,M,0.00,0.0,M
1961-01-15,M,M,0.00,0.0,M
1961-01-16,M,M,0.00,0.0,M
1961-01-17,M,M,0.00,0.0,M
1961-01-18,M,M,0.00,0.0,M
1961-01-19,M,M,0.00,0.0,M
1961-01-20,M,M,0.00,0.0,M
1961-01-21,M,M,0.00,0.0,M
1961-01-22,M,M,0.00,0.0,M
1961-01-23,M,M,0.00,0.0,M
1961-01-24,M,M,0.00,0.0,M
1961-01-25,M,M,0.00,0.0,M
1961-01-26,M,M,0.00,0.0,M
1961-01-27,M,M,0.60,8.0,M
1961-01-28,M,M,0.05,0.0,8
1961-01-29,M,M,0.00,0.0,M
1961-01-30,M,M,0.00,0.0,M
1961-01-31,M,M,0.00,0.0,M
1961-02-01,M,M,0.00,0.0,M
1961-02-02,M,M,0.00,0.0,M
1961-02-03,M,M,0.00,0.0,M
1961-02-04,M,M,0.00,0.0,M
1961-02-05,M,M,0.00,0.0,M
1961-02-06,M,M,0.00,0.0,M
1961-02-07,M,M,0.00,0.0,M
1961-02-08,M,M,0.00,0.0,M
1961-02-09,M,M,0.00,0.0,M
1961-02-10,M,M,0.00,0.0,M
1961-02-11,M,M,0.00,0.0,M
1961-02-12,M,M,0.00,0.0,M
1961-02-13,M,M,0.00,0.0,M
1961-02-14,M,M,0.00,0.0,M
1961-02-15,M,M,0.00,0.0,M
1961-02-16,M,M,0.00,0.0,M
1961-02-17,M,M,0.24,M,6
1961-02-18,M,M,0.04,M,3
1961-02-19,M,M,0.00,0.0,M
1961-02-20,M,M,0.00,0.0,M
1961-02-21,M,M,0.00,0.0,M
1961-02-22,M,M,0.00,0.0,M
1961-02-23,M,M,0.00,0.0,M
1961-02-24,M,M,0.00,0.0,M
1961-02-25,M,M,0.00,0.0,M
1961-02-26,M,M,0.00,0.0,M
1961-02-27,M,M,0.30,M,3
1961-02-28,M,M,T,M,M
1961-03-01,M,M,0.00,0.0,M
1961-03-02,M,M,0.00,0.0,M
1961-03-03,M,M,0.00,0.0,M
1961-03-04,M,M,0.03,0.0,M
1961-03-05,M,M,0.11,0.0,M
1961-03-06,M,M,0.00,0.0,M
1961-03-07,M,M,T,0.0,0
1961-03-08,M,M,0.00,0.0,0
1961-03-09,M,M,0.00,0.0,0
1961-03-10,M,M,0.00,0.0,0
1961-03-11,M,M,0.00,0.0,0
1961-03-12,M,M,0.00,0.0,0
1961-03-13,M,M,0.00,0.0,0
1961-03-14,M,M,0.00,0.0,0
1961-03-15,M,M,0.00,0.0,0
1961-03-16,M,M,0.04,0.0,0
1961-03-17,M,M,0.10,0.0,0
1961-03-18,M,M,0.10,0.0,0
1961-03-19,M,M,0.00,0.0,0
1961-03-20,M,M,0.00,0.0,0
1961-03-21,M,M,0.00,0.0,0
1961-03-22,M,M,0.00,0.0,0
1961-03-23,M,M,0.00,0.0,0
1961-03-24,M,M,0.00,0.0,0
1961-03-25,M,M,T,T,0
1961-03-26,M,M,T,T,0
1961-03-27,M,M,0.00,0.0,0
1961-03-28,M,M,0.03,T,0
1961-03-29,M,M,0.18,T,0
1961-03-30,M,M,0.19,T,0
1961-03-31,M,M,0.03,0.0,0
1961-04-01,M,M,0.00,0.0,0
1961-04-02,M,M,0.00,0.0,0
1961-04-03,M,M,0.00,0.0,0
1961-04-04,M,M,0.00,0.0,0
1961-04-05,M,M,0.50,4.0,4
1961-04-06,M,M,0.42,2.0,2
1961-04-07,M,M,0.14,0.0,0
1961-04-08,M,M,0.17,0.0,0
1961-04-09,M,M,0.01,0.0,0
1961-04-10,M,M,0.00,0.0,0
1961-04-11,M,M,0.00,0.0,0
1961-04-12,M,M,0.00,0.0,0
1961-04-13,M,M,0.00,0.0,0
1961-04-14,M,M,0.00,0.0,0
1961-04-15,M,M,0.00,0.0,0
1961-04-16,M,M,0.00,0.0,0
1961-04-17,M,M,0.00,0.0,0
1961-04-18,M,M,0.00,0.0,0
1961-04-19,M,M,0.00,0.0,0
1961-04-20,M,M,0.00,0.0,0
1961-04-21,M,M,0.00,0.0,0
1961-04-22,M,M,0.00,0.0,0
1961-04-23,M,M,0.00,0.0,0
1961-04-24,M,M,0.00,0.0,0
1961-04-25,M,M,0.00,0.0,0
1961-04-26,M,M,0.00,0.0,0
1961-04-27,M,M,0.00,0.0,0
1961-04-28,M,M,0.00,0.0,0
1961-04-29,M,M,0.00,0.0,0
1961-04-30,M,M,0.00,0.0,0
1961-05-01,M,M,0.00,0.0,0
1961-05-02,M,M,0.00,0.0,0
1961-05-03,M,M,0.00,0.0,0
1961-05-04,M,M,0.00,0.0,0
1961-05-05,M,M,0.00,0.0,0
1961-05-06,M,M,0.00,0.0,0
1961-05-07,M,M,T,0.0,0
1961-05-08,M,M,0.00,0.0,0
1961-05-09,M,M,0.00,0.0,0
1961-05-10,M,M,0.00,0.0,0
1961-05-11,M,M,0.00,0.0,0
1961-05-12,M,M,0.00,0.0,0
1961-05-13,M,M,T,0.0,0
1961-05-14,M,M,0.00,0.0,0
1961-05-15,M,M,0.00,0.0,0
1961-05-16,M,M,0.00,0.0,0
1961-05-17,M,M,0.00,0.0,0
1961-05-18,M,M,0.00,0.0,0
1961-05-19,M,M,0.00,0.0,0
1961-05-20,M,M,0.00,0.0,0
1961-05-21,M,M,0.00,0.0,0
1961-05-22,M,M,0.00,0.0,0
1961-05-23,M,M,0.00,0.0,0
1961-05-24,M,M,T,0.0,0
1961-05-25,M,M,0.00,0.0,0
1961-05-26,M,M,0.00,0.0,0
1961-05-27,M,M,0.07,0.0,0
1961-05-28,M,M,0.00,0.0,0
1961-05-29,M,M,0.00,0.0,0
1961-05-30,M,M,T,0.0,0
1961-05-31,M,M,0.00,0.0,0
1961-06-01,M,M,0.00,0.0,0
1961-06-02,M,M,0.00,0.0,0
1961-06-03,M,M,0.00,0.0,0
1961-06-04,M,M,0.00,0.0,0
1961-06-05,M,M,0.00,0.0,0
1961-06-06,M,M,0.00,0.0,0
1961-06-07,M,M,0.08,0.0,0
1961-06-08,M,M,0.00,0.0,0
1961-06-09,M,M,0.00,0.0,0
1961-06-10,M,M,0.00,0.0,0
1961-06-11,M,M,0.01,0.0,0
1961-06-12,M,M,0.00,0.0,0
1961-06-13,M,M,0.00,0.0,0
1961-06-14,M,M,0.00,0.0,0
1961-06-15,M,M,0.04,0.0,0
1961-06-16,M,M,0.25,0.0,0
1961-06-17,M,M,0.01,0.0,0
1961-06-18,M,M,0.01,0.0,0
1961-06-19,M,M,0.00,0.0,0
1961-06-20,M,M,0.08,0.0,0
1961-06-21,M,M,0.00,0.0,0
1961-06-22,M,M,0.00,0.0,0
1961-06-23,M,M,0.00,0.0,0
1961-06-24,M,M,0.00,0.0,0
1961-06-25,M,M,0.01,0.0,0
1961-06-26,M,M,0.00,0.0,0
1961-06-27,M,M,0.00,0.0,0
1961-06-28,M,M,0.00,0.0,0
1961-06-29,M,M,0.00,0.0,0
1961-06-30,M,M,0.00,0.0,0
1961-07-01,M,M,0.18,0.0,0
1961-07-02,M,M,0.01,0.0,0
1961-07-03,M,M,0.00,0.0,0
1961-07-04,M,M,0.00,0.0,0
1961-07-05,M,M,0.00,0.0,0
1961-07-06,M,M,0.01,0.0,0
1961-07-07,M,M,0.22,0.0,0
1961-07-08,M,M,0.07,0.0,0
1961-07-09,M,M,0.05,0.0,0
1961-07-10,M,M,0.02,0.0,0
1961-07-11,M,M,0.07,0.0,0
1961-07-12,M,M,0.05,0.0,0
1961-07-13,M,M,0.00,0.0,0
1961-07-14,M,M,0.00,0.0,0
1961-07-15,M,M,0.00,0.0,0
1961-07-16,M,M,0.00,0.0,0
1961-07-17,M,M,0.00,0.0,0
1961-07-18,M,M,0.01,0.0,0
1961-07-19,M,M,0.00,0.0,0
1961-07-20,M,M,T,0.0,0
1961-07-21,M,M,0.05,0.0,0
1961-07-22,M,M,0.01,0.0,0
1961-07-23,M,M,0.00,0.0,0
1961-07-24,M,M,0.00,0.0,0
1961-07-25,M,M,0.00,0.0,0
1961-07-26,M,M,0.00,0.0,0
1961-07-27,M,M,T,0.0,0
1961-07-28,M,M,0.13,0.0,0
1961-07-29,M,M,0.00,0.0,0
1961-07-30,M,M,0.00,0.0,0
1961-07-31,M,M,0.00,0.0,0
1961-08-01,M,M,0.00,0.0,0
1961-08-02,M,M,0.00,0.0,0
1961-08-03,M,M,0.17,0.0,0
1961-08-04,M,M,0.00,0.0,0
1961-08-05,M,M,0.00,0.0,0
1961-08-06,M,M,0.03,0.0,0
1961-08-07,M,M,0.00,0.0,0
1961-08-08,M,M,0.00,0.0,0
1961-08-09,M,M,0.00,0.0,0
1961-08-10,M,M,0.00,0.0,0
1961-08-11,M,M,0.14,0.0,0
1961-08-12,M,M,0.40,0.0,0
1961-08-13,M,M,1.57,0.0,0
1961-08-14,M,M,0.09,0.0,0
1961-08-15,M,M,0.04,0.0,0
1961-08-16,M,M,0.00,0.0,0
1961-08-17,M,M,0.05,0.0,0
1961-08-18,M,M,0.05,0.0,0
1961-08-19,M,M,0.25,0.0,0
1961-08-20,M,M,0.03,0.0,0
1961-08-21,M,M,0.00,0.0,0
1961-08-22,M,M,0.28,0.0,0
1961-08-23,M,M,1.04,0.0,0
1961-08-24,M,M,0.00,0.0,0
1961-08-25,M,M,0.17,0.0,0
1961-08-26,M,M,0.00,0.0,0
1961-08-27,M,M,0.00,0.0,0
1961-08-28,M,M,0.00,0.0,0
1961-08-29,M,M,0.00,0.0,0
1961-08-30,M,M,0.00,0.0,0
1961-08-31,M,M,0.00,0.0,0
1961-09-01,M,M,0.00,0.0,0
1961-09-02,M,M,0.00,0.0,0
1961-09-03,M,M,0.82,0.0,0
1961-09-04,M,M,0.00,0.0,0
1961-09-05,M,M,0.02,0.0,0
1961-09-06,M,M,0.00,0.0,0
1961-09-07,M,M,0.00,0.0,0
1961-09-08,M,M,0.00,0.0,0
1961-09-09,M,M,0.23,0.0,0
1961-09-10,M,M,0.00,0.0,0
1961-09-11,M,M,0.04,0.0,0
1961-09-12,M,M,0.00,0.0,0
1961-09-13,M,M,0.00,0.0,0
1961-09-14,M,M,0.00,0.0,0
1961-09-15,M,M,0.14,0.0,0
1961-09-16,M,M,0.00,0.0,0
1961-09-17,M,M,0.00,0.0,0
1961-09-18,M,M,0.01,0.0,0
1961-09-19,M,M,0.40,0.0,0
1961-09-20,M,M,0.01,0.0,0
1961-09-21,M,M,0.00,0.0,0
1961-09-22,M,M,0.00,0.0,0
1961-09-23,M,M,0.00,0.0,0
1961-09-24,M,M,0.00,0.0,0
1961-09-25,M,M,0.00,0.0,0
1961-09-26,M,M,0.00,0.0,0
1961-09-27,M,M,0.00,0.0,0
1961-09-28,M,M,0.00,0.0,0
1961-09-29,M,M,0.00,0.0,0
1961-09-30,M,M,0.00,0.0,0
1961-10-01,M,M,0.00,0.0,0
1961-10-02,M,M,0.00,0.0,0
1961-10-03,M,M,0.00,0.0,0
1961-10-04,M,M,0.00,0.0,0
1961-10-05,M,M,0.00,0.0,0
1961-10-06,M,M,0.00,0.0,0
1961-10-07,M,M,0.00,0.0,0
1961-10-08,M,M,0.00,0.0,0
1961-10-09,M,M,0.43,0.0,0
1961-10-10,M,M,0.07,0.0,0
1961-10-11,M,M,0.00,0.0,0
1961-10-12,M,M,0.00,0.0,0
1961-10-13,M,M,0.00,0.0,0
1961-10-14,M,M,0.00,0.0,0
1961-10-15,M,M,0.00,0.0,0
1961-10-16,M,M,0.00,0.0,0
1961-10-17,M,M,0.00,0.0,0
1961-10-18,M,M,0.00,0.0,0
1961-10-19,M,M,0.00,0.0,0
1961-10-20,M,M,0.00,0.0,0
1961-10-21,M,M,0.00,0.0,0
1961-10-22,M,M,0.00,0.0,0
1961-10-23,M,M,0.00,0.0,0
1961-10-24,M,M,0.00,0.0,0
1961-10-25,M,M,0.00,0.0,0
1961-10-26,M,M,0.00,0.0,0
1961-10-27,M,M,0.00,0.0,0
1961-10-28,M,M,0.08,0.0,0
1961-10-29,M,M,0.00,0.0,0
1961-10-30,M,M,0.60,0.0,0
1961-10-31,M,M,0.10,0.0,0
1961-11-01,M,M,0.22,M,M
1961-11-02,M,M,0.00,0.0,M
1961-11-03,M,M,0.00,0.0,M
1961-11-04,M,M,0.00,0.0,M
1961-11-05,M,M,0.00,0.0,M
1961-11-06,M,M,0.00,0.0,M
1961-11-07,M,M,0.00,0.0,M
1961-11-08,M,M,0.08,M,M
1961-11-09,M,M,0.02,M,M
1961-11-10,M,M,0.00,0.0,M
1961-11-11,M,M,0.00,0.0,M
1961-11-12,M,M,0.00,0.0,M
1961-11-13,M,M,0.00,0.0,M
1961-11-14,M,M,0.00,0.0,M
1961-11-15,M,M,0.00,0.0,M
1961-11-16,M,M,0.00,0.0,M
1961-11-17,M,M,0.00,0.0,M
1961-11-18,M,M,0.00,0.0,M
1961-11-19,M,M,0.00,0.0,M
1961-11-20,M,M,0.00,0.0,M
1961-11-21,M,M,0.00,0.0,M
1961-11-22,M,M,0.00,0.0,M
1961-11-23,M,M,0.00,0.0,M
1961-11-24,M,M,0.00,0.0,M
1961-11-25,M,M,0.00,0.0,M
1961-11-26,M,M,0.00,0.0,M
1961-11-27,M,M,0.00,0.0,M
1961-11-28,M,M,0.00,0.0,M
1961-11-29,M,M,0.00,0.0,M
1961-11-30,M,M,0.05,M,M
1961-12-01,M,M,0.00,0.0,M
1961-12-02,M,M,0.00,0.0,M
1961-12-03,M,M,0.00,0.0,M
1961-12-04,M,M,T,0.0,M
1961-12-05,M,M,0.00,0.0,M
1961-12-06,M,M,0.00,0.0,M
1961-12-07,M,M,0.00,0.0,M
1961-12-08,M,M,0.00,0.0,M
1961-12-09,M,M,0.00,0.0,M
1961-12-10,M,M,0.05,1.0,M
1961-12-11,M,M,0.10,1.5,M
1961-12-12,M,M,0.00,0.0,M
1961-12-13,M,M,0.00,0.0,M
1961-12-14,M,M,0.00,0.0,M
1961-12-15,M,M,0.00,0.0,M
1961-12-16,M,M,0.34,4.0,M
1961-12-17,M,M,0.00,0.0,M
1961-12-18,M,M,0.02,1.0,M
1961-12-19,M,M,0.00,0.0,M
1961-12-20,M,M,0.00,0.0,M
1961-12-21,M,M,0.00,0.0,M
1961-12-22,M,M,0.00,0.0,M
1961-12-23,M,M,0.00,0.0,M
1961-12-24,M,M,0.00,0.0,M
1961-12-25,M,M,0.00,0.0,M
1961-12-26,M,M,0.00,0.0,M
1961-12-27,M,M,0.00,0.0,M
1961-12-28,M,M,0.00,0.0,M
1961-12-29,M,M,0.00,0.0,M
1961-12-30,M,M,0.00,0.0,M
1961-12-31,M,M,0.00,0.0,M
1962-01-01,M,M,0.00,0.0,M
1962-01-02,M,M,0.00,0.0,M
1962-01-03,M,M,0.00,0.0,M
1962-01-04,M,M,0.00,0.0,M
1962-01-05,M,M,0.00,0.0,M
1962-01-06,M,M,0.00,0.0,M
1962-01-07,M,M,0.00,0.0,M
1962-01-08,M,M,0.00,0.0,M
1962-01-09,M,M,0.00,0.0,M
1962-01-10,M,M,T,T,M
1962-01-11,M,M,0.00,0.0,M
1962-01-12,M,M,0.00,0.0,M
1962-01-13,M,M,0.05,M,1
1962-01-14,M,M,0.06,M,2
1962-01-15,M,M,0.00,0.0,M
1962-01-16,M,M,0.00,0.0,M
1962-01-17,M,M,0.00,0.0,M
1962-01-18,M,M,T,M,T
1962-01-19,M,M,0.00,0.0,0
1962-01-20,M,M,0.00,0.0,0
1962-01-21,M,M,0.00,0.0,0
1962-01-22,M,M,0.00,0.0,0
1962-01-23,M,M,0.00,0.0,0
1962-01-24,M,M,0.01,M,1
1962-01-25,M,M,T,M,M
1962-01-26,M,M,0.62,M,8
1962-01-27,M,M,0.00,0.0,M
1962-01-28,M,M,0.00,0.0,M
1962-01-29,M,M,0.00,0.0,M
1962-01-30,M,M,0.00,0.0,M
1962-01-31,M,M,0.00,0.0,M
1962-02-01,M,M,0.00,0.0,0
1962-02-02,M,M,0.00,0.0,0
1962-02-03,M,M,0.00,0.0,0
1962-02-04,M,M,0.00,0.0,0
1962-02-05,M,M,0.00,0.0,0
1962-02-06,M,M,0.00,0.0,0
1962-02-07,M,M,0.00,0.0,0
1962-02-08,46,M,0.14,0.0,0
1962-02-09,54,34,0.08,0.0,0
1962-02-10,62,29,0.00,0.0,0
1962-02-11,63,30,0.00,0.0,0
1962-02-12,62,34,0.00,0.0,0
1962-02-13,54,32,0.03,0.0,0
1962-02-14,48,32,0.02,0.0,0
1962-02-15,53,26,0.00,0.0,0
1962-02-16,52,24,0.00,0.0,0
1962-02-17,43,26,0.01,T,T
1962-02-18,43,18,0.00,0.0,T
1962-02-19,43,17,0.00,0.0,0
1962-02-20,43,22,T,T,0
1962-02-21,41,23,T,T,0
1962-02-22,43,12,0.00,0.0,0
1962-02-23,46,19,0.00,0.0,0
1962-02-24,50,22,0.00,0.0,0
1962-02-25,47,19,0.00,0.0,0
1962-02-26,32,19,0.09,T,0
1962-02-27,30,13,0.04,0.0,0
1962-02-28,35,4,0.00,0.0,0
1962-03-01,47,10,0.00,0.0,0
1962-03-02,51,13,0.00,0.0,0
1962-03-03,47,10,0.00,0.0,0
1962-03-04,47,15,0.00,0.0,0
1962-03-05,48,17,0.00,0.0,0
1962-03-06,52,24,0.00,0.0,0
1962-03-07,48,24,0.00,0.0,0
1962-03-08,44,20,0.26,4.0,1
1962-03-09,40,18,0.00,0.0,M
1962-03-10,34,15,0.08,0.0,M
1962-03-11,34,14,T,0.0,M
1962-03-12,32,4,0.00,0.0,M
1962-03-13,29,9,0.04,T,M
1962-03-14,38,4,0.00,0.0,M
1962-03-15,46,10,0.00,0.0,M
1962-03-16,51,20,0.00,0.0,M
1962-03-17,58,22,0.00,0.0,M
1962-03-18,58,23,0.00,0.0,M
1962-03-19,60,20,0.00,0.0,M
1962-03-20,58,20,0.00,0.0,M
1962-03-21,50,15,0.00,0.0,M
1962-03-22,52,13,0.00,0.0,M
1962-03-23,45,24,0.01,T,M
1962-03-24,56,22,0.00,0.0,M
1962-03-25,62,22,0.00,0.0,M
1962-03-26,68,22,0.00,0.0,M
1962-03-27,70,13,0.00,0.0,M
1962-03-28,65,28,0.00,0.0,M
1962-03-29,68,38,0.00,0.0,M
1962-03-30,58,15,0.10,T,M
1962-03-31,55,19,0.00,0.0,M
1962-04-01,59,22,0.00,0.0,0
1962-04-02,64,25,0.00,0.0,0
1962-04-03,61,30,0.00,0.0,0
1962-04-04,58,35,0.00,0.0,0
1962-04-05,60,27,0.00,0.0,0
1962-04-06,60,30,0.00,0.0,0
1962-04-07,63,26,0.00,0.0,0
1962-04-08,60,32,0.00,0.0,0
1962-04-09,60,32,0.01,0.0,0
1962-04-10,60,31,0.00,0.0,0
1962-04-11,63,30,0.00,0.0,0
1962-04-12,69,30,0.00,0.0,0
1962-04-13,70,30,0.00,0.0,0
1962-04-14,70,29,0.00,0.0,0
1962-04-15,79,32,0.00,0.0,0
1962-04-16,77,34,0.00,0.0,0
1962-04-17,75,36,0.00,0.0,0
1962-04-18,75,31,0.00,0.0,0
1962-04-19,77,32,0.00,0.0,0
1962-04-20,77,39,0.00,0.0,0
1962-04-21,71,31,0.00,0.0,0
1962-04-22,61,32,0.01,0.0,0
1962-04-23,70,33,0.00,0.0,0
1962-04-24,76,33,0.00,0.0,0
1962-04-25,74,38,0.00,0.0,0
1962-04-26,71,33,0.03,0.0,0
1962-04-27,70,33,0.10,0.0,0
1962-04-28,69,34,0.00,0.0,0
1962-04-29,64,34,0.00,0.0,0
1962-04-30,68,25,0.00,0.0,0
1962-05-01,66,22,0.00,0.0,0
1962-05-02,71,33,0.00,0.0,0
1962-05-03,74,34,0.00,0.0,0
1962-05-04,79,40,0.00,0.0,0
1962-05-05,78,47,0.00,0.0,0
1962-05-06,79,49,0.00,0.0,0
1962-05-07,80,45,0.00,0.0,0
1962-05-08,77,45,0.00,0.0,0
1962-05-09,81,42,0.00,0.0,0
1962-05-10,79,42,0.00,0.0,0
1962-05-11,81,41,0.00,0.0,0
1962-05-12,78,39,0.00,0.0,0
1962-05-13,80,37,0.00,0.0,0
1962-05-14,79,30,0.00,0.0,0
1962-05-15,79,32,0.00,0.0,0
1962-05-16,78,35,0.00,0.0,0
1962-05-17,71,32,0.00,0.0,0
1962-05-18,72,34,0.00,0.0,0
1962-05-19,76,38,0.00,0.0,0
1962-05-20,75,49,0.00,0.0,0
1962-05-21,67,34,0.00,0.0,0
1962-05-22,65,35,0.00,0.0,0
1962-05-23,73,36,0.00,0.0,0
1962-05-24,73,38,0.00,0.0,0
1962-05-25,74,39,0.00,0.0,0
1962-05-26,71,41,0.00,0.0,0
1962-05-27,65,47,0.00,0.0,0
1962-05-28,57,32,0.09,0.0,0
1962-05-29,68,40,0.00,0.0,0
1962-05-30,73,39,0.00,0.0,0
1962-05-31,70,45,0.01,0.0,0
1962-06-01,65,40,0.07,0.0,0
1962-06-02,65,40,0.02,0.0,0
1962-06-03,73,37,0.08,0.0,0
1962-06-04,76,44,0.00,0.0,0
1962-06-05,75,40,0.00,0.0,0
1962-06-06,76,38,0.00,0.0,0
1962-06-07,76,40,0.00,0.0,0
1962-06-08,74,42,0.00,0.0,0
1962-06-09,78,39,0.00,0.0,0
1962-06-10,76,45,0.00,0.0,0
1962-06-11,81,49,0.00,0.0,0
1962-06-12,80,44,0.00,0.0,0
1962-06-13,80,53,0.00,0.0,0
1962-06-14,79,46,0.00,0.0,0
1962-06-15,76,41,0.00,0.0,0
1962-06-16,73,37,0.00,0.0,0
1962-06-17,76,38,0.00,0.0,0
1962-06-18,82,42,0.00,0.0,0
1962-06-19,82,45,0.00,0.0,0
1962-06-20,83,49,0.00,0.0,0
1962-06-21,86,48,0.00,0.0,0
1962-06-22,86,48,0.00,0.0,0
1962-06-23,88,47,0.00,0.0,0
1962-06-24,86,54,0.01,0.0,0
1962-06-25,85,50,T,0.0,0
1962-06-26,80,47,0.03,0.0,0
1962-06-27,84,45,0.00,0.0,0
1962-06-28,85,49,0.00,0.0,0
1962-06-29,85,52,0.00,0.0,0
1962-06-30,82,52,0.15,0.0,0
1962-07-01,81,53,0.06,0.0,0
1962-07-02,83,50,T,0.0,0
1962-07-03,83,52,0.02,0.0,0
1962-07-04,85,52,0.04,0.0,0
1962-07-05,86,51,0.05,0.0,0
1962-07-06,82,51,0.02,0.0,0
1962-07-07,85,49,0.13,0.0,0
1962-07-08,85,54,0.00,0.0,0
1962-07-09,85,50,0.00,0.0,0
1962-07-10,88,51,0.00,0.0,0
1962-07-11,90,53,0.00,0.0,0
1962-07-12,81,56,0.00,0.0,0
1962-07-13,78,49,0.00,0.0,0
1962-07-14,78,47,0.00,0.0,0
1962-07-15,84,49,0.00,0.0,0
1962-07-16,86,45,0.04,0.0,0
1962-07-17,83,52,0.00,0.0,0
1962-07-18,82,50,0.00,0.0,0
1962-07-19,82,52,T,0.0,0
1962-07-20,86,50,0.00,0.0,0
1962-07-21,84,56,T,0.0,0
1962-07-22,85,51,0.00,0.0,0
1962-07-23,70,50,0.12,0.0,0
1962-07-24,85,49,0.05,0.0,0
1962-07-25,80,49,0.29,0.0,0
1962-07-26,82,50,0.02,0.0,0
1962-07-27,85,50,0.00,0.0,0
1962-07-28,84,52,0.02,0.0,0
1962-07-29,83,49,0.00,0.0,0
1962-07-30,86,52,0.00,0.0,0
1962-07-31,81,48,0.00,0.0,0
1962-08-01,80,48,0.13,0.0,0
1962-08-02,83,49,0.02,0.0,0
1962-08-03,83,50,T,0.0,0
1962-08-04,85,48,0.00,0.0,0
1962-08-05,84,50,0.00,0.0,0
1962-08-06,87,44,0.00,0.0,0
1962-08-07,90,52,0.00,0.0,0
1962-08-08,90,49,0.00,0.0,0
1962-08-09,90,56,0.00,0.0,0
1962-08-10,90,55,0.05,0.0,0
1962-08-11,89,54,0.00,0.0,0
1962-08-12,86,50,0.02,0.0,0
1962-08-13,84,52,T,0.0,0
1962-08-14,90,52,0.00,0.0,0
1962-08-15,88,57,0.01,0.0,0
1962-08-16,85,55,T,0.0,0
1962-08-17,87,47,0.00,0.0,0
1962-08-18,85,50,0.00,0.0,0
1962-08-19,83,52,T,0.0,0
1962-08-20,85,48,0.00,0.0,0
1962-08-21,89,51,0.00,0.0,0
1962-08-22,80,49,0.00,0.0,0
1962-08-23,82,46,0.00,0.0,0
1962-08-24,84,44,0.00,0.0,0
1962-08-25,87,47,0.00,0.0,0
1962-08-26,89,47,0.00,0.0,0
1962-08-27,88,50,0.00,0.0,0
1962-08-28,87,51,0.00,0.0,0
1962-08-29,88,48,0.00,0.0,0
1962-08-30,84,47,0.00,0.0,0
1962-08-31,85,49,0.00,0.0,0
1962-09-01,80,47,0.08,0.0,0
1962-09-02,79,45,0.02,0.0,0
1962-09-03,86,47,0.00,0.0,0
1962-09-04,87,47,0.00,0.0,0
1962-09-05,81,45,0.00,0.0,0
1962-09-06,80,49,0.00,0.0,0
1962-09-07,78,44,0.17,0.0,0
1962-09-08,75,41,0.21,0.0,0
1962-09-09,71,39,0.00,0.0,0
1962-09-10,79,36,0.00,0.0,0
1962-09-11,81,42,0.00,0.0,0
1962-09-12,81,46,0.00,0.0,0
1962-09-13,87,45,0.00,0.0,0
1962-09-14,80,47,0.04,0.0,0
1962-09-15,86,49,0.00,0.0,0
1962-09-16,80,56,0.26,0.0,0
1962-09-17,82,51,0.00,0.0,0
1962-09-18,84,48,0.00,0.0,0
1962-09-19,87,50,0.00,0.0,0
1962-09-20,74,54,0.51,0.0,0
1962-09-21,74,47,0.35,0.0,0
1962-09-22,78,48,0.00,0.0,0
1962-09-23,66,51,0.16,0.0,0
1962-09-24,55,48,0.35,0.0,0
1962-09-25,60,45,0.00,0.0,0
1962-09-26,65,45,0.00,0.0,0
1962-09-27,70,45,0.02,0.0,0
1962-09-28,69,40,0.02,0.0,0
1962-09-29,68,39,0.00,0.0,0
1962-09-30,73,39,0.00,0.0,0
1962-10-01,66,39,0.00,0.0,0
1962-10-02,65,39,0.00,0.0,0
1962-10-03,74,38,0.00,0.0,0
1962-10-04,77,40,0.00,0.0,0
1962-10-05,69,50,0.17,0.0,0
1962-10-06,65,38,0.00,0.0,0
1962-10-07,72,35,0.00,0.0,0
1962-10-08,72,36,0.00,0.0,0
1962-10-09,78,37,0.00,0.0,0
1962-10-10,77,36,0.00,0.0,0
1962-10-11,78,34,0.00,0.0,0
1962-10-12,77,32,0.00,0.0,0
1962-10-13,78,33,0.00,0.0,0
1962-10-14,79,30,0.00,0.0,0
1962-10-15,70,38,0.00,0.0,0
1962-10-16,64,38,0.00,0.0,0
1962-10-17,62,39,0.36,0.0,0
1962-10-18,62,42,0.14,0.0,0
1962-10-19,70,30,0.31,0.0,0
1962-10-20,70,30,0.00,0.0,0
1962-10-21,70,32,0.00,0.0,0
1962-10-22,71,31,0.00,0.0,0
1962-10-23,70,30,0.00,0.0,0
1962-10-24,70,30,0.00,0.0,0
1962-10-25,72,32,0.00,0.0,0
1962-10-26,72,30,0.00,0.0,0
1962-10-27,66,30,0.00,0.0,0
1962-10-28,67,31,0.00,0.0,0
1962-10-29,67,33,0.00,0.0,0
1962-10-30,67,32,0.00,0.0,0
1962-10-31,67,32,0.00,0.0,0
1962-11-01,70,30,0.00,0.0,0
1962-11-02,69,30,0.00,0.0,0
1962-11-03,68,30,0.00,0.0,0
1962-11-04,67,30,0.00,0.0,0
1962-11-05,66,30,0.00,0.0,0
1962-11-06,67,30,0.00,0.0,0
1962-11-07,66,29,0.00,0.0,0
1962-11-08,60,22,0.00,0.0,0
1962-11-09,60,22,0.00,0.0,0
1962-11-10,62,22,0.00,0.0,0
1962-11-11,64,22,0.00,0.0,0
1962-11-12,62,25,0.00,0.0,0
1962-11-13,62,27,0.00,0.0,0
1962-11-14,57,30,0.00,0.0,0
1962-11-15,50,39,0.53,0.0,0
1962-11-16,50,32,0.00,0.0,0
1962-11-17,49,20,0.22,2.0,2
1962-11-18,33,23,0.23,4.0,4
1962-11-19,40,12,0.00,0.0,M
1962-11-20,50,12,0.00,0.0,M
1962-11-21,56,25,0.00,0.0,M
1962-11-22,63,25,0.00,0.0,M
1962-11-23,60,23,0.00,0.0,M
1962-11-24,62,22,0.00,0.0,M
1962-11-25,60,25,0.00,0.0,M
1962-11-26,55,25,0.03,0.0,M
1962-11-27,59,26,0.00,0.0,M
1962-11-28,59,25,0.00,0.0,M
1962-11-29,53,26,0.00,0.0,M
1962-11-30,42,32,0.17,0.0,M
1962-12-01,41,32,0.20,0.0,0
1962-12-02,53,29,0.00,0.0,0
1962-12-03,53,26,0.00,0.0,0
1962-12-04,53,24,0.00,0.0,0
1962-12-05,49,22,0.00,0.0,0
1962-12-06,56,22,0.00,0.0,0
1962-12-07,56,22,0.00,0.0,0
1962-12-08,56,22,0.00,0.0,0
1962-12-09,56,21,0.00,0.0,0
1962-12-10,56,21,0.00,0.0,0
1962-12-11,47,17,0.00,0.0,0
1962-12-12,54,21,0.00,0.0,0
1962-12-13,58,25,0.00,0.0,0
1962-12-14,56,22,0.00,0.0,0
1962-12-15,56,22,0.00,0.0,0
1962-12-16,58,25,0.00,0.0,0
1962-12-17,59,22,0.00,0.0,0
1962-12-18,50,32,0.00,0.0,0
1962-12-19,48,29,0.00,0.0,0
1962-12-20,49,24,0.00,0.0,0
1962-12-21,47,19,0.00,0.0,0
1962-12-22,47,14,0.00,0.0,0
1962-12-23,48,12,0.00,0.0,0
1962-12-24,40,19,0.13,1.0,1
1962-12-25,32,8,0.08,2.0,3
1962-12-26,36,8,0.00,0.0,2
1962-12-27,38,5,0.00,0.0,2
1962-12-28,40,9,0.00,0.0,2
1962-12-29,45,11,0.00,0.0,1
1962-12-30,47,14,0.00,0.0,1
1962-12-31,48,11,0.00,0.0,0
1963-01-01,47,15,0.00,0.0,0
1963-01-02,48,19,0.00,0.0,0
1963-01-03,49,25,0.03,1.0,1
1963-01-04,49,28,0.14,3.0,3
1963-01-05,39,12,0.00,0.0,0
1963-01-06,42,12,0.00,0.0,0
1963-01-07,44,12,0.00,0.0,0
1963-01-08,47,13,0.00,0.0,0
1963-01-09,43,10,0.00,0.0,0
1963-01-10,40,16,0.01,0.0,0
1963-01-11,35,10,0.00,0.0,0
1963-01-12,11,-13,0.00,0.0,0
1963-01-13,17,-17,0.00,0.0,0
1963-01-14,33,-13,0.00,0.0,0
1963-01-15,38,-3,0.00,0.0,0
1963-01-16,36,-3,0.00,0.0,0
1963-01-17,36,-1,0.00,0.0,0
1963-01-18,36,-1,0.00,0.0,0
1963-01-19,35,-0,0.14,5.0,5
1963-01-20,34,5,0.00,0.0,2
1963-01-21,40,5,0.00,0.0,0
1963-01-22,47,15,0.00,0.0,0
1963-01-23,M,17,0.00,0.0,0
1963-01-24,47,9,0.00,0.0,0
1963-01-25,47,-0,0.00,0.0,0
1963-01-26,47,1,0.00,0.0,0
1963-01-27,47,2,0.00,0.0,0
1963-01-28,47,21,0.00,0.0,0
1963-01-29,50,23,0.00,0.0,0
1963-01-30,53,21,0.00,0.0,0
1963-01-31,56,27,T,0.0,0
1963-02-01,58,32,0.00,M,M
1963-02-02,55,25,0.14,M,M
1963-02-03,54,22,0.00,M,M
1963-02-04,65,24,0.00,M,M
1963-02-05,65,30,0.00,M,M
1963-02-06,67,27,0.00,M,M
1963-02-07,65,25,0.00,M,M
1963-02-08,58,27,0.00,M,M
1963-02-09,55,27,0.16,M,M
1963-02-10,45,28,0.18,M,M
1963-02-11,32,10,0.83,M,M
1963-02-12,21,-9,0.05,M,M
1963-02-13,30,-5,0.00,M,M
1963-02-14,34,1,0.00,M,M
1963-02-15,38,13,0.00,M,M
1963-02-16,39,12,0.00,M,M
1963-02-17,40,12,0.00,M,M
1963-02-18,44,8,0.00,M,M
1963-02-19,48,16,0.00,M,M
1963-02-20,47,21,0.00,M,M
1963-02-21,45,27,0.42,M,M
1963-02-22,41,16,0.00,M,M
1963-02-23,45,14,0.00,M,M
1963-02-24,50,10,0.00,M,M
1963-02-25,50,12,0.00,M,M
1963-02-26,57,22,0.00,M,M
1963-02-27,50,29,0.00,M,M
1963-02-28,45,18,0.00,M,M
1963-03-01,52,28,0.00,0.0,0
1963-03-02,51,26,0.00,0.0,0
1963-03-03,48,20,0.00,0.0,0
1963-03-04,45,16,0.25,5.0,5
1963-03-05,38,15,0.08,3.0,M
1963-03-06,39,14,0.00,0.0,0
1963-03-07,44,14,0.00,0.0,0
1963-03-08,50,20,0.00,0.0,0
1963-03-09,42,21,0.05,2.0,2
1963-03-10,44,19,0.05,2.0,3
1963-03-11,37,22,0.36,5.0,5
1963-03-12,45,14,0.00,0.0,0
1963-03-13,43,17,0.00,0.0,0
1963-03-14,42,19,0.00,0.0,0
1963-03-15,58,22,0.00,0.0,0
1963-03-16,55,22,0.00,0.0,0
1963-03-17,55,22,0.00,0.0,0
1963-03-18,50,28,0.00,0.0,0
1963-03-19,54,16,0.00,0.0,0
1963-03-20,58,23,0.00,0.0,0
1963-03-21,58,25,0.00,0.0,0
1963-03-22,58,25,0.00,0.0,0
1963-03-23,64,28,0.00,0.0,0
1963-03-24,64,25,0.00,0.0,0
1963-03-25,64,26,0.00,0.0,0
1963-03-26,67,27,0.00,0.0,0
1963-03-27,70,33,0.00,0.0,0
1963-03-28,73,33,0.00,0.0,0
1963-03-29,63,36,T,0.0,0
1963-03-30,67,33,0.00,0.0,0
1963-03-31,69,33,0.00,0.0,0
1963-04-01,67,36,0.00,0.0,0
1963-04-02,62,23,0.00,0.0,0
1963-04-03,56,16,0.00,0.0,0
1963-04-04,58,32,0.00,0.0,0
1963-04-05,50,33,0.09,0.0,0
1963-04-06,68,26,0.00,0.0,0
1963-04-07,72,27,0.00,0.0,0
1963-04-08,69,34,0.00,0.0,0
1963-04-09,70,44,0.00,0.0,0
1963-04-10,64,35,0.00,0.0,0
1963-04-11,61,24,0.00,0.0,0
1963-04-12,71,27,0.00,0.0,0
1963-04-13,72,36,0.00,0.0,0
1963-04-14,77,39,0.00,0.0,0
1963-04-15,71,39,0.00,0.0,0
1963-04-16,61,26,0.00,0.0,0
1963-04-17,64,28,0.00,0.0,0
1963-04-18,59,25,0.00,0.0,0
1963-04-19,55,26,0.00,0.0,0
1963-04-20,64,24,0.00,0.0,0
1963-04-21,70,32,0.00,0.0,0
1963-04-22,65,27,0.00,0.0,0
1963-04-23,67,28,0.00,0.0,0
1963-04-24,64,25,0.00,0.0,0
1963-04-25,67,26,0.00,0.0,0
1963-04-26,63,41,0.12,0.0,0
1963-04-27,58,27,0.01,0.0,0
1963-04-28,57,27,0.00,0.0,0
1963-04-29,66,29,0.00,0.0,0
1963-04-30,65,33,0.00,0.0,0
1963-05-01,62,40,0.00,0.0,0
1963-05-02,72,37,0.00,0.0,0
1963-05-03,75,36,0.00,0.0,0
1963-05-04,76,33,0.00,0.0,0
1963-05-05,79,38,0.00,0.0,0
1963-05-06,77,41,0.00,0.0,0
1963-05-07,78,42,0.00,0.0,0
1963-05-08,80,43,0.00,0.0,0
1963-05-09,75,44,0.00,0.0,0
1963-05-10,75,39,0.00,0.0,0
1963-05-11,76,50,0.00,0.0,0
1963-05-12,72,30,0.00,0.0,0
1963-05-13,76,36,0.00,0.0,0
1963-05-14,79,39,0.00,0.0,0
1963-05-15,78,46,0.00,0.0,0
1963-05-16,76,38,0.00,0.0,0
1963-05-17,74,41,0.00,0.0,0
1963-05-18,79,45,0.00,0.0,0
1963-05-19,79,44,0.00,0.0,0
1963-05-20,73,48,0.00,0.0,0
1963-05-21,75,48,0.00,0.0,0
1963-05-22,72,41,0.00,0.0,0
1963-05-23,73,43,0.00,0.0,0
1963-05-24,74,45,0.00,0.0,0
1963-05-25,74,41,0.00,0.0,0
1963-05-26,75,39,0.00,0.0,0
1963-05-27,72,42,0.01,0.0,0
1963-05-28,78,46,0.00,0.0,0
1963-05-29,78,46,0.00,0.0,0
1963-05-30,78,50,0.11,0.0,0
1963-05-31,78,42,0.02,0.0,0
1963-06-01,74,44,0.02,0.0,0
1963-06-02,64,42,0.20,0.0,0
1963-06-03,74,38,0.00,0.0,0
1963-06-04,75,46,0.00,0.0,0
1963-06-05,75,48,0.00,0.0,0
1963-06-06,78,41,0.00,0.0,0
1963-06-07,77,44,0.00,0.0,0
1963-06-08,74,44,0.00,0.0,0
1963-06-09,73,35,0.01,0.0,0
1963-06-10,77,36,0.00,0.0,0
1963-06-11,75,39,0.00,0.0,0
1963-06-12,81,43,0.00,0.0,0
1963-06-13,83,49,0.00,0.0,0
1963-06-14,86,52,0.00,0.0,0
1963-06-15,83,43,T,0.0,0
1963-06-16,77,46,0.00,0.0,0
1963-06-17,71,42,0.08,0.0,0
1963-06-18,82,49,0.00,0.0,0
1963-06-19,81,51,0.00,0.0,0
1963-06-20,82,48,0.01,0.0,0
1963-06-21,81,47,0.00,0.0,0
1963-06-22,85,42,0.00,0.0,0
1963-06-23,86,45,0.00,0.0,0
1963-06-24,87,50,0.00,0.0,0
1963-06-25,87,49,0.00,0.0,0
1963-06-26,90,53,0.00,0.0,0
1963-06-27,92,53,0.00,0.0,0
1963-06-28,91,52,0.00,0.0,0
1963-06-29,90,49,0.00,0.0,0
1963-06-30,93,56,0.00,0.0,0
1963-07-01,91,55,0.00,0.0,0
1963-07-02,86,56,0.00,0.0,0
1963-07-03,85,51,0.00,0.0,0
1963-07-04,83,57,0.50,0.0,0
1963-07-05,88,51,0.13,0.0,0
1963-07-06,91,51,0.09,0.0,0
1963-07-07,91,56,0.02,0.0,0
1963-07-08,90,55,0.00,0.0,0
1963-07-09,78,58,0.19,0.0,0
1963-07-10,86,57,0.27,0.0,0
1963-07-11,87,60,0.01,0.0,0
1963-07-12,82,56,0.01,0.0,0
1963-07-13,86,48,0.00,0.0,0
1963-07-14,88,56,0.00,0.0,0
1963-07-15,92,56,0.00,0.0,0
1963-07-16,92,52,0.00,0.0,0
1963-07-17,92,53,0.00,0.0,0
1963-07-18,91,58,0.00,0.0,0
1963-07-19,90,57,0.00,0.0,0
1963-07-20,92,60,0.00,0.0,0
1963-07-21,91,56,0.01,0.0,0
1963-07-22,91,55,0.00,0.0,0
1963-07-23,94,55,0.00,0.0,0
1963-07-24,92,57,0.00,0.0,0
1963-07-25,90,57,0.33,0.0,0
1963-07-26,95,58,0.00,0.0,0
1963-07-27,93,49,0.00,0.0,0
1963-07-28,86,52,0.00,0.0,0
1963-07-29,89,51,0.00,0.0,0
1963-07-30,95,54,0.00,0.0,0
1963-07-31,91,54,0.00,0.0,0
1963-08-01,90,54,0.00,0.0,0
1963-08-02,91,56,0.00,0.0,0
1963-08-03,86,55,0.05,0.0,0
1963-08-04,85,54,0.05,0.0,0
1963-08-05,88,52,0.16,0.0,0
1963-08-06,87,52,0.01,0.0,0
1963-08-07,89,51,0.00,0.0,0
1963-08-08,90,52,0.00,0.0,0
1963-08-09,87,55,0.00,0.0,0
1963-08-10,73,55,0.00,0.0,0
1963-08-11,82,55,0.05,0.0,0
1963-08-12,86,51,0.08,0.0,0
1963-08-13,85,51,0.16,0.0,0
1963-08-14,85,47,0.09,0.0,0
1963-08-15,85,50,0.05,0.0,0
1963-08-16,90,50,0.00,0.0,0
1963-08-17,84,52,0.01,0.0,0
1963-08-18,85,51,0.00,0.0,0
1963-08-19,85,51,0.23,0.0,0
1963-08-20,82,49,0.02,0.0,0
1963-08-21,85,49,0.01,0.0,0
1963-08-22,82,56,0.01,0.0,0
1963-08-23,81,49,0.10,0.0,0
1963-08-24,87,52,0.00,0.0,0
1963-08-25,85,53,0.01,0.0,0
1963-08-26,81,54,0.23,0.0,0
1963-08-27,79,46,0.00,0.0,0
1963-08-28,82,49,0.10,0.0,0
1963-08-29,80,51,0.00,0.0,0
1963-08-30,74,51,0.00,0.0,0
1963-08-31,74,51,0.07,0.0,0
1963-09-01,80,46,0.00,0.0,0
1963-09-02,85,45,0.00,0.0,0
1963-09-03,84,45,0.00,0.0,0
1963-09-04,82,51,0.00,0.0,0
1963-09-05,83,49,0.00,0.0,0
1963-09-06,83,51,T,0.0,0
1963-09-07,87,49,0.00,0.0,0
1963-09-08,85,52,0.00,0.0,0
1963-09-09,86,50,0.00,0.0,0
1963-09-10,80,49,0.01,0.0,0
1963-09-11,84,46,0.01,0.0,0
1963-09-12,86,43,0.11,0.0,0
1963-09-13,79,46,0.00,0.0,0
1963-09-14,73,43,0.09,0.0,0
1963-09-15,78,42,0.00,0.0,0
1963-09-16,80,44,0.00,0.0,0
1963-09-17,81,46,0.00,0.0,0
1963-09-18,83,49,0.00,0.0,0
1963-09-19,88,50,0.00,0.0,0
1963-09-20,88,50,0.05,0.0,0
1963-09-21,74,46,0.30,0.0,0
1963-09-22,74,45,0.12,0.0,0
1963-09-23,78,46,0.00,0.0,0
1963-09-24,85,49,0.01,0.0,0
1963-09-25,78,45,0.00,0.0,0
1963-09-26,85,44,0.00,0.0,0
1963-09-27,86,42,0.00,0.0,0
1963-09-28,84,47,0.00,0.0,0
1963-09-29,86,56,0.00,0.0,0
1963-09-30,85,44,0.00,0.0,0
1963-10-01,85,45,0.00,0.0,0
1963-10-02,84,43,0.00,0.0,0
1963-10-03,83,44,0.00,0.0,0
1963-10-04,80,44,0.00,0.0,0
1963-10-05,75,40,0.00,0.0,0
1963-10-06,79,39,0.00,0.0,0
1963-10-07,80,43,0.00,0.0,0
1963-10-08,80,44,0.00,0.0,0
1963-10-09,79,43,0.00,0.0,0
1963-10-10,82,42,0.00,0.0,0
1963-10-11,79,48,0.00,0.0,0
1963-10-12,76,48,0.00,0.0,0
1963-10-13,77,40,0.00,0.0,0
1963-10-14,77,36,0.00,0.0,0
1963-10-15,78,36,0.00,0.0,0
1963-10-16,75,37,0.00,0.0,0
1963-10-17,74,42,0.00,0.0,0
1963-10-18,74,40,0.00,0.0,0
1963-10-19,67,39,0.83,0.0,0
1963-10-20,65,39,0.00,0.0,0
1963-10-21,67,35,0.00,0.0,0
1963-10-22,70,35,0.00,0.0,0
1963-10-23,66,34,0.00,0.0,0
1963-10-24,69,40,0.00,0.0,0
1963-10-25,70,41,0.00,0.0,0
1963-10-26,68,40,0.00,0.0,0
1963-10-27,67,38,0.00,0.0,0
1963-10-28,64,37,0.00,0.0,0
1963-10-29,65,34,0.00,0.0,0
1963-10-30,65,36,0.00,0.0,0
1963-10-31,M,34,T,0.0,0
1963-11-01,52,25,0.00,0.0,0
1963-11-02,57,26,0.00,0.0,0
1963-11-03,59,25,0.00,0.0,0
1963-11-04,57,25,0.00,0.0,0
1963-11-05,59,27,0.00,0.0,0
1963-11-06,62,26,0.00,0.0,0
1963-11-07,62,31,0.00,0.0,0
1963-11-08,61,30,0.00,0.0,0
1963-11-09,68,31,0.00,0.0,0
1963-11-10,67,30,0.00,0.0,0
1963-11-11,68,28,0.00,0.0,0
1963-11-12,68,28,0.00,0.0,0
1963-11-13,63,29,0.00,0.0,0
1963-11-14,66,28,0.00,0.0,0
1963-11-15,66,26,0.00,0.0,0
1963-11-16,53,22,0.00,0.0,0
1963-11-17,55,20,0.00,0.0,0
1963-11-18,55,15,0.00,0.0,0
1963-11-19,55,22,0.00,0.0,0
1963-11-20,55,22,0.00,0.0,0
1963-11-21,44,28,0.38,0.0,0
1963-11-22,45,25,0.00,0.0,0
1963-11-23,48,26,0.00,0.0,0
1963-11-24,47,22,0.21,0.0,0
1963-11-25,50,20,0.00,0.0,0
1963-11-26,50,19,0.00,0.0,0
1963-11-27,52,22,0.00,0.0,0
1963-11-28,50,20,0.00,0.0,0
1963-11-29,51,21,0.00,0.0,0
1963-11-30,55,21,0.00,0.0,0
1963-12-01,55,17,0.00,0.0,0
1963-12-02,56,17,0.00,0.0,0
1963-12-03,55,19,0.00,0.0,0
1963-12-04,53,20,0.00,0.0,0
1963-12-05,51,18,0.00,0.0,0
1963-12-06,52,18,0.00,0.0,0
1963-12-07,48,12,0.00,0.0,0
1963-12-08,44,8,0.00,0.0,0
1963-12-09,48,13,0.00,0.0,0
1963-12-10,41,21,T,T,0
1963-12-11,36,13,0.00,0.0,0
1963-12-12,32,11,0.00,0.0,0
1963-12-13,33,-0,0.00,0.0,0
1963-12-14,32,4,0.00,0.0,0
1963-12-15,36,6,0.00,0.0,0
1963-12-16,49,5,0.00,0.0,0
1963-12-17,53,14,0.00,0.0,0
1963-12-18,52,15,0.00,0.0,0
1963-12-19,52,20,0.00,0.0,0
1963-12-20,49,21,0.00,0.0,0
1963-12-21,38,17,T,T,0
1963-12-22,45,5,0.00,0.0,0
1963-12-23,48,7,0.00,0.0,0
1963-12-24,58,15,0.00,0.0,0
1963-12-25,59,20,0.00,0.0,0
1963-12-26,52,15,0.00,0.0,0
1963-12-27,54,17,0.00,0.0,0
1963-12-28,48,19,0.00,0.0,0
1963-12-29,45,18,0.00,0.0,0
1963-12-30,38,8,0.00,0.0,0
1963-12-31,50,14,0.00,0.0,0
1964-01-01,54,21,0.00,M,M
1964-01-02,52,17,0.00,M,M
1964-01-03,49,22,0.09,M,M
1964-01-04,36,9,0.00,M,M
1964-01-05,36,13,0.00,M,M
1964-01-06,36,3,0.00,M,M
1964-01-07,33,14,0.00,M,M
1964-01-08,28,-2,0.04,M,M
1964-01-09,29,-5,0.00,M,M
1964-01-10,40,2,0.00,M,M
1964-01-11,29,9,0.00,M,M
1964-01-12,27,-6,0.00,M,M
1964-01-13,28,-5,0.00,M,M
1964-01-14,33,-3,0.00,M,M
1964-01-15,36,2,0.00,M,M
1964-01-16,41,6,0.00,M,M
1964-01-17,49,7,0.00,M,M
1964-01-18,50,10,0.00,M,M
1964-01-19,51,10,0.00,M,M
1964-01-20,50,12,0.00,M,M
1964-01-21,52,11,0.00,M,M
1964-01-22,44,22,0.01,M,M
1964-01-23,33,17,0.05,M,M
1964-01-24,25,-0,0.00,M,M
1964-01-25,39,3,0.00,M,M
1964-01-26,46,-0,0.00,M,M
1964-01-27,52,5,0.00,M,M
1964-01-28,55,17,0.00,M,M
1964-01-29,50,19,0.00,M,M
1964-01-30,50,16,0.00,M,M
1964-01-31,50,16,0.00,M,M
1964-02-01,52,15,0.00,M,M
1964-02-02,44,17,0.05,M,M
1964-02-03,25,16,0.15,M,M
1964-02-04,40,14,0.00,M,M
1964-02-05,45,10,0.00,M,M
1964-02-06,39,12,0.15,M,M
1964-02-07,28,-1,0.05,M,M
1964-02-08,37,3,0.00,M,M
1964-02-09,41,3,0.00,M,M
1964-02-10,49,12,0.00,M,M
1964-02-11,M,19,0.00,M,M
1964-02-12,39,29,0.09,M,M
1964-02-13,37,19,0.00,M,M
1964-02-14,32,13,0.00,M,M
1964-02-15,31,2,0.00,M,M
1964-02-16,35,10,0.00,M,M
1964-02-17,39,8,0.00,M,M
1964-02-18,39,2,0.00,M,M
1964-02-19,40,10,0.00,M,M
1964-02-20,35,19,0.00,M,M
1964-02-21,33,4,0.15,M,M
1964-02-22,34,8,0.01,M,M
1964-02-23,35,10,0.00,M,M
1964-02-24,42,6,0.00,M,M
1964-02-25,42,15,0.00,M,M
1964-02-26,36,16,0.01,M,M
1964-02-27,34,9,0.00,M,M
1964-02-28,42,5,0.00,M,M
1964-02-29,44,10,0.00,M,M
1964-03-01,48,14,0.00,M,M
1964-03-02,45,20,0.00,M,M
1964-03-03,33,19,0.00,M,M
1964-03-04,39,21,0.10,M,M
1964-03-05,48,13,0.10,M,M
1964-03-06,43,23,0.00,M,M
1964-03-07,45,17,0.00,M,M
1964-03-08,40,15,0.05,M,M
1964-03-09,39,6,0.00,M,M
1964-03-10,42,19,0.00,M,M
1964-03-11,48,10,0.00,M,M
1964-03-12,51,16,0.00,M,M
1964-03-13,46,30,0.00,M,M
1964-03-14,50,22,0.00,M,M
1964-03-15,52,25,0.00,M,M
1964-03-16,47,11,0.00,M,M
1964-03-17,62,19,0.00,M,M
1964-03-18,61,24,0.00,M,M
1964-03-19,54,18,0.00,M,M
1964-03-20,48,13,0.00,M,M
1964-03-21,58,14,0.00,M,M
1964-03-22,48,14,0.00,M,M
1964-03-23,50,25,0.00,M,M
1964-03-24,49,25,T,M,M
1964-03-25,40,20,T,M,M
1964-03-26,47,29,0.00,M,M
1964-03-27,48,25,0.00,M,M
1964-03-28,55,25,0.00,M,M
1964-03-29,65,25,0.00,M,M
1964-03-30,69,29,0.00,M,M
1964-03-31,68,30,0.00,M,M
1964-04-01,65,33,0.00,M,M
1964-04-02,64,32,T,M,M
1964-04-03,52,20,0.12,M,M
1964-04-04,38,22,0.13,M,M
1964-04-05,45,25,0.19,M,M
1964-04-06,43,25,0.06,M,M
1964-04-07,48,17,0.00,M,M
1964-04-08,55,23,0.00,M,M
1964-04-09,59,23,0.00,M,M
1964-04-10,66,24,0.00,M,M
1964-04-11,66,26,0.00,M,M
1964-04-12,64,24,0.00,M,M
1964-04-13,60,19,0.00,M,M
1964-04-14,68,25,0.00,M,M
1964-04-15,73,31,0.00,M,M
1964-04-16,73,33,0.00,M,M
1964-04-17,69,32,0.00,M,M
1964-04-18,63,40,0.19,M,M
1964-04-19,70,34,0.00,M,M
1964-04-20,60,32,0.00,M,M
1964-04-21,64,38,0.00,M,M
1964-04-22,63,41,0.00,M,M
1964-04-23,67,29,0.00,M,M
1964-04-24,66,30,0.00,M,M
1964-04-25,59,22,0.00,M,M
1964-04-26,55,24,0.00,M,M
1964-04-27,62,38,0.00,M,M
1964-04-28,68,30,0.00,M,M
1964-04-29,65,42,0.00,M,M
1964-04-30,68,29,0.00,M,M
1964-05-01,64,29,0.00,0.0,0
1964-05-02,65,35,0.00,0.0,0
1964-05-03,66,33,0.00,0.0,0
1964-05-04,68,34,0.00,0.0,0
1964-05-05,70,29,0.00,0.0,0
1964-05-06,68,26,0.00,0.0,0
1964-05-07,67,33,0.00,0.0,0
1964-05-08,60,29,0.00,0.0,0
1964-05-09,61,31,0.00,0.0,0
1964-05-10,69,30,0.00,0.0,0
1964-05-11,72,37,0.00,0.0,0
1964-05-12,70,39,0.00,0.0,0
1964-05-13,77,40,0.00,0.0,0
1964-05-14,80,38,0.00,0.0,0
1964-05-15,84,44,0.00,0.0,0
1964-05-16,84,46,0.00,0.0,0
1964-05-17,82,39,0.00,0.0,0
1964-05-18,80,40,0.00,0.0,0
1964-05-19,77,46,0.00,0.0,0
1964-05-20,78,43,0.00,0.0,0
1964-05-21,76,43,0.03,0.0,0
1964-05-22,81,44,0.00,0.0,0
1964-05-23,82,42,0.00,0.0,0
1964-05-24,85,45,0.00,0.0,0
1964-05-25,80,42,0.58,0.0,0
1964-05-26,68,50,0.43,0.0,0
1964-05-27,73,43,0.06,0.0,0
1964-05-28,73,42,T,0.0,0
1964-05-29,70,42,0.00,0.0,0
1964-05-30,62,36,T,0.0,0
1964-05-31,52,37,0.07,0.0,0
1964-06-01,68,33,0.00,0.0,0
1964-06-02,70,42,T,0.0,0
1964-06-03,70,43,0.00,0.0,0
1964-06-04,77,42,0.00,0.0,0
1964-06-05,75,48,0.00,0.0,0
1964-06-06,80,52,0.00,0.0,0
1964-06-07,80,57,0.00,0.0,0
1964-06-08,75,42,0.00,0.0,0
1964-06-09,80,38,0.00,0.0,0
1964-06-10,82,45,0.00,0.0,0
1964-06-11,82,42,0.00,0.0,0
1964-06-12,81,43,0.00,0.0,0
1964-06-13,80,50,0.00,0.0,0
1964-06-14,78,46,0.00,0.0,0
1964-06-15,84,52,0.00,0.0,0
1964-06-16,82,48,0.00,0.0,0
1964-06-17,84,50,0.00,0.0,0
1964-06-18,83,40,0.00,0.0,0
1964-06-19,79,46,0.00,0.0,0
1964-06-20,80,41,0.00,0.0,0
1964-06-21,81,40,0.00,0.0,0
1964-06-22,81,42,0.00,0.0,0
1964-06-23,80,45,0.00,0.0,0
1964-06-24,83,45,0.00,0.0,0
1964-06-25,82,49,0.00,0.0,0
1964-06-26,85,50,0.00,0.0,0
1964-06-27,86,48,0.00,0.0,0
1964-06-28,80,52,0.00,0.0,0
1964-06-29,84,54,0.00,0.0,0
1964-06-30,82,53,0.20,0.0,0
1964-07-01,90,50,0.01,0.0,0
1964-07-02,89,55,0.00,0.0,0
1964-07-03,94,56,0.00,0.0,0
1964-07-04,94,56,0.00,0.0,0
1964-07-05,92,57,0.00,0.0,0
1964-07-06,94,58,0.00,0.0,0
1964-07-07,90,52,0.01,0.0,0
1964-07-08,87,52,0.00,0.0,0
1964-07-09,81,56,0.00,0.0,0
1964-07-10,78,55,0.22,0.0,0
1964-07-11,76,59,0.00,0.0,0
1964-07-12,74,52,0.03,0.0,0
1964-07-13,80,49,0.12,0.0,0
1964-07-14,86,49,0.00,0.0,0
1964-07-15,89,56,0.00,0.0,0
1964-07-16,84,55,0.00,0.0,0
1964-07-17,85,53,0.03,0.0,0
1964-07-18,80,54,0.00,0.0,0
1964-07-19,81,56,0.02,0.0,0
1964-07-20,91,55,0.08,0.0,0
1964-07-21,89,56,0.05,0.0,0
1964-07-22,91,51,0.01,0.0,0
1964-07-23,85,55,0.02,0.0,0
1964-07-24,87,53,0.20,0.0,0
1964-07-25,78,51,0.21,0.0,0
1964-07-26,83,51,0.11,0.0,0
1964-07-27,87,51,0.00,0.0,0
1964-07-28,87,55,0.00,0.0,0
1964-07-29,79,58,0.13,0.0,0
1964-07-30,87,55,0.42,0.0,0
1964-07-31,83,55,0.04,0.0,0
1964-08-01,79,56,0.03,0.0,0
1964-08-02,77,54,0.07,0.0,0
1964-08-03,84,54,0.01,0.0,0
1964-08-04,86,55,0.30,0.0,0
1964-08-05,85,54,0.07,0.0,0
1964-08-06,85,54,0.20,0.0,0
1964-08-07,84,55,0.13,0.0,0
1964-08-08,74,54,0.02,0.0,0
1964-08-09,76,55,0.00,0.0,0
1964-08-10,86,56,0.00,0.0,0
1964-08-11,85,55,0.00,0.0,0
1964-08-12,75,55,1.63,0.0,0
1964-08-13,75,55,0.02,0.0,0
1964-08-14,76,54,0.12,0.0,0
1964-08-15,82,49,0.00,0.0,0
1964-08-16,85,51,0.00,0.0,0
1964-08-17,85,54,0.00,0.0,0
1964-08-18,82,55,0.00,0.0,0
1964-08-19,83,54,0.00,0.0,0
1964-08-20,82,54,T,0.0,0
1964-08-21,81,38,0.00,0.0,0
1964-08-22,80,40,0.00,0.0,0
1964-08-23,82,45,0.00,0.0,0
1964-08-24,84,47,0.00,0.0,0
1964-08-25,85,46,0.00,0.0,0
1964-08-26,M,45,0.11,0.0,0
1964-08-27,80,48,0.00,0.0,0
1964-08-28,80,43,0.00,0.0,0
1964-08-29,78,51,0.00,0.0,0
1964-08-30,82,47,0.00,0.0,0
1964-08-31,82,47,0.00,0.0,0
1964-09-01,82,51,0.05,0.0,0
1964-09-02,82,47,0.00,0.0,0
1964-09-03,86,50,0.00,0.0,0
1964-09-04,84,53,0.15,0.0,0
1964-09-05,73,52,0.41,0.0,0
1964-09-06,75,47,0.00,0.0,0
1964-09-07,80,48,0.00,0.0,0
1964-09-08,78,54,0.02,0.0,0
1964-09-09,72,52,0.00,0.0,0
1964-09-10,80,53,0.00,0.0,0
1964-09-11,79,48,0.00,0.0,0
1964-09-12,78,52,0.00,0.0,0
1964-09-13,80,54,0.00,0.0,0
1964-09-14,73,52,0.04,0.0,0
1964-09-15,65,45,0.05,0.0,0
1964-09-16,67,43,0.05,0.0,0
1964-09-17,75,39,0.00,0.0,0
1964-09-18,74,42,0.00,0.0,0
1964-09-19,73,40,0.00,0.0,0
1964-09-20,72,42,0.35,0.0,0
1964-09-21,61,40,0.37,0.0,0
1964-09-22,67,40,0.08,0.0,0
1964-09-23,73,38,0.00,0.0,0
1964-09-24,72,45,0.00,0.0,0
1964-09-25,72,46,0.00,0.0,0
1964-09-26,72,40,0.00,0.0,0
1964-09-27,72,44,0.00,0.0,0
1964-09-28,73,46,0.00,0.0,0
1964-09-29,75,47,0.00,0.0,0
1964-09-30,74,40,0.00,0.0,0
1964-10-01,75,45,0.00,0.0,0
1964-10-02,71,40,0.00,0.0,0
1964-10-03,73,42,0.00,0.0,0
1964-10-04,72,40,0.00,0.0,0
1964-10-05,71,41,0.00,0.0,0
1964-10-06,70,42,0.00,0.0,0
1964-10-07,73,38,0.00,0.0,0
1964-10-08,74,39,0.00,0.0,0
1964-10-09,77,40,0.00,0.0,0
1964-10-10,75,42,0.00,0.0,0
1964-10-11,72,40,0.00,0.0,0
1964-10-12,67,33,0.00,0.0,0
1964-10-13,68,32,0.00,0.0,0
1964-10-14,72,35,0.00,0.0,0
1964-10-15,74,37,0.00,0.0,0
1964-10-16,74,38,0.00,0.0,0
1964-10-17,72,36,0.00,0.0,0
1964-10-18,74,35,0.08,0.0,0
1964-10-19,64,34,0.00,0.0,0
1964-10-20,66,31,0.00,0.0,0
1964-10-21,69,33,0.00,0.0,0
1964-10-22,70,34,0.00,0.0,0
1964-10-23,M,30,0.00,0.0,0
1964-10-24,57,31,0.00,0.0,0
1964-10-25,59,30,0.00,0.0,0
1964-10-26,64,28,0.00,0.0,0
1964-10-27,66,30,0.00,0.0,0
1964-10-28,69,29,0.00,0.0,0
1964-10-29,71,30,0.00,0.0,0
1964-10-30,70,32,0.00,0.0,0
1964-10-31,72,33,0.00,0.0,0
1964-11-01,73,35,0.00,0.0,0
1964-11-02,65,38,T,0.0,0
1964-11-03,54,29,0.00,0.0,0
1964-11-04,58,23,0.00,0.0,0
1964-11-05,57,21,0.00,0.0,0
1964-11-06,62,28,0.00,0.0,0
1964-11-07,55,27,0.00,0.0,0
1964-11-08,61,29,0.00,0.0,0
1964-11-09,63,30,0.00,0.0,0
1964-11-10,56,35,0.01,0.0,0
1964-11-11,48,18,T,0.0,0
1964-11-12,46,15,0.00,0.0,0
1964-11-13,55,21,0.00,0.0,0
1964-11-14,52,24,0.00,0.0,0
1964-11-15,49,32,0.02,0.0,0
1964-11-16,46,30,0.05,0.0,0
1964-11-17,52,28,0.00,0.0,0
1964-11-18,42,28,0.22,0.0,0
1964-11-19,35,13,T,0.0,0
1964-11-20,44,12,0.00,0.0,0
1964-11-21,48,18,0.00,0.0,0
1964-11-22,39,15,0.00,0.0,0
1964-11-23,37,14,0.00,0.0,0
1964-11-24,52,16,0.00,0.0,0
1964-11-25,50,17,0.00,0.0,0
1964-11-26,48,15,0.00,0.0,0
1964-11-27,47,16,0.00,0.0,0
1964-11-28,50,19,0.00,0.0,0
1964-11-29,54,20,0.00,0.0,0
1964-11-30,55,18,0.00,0.0,0
1964-12-01,49,19,0.00,0.0,0
1964-12-02,46,22,0.17,0.0,0
1964-12-03,35,28,0.42,8.0,6
1964-12-04,39,9,0.00,0.0,4
1964-12-05,35,7,0.00,0.0,4
1964-12-06,38,5,0.00,0.0,3
1964-12-07,35,5,0.00,0.0,3
1964-12-08,37,5,0.00,0.0,3
1964-12-09,38,9,0.00,0.0,2
1964-12-10,37,10,0.00,0.0,1
1964-12-11,42,10,0.00,0.0,1
1964-12-12,34,5,0.10,2.0,3
1964-12-13,36,-1,0.00,0.0,2
1964-12-14,38,-2,0.00,0.0,2
1964-12-15,35,2,0.00,0.0,1
1964-12-16,44,6,0.00,0.0,1
1964-12-17,39,5,0.00,0.0,1
1964-12-18,30,4,0.10,1.5,2
1964-12-19,47,13,0.00,0.0,1
1964-12-20,47,8,0.00,0.0,1
1964-12-21,45,10,0.00,0.0,T
1964-12-22,52,20,0.00,0.0,0
1964-12-23,55,27,0.00,0.0,0
1964-12-24,50,33,0.09,0.0,0
1964-12-25,47,32,0.03,0.0,0
1964-12-26,46,34,0.02,0.0,0
1964-12-27,38,30,0.00,0.0,0
1964-12-28,36,25,0.09,0.0,0
1964-12-29,33,23,0.00,0.0,0
1964-12-30,32,12,T,M,1
1964-12-31,42,22,0.00,0.0,0
1965-01-01,M,M,0.00,0.0,0
1965-01-02,M,M,0.00,0.0,0
1965-01-03,45,3,0.00,0.0,0
1965-01-04,41,1,0.00,0.0,0
1965-01-05,38,21,0.02,0.0,0
1965-01-06,42,29,0.26,0.0,0
1965-01-07,45,32,0.28,0.0,0
1965-01-08,43,28,0.72,4.0,4
1965-01-09,36,14,0.34,6.0,10
1965-01-10,42,9,0.00,0.0,7
1965-01-11,41,5,0.00,0.0,5
1965-01-12,44,14,0.00,0.0,3
1965-01-13,43,11,0.00,0.0,2
1965-01-14,42,15,0.00,0.0,1
1965-01-15,49,15,0.00,0.0,1
1965-01-16,49,17,0.00,0.0,0
1965-01-17,50,20,0.00,0.0,0
1965-01-18,46,16,0.00,0.0,0
1965-01-19,45,22,0.00,0.0,0
1965-01-20,41,21,0.00,0.0,0
1965-01-21,38,28,0.00,0.0,0
1965-01-22,37,24,0.01,0.0,0
1965-01-23,41,21,0.00,0.0,0
1965-01-24,50,18,0.00,0.0,0
1965-01-25,34,8,0.08,4.0,4
1965-01-26,28,12,0.00,0.0,2
1965-01-27,38,4,0.00,0.0,0
1965-01-28,46,10,0.00,0.0,0
1965-01-29,46,14,0.00,0.0,0
1965-01-30,48,25,0.00,0.0,0
1965-01-31,50,27,0.00,0.0,0
1965-02-01,50,25,0.00,0.0,0
1965-02-02,51,19,0.00,0.0,0
1965-02-03,52,28,0.00,0.0,0
1965-02-04,58,23,0.00,0.0,0
1965-02-05,64,23,0.00,0.0,0
1965-02-06,61,23,0.00,0.0,0
1965-02-07,52,23,0.00,0.0,0
1965-02-08,38,24,0.05,0.0,0
1965-02-09,35,14,0.01,0.0,0
1965-02-10,30,14,0.10,4.0,4
1965-02-11,28,-2,0.07,4.0,6
1965-02-12,26,-6,0.01,1.0,4
1965-02-13,24,-1,0.00,0.0,3
1965-02-14,39,1,0.00,0.0,2
1965-02-15,30,8,0.01,0.5,2
1965-02-16,45,4,0.00,0.0,0
1965-02-17,52,18,0.00,0.0,0
1965-02-18,52,20,0.00,0.0,0
1965-02-19,56,24,0.00,0.0,0
1965-02-20,56,22,0.00,0.0,0
1965-02-21,55,21,0.00,0.0,0
1965-02-22,55,22,0.00,0.0,0
1965-02-23,52,21,0.15,4.0,4
1965-02-24,39,-2,0.00,0.0,0
1965-02-25,56,5,0.00,0.0,0
1965-02-26,55,21,0.00,0.0,0
1965-02-27,57,24,0.00,0.0,0
1965-02-28,70,32,0.00,0.0,0
1965-03-01,43,19,0.25,6.0,6
1965-03-02,38,4,0.23,4.0,8
1965-03-03,25,5,0.05,1.0,6
1965-03-04,33,-6,0.00,0.0,5
1965-03-05,50,8,0.00,0.0,4
1965-03-06,48,12,0.00,0.0,3
1965-03-07,49,16,0.00,0.0,2
1965-03-08,49,21,0.00,0.0,1
1965-03-09,44,22,0.00,0.0,0
1965-03-10,48,25,0.00,0.0,0
1965-03-11,48,30,0.05,T,0
1965-03-12,52,18,0.11,0.0,0
1965-03-13,41,24,0.02,0.0,0
1965-03-14,45,18,0.00,0.0,0
1965-03-15,52,21,0.00,0.0,0
1965-03-16,52,21,0.00,0.0,0
1965-03-17,51,32,0.00,0.0,0
1965-03-18,51,26,0.00,0.0,0
1965-03-19,42,12,0.00,0.0,0
1965-03-20,50,8,0.00,0.0,0
1965-03-21,54,10,0.00,0.0,0
1965-03-22,56,23,0.00,0.0,0
1965-03-23,58,26,0.00,0.0,0
1965-03-24,54,25,0.00,0.0,0
1965-03-25,48,30,0.00,0.0,0
1965-03-26,50,22,0.00,0.0,0
1965-03-27,56,21,0.00,0.0,0
1965-03-28,59,23,0.00,0.0,0
1965-03-29,61,24,0.02,0.0,0
1965-03-30,63,28,0.00,0.0,0
1965-03-31,67,31,0.00,0.0,0
1965-04-01,63,31,0.02,0.0,0
1965-04-02,58,32,0.14,0.0,0
1965-04-03,59,28,0.00,0.0,0
1965-04-04,44,25,0.00,0.0,0
1965-04-05,45,19,0.00,0.0,0
1965-04-06,58,21,0.00,0.0,0
1965-04-07,55,42,0.01,0.0,0
1965-04-08,60,24,0.00,0.0,0
1965-04-09,60,39,T,0.0,0
1965-04-10,59,31,0.02,0.0,0
1965-04-11,55,22,0.00,0.0,0
1965-04-12,59,22,0.00,0.0,0
1965-04-13,61,34,0.00,0.0,0
1965-04-14,55,34,0.00,0.0,0
1965-04-15,61,34,0.00,0.0,0
1965-04-16,68,35,0.00,0.0,0
1965-04-17,63,30,0.00,0.0,0
1965-04-18,64,33,0.00,0.0,0
1965-04-19,70,36,0.00,0.0,0
1965-04-20,74,39,0.00,0.0,0
1965-04-21,78,39,0.00,0.0,0
1965-04-22,80,40,0.00,0.0,0
1965-04-23,74,46,0.00,0.0,0
1965-04-24,69,45,0.00,0.0,0
1965-04-25,64,34,0.26,0.0,0
1965-04-26,62,30,0.41,0.0,0
1965-04-27,52,32,0.30,0.0,0
1965-04-28,58,35,0.04,0.0,0
1965-04-29,64,35,0.00,0.0,0
1965-04-30,72,34,0.00,0.0,0
1965-05-01,74,43,0.00,0.0,0
1965-05-02,74,35,0.00,0.0,0
1965-05-03,73,42,0.00,0.0,0
1965-05-04,70,41,0.00,0.0,0
1965-05-05,65,34,0.00,0.0,0
1965-05-06,69,31,0.00,0.0,0
1965-05-07,68,44,0.00,0.0,0
1965-05-08,67,29,0.00,0.0,0
1965-05-09,59,27,0.00,0.0,0
1965-05-10,59,41,T,0.0,0
1965-05-11,66,29,0.02,0.0,0
1965-05-12,67,42,T,0.0,0
1965-05-13,61,35,0.24,0.0,0
1965-05-14,60,40,0.12,0.0,0
1965-05-15,61,37,0.02,0.0,0
1965-05-16,70,36,0.00,0.0,0
1965-05-17,71,37,0.00,0.0,0
1965-05-18,72,49,0.00,0.0,0
1965-05-19,75,44,0.03,0.0,0
1965-05-20,77,43,0.00,0.0,0
1965-05-21,79,41,0.00,0.0,0
1965-05-22,76,42,0.00,0.0,0
1965-05-23,74,52,0.14,0.0,0
1965-05-24,67,38,0.01,0.0,0
1965-05-25,56,35,0.00,0.0,0
1965-05-26,62,31,0.00,0.0,0
1965-05-27,64,32,0.00,0.0,0
1965-05-28,66,32,0.00,0.0,0
1965-05-29,76,49,0.00,0.0,0
1965-05-30,71,46,0.00,0.0,0
1965-05-31,75,37,0.00,0.0,0
1965-06-01,71,41,0.01,0.0,0
1965-06-02,74,38,0.00,0.0,0
1965-06-03,75,40,0.00,0.0,0
1965-06-04,71,42,0.01,0.0,0
1965-06-05,71,44,0.00,0.0,0
1965-06-06,76,38,0.00,0.0,0
1965-06-07,79,45,0.00,0.0,0
1965-06-08,79,43,0.00,0.0,0
1965-06-09,57,41,0.43,0.0,0
1965-06-10,66,44,0.03,0.0,0
1965-06-11,59,40,T,0.0,0
1965-06-12,73,41,0.04,0.0,0
1965-06-13,M,44,0.00,0.0,0
1965-06-14,84,46,0.00,0.0,0
1965-06-15,77,56,0.18,0.0,0
1965-06-16,79,51,0.00,0.0,0
1965-06-17,80,52,0.00,0.0,0
1965-06-18,77,54,0.48,0.0,0
1965-06-19,76,46,0.08,0.0,0
1965-06-20,79,54,0.00,0.0,0
1965-06-21,81,49,0.00,0.0,0
1965-06-22,79,46,0.01,0.0,0
1965-06-23,83,46,0.00,0.0,0
1965-06-24,77,56,0.34,0.0,0
1965-06-25,70,47,0.07,0.0,0
1965-06-26,76,41,0.00,0.0,0
1965-06-27,78,39,0.00,0.0,0
1965-06-28,83,45,0.00,0.0,0
1965-06-29,87,50,0.00,0.0,0
1965-06-30,M,55,T,0.0,0
1965-07-01,77,51,0.35,0.0,0
1965-07-02,81,54,0.00,0.0,0
1965-07-03,84,53,0.00,0.0,0
1965-07-04,86,50,0.00,0.0,0
1965-07-05,85,53,0.02,0.0,0
1965-07-06,88,52,0.00,0.0,0
1965-07-07,82,52,0.00,0.0,0
1965-07-08,83,49,0.00,0.0,0
1965-07-09,82,50,0.00,0.0,0
1965-07-10,83,49,0.00,0.0,0
1965-07-11,84,50,0.04,0.0,0
1965-07-12,85,51,0.05,0.0,0
1965-07-13,82,51,0.00,0.0,0
1965-07-14,75,52,0.16,0.0,0
1965-07-15,82,51,0.00,0.0,0
1965-07-16,84,54,0.00,0.0,0
1965-07-17,83,54,0.00,0.0,0
1965-07-18,85,54,0.00,0.0,0
1965-07-19,83,52,0.00,0.0,0
1965-07-20,88,56,0.00,0.0,0
1965-07-21,88,52,0.00,0.0,0
1965-07-22,85,54,0.00,0.0,0
1965-07-23,87,56,0.00,0.0,0
1965-07-24,86,52,0.00,0.0,0
1965-07-25,82,56,0.01,0.0,0
1965-07-26,82,51,0.08,0.0,0
1965-07-27,82,55,0.66,0.0,0
1965-07-28,81,53,0.02,0.0,0
1965-07-29,84,58,0.00,0.0,0
1965-07-30,85,55,0.00,0.0,0
1965-07-31,85,52,0.23,0.0,0
1965-08-01,67,52,0.47,0.0,0
1965-08-02,70,48,0.34,0.0,0
1965-08-03,79,47,0.02,0.0,0
1965-08-04,81,50,T,0.0,0
1965-08-05,82,51,0.00,0.0,0
1965-08-06,83,49,0.00,0.0,0
1965-08-07,82,51,0.00,0.0,0
1965-08-08,84,50,0.00,0.0,0
1965-08-09,86,53,0.00,0.0,0
1965-08-10,82,48,0.02,0.0,0
1965-08-11,84,48,0.00,0.0,0
1965-08-12,88,48,0.00,0.0,0
1965-08-13,86,49,0.02,0.0,0
1965-08-14,78,48,0.38,0.0,0
1965-08-15,77,47,0.00,0.0,0
1965-08-16,74,47,0.00,0.0,0
1965-08-17,78,46,T,0.0,0
1965-08-18,76,49,0.10,0.0,0
1965-08-19,73,55,0.05,0.0,0
1965-08-20,78,46,0.00,0.0,0
1965-08-21,78,45,0.08,0.0,0
1965-08-22,77,49,0.00,0.0,0
1965-08-23,78,46,0.04,0.0,0
1965-08-24,82,48,0.00,0.0,0
1965-08-25,84,47,0.00,0.0,0
1965-08-26,85,50,0.00,0.0,0
1965-08-27,84,51,0.00,0.0,0
1965-08-28,80,50,0.00,0.0,0
1965-08-29,76,48,0.00,0.0,0
1965-08-30,80,46,0.04,0.0,0
1965-08-31,78,49,0.00,0.0,0
1965-09-01,75,45,0.00,0.0,0
1965-09-02,71,43,0.14,0.0,0
1965-09-03,73,45,0.00,0.0,0
1965-09-04,77,42,0.00,0.0,0
1965-09-05,74,48,0.09,0.0,0
1965-09-06,75,48,0.06,0.0,0
1965-09-07,74,52,T,0.0,0
1965-09-08,74,55,0.57,0.0,0
1965-09-09,75,47,0.00,0.0,0
1965-09-10,76,43,0.00,0.0,0
1965-09-11,74,48,0.09,0.0,0
1965-09-12,73,46,0.00,0.0,0
1965-09-13,77,49,0.00,0.0,0
1965-09-14,76,46,0.00,0.0,0
1965-09-15,77,41,0.00,0.0,0
1965-09-16,78,46,0.00,0.0,0
1965-09-17,75,51,0.09,0.0,0
1965-09-18,69,49,0.14,0.0,0
1965-09-19,68,47,0.20,0.0,0
1965-09-20,67,45,0.06,0.0,0
1965-09-21,55,30,0.12,0.0,0
1965-09-22,65,28,0.00,0.0,0
1965-09-23,71,28,0.00,0.0,0
1965-09-24,71,36,0.00,0.0,0
1965-09-25,76,41,0.00,0.0,0
1965-09-26,77,43,0.00,0.0,0
1965-09-27,74,44,0.00,0.0,0
1965-09-28,74,45,0.10,0.0,0
1965-09-29,71,43,0.00,0.0,0
1965-09-30,68,38,0.00,0.0,0
1965-10-01,70,30,0.00,0.0,0
1965-10-02,77,35,0.00,0.0,0
1965-10-03,78,35,0.00,0.0,0
1965-10-04,78,35,0.00,0.0,0
1965-10-05,80,35,0.00,0.0,0
1965-10-06,78,38,0.00,0.0,0
1965-10-07,78,37,0.00,0.0,0
1965-10-08,80,38,0.00,0.0,0
1965-10-09,82,39,0.00,0.0,0
1965-10-10,79,40,0.00,0.0,0
1965-10-11,77,42,0.00,0.0,0
1965-10-12,70,31,0.00,0.0,0
1965-10-13,70,36,0.00,0.0,0
1965-10-14,72,42,0.00,0.0,0
1965-10-15,72,34,0.00,0.0,0
1965-10-16,69,41,0.10,0.0,0
1965-10-17,49,34,1.31,0.0,0
1965-10-18,41,32,0.14,0.0,0
1965-10-19,57,28,0.02,0.0,0
1965-10-20,60,29,0.00,0.0,0
1965-10-21,62,31,0.00,0.0,0
1965-10-22,67,33,0.00,0.0,0
1965-10-23,70,34,0.00,0.0,0
1965-10-24,71,34,0.00,0.0,0
1965-10-25,72,37,0.00,0.0,0
1965-10-26,64,35,0.00,0.0,0
1965-10-27,66,35,0.00,0.0,0
1965-10-28,66,32,0.00,0.0,0
1965-10-29,64,32,0.00,0.0,0
1965-10-30,66,32,0.00,0.0,0
1965-10-31,68,33,0.00,0.0,0
1965-11-01,65,36,0.00,0.0,0
1965-11-02,68,31,0.00,0.0,0
1965-11-03,66,31,0.00,0.0,0
1965-11-04,64,31,0.00,0.0,0
1965-11-05,64,31,0.00,0.0,0
1965-11-06,63,31,0.00,0.0,0
1965-11-07,64,31,0.00,0.0,0
1965-11-08,64,30,0.00,0.0,0
1965-11-09,60,35,0.00,0.0,0
1965-11-10,58,30,0.00,0.0,0
1965-11-11,58,28,0.00,0.0,0
1965-11-12,59,27,0.00,0.0,0
1965-11-13,59,28,0.00,0.0,0
1965-11-14,58,32,0.00,0.0,0
1965-11-15,56,36,0.00,0.0,0
1965-11-16,60,27,0.00,0.0,0
1965-11-17,52,36,0.00,0.0,0
1965-11-18,55,29,0.00,0.0,0
1965-11-19,58,28,0.00,0.0,0
1965-11-20,55,23,0.00,0.0,0
1965-11-21,51,22,0.00,0.0,0
1965-11-22,50,21,0.00,0.0,0
1965-11-23,48,38,0.47,0.0,0
1965-11-24,49,28,0.05,0.0,0
1965-11-25,50,29,0.04,0.0,0
1965-11-26,51,27,0.02,0.0,0
1965-11-27,49,25,0.00,0.0,0
1965-11-28,48,20,0.00,0.0,0
1965-11-29,47,15,0.00,0.0,0
1965-11-30,45,19,0.00,0.0,0
1965-12-01,46,22,0.00,0.0,0
1965-12-02,51,23,0.00,0.0,0
1965-12-03,59,26,0.00,0.0,0
1965-12-04,59,26,0.00,0.0,0
1965-12-05,60,28,0.00,0.0,0
1965-12-06,59,27,0.00,0.0,0
1965-12-07,53,24,0.00,0.0,0
1965-12-08,54,25,0.00,0.0,0
1965-12-09,50,31,0.00,0.0,0
1965-12-10,48,38,0.51,0.0,0
1965-12-11,42,32,0.00,0.0,0
1965-12-12,48,35,0.00,0.0,0
1965-12-13,35,20,0.04,0.0,0
1965-12-14,36,13,0.00,0.0,0
1965-12-15,30,20,0.11,4.0,4
1965-12-16,31,14,0.00,0.0,M
1965-12-17,31,11,0.14,4.0,5
1965-12-18,32,9,0.00,0.0,M
1965-12-19,34,6,0.00,0.0,M
1965-12-20,40,5,0.00,0.0,M
1965-12-21,44,13,0.00,0.0,0
1965-12-22,36,22,0.07,0.0,0
1965-12-23,41,31,0.05,0.0,0
1965-12-24,43,29,0.00,0.0,0
1965-12-25,44,22,0.00,0.0,0
1965-12-26,46,19,0.00,0.0,0
1965-12-27,42,15,0.00,0.0,0
1965-12-28,48,19,0.00,0.0,0
1965-12-29,45,21,0.00,0.0,0
1965-12-30,46,37,0.07,0.0,0
1965-12-31,47,38,0.00,0.0,0
1966-01-01,45,33,0.00,0.0,0
1966-01-02,44,14,0.00,0.0,0
1966-01-03,42,-0,0.00,0.0,0
1966-01-04,39,8,0.00,0.0,0
1966-01-05,44,12,0.00,0.0,0
1966-01-06,47,17,0.00,0.0,0
1966-01-07,54,20,0.00,0.0,0
1966-01-08,45,21,0.00,0.0,0
1966-01-09,49,20,0.00,0.0,0
1966-01-10,45,18,0.00,0.0,0
1966-01-11,40,18,0.00,0.0,0
1966-01-12,42,16,0.00,0.0,0
1966-01-13,38,12,0.00,0.0,0
1966-01-14,40,16,0.00,0.0,0
1966-01-15,36,10,0.00,0.0,0
1966-01-16,35,16,0.00,0.0,0
1966-01-17,38,8,0.00,0.0,0
1966-01-18,34,9,0.00,0.0,0
1966-01-19,33,21,0.33,3.0,M
1966-01-20,31,6,0.00,0.0,M
1966-01-21,26,7,0.11,2.0,M
1966-01-22,24,-4,0.00,0.0,M
1966-01-23,29,-2,0.00,0.0,M
1966-01-24,29,-2,0.00,0.0,M
1966-01-25,28,4,0.00,0.0,M
1966-01-26,36,-0,0.00,0.0,M
1966-01-27,41,4,0.00,0.0,M
1966-01-28,42,4,0.00,0.0,M
1966-01-29,43,9,0.00,0.0,M
1966-01-30,45,10,0.00,0.0,0
1966-01-31,36,21,0.00,0.0,0
1966-02-01,35,13,0.00,0.0,0
1966-02-02,31,16,0.00,0.0,0
1966-02-03,37,7,0.00,0.0,0
1966-02-04,45,11,0.00,0.0,0
1966-02-05,49,13,0.00,0.0,0
1966-02-06,49,18,0.00,0.0,0
1966-02-07,49,23,0.06,0.0,0
1966-02-08,37,26,0.19,2.0,0
1966-02-09,29,14,0.00,0.0,0
1966-02-10,34,5,0.00,0.0,0
1966-02-11,31,4,0.00,0.0,0
1966-02-12,39,8,0.00,0.0,0
1966-02-13,34,15,0.03,1.0,0
1966-02-14,31,2,0.00,0.0,0
1966-02-15,30,14,0.00,0.0,0
1966-02-16,34,1,0.00,0.0,0
1966-02-17,40,7,0.00,0.0,0
1966-02-18,45,12,0.00,0.0,0
1966-02-19,49,15,0.00,0.0,0
1966-02-20,48,19,0.00,0.0,0
1966-02-21,42,19,0.00,0.0,0
1966-02-22,40,9,0.25,6.0,3
1966-02-23,36,14,0.00,0.0,3
1966-02-24,40,12,0.00,0.0,0
1966-02-25,44,21,0.00,0.0,0
1966-02-26,40,21,0.00,0.0,0
1966-02-27,44,26,0.00,0.0,0
1966-02-28,47,17,0.00,0.0,0
1966-03-01,59,21,0.00,0.0,0
1966-03-02,34,21,0.02,2.0,2
1966-03-03,25,10,0.00,0.0,0
1966-03-04,27,-1,0.00,0.0,0
1966-03-05,41,4,0.00,0.0,0
1966-03-06,49,16,0.00,0.0,0
1966-03-07,55,18,0.00,0.0,0
1966-03-08,57,26,0.00,0.0,0
1966-03-09,61,21,0.00,0.0,0
1966-03-10,59,28,0.00,0.0,0
1966-03-11,58,26,0.00,0.0,0
1966-03-12,62,25,0.00,0.0,0
1966-03-13,60,25,0.00,0.0,0
1966-03-14,63,33,0.00,0.0,0
1966-03-15,64,31,0.00,0.0,0
1966-03-16,64,31,0.00,0.0,0
1966-03-17,60,33,0.00,0.0,0
1966-03-18,59,19,0.00,0.0,0
1966-03-19,60,22,0.00,0.0,0
1966-03-20,62,28,0.00,0.0,0
1966-03-21,60,26,0.00,0.0,0
1966-03-22,56,24,0.00,0.0,0
1966-03-23,56,11,0.00,0.0,0
1966-03-24,51,21,0.00,0.0,0
1966-03-25,62,26,0.00,0.0,0
1966-03-26,65,29,0.00,0.0,0
1966-03-27,65,30,0.00,0.0,0
1966-03-28,61,33,0.04,0.0,0
1966-03-29,63,30,0.00,0.0,0
1966-03-30,66,30,0.00,0.0,0
1966-03-31,74,35,0.00,0.0,0
1966-04-01,71,32,0.00,0.0,0
1966-04-02,70,33,0.00,0.0,0
1966-04-03,70,31,0.00,0.0,0
1966-04-04,70,18,0.00,0.0,0
1966-04-05,53,14,0.00,0.0,0
1966-04-06,65,23,0.00,0.0,0
1966-04-07,69,33,0.00,0.0,0
1966-04-08,69,34,0.00,0.0,0
1966-04-09,69,34,0.00,0.0,0
1966-04-10,70,33,0.00,0.0,0
1966-04-11,64,31,0.00,0.0,0
1966-04-12,59,30,0.00,0.0,0
1966-04-13,58,34,0.00,0.0,0
1966-04-14,62,32,0.00,0.0,0
1966-04-15,69,35,0.00,0.0,0
1966-04-16,70,33,0.00,0.0,0
1966-04-17,69,32,0.00,0.0,0
1966-04-18,67,41,0.00,0.0,0
1966-04-19,58,26,0.10,0.0,0
1966-04-20,43,28,0.03,0.0,0
1966-04-21,59,26,0.00,0.0,0
1966-04-22,54,33,0.00,0.0,0
1966-04-23,66,20,0.00,0.0,0
1966-04-24,68,25,0.01,0.0,0
1966-04-25,68,36,0.00,0.0,0
1966-04-26,70,33,0.00,0.0,0
1966-04-27,66,42,0.00,0.0,0
1966-04-28,65,33,0.00,0.0,0
1966-04-29,71,37,0.00,0.0,0
1966-04-30,68,46,0.00,0.0,0
1966-05-01,70,34,0.00,0.0,0
1966-05-02,71,34,0.00,0.0,0
1966-05-03,72,37,0.00,0.0,0
1966-05-04,73,36,0.00,0.0,0
1966-05-05,79,37,0.00,0.0,0
1966-05-06,79,37,0.00,0.0,0
1966-05-07,80,34,0.00,0.0,0
1966-05-08,79,37,0.00,0.0,0
1966-05-09,80,47,0.00,0.0,0
1966-05-10,65,46,0.00,0.0,0
1966-05-11,66,41,0.00,0.0,0
1966-05-12,62,39,0.00,0.0,0
1966-05-13,68,34,0.00,0.0,0
1966-05-14,75,39,0.00,0.0,0
1966-05-15,76,44,0.00,0.0,0
1966-05-16,75,43,0.00,0.0,0
1966-05-17,77,42,0.00,0.0,0
1966-05-18,77,46,0.00,0.0,0
1966-05-19,76,40,0.00,0.0,0
1966-05-20,79,42,0.00,0.0,0
1966-05-21,77,46,0.00,0.0,0
1966-05-22,73,39,0.10,0.0,0
1966-05-23,75,44,0.00,0.0,0
1966-05-24,75,45,0.00,0.0,0
1966-05-25,75,46,T,0.0,0
1966-05-26,73,45,0.00,0.0,0
1966-05-27,75,42,0.00,0.0,0
1966-05-28,77,45,0.00,0.0,0
1966-05-29,81,44,0.00,0.0,0
1966-05-30,79,43,0.02,0.0,0
1966-05-31,74,52,0.13,0.0,0
1966-06-01,67,48,0.31,0.0,0
1966-06-02,77,40,0.00,0.0,0
1966-06-03,78,39,0.00,0.0,0
1966-06-04,76,42,0.00,0.0,0
1966-06-05,75,47,0.00,0.0,0
1966-06-06,76,46,0.00,0.0,0
1966-06-07,77,38,0.00,0.0,0
1966-06-08,74,40,0.00,0.0,0
1966-06-09,74,43,0.00,0.0,0
1966-06-10,75,44,0.65,0.0,0
1966-06-11,76,44,0.00,0.0,0
1966-06-12,79,44,0.00,0.0,0
1966-06-13,82,46,0.00,0.0,0
1966-06-14,83,45,0.00,0.0,0
1966-06-15,85,49,0.00,0.0,0
1966-06-16,79,50,0.00,0.0,0
1966-06-17,78,47,0.01,0.0,0
1966-06-18,82,47,0.00,0.0,0
1966-06-19,83,46,0.10,0.0,0
1966-06-20,77,57,0.02,0.0,0
1966-06-21,68,52,0.37,0.0,0
1966-06-22,79,48,0.00,0.0,0
1966-06-23,81,51,0.00,0.0,0
1966-06-24,85,46,0.00,0.0,0
1966-06-25,87,49,0.00,0.0,0
1966-06-26,85,51,0.11,0.0,0
1966-06-27,77,48,1.16,0.0,0
1966-06-28,82,49,0.00,0.0,0
1966-06-29,79,55,0.00,0.0,0
1966-06-30,72,56,0.34,0.0,0
1966-07-01,78,50,0.00,0.0,0
1966-07-02,82,52,0.00,0.0,0
1966-07-03,84,52,0.00,0.0,0
1966-07-04,88,54,0.00,0.0,0
1966-07-05,88,56,0.00,0.0,0
1966-07-06,91,53,0.00,0.0,0
1966-07-07,88,56,0.00,0.0,0
1966-07-08,87,55,0.00,0.0,0
1966-07-09,90,53,0.00,0.0,0
1966-07-10,85,54,0.00,0.0,0
1966-07-11,80,54,0.06,0.0,0
1966-07-12,81,55,0.32,0.0,0
1966-07-13,85,55,T,0.0,0
1966-07-14,84,55,0.10,0.0,0
1966-07-15,85,54,0.03,0.0,0
1966-07-16,86,55,0.01,0.0,0
1966-07-17,87,58,0.00,0.0,0
1966-07-18,87,59,T,0.0,0
1966-07-19,84,55,0.00,0.0,0
1966-07-20,80,54,0.00,0.0,0
1966-07-21,81,56,0.03,0.0,0
1966-07-22,87,52,0.03,0.0,0
1966-07-23,85,57,0.29,0.0,0
1966-07-24,81,54,0.00,0.0,0
1966-07-25,87,55,0.00,0.0,0
1966-07-26,88,57,0.03,0.0,0
1966-07-27,89,56,0.00,0.0,0
1966-07-28,87,58,0.09,0.0,0
1966-07-29,84,56,0.23,0.0,0
1966-07-30,78,57,0.33,0.0,0
1966-07-31,84,59,0.00,0.0,0
1966-08-01,90,56,0.13,0.0,0
1966-08-02,79,58,0.29,0.0,0
1966-08-03,82,58,0.13,0.0,0
1966-08-04,83,58,0.00,0.0,0
1966-08-05,84,54,0.00,0.0,0
1966-08-06,81,54,0.03,0.0,0
1966-08-07,87,54,0.00,0.0,0
1966-08-08,84,52,0.22,0.0,0
1966-08-09,80,53,0.19,0.0,0
1966-08-10,81,48,0.00,0.0,0
1966-08-11,83,48,0.00,0.0,0
1966-08-12,79,44,0.41,0.0,0
1966-08-13,81,46,0.00,0.0,0
1966-08-14,84,55,0.04,0.0,0
1966-08-15,84,49,0.06,0.0,0
1966-08-16,82,53,0.00,0.0,0
1966-08-17,83,50,0.00,0.0,0
1966-08-18,83,50,0.00,0.0,0
1966-08-19,83,51,0.00,0.0,0
1966-08-20,79,55,0.24,0.0,0
1966-08-21,81,47,0.00,0.0,0
1966-08-22,76,55,0.00,0.0,0
1966-08-23,76,48,0.06,0.0,0
1966-08-24,77,46,0.18,0.0,0
1966-08-25,79,45,0.00,0.0,0
1966-08-26,85,46,0.00,0.0,0
1966-08-27,82,44,0.00,0.0,0
1966-08-28,84,54,0.00,0.0,0
1966-08-29,84,45,0.00,0.0,0
1966-08-30,81,50,0.09,0.0,0
1966-08-31,77,49,0.05,0.0,0
1966-09-01,77,47,0.00,0.0,0
1966-09-02,78,44,0.00,0.0,0
1966-09-03,78,46,0.00,0.0,0
1966-09-04,79,45,0.00,0.0,0
1966-09-05,80,46,0.00,0.0,0
1966-09-06,79,42,0.00,0.0,0
1966-09-07,76,47,0.00,0.0,0
1966-09-08,82,43,0.00,0.0,0
1966-09-09,80,46,0.00,0.0,0
1966-09-10,80,45,0.00,0.0,0
1966-09-11,81,44,0.00,0.0,0
1966-09-12,81,44,0.00,0.0,0
1966-09-13,74,41,0.00,0.0,0
1966-09-14,73,42,0.00,0.0,0
1966-09-15,73,42,0.13,0.0,0
1966-09-16,75,37,0.00,0.0,0
1966-09-17,77,37,0.00,0.0,0
1966-09-18,79,38,0.00,0.0,0
1966-09-19,81,38,0.40,0.0,0
1966-09-20,78,47,0.00,0.0,0
1966-09-21,85,48,0.00,0.0,0
1966-09-22,86,48,0.00,0.0,0
1966-09-23,84,49,0.05,0.0,0
1966-09-24,88,44,0.00,0.0,0
1966-09-25,81,43,0.00,0.0,0
1966-09-26,80,44,0.00,0.0,0
1966-09-27,71,43,0.00,0.0,0
1966-09-28,75,36,0.00,0.0,0
1966-09-29,79,43,0.00,0.0,0
1966-09-30,73,42,0.00,0.0,0
1966-10-01,67,32,0.00,0.0,0
1966-10-02,68,33,0.00,0.0,0
1966-10-03,69,33,0.00,0.0,0
1966-10-04,70,36,0.00,0.0,0
1966-10-05,64,39,0.00,0.0,0
1966-10-06,71,39,0.00,0.0,0
1966-10-07,72,39,0.08,0.0,0
1966-10-08,71,38,0.00,0.0,0
1966-10-09,76,38,0.00,0.0,0
1966-10-10,72,38,0.00,0.0,0
1966-10-11,74,39,0.00,0.0,0
1966-10-12,70,36,0.05,0.0,0
1966-10-13,68,33,0.00,0.0,0
1966-10-14,64,27,0.00,0.0,0
1966-10-15,58,23,0.00,0.0,0
1966-10-16,65,30,0.00,0.0,0
1966-10-17,54,32,0.31,0.0,0
1966-10-18,62,24,0.00,0.0,0
1966-10-19,64,26,0.00,0.0,0
1966-10-20,64,32,0.00,0.0,0
1966-10-21,65,33,0.00,0.0,0
1966-10-22,63,30,0.00,0.0,0
1966-10-23,60,28,0.00,0.0,0
1966-10-24,65,28,0.00,0.0,0
1966-10-25,69,33,0.00,0.0,0
1966-10-26,70,34,0.00,0.0,0
1966-10-27,70,34,0.00,0.0,0
1966-10-28,68,33,0.00,0.0,0
1966-10-29,72,37,0.00,0.0,0
1966-10-30,69,34,0.00,0.0,0
1966-10-31,66,35,0.00,0.0,0
1966-11-01,59,28,0.00,0.0,0
1966-11-02,62,21,0.00,0.0,0
1966-11-03,62,28,0.00,0.0,0
1966-11-04,61,25,0.00,0.0,0
1966-11-05,59,23,0.00,0.0,0
1966-11-06,59,24,0.00,0.0,0
1966-11-07,53,28,0.04,0.0,0
1966-11-08,46,35,0.31,0.0,0
1966-11-09,39,30,0.15,0.0,0
1966-11-10,46,20,0.00,0.0,0
1966-11-11,49,22,0.00,0.0,0
1966-11-12,57,27,0.00,0.0,0
1966-11-13,61,28,0.00,0.0,0
1966-11-14,60,23,0.00,0.0,0
1966-11-15,63,31,0.00,0.0,0
1966-11-16,61,33,0.00,0.0,0
1966-11-17,61,35,0.00,0.0,0
1966-11-18,63,30,0.00,0.0,0
1966-11-19,62,28,0.00,0.0,0
1966-11-20,62,26,0.00,0.0,0
1966-11-21,62,24,0.00,0.0,0
1966-11-22,58,26,0.00,0.0,0
1966-11-23,55,33,0.00,0.0,0
1966-11-24,54,31,0.00,0.0,0
1966-11-25,56,28,0.00,0.0,0
1966-11-26,57,26,0.00,0.0,0
1966-11-27,58,25,0.00,0.0,0
1966-11-28,58,24,0.00,0.0,0
1966-11-29,58,26,0.00,0.0,0
1966-11-30,55,29,0.00,0.0,0
1966-12-01,58,22,0.00,0.0,0
1966-12-02,58,19,0.00,0.0,0
1966-12-03,51,25,0.11,0.0,0
1966-12-04,45,30,0.20,0.0,0
1966-12-05,41,30,0.08,0.0,0
1966-12-06,48,38,0.18,0.0,0
1966-12-07,47,35,0.47,0.0,0
1966-12-08,38,23,0.00,0.0,0
1966-12-09,31,10,0.00,0.0,0
1966-12-10,34,10,0.00,0.0,0
1966-12-11,39,10,0.00,0.0,0
1966-12-12,45,10,0.00,0.0,0
1966-12-13,48,19,0.00,0.0,0
1966-12-14,50,15,0.00,0.0,0
1966-12-15,46,16,0.00,0.0,0
1966-12-16,50,17,0.00,0.0,0
1966-12-17,52,17,0.00,0.0,0
1966-12-18,54,18,0.00,0.0,0
1966-12-19,56,19,0.00,0.0,0
1966-12-20,57,23,0.00,0.0,0
1966-12-21,50,18,0.00,0.0,0
1966-12-22,42,14,0.00,0.0,0
1966-12-23,38,7,0.00,0.0,0
1966-12-24,40,12,0.00,0.0,0
1966-12-25,38,11,0.00,0.0,0
1966-12-26,33,10,0.04,M,M
1966-12-27,28,10,0.00,0.0,M
1966-12-28,27,-0,0.00,0.0,0
1966-12-29,25,-2,0.00,0.0,0
1966-12-30,28,-2,0.00,0.0,0
1966-12-31,30,-2,0.00,0.0,0
1967-01-01,31,-3,0.00,0.0,0
1967-01-02,36,-2,0.00,0.0,0
1967-01-03,39,-2,0.00,0.0,0
1967-01-04,43,3,0.00,0.0,0
1967-01-05,37,12,0.00,0.0,0
1967-01-06,37,11,0.00,0.0,0
1967-01-07,39,12,0.00,0.0,0
1967-01-08,42,14,0.00,0.0,0
1967-01-09,45,15,0.00,0.0,0
1967-01-10,44,11,0.00,0.0,0
1967-01-11,46,17,0.00,0.0,0
1967-01-12,42,15,0.00,0.0,0
1967-01-13,48,16,0.00,0.0,0
1967-01-14,50,18,0.00,0.0,0
1967-01-15,52,17,0.00,0.0,0
1967-01-16,50,12,0.00,0.0,0
1967-01-17,42,8,0.00,0.0,0
1967-01-18,37,2,0.00,0.0,0
1967-01-19,51,9,0.00,0.0,0
1967-01-20,51,12,0.00,0.0,0
1967-01-21,54,14,0.00,0.0,0
1967-01-22,53,16,0.00,0.0,0
1967-01-23,52,18,0.00,0.0,0
1967-01-24,42,24,0.00,0.0,0
1967-01-25,38,22,0.18,6.0,4
1967-01-26,40,10,0.00,0.0,M
1967-01-27,42,10,0.00,0.0,M
1967-01-28,50,12,0.00,0.0,M
1967-01-29,52,14,0.00,0.0,M
1967-01-30,56,22,0.00,0.0,0
1967-01-31,60,20,0.00,0.0,0
1967-02-01,M,24,0.00,0.0,0
1967-02-02,42,20,0.02,0.0,0
1967-02-03,50,18,0.00,0.0,0
1967-02-04,56,22,0.00,0.0,0
1967-02-05,54,20,0.00,0.0,0
1967-02-06,52,9,0.02,0.0,0
1967-02-07,37,20,0.00,0.0,0
1967-02-08,40,10,0.00,0.0,0
1967-02-09,45,14,0.00,0.0,0
1967-02-10,48,18,0.00,0.0,0
1967-02-11,47,12,0.01,0.0,0
1967-02-12,55,18,0.00,0.0,0
1967-02-13,58,17,0.00,0.0,0
1967-02-14,58,29,0.00,0.0,0
1967-02-15,56,20,0.00,0.0,0
1967-02-16,42,18,0.00,0.0,0
1967-02-17,44,15,0.00,0.0,0
1967-02-18,48,15,0.00,0.0,0
1967-02-19,51,16,0.00,0.0,0
1967-02-20,53,16,0.01,0.0,0
1967-02-21,44,11,0.00,0.0,0
1967-02-22,48,10,0.00,0.0,0
1967-02-23,52,9,0.00,0.0,0
1967-02-24,55,18,0.00,0.0,0
1967-02-25,56,20,0.00,0.0,0
1967-02-26,57,24,0.15,0.0,0
1967-02-27,50,19,0.01,0.0,0
1967-02-28,58,24,0.00,0.0,0
1967-03-01,64,26,0.00,0.0,0
1967-03-02,64,25,0.00,0.0,0
1967-03-03,60,31,0.00,0.0,0
1967-03-04,59,26,0.00,0.0,0
1967-03-05,57,26,0.00,0.0,0
1967-03-06,43,14,0.02,2.0,0
1967-03-07,45,13,0.00,0.0,0
1967-03-08,51,15,0.00,0.0,0
1967-03-09,60,19,0.00,0.0,0
1967-03-10,58,27,0.00,0.0,0
1967-03-11,53,32,0.24,0.0,0
1967-03-12,60,24,0.00,0.0,0
1967-03-13,59,33,0.00,0.0,0
1967-03-14,59,37,0.00,0.0,0
1967-03-15,58,23,0.00,0.0,0
1967-03-16,67,28,0.00,0.0,0
1967-03-17,70,35,0.00,0.0,0
1967-03-18,65,35,0.00,0.0,0
1967-03-19,62,34,0.04,0.0,0
1967-03-20,60,26,0.00,0.0,0
1967-03-21,66,30,0.00,0.0,0
1967-03-22,65,25,0.00,0.0,0
1967-03-23,69,33,0.00,0.0,0
1967-03-24,65,28,0.00,0.0,0
1967-03-25,62,32,0.00,0.0,0
1967-03-26,62,33,0.00,0.0,0
1967-03-27,62,33,0.00,0.0,0
1967-03-28,68,33,0.00,0.0,0
1967-03-29,70,41,0.00,0.0,0
1967-03-30,62,27,0.00,0.0,0
1967-03-31,59,20,0.00,0.0,0
1967-04-01,65,33,0.00,0.0,0
1967-04-02,68,34,0.00,0.0,0
1967-04-03,70,35,0.00,0.0,0
1967-04-04,70,35,0.00,0.0,0
1967-04-05,65,40,0.00,0.0,0
1967-04-06,67,27,0.00,0.0,0
1967-04-07,69,30,0.00,0.0,0
1967-04-08,66,29,0.00,0.0,0
1967-04-09,64,30,0.00,0.0,0
1967-04-10,68,32,0.00,0.0,0
1967-04-11,66,39,0.00,0.0,0
1967-04-12,M,29,0.00,0.0,0
1967-04-13,39,24,0.02,0.0,0
1967-04-14,62,20,0.00,0.0,0
1967-04-15,60,30,0.00,0.0,0
1967-04-16,58,32,0.00,0.0,0
1967-04-17,60,29,0.00,0.0,0
1967-04-18,69,32,0.00,0.0,0
1967-04-19,67,38,0.00,0.0,0
1967-04-20,63,28,0.00,0.0,0
1967-04-21,61,27,0.00,0.0,0
1967-04-22,64,28,0.00,0.0,0
1967-04-23,60,26,0.00,0.0,0
1967-04-24,67,30,0.00,0.0,0
1967-04-25,63,27,0.00,0.0,0
1967-04-26,63,24,0.00,0.0,0
1967-04-27,69,34,0.00,0.0,0
1967-04-28,75,33,0.00,0.0,0
1967-04-29,71,30,0.00,0.0,0
1967-04-30,60,26,0.00,0.0,0
1967-05-01,49,22,0.00,0.0,0
1967-05-02,54,20,0.00,0.0,0
1967-05-03,59,29,0.00,0.0,0
1967-05-04,67,28,0.00,0.0,0
1967-05-05,69,34,0.00,0.0,0
1967-05-06,67,28,0.00,0.0,0
1967-05-07,72,30,0.00,0.0,0
1967-05-08,88,35,0.00,0.0,0
1967-05-09,78,47,0.00,0.0,0
1967-05-10,70,51,0.00,0.0,0
1967-05-11,70,23,0.00,0.0,0
1967-05-12,M,M,0.00,0.0,0
1967-05-13,69,35,0.00,0.0,0
1967-05-14,63,27,0.00,0.0,0
1967-05-15,69,32,0.00,0.0,0
1967-05-16,73,37,0.00,0.0,0
1967-05-17,79,40,0.00,0.0,0
1967-05-18,81,45,0.00,0.0,0
1967-05-19,76,41,0.00,0.0,0
1967-05-20,71,42,0.01,0.0,0
1967-05-21,74,34,0.00,0.0,0
1967-05-22,83,40,0.00,0.0,0
1967-05-23,84,48,0.00,0.0,0
1967-05-24,84,47,0.00,0.0,0
1967-05-25,80,49,0.02,0.0,0
1967-05-26,63,47,0.29,0.0,0
1967-05-27,72,41,0.09,0.0,0
1967-05-28,71,47,0.00,0.0,0
1967-05-29,67,40,0.00,0.0,0
1967-05-30,66,47,0.00,0.0,0
1967-05-31,67,38,0.00,0.0,0
1967-06-01,73,38,0.00,0.0,0
1967-06-02,71,46,0.00,0.0,0
1967-06-03,66,45,0.29,0.0,0
1967-06-04,70,46,0.04,0.0,0
1967-06-05,71,46,0.53,0.0,0
1967-06-06,76,49,0.09,0.0,0
1967-06-07,74,41,0.00,0.0,0
1967-06-08,76,40,0.00,0.0,0
1967-06-09,76,40,0.00,0.0,0
1967-06-10,74,40,0.00,0.0,0
1967-06-11,71,41,0.00,0.0,0
1967-06-12,74,42,0.00,0.0,0
1967-06-13,74,44,0.00,0.0,0
1967-06-14,73,46,0.00,0.0,0
1967-06-15,77,44,0.00,0.0,0
1967-06-16,77,48,0.02,0.0,0
1967-06-17,76,49,0.00,0.0,0
1967-06-18,81,47,0.00,0.0,0
1967-06-19,74,49,0.19,0.0,0
1967-06-20,76,50,0.21,0.0,0
1967-06-21,75,46,0.34,0.0,0
1967-06-22,80,50,T,0.0,0
1967-06-23,82,48,0.00,0.0,0
1967-06-24,82,47,0.00,0.0,0
1967-06-25,79,46,0.00,0.0,0
1967-06-26,85,51,0.00,0.0,0
1967-06-27,85,49,0.00,0.0,0
1967-06-28,85,51,0.00,0.0,0
1967-06-29,83,54,0.00,0.0,0
1967-06-30,87,47,0.00,0.0,0
1967-07-01,91,52,0.00,0.0,0
1967-07-02,89,59,0.00,0.0,0
1967-07-03,86,50,0.00,0.0,0
1967-07-04,85,55,0.01,0.0,0
1967-07-05,90,56,0.00,0.0,0
1967-07-06,86,55,0.00,0.0,0
1967-07-07,86,55,0.00,0.0,0
1967-07-08,86,56,0.00,0.0,0
1967-07-09,91,55,0.00,0.0,0
1967-07-10,90,59,0.00,0.0,0
1967-07-11,87,53,0.36,0.0,0
1967-07-12,84,54,0.04,0.0,0
1967-07-13,84,48,0.12,0.0,0
1967-07-14,83,51,0.08,0.0,0
1967-07-15,83,52,0.15,0.0,0
1967-07-16,76,54,0.13,0.0,0
1967-07-17,70,54,0.63,0.0,0
1967-07-18,77,47,0.04,0.0,0
1967-07-19,84,53,T,0.0,0
1967-07-20,78,53,0.00,0.0,0
1967-07-21,83,53,T,0.0,0
1967-07-22,85,55,0.00,0.0,0
1967-07-23,91,55,0.00,0.0,0
1967-07-24,88,55,0.00,0.0,0
1967-07-25,84,54,0.02,0.0,0
1967-07-26,86,56,0.28,0.0,0
1967-07-27,87,52,T,0.0,0
1967-07-28,91,54,0.00,0.0,0
1967-07-29,86,55,0.00,0.0,0
1967-07-30,85,56,0.00,0.0,0
1967-07-31,85,56,0.32,0.0,0
1967-08-01,84,53,0.82,0.0,0
1967-08-02,85,56,0.03,0.0,0
1967-08-03,84,55,0.03,0.0,0
1967-08-04,78,52,1.03,0.0,0
1967-08-05,77,51,0.48,0.0,0
1967-08-06,81,54,0.00,0.0,0
1967-08-07,79,54,0.04,0.0,0
1967-08-08,80,56,T,0.0,0
1967-08-09,76,55,0.61,0.0,0
1967-08-10,72,54,1.59,0.0,0
1967-08-11,68,52,0.50,0.0,0
1967-08-12,75,55,0.07,0.0,0
1967-08-13,79,54,0.00,0.0,0
1967-08-14,79,47,0.38,0.0,0
1967-08-15,70,46,0.02,0.0,0
1967-08-16,77,45,0.00,0.0,0
1967-08-17,80,45,0.00,0.0,0
1967-08-18,80,46,0.00,0.0,0
1967-08-19,75,45,0.00,0.0,0
1967-08-20,76,45,0.02,0.0,0
1967-08-21,74,46,0.00,0.0,0
1967-08-22,80,46,0.00,0.0,0
1967-08-23,81,46,0.00,0.0,0
1967-08-24,82,47,0.02,0.0,0
1967-08-25,83,49,0.00,0.0,0
1967-08-26,83,49,0.00,0.0,0
1967-08-27,80,46,0.90,0.0,0
1967-08-28,85,48,0.01,0.0,0
1967-08-29,80,48,0.13,0.0,0
1967-08-30,71,50,0.03,0.0,0
1967-08-31,66,53,0.14,0.0,0
1967-09-01,67,50,T,0.0,0
1967-09-02,M,M,0.00,0.0,0
1967-09-03,M,M,0.00,0.0,0
1967-09-04,83,M,0.00,0.0,0
1967-09-05,M,46,0.00,0.0,0
1967-09-06,72,45,T,0.0,0
1967-09-07,78,44,0.00,0.0,0
1967-09-08,74,46,0.13,0.0,0
1967-09-09,M,M,0.00,0.0,0
1967-09-10,M,M,0.05,0.0,0
1967-09-11,78,44,0.00,0.0,0
1967-09-12,78,44,0.00,0.0,0
1967-09-13,76,46,0.00,0.0,0
1967-09-14,71,34,0.00,0.0,0
1967-09-15,73,41,T,0.0,0
1967-09-16,M,M,0.00,0.0,0
1967-09-17,M,M,0.00,0.0,0
1967-09-18,75,42,0.00,0.0,0
1967-09-19,72,48,0.01,0.0,0
1967-09-20,73,41,0.02,0.0,0
1967-09-21,77,48,0.00,0.0,0
1967-09-22,77,43,0.00,0.0,0
1967-09-23,M,M,0.00,0.0,0
1967-09-24,M,M,0.00,0.0,0
1967-09-25,79,40,0.47,0.0,0
1967-09-26,68,44,0.03,0.0,0
1967-09-27,60,45,0.02,0.0,0
1967-09-28,73,38,0.00,0.0,0
1967-09-29,79,44,0.00,0.0,0
1967-09-30,M,M,0.00,0.0,0
1967-10-01,87,43,0.00,0.0,0
1967-10-02,76,43,0.00,0.0,0
1967-10-03,74,48,T,0.0,0
1967-10-04,73,48,0.00,0.0,0
1967-10-05,74,46,0.00,0.0,0
1967-10-06,70,44,0.00,0.0,0
1967-10-07,M,M,0.00,0.0,0
1967-10-08,M,M,0.00,0.0,0
1967-10-09,73,28,0.00,0.0,0
1967-10-10,72,48,0.00,0.0,0
1967-10-11,71,36,0.00,0.0,0
1967-10-12,73,32,0.00,0.0,0
1967-10-13,72,38,0.00,0.0,0
1967-10-14,M,M,0.00,0.0,0
1967-10-15,M,M,0.00,0.0,0
1967-10-16,74,25,0.00,0.0,0
1967-10-17,72,32,0.00,0.0,0
1967-10-18,70,36,0.00,0.0,0
1967-10-19,73,32,0.00,0.0,0
1967-10-20,70,36,0.00,0.0,0
1967-10-21,M,M,0.00,0.0,0
1967-10-22,70,34,0.00,0.0,0
1967-10-23,70,29,0.00,0.0,0
1967-10-24,66,31,0.00,0.0,0
1967-10-25,65,28,0.00,0.0,0
1967-10-26,64,31,0.00,0.0,0
1967-10-27,63,25,0.00,0.0,0
1967-10-28,67,29,0.00,0.0,0
1967-10-29,65,28,0.05,M,2
1967-10-30,43,14,0.00,0.0,0
1967-10-31,63,21,0.00,0.0,0
1967-11-01,63,31,0.00,0.0,0
1967-11-02,59,29,0.00,0.0,0
1967-11-03,49,11,0.00,0.0,0
1967-11-04,M,M,0.00,0.0,0
1967-11-05,59,15,0.00,0.0,0
1967-11-06,59,25,0.00,0.0,0
1967-11-07,63,34,0.11,T,0
1967-11-08,54,29,0.00,0.0,0
1967-11-09,60,27,0.00,0.0,0
1967-11-10,62,26,0.00,0.0,0
1967-11-11,71,23,0.00,0.0,0
1967-11-12,M,M,0.00,0.0,0
1967-11-13,68,23,0.00,0.0,0
1967-11-14,67,29,0.00,0.0,0
1967-11-15,68,35,0.00,0.0,0
1967-11-16,M,M,0.00,0.0,0
1967-11-17,59,35,0.00,0.0,0
1967-11-18,59,32,0.00,0.0,0
1967-11-19,M,M,0.00,0.0,0
1967-11-20,60,21,0.00,0.0,0
1967-11-21,53,22,0.00,0.0,0
1967-11-22,51,33,0.09,T,0
1967-11-23,M,M,T,0.0,0
1967-11-24,M,15,0.00,0.0,0
1967-11-25,M,M,0.00,0.0,0
1967-11-26,M,M,0.00,0.0,0
1967-11-27,M,15,0.01,0.5,1
1967-11-28,44,15,0.00,0.0,1
1967-11-29,38,25,0.03,0.0,0
1967-11-30,46,16,0.00,0.0,0
1967-12-01,42,19,0.00,0.0,0
1967-12-02,43,12,0.00,0.0,0
1967-12-03,M,M,0.00,0.0,0
1967-12-04,47,11,0.00,0.0,0
1967-12-05,48,16,0.00,0.0,0
1967-12-06,44,23,0.00,0.0,0
1967-12-07,39,13,0.00,0.0,0
1967-12-08,37,20,T,T,0
1967-12-09,M,M,0.02,T,1
1967-12-10,M,M,0.00,0.0,T
1967-12-11,49,M,0.00,0.0,T
1967-12-12,41,11,0.00,0.0,T
1967-12-13,37,17,0.12,M,2
1967-12-14,25,19,0.14,1.0,2
1967-12-15,31,18,0.12,1.5,3
1967-12-16,32,20,0.13,1.5,4
1967-12-17,21,18,0.21,9.0,10
1967-12-18,24,3,0.05,1.5,8
1967-12-19,35,17,0.09,2.0,10
1967-12-20,36,11,0.04,2.0,8
1967-12-21,19,8,T,T,8
1967-12-22,34,-3,0.00,0.0,M
1967-12-23,44,15,0.00,0.0,M
1967-12-24,48,22,0.00,0.0,M
1967-12-25,M,M,0.00,0.0,M
1967-12-26,48,8,0.00,0.0,M
1967-12-27,38,12,0.00,0.0,M
1967-12-28,39,12,0.00,0.0,M
1967-12-29,34,24,0.17,4.0,10
1967-12-30,M,M,0.00,0.0,M
1967-12-31,M,M,0.00,0.0,M
1968-01-01,M,M,0.00,0.0,M
1968-01-02,36,-2,0.00,0.0,6
1968-01-03,37,13,0.00,0.0,5
1968-01-04,35,12,0.00,0.0,5
1968-01-05,34,2,0.00,0.0,5
1968-01-06,38,4,0.00,0.0,5
1968-01-07,27,-1,0.00,0.0,5
1968-01-08,35,6,0.00,0.0,5
1968-01-09,40,6,0.00,0.0,4
1968-01-10,37,14,0.00,0.0,4
1968-01-11,37,18,0.12,1.0,5
1968-01-12,37,8,0.00,0.0,5
1968-01-13,45,2,0.00,0.0,4
1968-01-14,52,13,0.00,0.0,4
1968-01-15,47,12,0.00,0.0,4
1968-01-16,44,12,0.00,0.0,4
1968-01-17,46,20,0.00,0.0,4
1968-01-18,41,14,0.00,0.0,4
1968-01-19,44,11,0.00,0.0,4
1968-01-20,50,13,0.00,0.0,4
1968-01-21,50,22,0.00,0.0,4
1968-01-22,48,20,0.00,0.0,4
1968-01-23,49,19,0.00,0.0,4
1968-01-24,53,20,0.00,0.0,4
1968-01-25,53,23,0.00,0.0,3
1968-01-26,49,23,0.00,0.0,3
1968-01-27,40,26,0.04,0.3,0
1968-01-28,48,26,0.00,0.0,0
1968-01-29,49,29,0.00,0.0,0
1968-01-30,47,18,0.00,0.0,0
1968-01-31,46,23,T,0.0,0
1968-02-01,M,M,0.00,0.0,0
1968-02-02,44,15,0.00,0.0,0
1968-02-03,46,18,0.00,0.0,0
1968-02-04,45,18,0.00,0.0,0
1968-02-05,47,18,0.00,0.0,0
1968-02-06,46,19,0.00,0.0,0
1968-02-07,48,21,0.00,0.0,0
1968-02-08,50,23,0.00,0.0,0
1968-02-09,49,25,0.00,0.0,0
1968-02-10,49,26,0.00,0.0,0
1968-02-11,50,21,0.00,0.0,0
1968-02-12,48,26,0.28,3.0,3
1968-02-13,32,18,0.51,4.0,6
1968-02-14,34,18,0.05,2.0,6
1968-02-15,39,19,0.02,1.0,6
1968-02-16,41,18,0.00,0.0,4
1968-02-17,42,25,0.00,0.0,2
1968-02-18,50,23,0.03,0.0,0
1968-02-19,54,23,0.00,0.0,0
1968-02-20,52,22,0.00,0.0,0
1968-02-21,53,28,0.00,0.0,0
1968-02-22,46,27,0.02,0.0,0
1968-02-23,53,23,0.00,0.0,0
1968-02-24,55,26,0.00,0.0,0
1968-02-25,55,26,0.00,0.0,0
1968-02-26,57,24,0.00,0.0,0
1968-02-27,53,24,0.00,0.0,0
1968-02-28,43,25,0.18,5.0,0
1968-02-29,48,20,0.00,0.0,0
1968-03-01,54,22,0.00,0.0,0
1968-03-02,55,24,0.00,0.0,0
1968-03-03,43,28,T,0.0,0
1968-03-04,54,19,0.00,0.0,0
1968-03-05,57,20,0.00,0.0,0
1968-03-06,52,29,0.00,0.0,0
1968-03-07,52,32,0.02,0.0,0
1968-03-08,47,25,0.00,0.0,0
1968-03-09,43,29,0.00,0.0,0
1968-03-10,39,29,0.10,3.0,0
1968-03-11,41,23,0.00,0.0,0
1968-03-12,48,17,0.00,0.0,0
1968-03-13,56,22,0.00,0.0,0
1968-03-14,53,25,0.00,0.0,0
1968-03-15,52,24,0.00,0.0,0
1968-03-16,50,27,0.00,0.0,0
1968-03-17,52,27,0.00,0.0,0
1968-03-18,47,21,0.00,0.0,0
1968-03-19,48,20,0.00,0.0,0
1968-03-20,40,28,T,T,0
1968-03-21,33,17,0.32,8.5,5
1968-03-22,47,9,0.00,0.0,0
1968-03-23,55,26,0.00,0.0,0
1968-03-24,57,30,0.00,0.0,0
1968-03-25,62,30,0.00,0.0,0
1968-03-26,61,29,0.00,0.0,0
1968-03-27,62,25,0.00,0.0,0
1968-03-28,65,30,0.00,0.0,0
1968-03-29,71,35,0.00,0.0,0
1968-03-30,68,37,0.00,0.0,0
1968-03-31,64,35,0.00,0.0,0
1968-04-01,47,32,0.19,1.5,0
1968-04-02,50,29,0.03,0.0,0
1968-04-03,44,30,0.01,0.0,0
1968-04-04,50,26,0.00,0.0,0
1968-04-05,60,25,0.00,0.0,0
1968-04-06,58,35,0.00,0.0,0
1968-04-07,46,25,0.00,0.0,0
1968-04-08,50,22,0.00,0.0,0
1968-04-09,57,29,0.00,0.0,0
1968-04-10,63,27,0.00,0.0,0
1968-04-11,65,30,0.00,0.0,0
1968-04-12,65,33,0.00,0.0,0
1968-04-13,62,43,0.00,0.0,0
1968-04-14,65,27,0.00,0.0,0
1968-04-15,65,35,0.03,0.0,0
1968-04-16,61,31,0.00,0.0,0
1968-04-17,M,34,0.00,0.0,0
1968-04-18,58,M,0.00,0.0,0
1968-04-19,55,29,0.00,0.0,0
1968-04-20,M,25,0.00,0.0,0
1968-04-21,69,22,0.05,0.5,0
1968-04-22,51,37,0.00,0.0,0
1968-04-23,47,30,0.40,4.0,0
1968-04-24,60,21,0.00,0.0,0
1968-04-25,59,30,0.00,0.0,0
1968-04-26,59,31,0.00,0.0,0
1968-04-27,57,29,0.00,0.0,0
1968-04-28,57,29,0.00,0.0,0
1968-04-29,66,27,0.00,0.0,0
1968-04-30,69,33,0.00,0.0,0
1968-05-01,72,33,0.00,0.0,0
1968-05-02,70,39,0.00,0.0,0
1968-05-03,78,37,0.05,0.0,0
1968-05-04,64,34,0.35,0.0,0
1968-05-05,62,35,0.02,0.0,0
1968-05-06,64,33,0.01,0.0,0
1968-05-07,63,25,0.00,0.0,0
1968-05-08,68,33,0.00,0.0,0
1968-05-09,67,43,0.00,0.0,0
1968-05-10,55,37,0.44,0.0,0
1968-05-11,59,33,T,0.0,0
1968-05-12,60,40,0.25,0.0,0
1968-05-13,60,32,0.08,0.0,0
1968-05-14,65,29,0.00,0.0,0
1968-05-15,69,34,0.00,0.0,0
1968-05-16,71,30,0.00,0.0,0
1968-05-17,68,38,0.00,0.0,0
1968-05-18,76,35,0.00,0.0,0
1968-05-19,67,37,0.00,0.0,0
1968-05-20,74,36,0.00,0.0,0
1968-05-21,77,42,0.00,0.0,0
1968-05-22,73,55,0.00,0.0,0
1968-05-23,73,32,0.00,0.0,0
1968-05-24,68,38,0.00,0.0,0
1968-05-25,69,35,0.00,0.0,0
1968-05-26,75,38,0.00,0.0,0
1968-05-27,76,41,0.00,0.0,0
1968-05-28,81,43,0.00,0.0,0
1968-05-29,82,46,0.00,0.0,0
1968-05-30,82,48,0.00,0.0,0
1968-05-31,80,41,0.00,0.0,0
1968-06-01,76,43,0.00,0.0,0
1968-06-02,81,47,0.00,0.0,0
1968-06-03,81,47,0.00,0.0,0
1968-06-04,82,44,0.00,0.0,0
1968-06-05,77,44,0.00,0.0,0
1968-06-06,78,50,0.00,0.0,0
1968-06-07,75,45,0.02,0.0,0
1968-06-08,77,39,0.04,0.0,0
1968-06-09,70,36,0.00,0.0,0
1968-06-10,67,32,T,0.0,0
1968-06-11,76,39,0.00,0.0,0
1968-06-12,83,45,0.00,0.0,0
1968-06-13,84,44,0.00,0.0,0
1968-06-14,84,46,0.00,0.0,0
1968-06-15,85,48,0.00,0.0,0
1968-06-16,87,48,0.00,0.0,0
1968-06-17,83,50,0.02,0.0,0
1968-06-18,88,53,0.00,0.0,0
1968-06-19,87,45,0.00,0.0,0
1968-06-20,89,49,0.00,0.0,0
1968-06-21,100,55,0.00,0.0,0
1968-06-22,88,55,0.00,0.0,0
1968-06-23,90,51,0.00,0.0,0
1968-06-24,87,47,0.00,0.0,0
1968-06-25,85,48,0.00,0.0,0
1968-06-26,83,41,0.00,0.0,0
1968-06-27,93,52,0.00,0.0,0
1968-06-28,89,48,0.00,0.0,0
1968-06-29,88,55,0.00,0.0,0
1968-06-30,80,44,0.00,0.0,0
1968-07-01,83,45,0.00,0.0,0
1968-07-02,85,53,0.00,0.0,0
1968-07-03,79,48,0.00,0.0,0
1968-07-04,83,48,0.00,0.0,0
1968-07-05,75,58,0.19,0.0,0
1968-07-06,74,54,0.25,0.0,0
1968-07-07,79,54,0.17,0.0,0
1968-07-08,85,48,0.00,0.0,0
1968-07-09,79,57,0.00,0.0,0
1968-07-10,87,52,0.00,0.0,0
1968-07-11,86,52,0.04,0.0,0
1968-07-12,88,54,0.00,0.0,0
1968-07-13,86,52,0.00,0.0,0
1968-07-14,87,53,0.00,0.0,0
1968-07-15,86,50,0.00,0.0,0
1968-07-16,89,45,0.00,0.0,0
1968-07-17,89,51,0.00,0.0,0
1968-07-18,88,44,0.02,0.0,0
1968-07-19,85,52,0.00,0.0,0
1968-07-20,85,51,0.00,0.0,0
1968-07-21,90,51,0.12,0.0,0
1968-07-22,89,58,0.00,0.0,0
1968-07-23,83,57,0.13,0.0,0
1968-07-24,80,60,0.03,0.0,0
1968-07-25,76,55,0.00,0.0,0
1968-07-26,80,54,T,0.0,0
1968-07-27,80,59,0.02,0.0,0
1968-07-28,83,53,0.00,0.0,0
1968-07-29,83,52,0.00,0.0,0
1968-07-30,83,53,0.00,0.0,0
1968-07-31,82,55,0.00,0.0,0
1968-08-01,73,52,0.29,0.0,0
1968-08-02,75,52,0.50,0.0,0
1968-08-03,78,52,T,0.0,0
1968-08-04,79,53,0.00,0.0,0
1968-08-05,80,51,0.00,0.0,0
1968-08-06,80,53,0.43,0.0,0
1968-08-07,80,53,0.06,0.0,0
1968-08-08,80,54,0.00,0.0,0
1968-08-09,80,53,0.00,0.0,0
1968-08-10,76,56,0.24,0.0,0
1968-08-11,69,57,0.28,0.0,0
1968-08-12,76,50,0.33,0.0,0
1968-08-13,75,50,0.64,0.0,0
1968-08-14,75,50,0.09,0.0,0
1968-08-15,75,41,0.03,0.0,0
1968-08-16,79,47,0.00,0.0,0
1968-08-17,80,52,0.00,0.0,0
1968-08-18,77,42,0.00,0.0,0
1968-08-19,80,47,0.00,0.0,0
1968-08-20,79,54,0.24,0.0,0
1968-08-21,78,55,0.00,0.0,0
1968-08-22,74,51,0.09,0.0,0
1968-08-23,74,42,0.00,0.0,0
1968-08-24,79,42,0.00,0.0,0
1968-08-25,79,49,0.00,0.0,0
1968-08-26,M,51,0.00,0.0,0
1968-08-27,78,48,0.00,0.0,0
1968-08-28,79,49,0.00,0.0,0
1968-08-29,80,48,0.00,0.0,0
1968-08-30,79,53,0.00,0.0,0
1968-08-31,81,46,0.07,0.0,0
1968-09-01,77,45,0.00,0.0,0
1968-09-02,79,45,0.00,0.0,0
1968-09-03,78,47,0.00,0.0,0
1968-09-04,79,40,0.00,0.0,0
1968-09-05,75,41,0.00,0.0,0
1968-09-06,79,39,0.00,0.0,0
1968-09-07,81,41,0.00,0.0,0
1968-09-08,83,M,0.00,0.0,0
1968-09-09,84,44,0.00,0.0,0
1968-09-10,81,49,0.00,0.0,0
1968-09-11,81,46,0.00,0.0,0
1968-09-12,80,47,0.00,0.0,0
1968-09-13,79,45,0.00,0.0,0
1968-09-14,78,46,0.00,0.0,0
1968-09-15,77,40,0.00,0.0,0
1968-09-16,72,32,0.00,0.0,0
1968-09-17,65,31,0.00,0.0,0
1968-09-18,77,38,0.00,0.0,0
1968-09-19,78,41,0.00,0.0,0
1968-09-20,77,42,0.00,0.0,0
1968-09-21,75,43,0.00,0.0,0
1968-09-22,75,43,0.00,0.0,0
1968-09-23,M,44,0.00,0.0,0
1968-09-24,75,38,0.00,0.0,0
1968-09-25,75,38,0.00,0.0,0
1968-09-26,77,42,0.00,0.0,0
1968-09-27,77,40,0.00,0.0,0
1968-09-28,76,43,0.00,0.0,0
1968-09-29,71,43,0.00,0.0,0
1968-09-30,70,43,0.13,0.0,0
1968-10-01,74,44,T,0.0,0
1968-10-02,75,38,0.00,0.0,0
1968-10-03,73,40,0.16,0.0,0
1968-10-04,65,44,0.00,0.0,0
1968-10-05,66,33,0.00,0.0,0
1968-10-06,70,39,0.00,0.0,0
1968-10-07,69,41,0.00,0.0,0
1968-10-08,67,35,0.00,0.0,0
1968-10-09,64,34,0.00,0.0,0
1968-10-10,72,37,0.00,0.0,0
1968-10-11,70,39,0.00,0.0,0
1968-10-12,71,41,0.00,0.0,0
1968-10-13,74,39,0.00,0.0,0
1968-10-14,77,40,0.00,0.0,0
1968-10-15,71,43,0.15,0.0,0
1968-10-16,58,33,0.01,0.0,0
1968-10-17,50,24,0.00,0.0,0
1968-10-18,63,19,0.00,0.0,0
1968-10-19,62,30,0.00,0.0,0
1968-10-20,67,37,0.00,0.0,0
1968-10-21,68,35,0.00,0.0,0
1968-10-22,66,29,0.00,0.0,0
1968-10-23,68,36,0.00,0.0,0
1968-10-24,66,31,0.00,0.0,0
1968-10-25,69,36,0.00,0.0,0
1968-10-26,70,37,0.00,0.0,0
1968-10-27,69,35,0.00,0.0,0
1968-10-28,72,35,0.00,0.0,0
1968-10-29,73,38,0.00,0.0,0
1968-10-30,69,33,0.00,0.0,0
1968-10-31,61,32,0.00,0.0,0
1968-11-01,59,33,0.01,0.0,0
1968-11-02,55,31,0.18,0.0,0
1968-11-03,54,28,0.00,0.0,0
1968-11-04,60,28,0.00,0.0,0
1968-11-05,54,27,0.01,0.0,0
1968-11-06,49,21,T,T,0
1968-11-07,48,21,0.00,0.0,0
1968-11-08,50,20,0.00,0.0,0
1968-11-09,51,20,0.00,0.0,0
1968-11-10,50,19,0.00,0.0,0
1968-11-11,58,19,0.00,0.0,0
1968-11-12,61,17,0.00,0.0,0
1968-11-13,51,30,0.01,0.0,0
1968-11-14,49,37,0.09,0.0,0
1968-11-15,40,18,0.01,T,T
1968-11-16,37,32,0.00,0.0,0
1968-11-17,40,26,0.00,0.0,0
1968-11-18,45,16,0.00,0.0,0
1968-11-19,56,23,0.00,0.0,0
1968-11-20,58,23,0.00,0.0,0
1968-11-21,61,24,0.00,0.0,0
1968-11-22,61,23,0.00,0.0,0
1968-11-23,57,26,0.00,0.0,0
1968-11-24,51,25,0.00,0.0,0
1968-11-25,47,34,0.00,0.0,0
1968-11-26,42,27,0.00,0.0,0
1968-11-27,45,16,0.00,0.0,0
1968-11-28,32,20,S,0.0,0
1968-11-29,33,8,0.10A,1.8,2
1968-11-30,37,5,0.00,0.0,2
1968-12-01,35,12,0.01,1.0,2
1968-12-02,36,-3,0.00,0.0,2
1968-12-03,33,3,0.00,0.0,0
1968-12-04,52,10,0.00,0.0,0
1968-12-05,48,7,0.00,0.0,0
1968-12-06,50,13,0.00,0.0,0
1968-12-07,41,14,0.00,0.0,0
1968-12-08,48,17,0.00,0.0,0
1968-12-09,55,18,0.00,0.0,0
1968-12-10,51,23,0.00,0.0,0
1968-12-11,46,20,0.00,0.0,0
1968-12-12,45,16,0.00,0.0,0
1968-12-13,39,5,0.00,0.0,0
1968-12-14,48,16,0.00,0.0,0
1968-12-15,49,22,0.00,0.0,0
1968-12-16,50,24,0.00,0.0,0
1968-12-17,43,18,0.00,0.0,0
1968-12-18,30,14,T,0.3,T
1968-12-19,34,-1,0.00,0.0,0
1968-12-20,34,21,0.00,0.0,0
1968-12-21,32,13,0.00,0.0,0
1968-12-22,25,-3,0.00,0.0,0
1968-12-23,42,-2,0.00,0.0,0
1968-12-24,48,13,0.00,0.0,0
1968-12-25,45,13,0.00,0.0,0
1968-12-26,36,26,0.25,3.5,4
1968-12-27,32,13,0.00,0.0,3
1968-12-28,41,-2,0.00,0.0,3
1968-12-29,34,10,0.00,0.0,3
1968-12-30,38,21,0.00,0.0,2
1968-12-31,42,12,0.00,0.0,M
1969-01-01,48,14,0.00,0.0,T
1969-01-02,50,16,0.00,0.0,T
1969-01-03,39,15,0.00,0.0,0
1969-01-04,41,12,0.00,0.0,0
1969-01-05,46,15,0.00,0.0,0
1969-01-06,56,12,0.00,0.0,0
1969-01-07,59,21,0.00,0.0,0
1969-01-08,52,20,0.00,0.0,0
1969-01-09,41,18,0.00,0.0,0
1969-01-10,44,18,0.00,0.0,0
1969-01-11,42,19,0.00,0.0,0
1969-01-12,52,21,0.00,0.0,0
1969-01-13,53,30,0.00,0.0,0
1969-01-14,52,23,T,0.0,0
1969-01-15,46,35,T,0.0,0
1969-01-16,49,17,0.00,0.0,0
1969-01-17,43,17,0.00,0.0,0
1969-01-18,48,14,0.00,0.0,0
1969-01-19,40,20,0.00,0.0,0
1969-01-20,45,33,T,0.0,0
1969-01-21,50,20,0.00,0.0,0
1969-01-22,43,8,0.00,0.0,0
1969-01-23,38,25,0.03,3.0,2
1969-01-24,32,14,0.00,0.0,0
1969-01-25,38,24,0.00,0.0,0
1969-01-26,49,35,0.00,0.0,0
1969-01-27,50,33,0.90,0.0,0
1969-01-28,37,29,0.18,4.0,2
1969-01-29,37,15,T,0.3,1
1969-01-30,37,4,0.00,0.0,0
1969-01-31,35,10,0.00,0.0,0
1969-02-01,35,6,0.00,0.0,0
1969-02-02,31,23,0.00,0.0,0
1969-02-03,37,19,0.00,0.0,0
1969-02-04,43,14,T,T,0
1969-02-05,47,18,T,T,0
1969-02-06,42,27,0.00,0.0,0
1969-02-07,38,16,0.03,0.5,0
1969-02-08,44,18,0.00,0.0,0
1969-02-09,49,14,0.00,0.0,0
1969-02-10,52,24,0.00,0.0,0
1969-02-11,52,22,0.00,0.0,0
1969-02-12,55,23,0.00,0.0,0
1969-02-13,49,32,0.12,0.0,0
1969-02-14,41,24,0.00,0.0,0
1969-02-15,44,21,0.00,0.0,0
1969-02-16,43,27,0.00,0.0,0
1969-02-17,48,21,0.00,0.0,0
1969-02-18,46,24,0.15,1.0,0
1969-02-19,36,23,0.12,3.0,2
1969-02-20,38,22,0.00,0.0,0
1969-02-21,43,19,0.00,0.0,0
1969-02-22,42,23,0.00,0.0,0
1969-02-23,45,25,0.00,0.0,0
1969-02-24,50,25,0.00,0.0,0
1969-02-25,56,21,0.00,0.0,0
1969-02-26,54,23,0.00,0.0,0
1969-02-27,53,21,0.00,0.0,0
1969-02-28,52,21,0.00,0.0,0
1969-03-01,54,26,0.00,0.0,0
1969-03-02,46,23,0.00,0.0,0
1969-03-03,43,13,0.00,0.0,0
1969-03-04,39,17,0.00,0.0,0
1969-03-05,37,8,0.03,1.0,0
1969-03-06,46,17,0.00,0.0,0
1969-03-07,40,19,0.18,5.0,2
1969-03-08,35,16,0.00,0.0,0
1969-03-09,38,9,0.00,0.0,0
1969-03-10,33,5,0.14,4.5,5
1969-03-11,30,13,0.14,4.0,6
1969-03-12,33,5,0.00,0.0,5
1969-03-13,41,9,0.00,0.0,4
1969-03-14,38,22,0.10,0.0,M
1969-03-15,45,2,0.00,0.0,0
1969-03-16,54,16,0.00,0.0,0
1969-03-17,60,26,0.00,0.0,0
1969-03-18,60,29,0.00,0.0,0
1969-03-19,55,23,0.00,0.0,0
1969-03-20,60,29,0.00,0.0,0
1969-03-21,60,26,0.00,0.0,0
1969-03-22,60,25,0.00,0.0,0
1969-03-23,61,22,0.00,0.0,0
1969-03-24,59,20,0.00,0.0,0
1969-03-25,58,18,0.00,0.0,0
1969-03-26,53,28,0.00,0.0,0
1969-03-27,56,24,0.00,0.0,0
1969-03-28,60,28,0.00,0.0,0
1969-03-29,60,34,0.00,0.0,0
1969-03-30,64,32,0.00,0.0,0
1969-03-31,72,30,0.00,0.0,0
1969-04-01,68,40,0.00,0.0,0
1969-04-02,60,33,0.00,0.0,0
1969-04-03,61,36,0.00,0.0,0
1969-04-04,60,32,0.00,0.0,0
1969-04-05,65,30,0.00,0.0,0
1969-04-06,66,34,0.00,0.0,0
1969-04-07,M,32,0.00,0.0,0
1969-04-08,61,20,0.00,0.0,0
1969-04-09,66,22,0.00,0.0,0
1969-04-10,66,37,0.00,0.0,0
1969-04-11,56,37,0.39,0.0,0
1969-04-12,55,30,0.00,0.0,0
1969-04-13,61,29,0.00,0.0,0
1969-04-14,66,43,0.00,0.0,0
1969-04-15,63,32,0.00,0.0,0
1969-04-16,52,32,0.35,0.0,0
1969-04-17,51,31,0.09,0.0,0
1969-04-18,57,27,0.08,0.0,0
1969-04-19,64,30,0.00,0.0,0
1969-04-20,72,32,0.00,0.0,0
1969-04-21,76,31,0.00,0.0,0
1969-04-22,76,44,0.00,0.0,0
1969-04-23,75,35,0.00,0.0,0
1969-04-24,70,35,0.00,0.0,0
1969-04-25,68,32,0.00,0.0,0
1969-04-26,59,26,0.00,0.0,0
1969-04-27,59,26,0.00,0.0,0
1969-04-28,66,30,0.00,0.0,0
1969-04-29,69,34,0.00,0.0,0
1969-04-30,69,31,0.00,0.0,0
1969-05-01,70,31,0.00,0.0,0
1969-05-02,74,34,0.00,0.0,0
1969-05-03,73,37,0.00,0.0,0
1969-05-04,69,40,0.00,0.0,0
1969-05-05,68,35,0.10,0.0,0
1969-05-06,58,33,0.53,0.0,0
1969-05-07,50,31,0.31,0.0,0
1969-05-08,63,29,0.04,0.0,0
1969-05-09,70,33,0.00,0.0,0
1969-05-10,71,39,0.00,0.0,0
1969-05-11,70,35,0.00,0.0,0
1969-05-12,70,32,0.01,0.0,0
1969-05-13,70,38,0.00,0.0,0
1969-05-14,70,38,0.00,0.0,0
1969-05-15,70,43,0.03,0.0,0
1969-05-16,70,40,T,0.0,0
1969-05-17,75,34,0.00,0.0,0
1969-05-18,78,33,0.00,0.0,0
1969-05-19,79,32,0.00,0.0,0
1969-05-20,82,42,0.00,0.0,0
1969-05-21,82,43,0.00,0.0,0
1969-05-22,81,53,T,0.0,0
1969-05-23,72,45,0.04,0.0,0
1969-05-24,72,42,0.00,0.0,0
1969-05-25,83,41,0.00,0.0,0
1969-05-26,84,43,0.00,0.0,0
1969-05-27,82,49,0.00,0.0,0
1969-05-28,84,46,0.00,0.0,0
1969-05-29,83,47,0.00,0.0,0
1969-05-30,81,52,0.00,0.0,0
1969-05-31,82,47,0.00,0.0,0
1969-06-01,80,52,0.00,0.0,0
1969-06-02,71,48,0.00,0.0,0
1969-06-03,76,42,0.00,0.0,0
1969-06-04,79,41,0.00,0.0,0
1969-06-05,84,45,0.00,0.0,0
1969-06-06,83,49,0.00,0.0,0
1969-06-07,80,54,0.00,0.0,0
1969-06-08,76,47,0.00,0.0,0
1969-06-09,76,48,0.00,0.0,0
1969-06-10,74,51,0.08,0.0,0
1969-06-11,71,40,0.02,0.0,0
1969-06-12,69,39,0.00,0.0,0
1969-06-13,70,48,0.05,0.0,0
1969-06-14,74,41,0.00,0.0,0
1969-06-15,64,49,0.16,0.0,0
1969-06-16,69,49,0.02,0.0,0
1969-06-17,71,41,0.78,0.0,0
1969-06-18,69,49,0.02,0.0,0
1969-06-19,75,43,0.00,0.0,0
1969-06-20,80,46,0.00,0.0,0
1969-06-21,80,41,0.00,0.0,0
1969-06-22,80,39,0.00,0.0,0
1969-06-23,79,48,0.00,0.0,0
1969-06-24,78,52,0.00,0.0,0
1969-06-25,74,37,0.13,0.0,0
1969-06-26,72,42,0.00,0.0,0
1969-06-27,81,39,0.00,0.0,0
1969-06-28,79,42,0.00,0.0,0
1969-06-29,79,41,0.00,0.0,0
1969-06-30,91,47,0.00,0.0,0
1969-07-01,89,58,0.08,0.0,0
1969-07-02,90,54,0.00,0.0,0
1969-07-03,90,54,0.00,0.0,0
1969-07-04,89,51,0.02,0.0,0
1969-07-05,82,52,0.00,0.0,0
1969-07-06,85,58,0.00,0.0,0
1969-07-07,85,52,0.02,0.0,0
1969-07-08,85,55,0.03,0.0,0
1969-07-09,85,68,0.00,0.0,0
1969-07-10,80,55,0.05,0.0,0
1969-07-11,84,52,0.00,0.0,0
1969-07-12,81,55,0.02,0.0,0
1969-07-13,83,53,0.52,0.0,0
1969-07-14,86,58,0.06,0.0,0
1969-07-15,88,55,0.41,0.0,0
1969-07-16,88,52,0.00,0.0,0
1969-07-17,80,51,0.03,0.0,0
1969-07-18,80,55,0.01,0.0,0
1969-07-19,79,53,0.00,0.0,0
1969-07-20,78,54,0.00,0.0,0
1969-07-21,81,58,1.03,0.0,0
1969-07-22,83,59,0.00,0.0,0
1969-07-23,84,59,0.00,0.0,0
1969-07-24,85,62,0.54,0.0,0
1969-07-25,83,45,0.67,0.0,0
1969-07-26,86,53,0.07,0.0,0
1969-07-27,87,56,0.00,0.0,0
1969-07-28,85,58,0.00,0.0,0
1969-07-29,86,55,0.00,0.0,0
1969-07-30,86,57,0.00,0.0,0
1969-07-31,83,59,0.26,0.0,0
1969-08-01,82,54,0.15,0.0,0
1969-08-02,85,58,0.05,0.0,0
1969-08-03,77,57,0.20,0.0,0
1969-08-04,80,56,0.00,0.0,0
1969-08-05,84,57,0.00,0.0,0
1969-08-06,87,54,0.00,0.0,0
1969-08-07,87,55,T,0.0,0
1969-08-08,85,53,0.00,0.0,0
1969-08-09,88,54,0.00,0.0,0
1969-08-10,87,54,0.00,0.0,0
1969-08-11,89,54,0.00,0.0,0
1969-08-12,89,54,0.00,0.0,0
1969-08-13,86,59,0.09,0.0,0
1969-08-14,69,55,0.54,0.0,0
1969-08-15,80,48,0.07,0.0,0
1969-08-16,85,52,0.00,0.0,0
1969-08-17,85,55,0.00,0.0,0
1969-08-18,84,53,0.00,0.0,0
1969-08-19,83,52,0.12,0.0,0
1969-08-20,84,53,0.00,0.0,0
1969-08-21,83,55,0.00,0.0,0
1969-08-22,83,52,0.00,0.0,0
1969-08-23,77,56,0.15,0.0,0
1969-08-24,80,52,0.05,0.0,0
1969-08-25,84,52,0.13,0.0,0
1969-08-26,84,55,0.03,0.0,0
1969-08-27,89,55,0.01,0.0,0
1969-08-28,82,52,0.00,0.0,0
1969-08-29,81,53,0.05,0.0,0
1969-08-30,74,55,0.58,0.0,0
1969-08-31,78,53,0.06,0.0,0
1969-09-01,77,48,0.52,0.0,0
1969-09-02,78,45,0.01,0.0,0
1969-09-03,79,47,0.00,0.0,0
1969-09-04,76,48,0.05,0.0,0
1969-09-05,80,44,0.00,0.0,0
1969-09-06,82,49,0.00,0.0,0
1969-09-07,76,53,0.00,0.0,0
1969-09-08,68,54,0.03,0.0,0
1969-09-09,77,48,0.06,0.0,0
1969-09-10,76,47,0.00,0.0,0
1969-09-11,74,48,0.11,0.0,0
1969-09-12,75,44,0.25,0.0,0
1969-09-13,70,46,0.00,0.0,0
1969-09-14,75,43,0.00,0.0,0
1969-09-15,75,41,0.00,0.0,0
1969-09-16,75,43,0.09,0.0,0
1969-09-17,71,48,0.27,0.0,0
1969-09-18,73,40,0.00,0.0,0
1969-09-19,72,45,0.00,0.0,0
1969-09-20,70,49,0.11,0.0,0
1969-09-21,69,42,0.10,0.0,0
1969-09-22,68,38,0.00,0.0,0
1969-09-23,71,38,0.00,0.0,0
1969-09-24,74,37,0.00,0.0,0
1969-09-25,78,44,0.00,0.0,0
1969-09-26,78,44,0.00,0.0,0
1969-09-27,79,46,0.00,0.0,0
1969-09-28,76,43,0.00,0.0,0
1969-09-29,81,42,0.08,0.0,0
1969-09-30,79,45,0.00,0.0,0
1969-10-01,75,41,0.00,0.0,0
1969-10-02,77,39,0.00,0.0,0
1969-10-03,73,39,0.00,0.0,0
1969-10-04,68,42,0.00,0.0,0
1969-10-05,68,25,0.00,0.0,0
1969-10-06,65,25,0.00,0.0,0
1969-10-07,69,30,0.00,0.0,0
1969-10-08,72,31,0.00,0.0,0
1969-10-09,79,33,0.00,0.0,0
1969-10-10,69,36,0.00,0.0,0
1969-10-11,60,41,0.00,0.0,0
1969-10-12,50,29,1.02,6.0,0
1969-10-13,51,27,0.00,0.0,0
1969-10-14,58,26,0.00,0.0,0
1969-10-15,56,37,0.00,0.0,0
1969-10-16,58,26,0.00,0.0,0
1969-10-17,55,38,0.26,0.0,0
1969-10-18,60,41,0.13,0.0,0
1969-10-19,56,39,0.00,0.0,0
1969-10-20,64,35,0.00,0.0,0
1969-10-21,62,36,0.12,0.0,0
1969-10-22,58,39,0.99,0.0,0
1969-10-23,52,32,0.34,0.0,0
1969-10-24,58,28,0.00,0.0,0
1969-10-25,56,31,0.00,0.0,0
1969-10-26,57,37,0.00,0.0,0
1969-10-27,54,30,0.00,0.0,0
1969-10-28,56,35,0.00,0.0,0
1969-10-29,52,25,0.34,0.0,0
1969-10-30,47,19,0.03,0.0,0
1969-10-31,51,25,0.00,0.0,0
1969-11-01,47,27,0.20,0.5,0
1969-11-02,41,17,0.00,0.0,0
1969-11-03,48,16,0.00,0.0,0
1969-11-04,58,22,0.00,0.0,0
1969-11-05,60,22,0.00,0.0,0
1969-11-06,59,24,0.00,0.0,0
1969-11-07,59,28,0.00,0.0,0
1969-11-08,55,26,0.00,0.0,0
1969-11-09,55,26,0.00,0.0,0
1969-11-10,59,31,0.00,0.0,0
1969-11-11,53,33,0.00,0.0,0
1969-11-12,56,28,T,0.0,0
1969-11-13,56,29,0.00,0.0,0
1969-11-14,51,22,0.00,0.0,0
1969-11-15,52,24,0.00,0.0,0
1969-11-16,49,35,0.23,0.0,0
1969-11-17,40,21,0.00,0.0,0
1969-11-18,32,8,0.00,0.0,0
1969-11-19,44,6,0.00,0.0,0
1969-11-20,55,16,0.00,0.0,0
1969-11-21,55,23,0.00,0.0,0
1969-11-22,52,25,T,0.0,0
1969-11-23,44,20,0.00,0.0,0
1969-11-24,52,19,0.00,0.0,0
1969-11-25,52,19,0.00,0.0,0
1969-11-26,55,22,0.00,0.0,0
1969-11-27,40,18,0.00,0.0,0
1969-11-28,49,8,0.00,0.0,0
1969-11-29,49,18,0.00,0.0,0
1969-11-30,52,19,0.00,0.0,0
1969-12-01,55,14,0.00,0.0,0
1969-12-02,57,25,0.00,0.0,0
1969-12-03,57,26,0.00,0.0,0
1969-12-04,49,31,0.29,2.0,1
1969-12-05,35,22,0.29,5.0,4
1969-12-06,33,9,0.00,0.0,2
1969-12-07,31,15,T,0.0,1
1969-12-08,30,8,0.00,0.0,0
1969-12-09,34,9,0.03,0.0,0
1969-12-10,32,20,0.04,0.0,0
1969-12-11,38,8,0.00,0.0,0
1969-12-12,50,15,0.00,0.0,0
1969-12-13,52,22,0.00,0.0,0
1969-12-14,53,24,0.00,0.0,0
1969-12-15,54,26,0.00,0.0,0
1969-12-16,52,24,0.00,0.0,0
1969-12-17,55,25,0.00,0.0,0
1969-12-18,53,26,0.00,0.0,0
1969-12-19,54,26,0.00,0.0,0
1969-12-20,50,27,0.00,0.0,0
1969-12-21,54,25,0.00,0.0,0
1969-12-22,55,22,0.00,0.0,0
1969-12-23,51,23,0.00,0.0,0
1969-12-24,52,22,0.00,0.0,0
1969-12-25,51,19,0.00,0.0,0
1969-12-26,47,28,0.00,0.0,0
1969-12-27,44,23,T,T,T
1969-12-28,28,16,0.00,0.0,0
1969-12-29,27,16,0.15,1.5,0
1969-12-30,28,6,0.08,M,0
1969-12-31,28,-1,0.07,2.5,M
1970-01-01,23,-4,S,2.5,M
1970-01-02,24,-6,0.12A,1.5,M
1970-01-03,28,-6,0.00,0.0,M
1970-01-04,27,-6,0.00,0.0,M
1970-01-05,27,-6,0.00,0.0,M
1970-01-06,29,-1,0.00,0.0,M
1970-01-07,30,-4,0.00,0.0,M
1970-01-08,32,-5,0.00,0.0,M
1970-01-09,35,9,0.00,0.0,M
1970-01-10,43,13,0.00,0.0,M
1970-01-11,43,23,0.00,0.0,M
1970-01-12,45,23,0.00,0.0,M
1970-01-13,45,18,0.00,0.0,M
1970-01-14,46,15,0.00,0.0,M
1970-01-15,43,20,0.00,0.0,M
1970-01-16,49,18,0.00,0.0,M
1970-01-17,45,28,0.00,0.0,M
1970-01-18,47,23,0.00,0.0,M
1970-01-19,45,17,0.00,0.0,M
1970-01-20,49,19,0.00,0.0,M
1970-01-21,52,19,0.00,0.0,M
1970-01-22,55,25,0.00,0.0,M
1970-01-23,56,27,0.00,0.0,M
1970-01-24,56,23,0.00,0.0,M
1970-01-25,55,23,0.00,0.0,M
1970-01-26,54,25,0.00,0.0,M
1970-01-27,56,21,0.00,0.0,M
1970-01-28,49,24,0.00,0.0,M
1970-01-29,32,5,0.00,0.0,M
1970-01-30,40,9,0.00,0.0,M
1970-01-31,44,15,0.00,0.0,M
1970-02-01,37,16,T,0.0,0
1970-02-02,35,15,0.00,0.0,0
1970-02-03,45,7,0.00,0.0,0
1970-02-04,51,15,0.00,0.0,0
1970-02-05,53,18,0.00,0.0,0
1970-02-06,56,25,0.00,0.0,0
1970-02-07,58,26,0.00,0.0,0
1970-02-08,53,24,0.00,0.0,0
1970-02-09,56,28,0.00,0.0,0
1970-02-10,58,23,0.00,0.0,0
1970-02-11,59,27,0.00,0.0,0
1970-02-12,59,23,0.00,0.0,0
1970-02-13,55,26,0.00,0.0,0
1970-02-14,48,28,0.00,0.0,0
1970-02-15,48,16,0.00,0.0,0
1970-02-16,58,19,0.00,0.0,0
1970-02-17,65,21,0.00,0.0,0
1970-02-18,58,28,0.00,0.0,0
1970-02-19,42,24,0.05,0.0,0
1970-02-20,44,18,0.00,0.0,0
1970-02-21,40,25,0.12,0.0,0
1970-02-22,51,25,0.00,0.0,0
1970-02-23,48,27,0.00,0.0,0
1970-02-24,56,25,0.00,0.0,0
1970-02-25,52,24,0.00,0.0,0
1970-02-26,52,18,0.00,0.0,0
1970-02-27,53,20,0.00,0.0,0
1970-02-28,52,21,0.00,0.0,0
1970-03-01,54,25,0.00,0.0,M
1970-03-02,48,34,0.06,0.0,M
1970-03-03,48,28,0.00,0.0,M
1970-03-04,45,25,0.00,0.0,M
1970-03-05,53,22,0.00,0.0,M
1970-03-06,52,23,0.00,0.0,M
1970-03-07,60,22,0.00,0.0,M
1970-03-08,63,27,0.00,0.0,M
1970-03-09,54,28,0.00,0.0,M
1970-03-10,51,23,0.23,0.0,M
1970-03-11,43,22,0.30,0.0,M
1970-03-12,40,21,0.14,0.0,M
1970-03-13,50,14,0.03,0.0,M
1970-03-14,57,24,0.00,0.0,M
1970-03-15,57,29,0.00,0.0,M
1970-03-16,50,24,0.00,0.0,M
1970-03-17,46,20,0.00,0.0,M
1970-03-18,42,7,0.00,0.0,M
1970-03-19,39,12,0.00,0.0,M
1970-03-20,36,22,0.18,2.0,M
1970-03-21,48,16,0.00,0.0,M
1970-03-22,53,19,0.00,0.0,M
1970-03-23,61,25,0.00,0.0,M
1970-03-24,62,21,0.00,0.0,M
1970-03-25,57,21,0.00,0.0,M
1970-03-26,51,15,0.00,0.0,M
1970-03-27,44,16,0.17,0.0,M
1970-03-28,43,11,0.00,0.0,M
1970-03-29,42,21,0.22,0.0,M
1970-03-30,37,22,0.31,5.0,M
1970-03-31,43,25,0.22,3.0,M
1970-04-01,34,24,0.08,1.0,1
1970-04-02,47,13,0.02,0.0,0
1970-04-03,53,22,0.00,0.0,0
1970-04-04,49,28,0.00,0.0,0
1970-04-05,59,23,0.00,0.0,0
1970-04-06,64,39,0.00,0.0,0
1970-04-07,61,31,T,0.0,0
1970-04-08,64,25,0.00,0.0,0
1970-04-09,65,36,0.00,0.0,0
1970-04-10,62,30,0.00,0.0,0
1970-04-11,59,31,0.00,0.0,0
1970-04-12,52,28,0.00,0.0,0
1970-04-13,61,25,0.00,0.0,0
1970-04-14,65,30,0.00,0.0,0
1970-04-15,65,17,0.00,0.0,0
1970-04-16,60,25,0.00,0.0,0
1970-04-17,62,34,0.00,0.0,0
1970-04-18,50,28,T,0.0,0
1970-04-19,49,28,0.22,0.0,0
1970-04-20,46,26,0.00,0.0,0
1970-04-21,65,24,0.00,0.0,0
1970-04-22,61,28,0.00,0.0,0
1970-04-23,55,20,0.00,0.0,0
1970-04-24,64,25,0.00,0.0,0
1970-04-25,66,29,0.00,0.0,0
1970-04-26,67,27,0.00,0.0,0
1970-04-27,65,30,0.00,0.0,0
1970-04-28,65,35,0.00,0.0,0
1970-04-29,48,17,0.00,0.0,0
1970-04-30,48,25,0.00,0.0,0
1970-05-01,47,25,0.21,0.0,0
1970-05-02,57,19,0.00,0.0,0
1970-05-03,66,30,0.00,0.0,0
1970-05-04,70,35,0.00,0.0,0
1970-05-05,74,38,0.00,0.0,0
1970-05-06,73,42,0.00,0.0,0
1970-05-07,73,38,0.00,0.0,0
1970-05-08,67,31,0.00,0.0,0
1970-05-09,68,30,0.00,0.0,0
1970-05-10,70,38,0.00,0.0,0
1970-05-11,75,46,0.00,0.0,0
1970-05-12,74,43,0.00,0.0,0
1970-05-13,74,42,0.00,0.0,0
1970-05-14,75,36,0.00,0.0,0
1970-05-15,73,33,0.00,0.0,0
1970-05-16,79,41,0.00,0.0,0
1970-05-17,80,40,0.00,0.0,0
1970-05-18,80,40,0.00,0.0,0
1970-05-19,79,48,0.00,0.0,0
1970-05-20,77,40,0.00,0.0,0
1970-05-21,80,44,0.00,0.0,0
1970-05-22,78,42,0.00,0.0,0
1970-05-23,75,41,0.00,0.0,0
1970-05-24,77,41,0.00,0.0,0
1970-05-25,76,46,0.00,0.0,0
1970-05-26,71,45,0.00,0.0,0
1970-05-27,64,40,0.12,0.0,0
1970-05-28,74,42,0.04,0.0,0
1970-05-29,76,43,0.00,0.0,0
1970-05-30,79,46,0.00,0.0,0
1970-05-31,M,M,0.00,0.0,0
1970-06-01,76,30,0.00,0.0,0
1970-06-02,67,35,0.00,0.0,0
1970-06-03,72,37,0.00,0.0,0
1970-06-04,68,37,0.32,0.0,0
1970-06-05,66,40,0.01,0.0,0
1970-06-06,69,38,0.00,0.0,0
1970-06-07,69,39,0.00,0.0,0
1970-06-08,69,32,0.03,0.0,0
1970-06-09,69,36,0.00,0.0,0
1970-06-10,70,44,0.00,0.0,0
1970-06-11,68,38,0.20,0.0,0
1970-06-12,71,31,0.00,0.0,0
1970-06-13,75,50,0.00,0.0,0
1970-06-14,76,40,0.16,0.0,0
1970-06-15,76,35,0.00,0.0,0
1970-06-16,80,36,0.00,0.0,0
1970-06-17,83,43,0.00,0.0,0
1970-06-18,86,49,0.00,0.0,0
1970-06-19,87,46,0.00,0.0,0
1970-06-20,85,46,0.20,0.0,0
1970-06-21,75,46,0.10,0.0,0
1970-06-22,76,32,0.12,0.0,0
1970-06-23,78,42,0.02,0.0,0
1970-06-24,88,49,0.00,0.0,0
1970-06-25,89,55,0.00,0.0,0
1970-06-26,92,56,0.00,0.0,0
1970-06-27,M,54,0.00,0.0,0
1970-06-28,91,55,0.00,0.0,0
1970-06-29,88,51,0.02,0.0,0
1970-06-30,84,47,0.01,0.0,0
1970-07-01,84,50,0.00,0.0,0
1970-07-02,89,56,0.00,0.0,0
1970-07-03,87,59,0.00,0.0,0
1970-07-04,84,48,0.00,0.0,0
1970-07-05,83,56,0.05,0.0,0
1970-07-06,81,51,0.05,0.0,0
1970-07-07,83,50,0.00,0.0,0
1970-07-08,79,55,0.00,0.0,0
1970-07-09,84,51,0.13,0.0,0
1970-07-10,87,52,0.00,0.0,0
1970-07-11,85,53,0.00,0.0,0
1970-07-12,89,52,0.00,0.0,0
1970-07-13,90,49,0.00,0.0,0
1970-07-14,93,57,0.00,0.0,0
1970-07-15,93,59,0.00,0.0,0
1970-07-16,87,49,0.28,0.0,0
1970-07-17,86,56,0.00,0.0,0
1970-07-18,85,54,0.00,0.0,0
1970-07-19,92,50,0.00,0.0,0
1970-07-20,87,49,0.06,0.0,0
1970-07-21,85,55,0.08,0.0,0
1970-07-22,84,52,0.67,0.0,0
1970-07-23,82,57,0.00,0.0,0
1970-07-24,77,57,0.06,0.0,0
1970-07-25,80,53,0.35,0.0,0
1970-07-26,84,51,0.38,0.0,0
1970-07-27,81,56,0.05,0.0,0
1970-07-28,78,54,0.07,0.0,0
1970-07-29,85,52,0.00,0.0,0
1970-07-30,87,53,0.00,0.0,0
1970-07-31,91,56,0.00,0.0,0
1970-08-01,88,56,0.10,0.0,0
1970-08-02,86,56,0.00,0.0,0
1970-08-03,84,56,0.00,0.0,0
1970-08-04,84,53,0.00,0.0,0
1970-08-05,85,55,0.00,0.0,0
1970-08-06,83,58,0.40,0.0,0
1970-08-07,83,56,0.14,0.0,0
1970-08-08,84,56,0.00,0.0,0
1970-08-09,86,54,0.09,0.0,0
1970-08-10,87,54,0.00,0.0,0
1970-08-11,87,53,0.00,0.0,0
1970-08-12,88,52,0.00,0.0,0
1970-08-13,88,52,0.00,0.0,0
1970-08-14,87,52,0.18,0.0,0
1970-08-15,87,52,0.00,0.0,0
1970-08-16,80,51,0.00,0.0,0
1970-08-17,83,51,0.12,0.0,0
1970-08-18,81,52,0.23,0.0,0
1970-08-19,83,53,0.02,0.0,0
1970-08-20,80,54,0.09,0.0,0
1970-08-21,83,53,0.10,0.0,0
1970-08-22,76,52,0.04,0.0,0
1970-08-23,78,50,0.01,0.0,0
1970-08-24,84,51,0.00,0.0,0
1970-08-25,87,52,0.00,0.0,0
1970-08-26,87,53,0.00,0.0,0
1970-08-27,88,52,0.00,0.0,0
1970-08-28,88,53,0.00,0.0,0
1970-08-29,88,53,0.00,0.0,0
1970-08-30,86,55,0.06,0.0,0
1970-08-31,78,49,0.01,0.0,0
1970-09-01,78,45,T,0.0,0
1970-09-02,84,48,0.06,0.0,0
1970-09-03,83,42,0.00,0.0,0
1970-09-04,81,50,0.04,0.0,0
1970-09-05,74,55,0.00,0.0,0
1970-09-06,75,47,0.00,0.0,0
1970-09-07,79,30,0.00,0.0,0
1970-09-08,82,46,0.00,0.0,0
1970-09-09,85,42,0.00,0.0,0
1970-09-10,82,45,0.00,0.0,0
1970-09-11,84,50,0.00,0.0,0
1970-09-12,80,50,0.11,0.0,0
1970-09-13,67,52,0.52,0.0,0
1970-09-14,73,50,0.04,0.0,0
1970-09-15,76,40,0.00,0.0,0
1970-09-16,75,46,0.00,0.0,0
1970-09-17,77,36,0.00,0.0,0
1970-09-18,78,45,0.00,0.0,0
1970-09-19,79,52,0.01,0.0,0
1970-09-20,77,50,0.00,0.0,0
1970-09-21,79,44,0.00,0.0,0
1970-09-22,75,39,0.12,0.0,0
1970-09-23,69,32,0.00,0.0,0
1970-09-24,74,36,0.00,0.0,0
1970-09-25,72,42,0.00,0.0,0
1970-09-26,63,25,0.00,0.0,0
1970-09-27,68,32,0.00,0.0,0
1970-09-28,58,38,0.00,0.0,0
1970-09-29,72,36,0.00,0.0,0
1970-09-30,75,41,0.00,0.0,0
1970-10-01,74,47,0.00,0.0,0
1970-10-02,73,38,0.00,0.0,0
1970-10-03,71,40,0.00,0.0,0
1970-10-04,69,40,0.08,0.0,0
1970-10-05,64,35,0.00,0.0,0
1970-10-06,70,41,0.00,0.0,0
1970-10-07,68,42,0.11,0.0,0
1970-10-08,50,26,0.00,0.0,0
1970-10-09,63,22,0.00,0.0,0
1970-10-10,64,31,0.00,0.0,0
1970-10-11,60,32,0.06,0.0,0
1970-10-12,71,33,0.00,0.0,0
1970-10-13,71,39,0.00,0.0,0
1970-10-14,63,32,0.00,0.0,0
1970-10-15,54,33,0.05,T,0
1970-10-16,46,29,0.00,0.0,0
1970-10-17,52,32,0.00,0.0,0
1970-10-18,58,30,0.00,0.0,0
1970-10-19,60,28,0.00,0.0,0
1970-10-20,64,31,0.00,0.0,0
1970-10-21,61,41,0.00,0.0,0
1970-10-22,59,27,0.07,0.0,0
1970-10-23,52,16,0.10,0.0,0
1970-10-24,61,28,0.00,0.0,0
1970-10-25,59,28,0.00,0.0,0
1970-10-26,50,29,0.12,0.0,0
1970-10-27,39,19,0.03,0.0,0
1970-10-28,48,15,0.01,0.0,0
1970-10-29,55,23,0.00,0.0,0
1970-10-30,62,24,0.00,0.0,0
1970-10-31,65,30,0.00,0.0,0
1970-11-01,58,30,0.00,0.0,0
1970-11-02,46,24,0.00,0.0,0
1970-11-03,46,22,0.00,0.0,0
1970-11-04,48,20,0.00,0.0,0
1970-11-05,56,28,0.00,0.0,0
1970-11-06,63,28,0.00,0.0,0
1970-11-07,51,30,0.00,0.0,0
1970-11-08,44,27,0.00,0.0,0
1970-11-09,53,24,0.00,0.0,0
1970-11-10,57,25,0.00,0.0,0
1970-11-11,58,26,0.00,0.0,0
1970-11-12,55,27,0.00,0.0,0
1970-11-13,45,30,0.00,0.0,0
1970-11-14,45,17,0.00,0.0,0
1970-11-15,51,17,0.00,0.0,0
1970-11-16,59,10,0.00,0.0,0
1970-11-17,58,20,0.00,0.0,0
1970-11-18,52,20,0.00,0.0,0
1970-11-19,44,21,0.22,0.0,0
1970-11-20,54,16,0.00,0.0,0
1970-11-21,56,24,0.00,0.0,0
1970-11-22,61,18,0.00,0.0,0
1970-11-23,M,18,0.00,0.0,0
1970-11-24,63,23,0.00,0.0,0
1970-11-25,64,29,0.00,0.0,0
1970-11-26,56,39,0.12,0.0,0
1970-11-27,48,30,0.00,0.0,0
1970-11-28,50,24,0.00,0.0,0
1970-11-29,56,28,0.00,0.0,0
1970-11-30,50,23,0.00,0.0,0
1970-12-01,50,13,0.00,0.0,0
1970-12-02,48,15,0.00,0.0,0
1970-12-03,51,16,0.00,0.0,0
1970-12-04,52,15,0.00,0.0,0
1970-12-05,54,21,0.00,0.0,0
1970-12-06,57,24,0.00,0.0,0
1970-12-07,55,25,0.00,0.0,0
1970-12-08,50,24,0.00,0.0,0
1970-12-09,53,28,0.00,0.0,0
1970-12-10,45,26,0.00,0.0,0
1970-12-11,42,18,0.02,0.0,0
1970-12-12,48,16,0.00,0.0,0
1970-12-13,46,15,0.00,0.0,0
1970-12-14,44,19,0.00,0.0,0
1970-12-15,37,22,T,0.0,0
1970-12-16,44,11,0.00,0.0,0
1970-12-17,48,19,0.00,0.0,0
1970-12-18,38,25,0.01,0.0,0
1970-12-19,41,9,0.00,0.0,0
1970-12-20,46,19,0.00,0.0,0
1970-12-21,39,17,0.01,0.0,0
1970-12-22,35,19,T,0.0,0
1970-12-23,34,11,0.00,0.0,0
1970-12-24,36,6,0.00,0.0,0
1970-12-25,43,12,0.00,0.0,0
1970-12-26,43,10,0.00,0.0,0
1970-12-27,42,20,T,0.0,0
1970-12-28,38,19,0.00,0.0,0
1970-12-29,40,11,0.00,0.0,0
1970-12-30,39,10,0.00,0.0,0
1970-12-31,49,11,0.00,0.0,0
1971-01-01,49,15,0.00,0.0,0
1971-01-02,42,20,0.00,0.0,0
1971-01-03,30,13,0.26,2.0,2
1971-01-04,15,1,0.22,2.0,2
1971-01-05,8,-18,0.00,0.0,2
1971-01-06,11,-20,0.00,0.0,2
1971-01-07,10,-18,0.00,0.0,2
1971-01-08,25,-15,0.00,0.0,2
1971-01-09,35,2,0.00,0.0,2
1971-01-10,39,15,0.00,0.0,1
1971-01-11,41,11,0.00,0.0,1
1971-01-12,44,17,0.00,0.0,0
1971-01-13,37,22,0.00,0.0,0
1971-01-14,39,12,0.00,0.0,0
1971-01-15,50,22,0.00,0.0,0
1971-01-16,51,24,0.00,0.0,0
1971-01-17,50,22,0.00,0.0,0
1971-01-18,56,26,0.00,0.0,0
1971-01-19,55,25,0.00,0.0,0
1971-01-20,59,26,0.00,0.0,0
1971-01-21,56,28,0.00,0.0,0
1971-01-22,45,24,0.00,0.0,0
1971-01-23,43,17,0.00,0.0,0
1971-01-24,44,16,0.00,0.0,0
1971-01-25,49,20,0.00,0.0,0
1971-01-26,56,22,0.00,0.0,0
1971-01-27,58,26,0.00,0.0,0
1971-01-28,56,24,0.00,0.0,0
1971-01-29,57,20,0.00,0.0,0
1971-01-30,61,24,0.00,0.0,0
1971-01-31,65,27,0.00,0.0,0
1971-02-01,59,31,0.00,0.0,0
1971-02-02,54,20,T,0.0,0
1971-02-03,49,24,0.00,0.0,0
1971-02-04,32,20,0.19,1.5,1
1971-02-05,39,9,0.00,0.0,0
1971-02-06,40,11,0.00,0.0,0
1971-02-07,32,16,0.00,0.0,0
1971-02-08,40,5,0.00,0.0,0
1971-02-09,48,5,0.00,0.0,0
1971-02-10,54,19,0.00,0.0,0
1971-02-11,54,17,0.00,0.0,0
1971-02-12,53,20,0.00,0.0,0
1971-02-13,60,26,0.00,0.0,0
1971-02-14,56,28,0.00,0.0,0
1971-02-15,58,25,0.00,0.0,0
1971-02-16,55,30,0.00,0.0,0
1971-02-17,59,35,0.00,0.0,0
1971-02-18,56,25,0.06,0.0,0
1971-02-19,48,29,0.00,0.0,0
1971-02-20,M,23,0.00,0.0,0
1971-02-21,32,18,0.03,0.5,0
1971-02-22,36,3,0.00,0.0,0
1971-02-23,40,5,0.00,0.0,0
1971-02-24,44,11,0.00,0.0,0
1971-02-25,52,12,0.00,0.0,0
1971-02-26,46,10,0.00,0.0,0
1971-02-27,32,2,0.00,0.0,0
1971-02-28,29,9,0.00,0.0,0
1971-03-01,30,3,S,2.0,2
1971-03-02,30,14,0.12A,1.0,3
1971-03-03,41,-1,0.00,0.0,1
1971-03-04,54,16,0.00,0.0,0
1971-03-05,43,12,T,T,0
1971-03-06,36,11,0.00,0.0,0
1971-03-07,50,10,0.00,0.0,0
1971-03-08,56,21,0.00,0.0,0
1971-03-09,51,22,0.00,0.0,0
1971-03-10,56,25,0.00,0.0,0
1971-03-11,57,28,0.00,0.0,0
1971-03-12,69,28,0.00,0.0,0
1971-03-13,59,23,0.00,0.0,0
1971-03-14,53,25,0.00,0.0,0
1971-03-15,38,13,0.00,0.0,0
1971-03-16,53,13,0.00,0.0,0
1971-03-17,59,23,0.00,0.0,0
1971-03-18,57,17,0.00,0.0,0
1971-03-19,50,9,0.00,0.0,0
1971-03-20,62,20,0.00,0.0,0
1971-03-21,62,27,0.00,0.0,0
1971-03-22,65,39,0.00,0.0,0
1971-03-23,69,33,0.00,0.0,0
1971-03-24,65,32,0.00,0.0,0
1971-03-25,65,28,0.00,0.0,0
1971-03-26,72,35,0.00,0.0,0
1971-03-27,71,48,0.00,0.0,0
1971-03-28,74,16,0.00,0.0,0
1971-03-29,64,31,0.00,0.0,0
1971-03-30,72,30,0.00,0.0,0
1971-03-31,64,46,0.00,0.0,0
1971-04-01,61,18,0.00,0.0,0
1971-04-02,59,20,0.00,0.0,0
1971-04-03,60,23,0.00,0.0,0
1971-04-04,54,16,0.00,0.0,0
1971-04-05,58,23,0.00,0.0,0
1971-04-06,60,36,0.00,0.0,0
1971-04-07,62,31,0.00,0.0,0
1971-04-08,64,30,0.00,0.0,0
1971-04-09,64,34,0.00,0.0,0
1971-04-10,71,36,0.00,0.0,0
1971-04-11,74,34,0.00,0.0,0
1971-04-12,74,59,0.00,0.0,0
1971-04-13,71,38,0.00,0.0,0
1971-04-14,68,34,0.00,0.0,0
1971-04-15,61,40,0.47,0.0,0
1971-04-16,67,34,0.00,0.0,0
1971-04-17,68,39,0.00,0.0,0
1971-04-18,61,34,0.00,0.0,0
1971-04-19,43,32,0.33,0.0,0
1971-04-20,49,32,0.01,T,0
1971-04-21,57,31,0.00,0.0,0
1971-04-22,52,28,0.00,0.0,0
1971-04-23,60,32,0.00,0.0,0
1971-04-24,64,32,0.00,0.0,0
1971-04-25,68,37,0.00,0.0,0
1971-04-26,62,42,0.00,0.0,0
1971-04-27,54,27,0.00,0.0,0
1971-04-28,62,34,0.00,0.0,0
1971-04-29,60,34,0.00,0.0,0
1971-04-30,69,34,0.00,0.0,0
1971-05-01,76,40,0.00,0.0,0
1971-05-02,78,41,0.00,0.0,0
1971-05-03,79,55,0.00,0.0,0
1971-05-04,78,40,0.00,0.0,0
1971-05-05,60,38,0.00,0.0,0
1971-05-06,60,40,0.00,0.0,0
1971-05-07,61,35,0.11,0.0,0
1971-05-08,62,40,0.03,0.0,0
1971-05-09,61,31,0.00,0.0,0
1971-05-10,72,40,0.00,0.0,0
1971-05-11,64,43,0.02,0.0,0
1971-05-12,65,49,0.10,0.0,0
1971-05-13,69,37,0.13,0.0,0
1971-05-14,72,40,0.00,0.0,0
1971-05-15,75,44,0.00,0.0,0
1971-05-16,77,44,0.00,0.0,0
1971-05-17,76,52,0.00,0.0,0
1971-05-18,68,41,0.00,0.0,0
1971-05-19,64,28,0.00,0.0,0
1971-05-20,74,36,0.00,0.0,0
1971-05-21,75,38,0.00,0.0,0
1971-05-22,74,40,0.00,0.0,0
1971-05-23,70,34,0.00,0.0,0
1971-05-24,73,38,0.00,0.0,0
1971-05-25,80,40,0.00,0.0,0
1971-05-26,82,46,0.00,0.0,0
1971-05-27,78,44,0.00,0.0,0
1971-05-28,76,62,0.00,0.0,0
1971-05-29,76,50,0.00,0.0,0
1971-05-30,75,37,0.00,0.0,0
1971-05-31,71,36,0.00,0.0,0
1971-06-01,78,46,0.00,0.0,0
1971-06-02,78,44,0.00,0.0,0
1971-06-03,78,48,0.00,0.0,0
1971-06-04,76,36,0.00,0.0,0
1971-06-05,80,44,0.00,0.0,0
1971-06-06,78,46,0.00,0.0,0
1971-06-07,82,60,0.00,0.0,0
1971-06-08,80,50,0.00,0.0,0
1971-06-09,80,48,0.00,0.0,0
1971-06-10,79,47,0.00,0.0,0
1971-06-11,80,44,0.00,0.0,0
1971-06-12,76,30,0.00,0.0,0
1971-06-13,79,45,0.00,0.0,0
1971-06-14,86,62,0.00,0.0,0
1971-06-15,85,52,0.00,0.0,0
1971-06-16,86,54,0.00,0.0,0
1971-06-17,86,53,0.00,0.0,0
1971-06-18,86,56,0.00,0.0,0
1971-06-19,86,52,0.00,0.0,0
1971-06-20,90,56,0.00,0.0,0
1971-06-21,89,65,0.00,0.0,0
1971-06-22,86,54,0.00,0.0,0
1971-06-23,88,M,0.00,0.0,0
1971-06-24,93,57,0.03,0.0,0
1971-06-25,93,60,0.00,0.0,0
1971-06-26,93,56,0.00,0.0,0
1971-06-27,86,56,0.00,0.0,0
1971-06-28,88,69,0.00,0.0,0
1971-06-29,86,48,0.00,0.0,0
1971-06-30,84,54,0.00,0.0,0
1971-07-01,80,59,0.30,0.0,0
1971-07-02,72,52,0.18,0.0,0
1971-07-03,83,46,0.00,0.0,0
1971-07-04,86,52,0.00,0.0,0
1971-07-05,90,70,0.00,0.0,0
1971-07-06,89,55,0.07,0.0,0
1971-07-07,81,54,0.00,0.0,0
1971-07-08,81,54,0.14,0.0,0
1971-07-09,85,52,0.05,0.0,0
1971-07-10,84,60,0.00,0.0,0
1971-07-11,94,58,0.00,0.0,0
1971-07-12,99,72,0.00,0.0,0
1971-07-13,98,61,0.00,0.0,0
1971-07-14,96,58,0.00,0.0,0
1971-07-15,94,59,T,0.0,0
1971-07-16,90,58,T,0.0,0
1971-07-17,95,58,0.00,0.0,0
1971-07-18,94,58,0.00,0.0,0
1971-07-19,87,64,0.04,0.0,0
1971-07-20,75,58,0.61,0.0,0
1971-07-21,76,60,0.06,0.0,0
1971-07-22,80,51,0.07,0.0,0
1971-07-23,78,55,0.00,0.0,0
1971-07-24,77,48,0.20,0.0,0
1971-07-25,86,56,0.00,0.0,0
1971-07-26,85,56,0.37,0.0,0
1971-07-27,82,50,0.01,0.0,0
1971-07-28,80,54,0.08,0.0,0
1971-07-29,83,51,0.00,0.0,0
1971-07-30,78,56,0.22,0.0,0
1971-07-31,75,55,0.07,0.0,0
1971-08-01,82,48,0.00,0.0,0
1971-08-02,80,54,0.03,0.0,0
1971-08-03,83,48,0.17,0.0,0
1971-08-04,82,52,0.04,0.0,0
1971-08-05,78,52,0.13,0.0,0
1971-08-06,79,48,0.00,0.0,0
1971-08-07,70,50,0.04,0.0,0
1971-08-08,74,46,0.18,0.0,0
1971-08-09,80,58,0.03,0.0,0
1971-08-10,77,52,0.17,0.0,0
1971-08-11,81,49,0.00,0.0,0
1971-08-12,80,49,0.00,0.0,0
1971-08-13,84,51,0.00,0.0,0
1971-08-14,86,50,0.00,0.0,0
1971-08-15,85,50,0.00,0.0,0
1971-08-16,86,60,0.00,0.0,0
1971-08-17,86,54,0.13,0.0,0
1971-08-18,84,51,0.00,0.0,0
1971-08-19,82,52,0.55,0.0,0
1971-08-20,74,54,0.37,0.0,0
1971-08-21,82,54,0.06,0.0,0
1971-08-22,85,55,0.00,0.0,0
1971-08-23,84,59,0.00,0.0,0
1971-08-24,82,54,0.00,0.0,0
1971-08-25,80,50,0.00,0.0,0
1971-08-26,84,54,0.00,0.0,0
1971-08-27,86,56,0.00,0.0,0
1971-08-28,84,58,0.00,0.0,0
1971-08-29,78,51,0.00,0.0,0
1971-08-30,86,56,0.00,0.0,0
1971-08-31,84,52,0.14,0.0,0
1971-09-01,86,49,0.00,0.0,0
1971-09-02,85,49,0.00,0.0,0
1971-09-03,80,49,0.00,0.0,0
1971-09-04,80,38,0.00,0.0,0
1971-09-05,80,40,0.00,0.0,0
1971-09-06,85,52,0.00,0.0,0
1971-09-07,85,54,0.16,0.0,0
1971-09-08,78,50,0.11,0.0,0
1971-09-09,83,41,0.00,0.0,0
1971-09-10,87,49,0.00,0.0,0
1971-09-11,86,50,0.00,0.0,0
1971-09-12,89,53,0.03,0.0,0
1971-09-13,87,50,0.00,0.0,0
1971-09-14,85,49,0.00,0.0,0
1971-09-15,82,44,0.00,0.0,0
1971-09-16,79,46,0.00,0.0,0
1971-09-17,80,43,0.77,0.0,0
1971-09-18,50,40,0.11,T,0
1971-09-19,57,32,0.00,0.0,0
1971-09-20,63,29,0.00,0.0,0
1971-09-21,67,38,0.00,0.0,0
1971-09-22,64,40,0.51,0.0,0
1971-09-23,58,36,0.02,0.0,0
1971-09-24,62,44,0.19,0.0,0
1971-09-25,67,39,0.00,0.0,0
1971-09-26,74,36,0.00,0.0,0
1971-09-27,73,35,0.00,0.0,0
1971-09-28,73,35,0.00,0.0,0
1971-09-29,73,43,0.56,0.0,0
1971-09-30,66,43,0.70,0.0,0
1971-10-01,63,45,0.17,0.0,0
1971-10-02,56,29,0.00,0.0,0
1971-10-03,62,31,0.00,0.0,0
1971-10-04,64,36,0.00,0.0,0
1971-10-05,72,38,0.00,0.0,0
1971-10-06,M,39,0.00,0.0,0
1971-10-07,68,36,0.00,0.0,0
1971-10-08,70,39,0.00,0.0,0
1971-10-09,70,42,0.00,0.0,0
1971-10-10,74,40,0.00,0.0,0
1971-10-11,70,42,0.00,0.0,0
1971-10-12,76,38,0.00,0.0,0
1971-10-13,73,41,0.00,0.0,0
1971-10-14,73,32,0.00,0.0,0
1971-10-15,71,39,0.00,0.0,0
1971-10-16,65,41,0.00,0.0,0
1971-10-17,62,39,0.38,0.0,0
1971-10-18,45,31,0.00,0.0,0
1971-10-19,52,21,0.00,0.0,0
1971-10-20,62,29,0.00,0.0,0
1971-10-21,60,31,0.00,0.0,0
1971-10-22,62,31,0.01,0.0,0
1971-10-23,60,33,0.00,0.0,0
1971-10-24,61,39,0.00,0.0,0
1971-10-25,57,42,0.74,0.0,0
1971-10-26,50,38,0.02,0.0,0
1971-10-27,57,41,0.00,0.0,0
1971-10-28,58,33,0.00,0.0,0
1971-10-29,55,39,0.22,0.0,0
1971-10-30,45,21,0.00,0.0,0
1971-10-31,53,21,0.00,0.0,0
1971-11-01,56,34,0.00,0.0,0
1971-11-02,54,20,0.00,0.0,0
1971-11-03,57,30,0.00,0.0,0
1971-11-04,63,27,0.00,0.0,0
1971-11-05,61,30,0.00,0.0,0
1971-11-06,59,29,0.00,0.0,0
1971-11-07,53,26,0.00,0.0,0
1971-11-08,56,25,0.00,0.0,0
1971-11-09,57,26,0.00,0.0,0
1971-11-10,64,34,0.00,0.0,0
1971-11-11,65,34,0.00,0.0,0
1971-11-12,59,34,0.00,0.0,0
1971-11-13,51,36,0.00,0.0,0
1971-11-14,57,25,0.00,0.0,0
1971-11-15,50,38,0.38,0.0,0
1971-11-16,44,30,0.18,0.0,0
1971-11-17,39,26,0.09,0.0,0
1971-11-18,34,22,0.00,0.0,0
1971-11-19,37,9,0.00,0.0,0
1971-11-20,48,17,0.00,0.0,0
1971-11-21,45,21,0.00,0.0,0
1971-11-22,38,24,0.00,0.0,0
1971-11-23,49,17,0.00,0.0,0
1971-11-24,52,21,0.00,0.0,0
1971-11-25,51,21,0.00,0.0,0
1971-11-26,49,22,0.00,0.0,0
1971-11-27,48,21,0.00,0.0,0
1971-11-28,39,21,0.00,0.0,0
1971-11-29,50,20,0.00,0.0,0
1971-11-30,41,14,0.03,0.0,0
1971-12-01,32,22,0.03,0.0,0
1971-12-02,31,25,0.06,0.0,0
1971-12-03,29,21,0.00,0.0,0
1971-12-04,35,6,0.09,1.0,0
1971-12-05,34,9,0.00,0.0,0
1971-12-06,37,15,0.00,0.0,0
1971-12-07,41,25,T,0.0,0
1971-12-08,34,20,0.26,5.5,M
1971-12-09,35,5,0.00,0.0,3
1971-12-10,34,19,0.00,0.0,1
1971-12-11,30,10,0.00,0.0,0
1971-12-12,34,4,0.00,0.0,0
1971-12-13,35,7,T,0.0,0
1971-12-14,38,23,0.31,6.0,M
1971-12-15,29,-0,0.00,0.0,4
1971-12-16,31,2,0.00,0.0,M
1971-12-17,32,3,0.00,0.0,M
1971-12-18,30,8,0.00,0.0,M
1971-12-19,36,9,0.00,0.0,M
1971-12-20,38,8,0.00,0.0,M
1971-12-21,38,14,0.00,0.0,M
1971-12-22,38,7,0.00,0.0,M
1971-12-23,49,27,0.00,0.0,M
1971-12-24,47,32,0.00,0.0,M
1971-12-25,46,28,0.00,0.0,M
1971-12-26,39,31,0.34,0.0,M
1971-12-27,42,33,0.00,0.0,M
1971-12-28,42,26,0.00,0.0,M
1971-12-29,36,26,0.18,1.0,M
1971-12-30,36,9,0.00,0.0,M
1971-12-31,36,10,0.00,0.0,M
1972-01-01,41,14,0.00,0.0,0
1972-01-02,39,13,0.00,0.0,0
1972-01-03,32,18,T,0.0,0
1972-01-04,21,-9,0.14,2.5,M
1972-01-05,28,-5,0.00,0.0,M
1972-01-06,37,7,0.00,0.0,M
1972-01-07,38,9,0.00,0.0,M
1972-01-08,36,12,0.00,0.0,M
1972-01-09,36,10,0.00,0.0,M
1972-01-10,40,18,0.00,0.0,M
1972-01-11,42,12,0.00,0.0,M
1972-01-12,41,24,0.00,0.0,M
1972-01-13,M,31,0.00,0.0,M
1972-01-14,39,17,0.00,0.0,M
1972-01-15,44,13,0.00,0.0,M
1972-01-16,45,14,0.00,0.0,M
1972-01-17,44,19,0.00,0.0,M
1972-01-18,47,18,0.00,0.0,M
1972-01-19,52,26,0.00,0.0,M
1972-01-20,52,31,0.00,0.0,M
1972-01-21,46,24,0.00,0.0,M
1972-01-22,51,23,0.00,0.0,M
1972-01-23,52,23,0.00,0.0,M
1972-01-24,45,28,0.00,0.0,M
1972-01-25,42,15,0.00,0.0,M
1972-01-26,52,24,0.00,0.0,M
1972-01-27,48,33,0.00,0.0,M
1972-01-28,45,14,0.00,0.0,M
1972-01-29,39,14,0.00,0.0,M
1972-01-30,33,10,0.00,0.0,M
1972-01-31,39,9,0.00,0.0,M
1972-02-01,42,5,0.00,0.0,0
1972-02-02,37,14,0.00,0.0,0
1972-02-03,37,4,0.00,0.0,0
1972-02-04,49,6,0.00,0.0,0
1972-02-05,45,17,0.00,0.0,0
1972-02-06,42,17,0.00,0.0,0
1972-02-07,47,17,0.00,0.0,0
1972-02-08,46,19,0.00,0.0,0
1972-02-09,49,18,0.00,0.0,0
1972-02-10,47,25,0.07,0.3,0
1972-02-11,40,6,0.02,0.0,0
1972-02-12,45,12,0.00,0.0,0
1972-02-13,51,18,0.00,0.0,0
1972-02-14,50,17,0.00,0.0,0
1972-02-15,47,26,0.00,0.0,0
1972-02-16,49,19,0.00,0.0,0
1972-02-17,51,9,0.00,0.0,0
1972-02-18,59,24,0.00,0.0,0
1972-02-19,58,29,0.00,0.0,0
1972-02-20,61,27,0.00,0.0,0
1972-02-21,61,31,0.00,0.0,0
1972-02-22,63,32,0.05,0.0,0
1972-02-23,56,24,0.00,0.0,0
1972-02-24,55,18,0.00,0.0,0
1972-02-25,54,21,0.00,0.0,0
1972-02-26,53,23,0.00,0.0,0
1972-02-27,57,26,0.00,0.0,0
1972-02-28,66,25,0.00,0.0,0
1972-02-29,62,40,0.00,0.0,0
1972-03-01,58,24,0.00,0.0,0
1972-03-02,53,22,0.00,0.0,0
1972-03-03,60,23,0.00,0.0,0
1972-03-04,59,34,0.00,0.0,0
1972-03-05,64,32,0.00,0.0,0
1972-03-06,69,29,0.00,0.0,0
1972-03-07,66,33,0.00,0.0,0
1972-03-08,64,27,0.00,0.0,0
1972-03-09,69,32,0.00,0.0,0
1972-03-10,71,32,0.00,0.0,0
1972-03-11,69,33,0.00,0.0,0
1972-03-12,67,35,0.00,0.0,0
1972-03-13,68,33,0.00,0.0,0
1972-03-14,67,32,0.00,0.0,0
1972-03-15,58,23,0.00,0.0,0
1972-03-16,66,22,0.00,0.0,0
1972-03-17,67,32,0.00,0.0,0
1972-03-18,65,33,0.00,0.0,0
1972-03-19,64,29,0.00,0.0,0
1972-03-20,59,32,0.00,0.0,0
1972-03-21,65,29,0.00,0.0,0
1972-03-22,68,32,0.00,0.0,0
1972-03-23,61,38,0.03,0.0,0
1972-03-24,59,21,0.00,0.0,0
1972-03-25,65,20,0.00,0.0,0
1972-03-26,67,37,0.00,0.0,0
1972-03-27,53,29,0.00,0.0,0
1972-03-28,47,23,0.09,0.0,0
1972-03-29,42,14,0.00,0.0,0
1972-03-30,44,12,0.00,0.0,0
1972-03-31,48,15,0.00,0.0,0
1972-04-01,57,19,0.00,0.0,0
1972-04-02,59,31,0.00,0.0,0
1972-04-03,62,28,0.00,0.0,0
1972-04-04,67,28,0.00,0.0,0
1972-04-05,72,22,0.00,0.0,0
1972-04-06,72,30,0.00,0.0,0
1972-04-07,69,32,0.00,0.0,0
1972-04-08,69,28,0.00,0.0,0
1972-04-09,72,39,0.00,0.0,0
1972-04-10,74,37,0.00,0.0,0
1972-04-11,75,55,0.00,0.0,0
1972-04-12,68,43,0.10,0.0,0
1972-04-13,67,38,0.00,0.0,0
1972-04-14,61,24,0.00,0.0,0
1972-04-15,54,23,0.00,0.0,0
1972-04-16,66,25,0.00,0.0,0
1972-04-17,70,29,0.00,0.0,0
1972-04-18,69,39,0.00,0.0,0
1972-04-19,64,37,0.00,0.0,0
1972-04-20,59,29,0.00,0.0,0
1972-04-21,61,22,0.00,0.0,0
1972-04-22,66,26,0.00,0.0,0
1972-04-23,70,37,0.00,0.0,0
1972-04-24,69,39,0.00,0.0,0
1972-04-25,70,35,0.00,0.0,0
1972-04-26,63,35,0.00,0.0,0
1972-04-27,59,25,0.00,0.0,0
1972-04-28,65,30,0.00,0.0,0
1972-04-29,72,34,0.00,0.0,0
1972-04-30,68,34,0.00,0.0,0
1972-05-01,66,34,0.00,0.0,0
1972-05-02,66,34,0.00,0.0,0
1972-05-03,72,35,0.00,0.0,0
1972-05-04,76,41,0.00,0.0,0
1972-05-05,72,43,T,0.0,0
1972-05-06,67,40,0.33,0.0,0
1972-05-07,59,39,0.00,0.0,0
1972-05-08,72,37,0.00,0.0,0
1972-05-09,72,38,0.00,0.0,0
1972-05-10,69,40,0.00,0.0,0
1972-05-11,65,33,0.00,0.0,0
1972-05-12,66,35,0.00,0.0,0
1972-05-13,65,33,0.00,0.0,0
1972-05-14,70,39,0.00,0.0,0
1972-05-15,76,36,0.00,0.0,0
1972-05-16,80,42,0.00,0.0,0
1972-05-17,M,46,0.00,0.0,0
1972-05-18,76,46,0.00,0.0,0
1972-05-19,74,54,0.05,0.0,0
1972-05-20,79,47,0.00,0.0,0
1972-05-21,78,37,0.00,0.0,0
1972-05-22,71,39,0.00,0.0,0
1972-05-23,71,30,0.00,0.0,0
1972-05-24,78,41,0.00,0.0,0
1972-05-25,79,46,0.00,0.0,0
1972-05-26,80,42,0.00,0.0,0
1972-05-27,81,46,0.00,0.0,0
1972-05-28,78,49,0.00,0.0,0
1972-05-29,72,45,0.16,0.0,0
1972-05-30,63,45,0.10,0.0,0
1972-05-31,75,45,0.09,0.0,0
1972-06-01,80,44,0.00,0.0,0
1972-06-02,87,48,0.00,0.0,0
1972-06-03,83,46,0.00,0.0,0
1972-06-04,81,48,0.00,0.0,0
1972-06-05,79,48,0.10,0.0,0
1972-06-06,78,42,0.00,0.0,0
1972-06-07,76,48,0.00,0.0,0
1972-06-08,72,50,0.00,0.0,0
1972-06-09,79,42,0.00,0.0,0
1972-06-10,84,45,0.00,0.0,0
1972-06-11,80,50,0.00,0.0,0
1972-06-12,75,49,0.05,0.0,0
1972-06-13,83,48,0.00,0.0,0
1972-06-14,82,45,0.00,0.0,0
1972-06-15,79,45,0.09,0.0,0
1972-06-16,76,43,0.03,0.0,0
1972-06-17,84,50,0.00,0.0,0
1972-06-18,84,50,0.00,0.0,0
1972-06-19,85,48,0.00,0.0,0
1972-06-20,85,44,0.00,0.0,0
1972-06-21,84,49,0.00,0.0,0
1972-06-22,84,48,0.00,0.0,0
1972-06-23,81,46,0.24,0.0,0
1972-06-24,80,42,0.05,0.0,0
1972-06-25,81,46,0.00,0.0,0
1972-06-26,83,42,0.00,0.0,0
1972-06-27,84,42,0.00,0.0,0
1972-06-28,90,50,0.00,0.0,0
1972-06-29,90,52,0.00,0.0,0
1972-06-30,85,51,0.00,0.0,0
1972-07-01,89,54,0.00,0.0,0
1972-07-02,87,53,0.00,0.0,0
1972-07-03,85,54,0.00,0.0,0
1972-07-04,82,54,0.00,0.0,0
1972-07-05,78,49,0.08,0.0,0
1972-07-06,82,50,0.03,0.0,0
1972-07-07,83,52,0.00,0.0,0
1972-07-08,85,53,0.00,0.0,0
1972-07-09,84,58,0.00,0.0,0
1972-07-10,80,53,0.11,0.0,0
1972-07-11,89,52,0.00,0.0,0
1972-07-12,86,52,0.00,0.0,0
1972-07-13,86,49,0.00,0.0,0
1972-07-14,94,60,0.00,0.0,0
1972-07-15,92,57,0.00,0.0,0
1972-07-16,82,54,0.07,0.0,0
1972-07-17,82,51,0.01,0.0,0
1972-07-18,82,49,0.06,0.0,0
1972-07-19,81,52,0.00,0.0,0
1972-07-20,80,54,0.00,0.0,0
1972-07-21,79,57,0.00,0.0,0
1972-07-22,84,51,0.00,0.0,0
1972-07-23,91,55,0.00,0.0,0
1972-07-24,82,55,0.42,0.0,0
1972-07-25,82,59,0.00,0.0,0
1972-07-26,83,52,0.04,0.0,0
1972-07-27,87,57,0.07,0.0,0
1972-07-28,88,56,0.00,0.0,0
1972-07-29,89,54,0.00,0.0,0
1972-07-30,96,54,0.00,0.0,0
1972-07-31,95,60,0.00,0.0,0
1972-08-01,90,61,0.00,0.0,0
1972-08-02,87,53,0.04,0.0,0
1972-08-03,84,55,0.00,0.0,0
1972-08-04,82,53,0.80,0.0,0
1972-08-05,80,51,0.10,0.0,0
1972-08-06,88,52,0.00,0.0,0
1972-08-07,85,54,0.00,0.0,0
1972-08-08,82,53,0.08,0.0,0
1972-08-09,80,48,0.01,0.0,0
1972-08-10,85,50,0.03,0.0,0
1972-08-11,88,52,0.00,0.0,0
1972-08-12,88,53,0.00,0.0,0
1972-08-13,88,54,0.00,0.0,0
1972-08-14,84,54,0.00,0.0,0
1972-08-15,82,52,0.00,0.0,0
1972-08-16,83,53,0.02,0.0,0
1972-08-17,83,48,0.00,0.0,0
1972-08-18,75,50,0.00,0.0,0
1972-08-19,73,54,0.05,0.0,0
1972-08-20,77,54,0.01,0.0,0
1972-08-21,83,51,0.00,0.0,0
1972-08-22,81,49,0.00,0.0,0
1972-08-23,81,49,0.00,0.0,0
1972-08-24,79,47,0.00,0.0,0
1972-08-25,80,46,0.00,0.0,0
1972-08-26,78,48,0.51,0.0,0
1972-08-27,78,52,0.05,0.0,0
1972-08-28,73,52,0.42,0.0,0
1972-08-29,72,52,0.02,0.0,0
1972-08-30,78,48,0.00,0.0,0
1972-08-31,81,51,0.00,0.0,0
1972-09-01,77,51,0.19,0.0,0
1972-09-02,73,48,0.06,0.0,0
1972-09-03,72,48,0.00,0.0,0
1972-09-04,72,46,0.00,0.0,0
1972-09-05,81,49,0.00,0.0,0
1972-09-06,80,45,0.22,0.0,0
1972-09-07,75,45,0.02,0.0,0
1972-09-08,78,50,0.00,0.0,0
1972-09-09,72,56,0.00,0.0,0
1972-09-10,74,51,0.10,0.0,0
1972-09-11,73,50,0.16,0.0,0
1972-09-12,72,48,0.46,0.0,0
1972-09-13,76,49,0.00,0.0,0
1972-09-14,76,49,0.00,0.0,0
1972-09-15,81,50,0.00,0.0,0
1972-09-16,80,47,0.00,0.0,0
1972-09-17,82,50,0.00,0.0,0
1972-09-18,81,50,0.00,0.0,0
1972-09-19,80,49,0.05,0.0,0
1972-09-20,71,42,0.38,0.0,0
1972-09-21,69,41,0.00,0.0,0
1972-09-22,71,36,0.00,0.0,0
1972-09-23,74,43,0.00,0.0,0
1972-09-24,73,45,0.00,0.0,0
1972-09-25,71,43,0.00,0.0,0
1972-09-26,71,39,0.00,0.0,0
1972-09-27,72,38,0.00,0.0,0
1972-09-28,73,40,0.00,0.0,0
1972-09-29,72,39,0.00,0.0,0
1972-09-30,79,35,0.00,0.0,0
1972-10-01,82,41,0.00,0.0,0
1972-10-02,81,46,0.00,0.0,0
1972-10-03,80,45,0.00,0.0,0
1972-10-04,76,51,0.00,0.0,0
1972-10-05,63,51,0.24,0.0,0
1972-10-06,63,48,0.24,0.0,0
1972-10-07,56,47,0.26,0.0,0
1972-10-08,69,40,0.00,0.0,0
1972-10-09,72,41,0.00,0.0,0
1972-10-10,73,45,0.00,0.0,0
1972-10-11,75,39,0.00,0.0,0
1972-10-12,73,49,0.00,0.0,0
1972-10-13,72,52,0.24,0.0,0
1972-10-14,73,45,0.21,0.0,0
1972-10-15,70,48,0.35,0.0,0
1972-10-16,72,43,0.00,0.0,0
1972-10-17,72,36,0.00,0.0,0
1972-10-18,63,40,0.06,0.0,0
1972-10-19,58,40,1.14,0.0,0
1972-10-20,52,38,0.35,0.0,0
1972-10-21,55,34,0.09,0.0,0
1972-10-22,56,30,0.00,0.0,0
1972-10-23,53,36,0.11,0.0,0
1972-10-24,52,34,0.00,0.0,0
1972-10-25,53,37,0.05,0.0,0
1972-10-26,54,28,0.00,0.0,0
1972-10-27,52,29,0.09,0.0,0
1972-10-28,51,38,0.04,0.0,0
1972-10-29,56,31,0.00,0.0,0
1972-10-30,54,36,0.28,0.0,0
1972-10-31,37,29,0.58,6.0,M
1972-11-01,30,20,0.22,4.0,4
1972-11-02,48,16,0.00,0.0,2
1972-11-03,51,23,0.00,0.0,0
1972-11-04,53,26,0.00,0.0,0
1972-11-05,51,30,0.00,0.0,0
1972-11-06,51,28,0.04,0.0,0
1972-11-07,49,25,0.00,0.0,0
1972-11-08,58,29,0.00,0.0,0
1972-11-09,56,27,0.11,0.0,0
1972-11-10,48,22,0.00,0.0,0
1972-11-11,49,30,0.00,0.0,0
1972-11-12,M,30,0.01,0.0,0
1972-11-13,44,25,0.00,0.0,0
1972-11-14,45,20,0.00,0.0,0
1972-11-15,42,24,0.00,0.0,0
1972-11-16,43,24,0.01,0.0,0
1972-11-17,39,24,0.04,0.0,0
1972-11-18,41,30,0.00,0.0,0
1972-11-19,42,24,0.00,0.0,0
1972-11-20,34,25,0.36,6.0,6
1972-11-21,38,20,0.00,0.0,5
1972-11-22,35,11,0.00,0.0,4
1972-11-23,41,9,0.00,0.0,2
1972-11-24,40,17,0.00,0.0,0
1972-11-25,37,17,0.00,0.0,0
1972-11-26,47,15,0.00,0.0,0
1972-11-27,40,31,0.00,0.0,0
1972-11-28,35,10,0.00,0.0,0
1972-11-29,36,15,0.00,0.0,0
1972-11-30,43,16,0.00,0.0,0
1972-12-01,49,17,0.00,0.0,0
1972-12-02,51,21,0.00,0.0,0
1972-12-03,49,21,0.00,0.0,0
1972-12-04,48,24,0.00,0.0,0
1972-12-05,48,17,0.07,T,0
1972-12-06,33,2,0.00,0.0,0
1972-12-07,39,11,0.00,0.0,0
1972-12-08,41,23,0.00,0.0,0
1972-12-09,36,24,0.00,0.0,0
1972-12-10,39,20,0.00,0.0,0
1972-12-11,36,23,0.04,0.0,0
1972-12-12,36,14,0.00,0.0,0
1972-12-13,33,8,0.00,0.0,0
1972-12-14,37,13,0.00,0.0,0
1972-12-15,34,7,0.00,0.0,0
1972-12-16,35,9,0.00,0.0,0
1972-12-17,40,9,0.00,0.0,0
1972-12-18,48,7,0.00,0.0,0
1972-12-19,46,11,0.00,0.0,0
1972-12-20,45,23,0.00,0.0,0
1972-12-21,46,12,0.00,0.0,0
1972-12-22,49,12,0.00,0.0,0
1972-12-23,48,31,0.00,0.0,0
1972-12-24,45,19,0.00,0.0,0
1972-12-25,44,23,0.00,0.0,0
1972-12-26,48,15,0.00,0.0,0
1972-12-27,48,14,0.00,0.0,0
1972-12-28,35,11,0.31,1.5,2
1972-12-29,31,13,0.01,T,1
1972-12-30,29,13,0.00,0.0,1
1972-12-31,28,5,0.00,0.0,1
1973-01-01,31,13,0.05,0.5,1
1973-01-02,30,15,0.00,0.0,1
1973-01-03,31,5,0.00,0.0,T
1973-01-04,33,10,0.00,0.0,0
1973-01-05,31,13,0.01,0.0,0
1973-01-06,29,9,0.00,0.0,0
1973-01-07,33,13,0.00,0.0,0
1973-01-08,33,2,0.00,0.0,0
1973-01-09,30,16,0.07,0.0,0
1973-01-10,38,20,0.14,5.0,5
1973-01-11,35,6,0.00,0.0,3
1973-01-12,39,8,0.00,0.0,2
1973-01-13,51,16,0.00,0.0,1
1973-01-14,53,21,0.00,0.0,0
1973-01-15,48,22,0.00,0.0,0
1973-01-16,49,20,0.00,0.0,0
1973-01-17,41,15,0.00,0.0,0
1973-01-18,40,21,0.00,0.0,0
1973-01-19,44,23,0.00,0.0,0
1973-01-20,37,17,0.00,0.0,0
1973-01-21,37,15,0.00,0.0,0
1973-01-22,34,9,0.00,0.0,0
1973-01-23,34,9,0.00,0.0,0
1973-01-24,45,10,0.00,0.0,0
1973-01-25,49,20,0.00,0.0,0
1973-01-26,46,19,0.00,0.0,0
1973-01-27,37,21,0.00,0.0,0
1973-01-28,40,12,0.00,0.0,0
1973-01-29,40,13,0.00,0.0,0
1973-01-30,44,11,0.00,0.0,0
1973-01-31,37,23,0.03,0.5,0
1973-02-01,38,15,0.00,0.0,0
1973-02-02,42,12,0.00,0.0,0
1973-02-03,46,12,0.00,0.0,0
1973-02-04,52,22,0.00,0.0,0
1973-02-05,49,24,0.00,0.0,0
1973-02-06,46,25,0.02,0.0,0
1973-02-07,45,28,0.02,0.0,0
1973-02-08,41,18,0.08,0.0,0
1973-02-09,36,5,0.05,0.0,0
1973-02-10,41,14,0.00,0.0,0
1973-02-11,37,23,0.00,0.0,0
1973-02-12,39,31,0.13,0.0,0
1973-02-13,40,20,0.00,0.0,0
1973-02-14,36,15,0.00,0.0,0
1973-02-15,41,15,0.00,0.0,0
1973-02-16,37,12,0.00,0.0,0
1973-02-17,44,24,0.02,0.0,0
1973-02-18,48,17,0.00,0.0,0
1973-02-19,45,20,0.00,0.0,0
1973-02-20,41,19,0.00,0.0,0
1973-02-21,42,25,0.00,0.0,0
1973-02-22,38,25,0.23,3.0,3
1973-02-23,40,19,0.00,0.0,0
1973-02-24,48,18,0.00,0.0,0
1973-02-25,53,25,0.00,0.0,0
1973-02-26,53,25,0.00,0.0,0
1973-02-27,57,22,0.00,0.0,0
1973-02-28,55,30,0.00,0.0,0
1973-03-01,54,29,0.00,0.0,0
1973-03-02,56,22,0.00,0.0,0
1973-03-03,47,27,0.04,0.0,0
1973-03-04,48,24,0.00,0.0,0
1973-03-05,50,20,0.00,0.0,0
1973-03-06,43,23,0.00,0.0,0
1973-03-07,43,20,0.00,0.0,0
1973-03-08,44,22,0.09,0.0,0
1973-03-09,41,30,0.16,0.0,0
1973-03-10,48,19,0.00,0.0,0
1973-03-11,49,25,0.00,0.0,0
1973-03-12,56,29,0.00,0.0,0
1973-03-13,51,25,0.11,0.0,0
1973-03-14,41,19,0.06,0.0,0
1973-03-15,43,20,0.00,0.0,0
1973-03-16,52,22,0.00,0.0,0
1973-03-17,58,25,0.00,0.0,0
1973-03-18,58,32,0.00,0.0,0
1973-03-19,54,24,T,0.0,0
1973-03-20,56,25,0.00,0.0,0
1973-03-21,52,29,0.05,0.0,0
1973-03-22,43,23,0.02,0.0,0
1973-03-23,42,25,0.07,8.0,8
1973-03-24,47,25,0.58,0.0,2
1973-03-25,48,17,0.00,0.0,1
1973-03-26,50,23,0.00,0.0,1
1973-03-27,44,35,T,0.0,M
1973-03-28,46,36,0.20,2.0,M
1973-03-29,41,30,0.31,1.0,M
1973-03-30,43,18,0.35,4.0,M
1973-03-31,45,16,0.20,2.0,M
1973-04-01,47,25,0.06,0.0,M
1973-04-02,39,30,0.12,M,M
1973-04-03,41,20,0.00,0.0,M
1973-04-04,45,31,0.00,0.0,M
1973-04-05,52,12,0.00,0.0,M
1973-04-06,58,23,0.00,0.0,M
1973-04-07,54,33,0.00,0.0,M
1973-04-08,39,17,0.00,0.0,M
1973-04-09,50,18,0.00,0.0,M
1973-04-10,58,22,0.00,0.0,M
1973-04-11,58,31,0.00,0.0,M
1973-04-12,60,31,0.00,0.0,M
1973-04-13,65,32,0.00,0.0,M
1973-04-14,64,35,0.00,0.0,M
1973-04-15,61,24,T,0.0,M
1973-04-16,52,27,0.00,0.0,M
1973-04-17,63,28,0.00,0.0,M
1973-04-18,60,34,0.00,0.0,M
1973-04-19,40,28,0.15,0.0,M
1973-04-20,43,21,0.00,0.0,M
1973-04-21,52,23,0.00,0.0,M
1973-04-22,59,24,0.00,0.0,M
1973-04-23,64,33,0.00,0.0,M
1973-04-24,63,19,0.00,0.0,M
1973-04-25,61,41,0.00,0.0,M
1973-04-26,59,27,0.00,0.0,M
1973-04-27,67,26,0.00,0.0,M
1973-04-28,71,36,0.00,0.0,M
1973-04-29,66,31,0.00,0.0,M
1973-04-30,61,40,0.00,0.0,M
1973-05-01,52,35,0.00,0.0,0
1973-05-02,57,24,0.00,0.0,0
1973-05-03,67,29,0.00,0.0,0
1973-05-04,71,36,0.00,0.0,0
1973-05-05,69,42,0.00,0.0,0
1973-05-06,49,31,0.14,0.0,0
1973-05-07,64,31,0.00,0.0,0
1973-05-08,67,34,0.00,0.0,0
1973-05-09,73,39,0.00,0.0,0
1973-05-10,77,42,0.00,0.0,0
1973-05-11,78,40,0.00,0.0,0
1973-05-12,75,44,0.00,0.0,0
1973-05-13,60,46,0.00,0.0,0
1973-05-14,58,35,0.00,0.0,0
1973-05-15,66,33,0.00,0.0,0
1973-05-16,73,36,0.02,0.0,0
1973-05-17,72,40,0.00,0.0,0
1973-05-18,80,41,0.00,0.0,0
1973-05-19,81,44,0.00,0.0,0
1973-05-20,74,48,0.00,0.0,0
1973-05-21,75,41,0.12,0.0,0
1973-05-22,63,36,0.00,0.0,0
1973-05-23,72,37,0.00,0.0,0
1973-05-24,73,36,0.00,0.0,0
1973-05-25,72,39,0.00,0.0,0
1973-05-26,68,45,0.20,0.0,0
1973-05-27,61,29,0.04,0.0,0
1973-05-28,69,31,0.00,0.0,0
1973-05-29,74,31,0.00,0.0,0
1973-05-30,76,38,0.00,0.0,0
1973-05-31,75,44,0.00,0.0,0
1973-06-01,65,51,T,0.0,0
1973-06-02,64,33,0.00,0.0,0
1973-06-03,69,41,0.00,0.0,0
1973-06-04,65,44,0.00,0.0,0
1973-06-05,73,32,0.00,0.0,0
1973-06-06,78,41,0.00,0.0,0
1973-06-07,81,43,0.00,0.0,0
1973-06-08,87,46,0.00,0.0,0
1973-06-09,85,48,0.00,0.0,0
1973-06-10,98,49,0.00,0.0,0
1973-06-11,89,50,0.00,0.0,0
1973-06-12,84,46,0.00,0.0,0
1973-06-13,76,50,0.00,0.0,0
1973-06-14,71,42,0.36,0.0,0
1973-06-15,72,37,0.00,0.0,0
1973-06-16,71,38,0.00,0.0,0
1973-06-17,76,43,0.00,0.0,0
1973-06-18,76,38,0.00,0.0,0
1973-06-19,72,38,0.00,0.0,0
1973-06-20,77,41,0.00,0.0,0
1973-06-21,81,47,0.00,0.0,0
1973-06-22,81,46,0.00,0.0,0
1973-06-23,80,47,0.05,0.0,0
1973-06-24,86,46,0.00,0.0,0
1973-06-25,89,53,0.00,0.0,0
1973-06-26,93,54,0.00,0.0,0
1973-06-27,92,56,0.00,0.0,0
1973-06-28,91,55,0.00,0.0,0
1973-06-29,89,53,0.02,0.0,0
1973-06-30,90,51,0.00,0.0,0
1973-07-01,89,51,0.00,0.0,0
1973-07-02,93,60,0.00,0.0,0
1973-07-03,88,56,0.00,0.0,0
1973-07-04,91,58,0.00,0.0,0
1973-07-05,90,54,0.00,0.0,0
1973-07-06,90,55,0.00,0.0,0
1973-07-07,92,50,0.00,0.0,0
1973-07-08,86,55,0.09,0.0,0
1973-07-09,82,54,0.19,0.0,0
1973-07-10,82,50,0.00,0.0,0
1973-07-11,86,50,0.00,0.0,0
1973-07-12,84,51,0.02,0.0,0
1973-07-13,82,48,0.04,0.0,0
1973-07-14,78,52,0.16,0.0,0
1973-07-15,75,53,0.00,0.0,0
1973-07-16,80,50,0.00,0.0,0
1973-07-17,74,53,0.01,0.0,0
1973-07-18,74,57,0.48,0.0,0
1973-07-19,75,52,0.37,0.0,0
1973-07-20,80,49,0.00,0.0,0
1973-07-21,80,48,0.00,0.0,0
1973-07-22,81,45,0.00,0.0,0
1973-07-23,82,46,0.00,0.0,0
1973-07-24,86,54,0.00,0.0,0
1973-07-25,84,55,0.00,0.0,0
1973-07-26,79,47,0.09,0.0,0
1973-07-27,82,47,0.01,0.0,0
1973-07-28,79,49,0.00,0.0,0
1973-07-29,82,51,0.00,0.0,0
1973-07-30,80,47,0.14,0.0,0
1973-07-31,77,47,0.12,0.0,0
1973-08-01,81,48,0.00,0.0,0
1973-08-02,81,45,0.00,0.0,0
1973-08-03,82,45,0.00,0.0,0
1973-08-04,81,50,0.20,0.0,0
1973-08-05,81,51,0.00,0.0,0
1973-08-06,82,53,0.00,0.0,0
1973-08-07,81,57,0.00,0.0,0
1973-08-08,81,49,0.00,0.0,0
1973-08-09,84,57,0.35,0.0,0
1973-08-10,85,55,0.00,0.0,0
1973-08-11,85,52,0.04,0.0,0
1973-08-12,85,60,0.50,0.0,0
1973-08-13,83,51,0.09,0.0,0
1973-08-14,84,57,0.28,0.0,0
1973-08-15,83,50,0.00,0.0,0
1973-08-16,84,49,0.00,0.0,0
1973-08-17,87,54,0.00,0.0,0
1973-08-18,86,54,0.00,0.0,0
1973-08-19,90,56,0.00,0.0,0
1973-08-20,83,55,0.01,0.0,0
1973-08-21,76,50,0.00,0.0,0
1973-08-22,83,50,0.00,0.0,0
1973-08-23,87,53,0.00,0.0,0
1973-08-24,85,50,0.00,0.0,0
1973-08-25,83,53,0.08,0.0,0
1973-08-26,85,47,0.00,0.0,0
1973-08-27,83,49,0.00,0.0,0
1973-08-28,85,54,0.00,0.0,0
1973-08-29,78,54,0.00,0.0,0
1973-08-30,75,52,0.13,0.0,0
1973-08-31,74,41,0.03,0.0,0
1973-09-01,77,45,0.00,0.0,0
1973-09-02,76,44,0.00,0.0,0
1973-09-03,76,35,0.00,0.0,0
1973-09-04,82,36,0.00,0.0,0
1973-09-05,82,45,0.00,0.0,0
1973-09-06,82,48,0.00,0.0,0
1973-09-07,82,42,0.00,0.0,0
1973-09-08,82,47,0.00,0.0,0
1973-09-09,81,49,0.00,0.0,0
1973-09-10,81,51,0.36,0.0,0
1973-09-11,69,48,1.00,0.0,0
1973-09-12,72,46,0.00,0.0,0
1973-09-13,77,45,0.00,0.0,0
1973-09-14,78,46,0.00,0.0,0
1973-09-15,75,45,0.00,0.0,0
1973-09-16,76,42,0.00,0.0,0
1973-09-17,78,43,0.00,0.0,0
1973-09-18,79,44,0.00,0.0,0
1973-09-19,78,44,0.00,0.0,0
1973-09-20,78,46,0.00,0.0,0
1973-09-21,79,45,0.00,0.0,0
1973-09-22,78,42,0.00,0.0,0
1973-09-23,77,45,0.00,0.0,0
1973-09-24,71,35,0.00,0.0,0
1973-09-25,65,36,0.04,0.0,0
1973-09-26,56,35,0.00,0.0,0
1973-09-27,62,28,0.00,0.0,0
1973-09-28,69,31,0.00,0.0,0
1973-09-29,70,34,0.00,0.0,0
1973-09-30,74,41,0.00,0.0,0
1973-10-01,77,40,0.00,0.0,0
1973-10-02,75,30,0.00,0.0,0
1973-10-03,74,38,0.00,0.0,0
1973-10-04,70,34,0.00,0.0,0
1973-10-05,67,36,0.00,0.0,0
1973-10-06,66,39,0.00,0.0,0
1973-10-07,71,38,0.00,0.0,0
1973-10-08,71,34,0.00,0.0,0
1973-10-09,72,42,0.00,0.0,0
1973-10-10,56,36,0.31,M,0
1973-10-11,50,32,0.00,0.0,0
1973-10-12,59,30,0.00,0.0,0
1973-10-13,M,35,0.00,0.0,0
1973-10-14,72,37,0.00,0.0,0
1973-10-15,78,38,0.00,0.0,0
1973-10-16,75,40,0.00,0.0,0
1973-10-17,74,38,0.00,0.0,0
1973-10-18,74,38,0.00,0.0,0
1973-10-19,73,37,0.00,0.0,0
1973-10-20,71,40,0.00,0.0,0
1973-10-21,71,36,0.00,0.0,0
1973-10-22,76,38,0.00,0.0,0
1973-10-23,75,37,0.00,0.0,0
1973-10-24,70,34,0.00,0.0,0
1973-10-25,65,28,0.00,0.0,0
1973-10-26,65,34,0.00,0.0,0
1973-10-27,67,33,0.00,0.0,0
1973-10-28,66,33,0.00,0.0,0
1973-10-29,67,29,0.00,0.0,0
1973-10-30,58,30,0.00,0.0,0
1973-10-31,61,22,0.00,0.0,0
1973-11-01,64,36,0.00,0.0,0
1973-11-02,65,34,0.00,0.0,0
1973-11-03,61,30,0.00,0.0,0
1973-11-04,54,38,0.04,0.0,0
1973-11-05,62,28,0.00,0.0,0
1973-11-06,64,24,0.00,0.0,0
1973-11-07,68,35,0.00,0.0,0
1973-11-08,68,36,0.00,0.0,0
1973-11-09,67,35,0.00,0.0,0
1973-11-10,71,34,0.00,0.0,0
1973-11-11,71,32,0.00,0.0,0
1973-11-12,68,32,0.00,0.0,0
1973-11-13,65,28,0.00,0.0,0
1973-11-14,60,25,0.00,0.0,0
1973-11-15,53,20,0.00,0.0,0
1973-11-16,53,20,0.00,0.0,0
1973-11-17,55,20,0.00,0.0,0
1973-11-18,54,21,0.00,0.0,0
1973-11-19,50,27,0.04,M,0
1973-11-20,39,24,0.00,0.0,0
1973-11-21,40,11,0.00,0.0,0
1973-11-22,45,21,0.00,0.0,0
1973-11-23,46,21,0.01,0.0,0
1973-11-24,41,14,0.00,0.0,0
1973-11-25,39,20,0.00,0.0,0
1973-11-26,36,24,0.00,0.0,0
1973-11-27,30,24,0.01,0.0,0
1973-11-28,48,9,0.00,0.0,0
1973-11-29,55,20,0.00,0.0,0
1973-11-30,55,22,0.00,0.0,0
1973-12-01,55,25,0.00,0.0,0
1973-12-02,51,27,0.02,0.0,0
1973-12-03,45,18,0.02,M,0
1973-12-04,39,11,0.00,0.0,0
1973-12-05,39,12,0.00,0.0,0
1973-12-06,41,10,0.00,0.0,0
1973-12-07,50,17,0.00,0.0,0
1973-12-08,54,21,0.00,0.0,0
1973-12-09,46,18,0.00,0.0,0
1973-12-10,49,17,0.00,0.0,0
1973-12-11,55,21,0.00,0.0,0
1973-12-12,48,19,0.00,0.0,0
1973-12-13,53,20,0.00,0.0,0
1973-12-14,42,12,0.00,0.0,0
1973-12-15,43,15,0.00,0.0,0
1973-12-16,51,19,0.00,0.0,0
1973-12-17,55,23,0.00,0.0,0
1973-12-18,44,22,0.00,0.0,0
1973-12-19,36,13,0.00,0.0,0
1973-12-20,41,9,0.00,0.0,0
1973-12-21,54,14,0.00,0.0,0
1973-12-22,41,19,0.00,0.0,0
1973-12-23,33,18,0.00,0.0,0
1973-12-24,37,15,0.00,0.0,0
1973-12-25,38,7,0.00,0.0,0
1973-12-26,41,10,0.00,0.0,0
1973-12-27,32,6,0.00,0.0,0
1973-12-28,40,23,0.00,0.0,0
1973-12-29,45,30,0.00,0.0,0
1973-12-30,46,30,0.00,0.0,0
1973-12-31,32,6,0.01,0.0,0
1974-01-01,24,13,1.09,M,11
1974-01-02,41,6,0.04,M,12
1974-01-03,18,-20,0.00,M,M
1974-01-04,26,-14,0.00,M,M
1974-01-05,34,5,0.00,M,M
1974-01-06,31,21,0.00,M,M
1974-01-07,31,14,0.05,M,M
1974-01-08,38,23,0.39,M,9
1974-01-09,39,25,0.04,M,8
1974-01-10,37,26,0.05,M,M
1974-01-11,36,3,0.00,M,M
1974-01-12,39,10,0.00,M,7
1974-01-13,43,19,0.00,M,6
1974-01-14,47,20,0.00,M,5
1974-01-15,49,18,0.00,M,M
1974-01-16,51,22,0.00,M,M
1974-01-17,51,23,0.00,M,M
1974-01-18,48,30,0.00,M,M
1974-01-19,49,23,0.00,M,M
1974-01-20,43,21,0.00,M,M
1974-01-21,39,33,0.42,M,M
1974-01-22,37,17,0.00,M,M
1974-01-23,34,10,0.00,M,M
1974-01-24,36,10,0.00,M,M
1974-01-25,38,10,0.00,M,M
1974-01-26,39,17,0.00,M,M
1974-01-27,34,20,0.04,M,M
1974-01-28,39,8,0.00,M,M
1974-01-29,36,5,0.00,M,M
1974-01-30,44,9,0.00,M,M
1974-01-31,47,11,0.00,M,M
1974-02-01,46,17,0.00,0.0,0
1974-02-02,43,21,0.00,0.0,0
1974-02-03,44,14,0.00,0.0,0
1974-02-04,45,16,0.00,0.0,0
1974-02-05,45,29,0.00,0.0,0
1974-02-06,32,7,0.00,0.0,0
1974-02-07,29,8,T,0.0,0
1974-02-08,28,1,0.00,0.0,0
1974-02-09,45,9,0.00,0.0,0
1974-02-10,48,13,0.00,0.0,0
1974-02-11,51,14,0.00,0.0,0
1974-02-12,51,18,0.00,0.0,0
1974-02-13,48,25,0.00,0.0,0
1974-02-14,45,29,0.10,0.0,0
1974-02-15,48,23,0.00,0.0,0
1974-02-16,51,21,0.00,0.0,0
1974-02-17,50,22,0.00,0.0,0
1974-02-18,43,25,T,0.0,0
1974-02-19,51,18,0.00,0.0,0
1974-02-20,46,26,0.07,2.0,0
1974-02-21,35,6,0.10,0.0,0
1974-02-22,42,9,0.00,0.0,0
1974-02-23,42,17,0.00,0.0,0
1974-02-24,37,7,0.00,0.0,0
1974-02-25,50,6,0.00,0.0,0
1974-02-26,55,19,0.00,0.0,0
1974-02-27,55,21,0.00,0.0,0
1974-02-28,58,25,0.00,0.0,0
1974-03-01,57,28,0.00,0.0,0
1974-03-02,57,27,0.00,0.0,0
1974-03-03,54,33,0.00,0.0,0
1974-03-04,54,27,0.00,0.0,0
1974-03-05,58,14,0.00,0.0,0
1974-03-06,58,16,0.00,0.0,0
1974-03-07,58,31,0.00,0.0,0
1974-03-08,56,29,0.00,0.0,0
1974-03-09,56,34,0.00,0.0,0
1974-03-10,44,31,0.64,0.0,0
1974-03-11,57,20,0.00,0.0,0
1974-03-12,56,24,0.00,0.0,0
1974-03-13,60,20,0.00,0.0,0
1974-03-14,61,29,0.00,0.0,0
1974-03-15,64,27,0.00,0.0,0
1974-03-16,65,29,0.00,0.0,0
1974-03-17,65,29,0.00,0.0,0
1974-03-18,M,30,0.00,0.0,0
1974-03-19,62,37,0.00,0.0,0
1974-03-20,57,36,0.00,0.0,0
1974-03-21,53,16,0.00,0.0,0
1974-03-22,54,31,0.00,0.0,0
1974-03-23,55,34,0.00,0.0,0
1974-03-24,55,17,0.00,0.0,0
1974-03-25,61,25,0.00,0.0,0
1974-03-26,64,29,0.00,0.0,0
1974-03-27,64,29,0.00,0.0,0
1974-03-28,62,30,0.00,0.0,0
1974-03-29,62,36,0.00,0.0,0
1974-03-30,67,31,0.00,0.0,0
1974-03-31,67,38,0.00,0.0,0
1974-04-01,68,20,0.00,0.0,0
1974-04-02,54,26,0.33,0.0,0
1974-04-03,43,31,0.00,0.0,0
1974-04-04,41,25,0.13,0.0,0
1974-04-05,58,19,0.00,0.0,0
1974-04-06,65,29,0.00,0.0,0
1974-04-07,63,32,0.00,0.0,0
1974-04-08,64,25,0.00,0.0,0
1974-04-09,68,37,0.00,0.0,0
1974-04-10,68,32,0.00,0.0,0
1974-04-11,51,26,0.00,0.0,0
1974-04-12,58,27,0.00,0.0,0
1974-04-13,57,20,0.00,0.0,0
1974-04-14,51,20,0.00,0.0,0
1974-04-15,60,25,0.00,0.0,0
1974-04-16,64,29,0.00,0.0,0
1974-04-17,69,32,0.00,0.0,0
1974-04-18,72,36,0.00,0.0,0
1974-04-19,68,34,0.00,0.0,0
1974-04-20,59,30,0.00,0.0,0
1974-04-21,62,32,0.00,0.0,0
1974-04-22,68,32,0.00,0.0,0
1974-04-23,72,41,0.00,0.0,0
1974-04-24,72,45,0.00,0.0,0
1974-04-25,72,40,0.00,0.0,0
1974-04-26,72,42,0.00,0.0,0
1974-04-27,72,30,0.00,0.0,0
1974-04-28,67,34,0.00,0.0,0
1974-04-29,68,33,0.00,0.0,0
1974-04-30,64,36,0.03,0.0,0
1974-05-01,68,39,0.00,0.0,0
1974-05-02,72,34,0.00,0.0,0
1974-05-03,72,32,0.00,0.0,0
1974-05-04,71,35,0.00,0.0,0
1974-05-05,72,41,0.00,0.0,0
1974-05-06,71,57,0.00,0.0,0
1974-05-07,74,37,0.00,0.0,0
1974-05-08,81,41,0.00,0.0,0
1974-05-09,82,46,0.00,0.0,0
1974-05-10,77,46,0.00,0.0,0
1974-05-11,77,48,0.00,0.0,0
1974-05-12,81,41,0.00,0.0,0
1974-05-13,76,58,0.00,0.0,0
1974-05-14,71,41,0.00,0.0,0
1974-05-15,79,40,0.00,0.0,0
1974-05-16,78,43,0.00,0.0,0
1974-05-17,75,48,0.06,0.0,0
1974-05-18,75,38,0.00,0.0,0
1974-05-19,78,35,0.00,0.0,0
1974-05-20,77,33,0.00,0.0,0
1974-05-21,67,34,0.00,0.0,0
1974-05-22,74,36,0.00,0.0,0
1974-05-23,79,51,0.00,0.0,0
1974-05-24,78,49,0.00,0.0,0
1974-05-25,78,37,0.00,0.0,0
1974-05-26,81,41,0.00,0.0,0
1974-05-27,85,40,0.00,0.0,0
1974-05-28,83,53,0.00,0.0,0
1974-05-29,81,36,0.00,0.0,0
1974-05-30,81,41,0.00,0.0,0
1974-05-31,80,46,0.00,0.0,0
1974-06-01,80,44,0.00,0.0,0
1974-06-02,76,43,0.00,0.0,0
1974-06-03,77,43,0.00,0.0,0
1974-06-04,81,44,0.00,0.0,0
1974-06-05,80,43,0.00,0.0,0
1974-06-06,74,47,0.00,0.0,0
1974-06-07,70,42,T,0.0,0
1974-06-08,66,43,0.62,0.0,0
1974-06-09,59,37,0.00,0.0,0
1974-06-10,80,34,0.00,0.0,0
1974-06-11,84,49,0.00,0.0,0
1974-06-12,84,49,0.00,0.0,0
1974-06-13,86,49,0.00,0.0,0
1974-06-14,91,53,0.00,0.0,0
1974-06-15,92,53,0.00,0.0,0
1974-06-16,90,54,0.00,0.0,0
1974-06-17,88,54,0.07,0.0,0
1974-06-18,88,56,0.00,0.0,0
1974-06-19,90,55,0.00,0.0,0
1974-06-20,91,56,0.00,0.0,0
1974-06-21,92,58,0.00,0.0,0
1974-06-22,93,54,0.00,0.0,0
1974-06-23,90,44,0.03,0.0,0
1974-06-24,89,51,0.00,0.0,0
1974-06-25,90,54,0.00,0.0,0
1974-06-26,89,55,0.00,0.0,0
1974-06-27,91,54,0.00,0.0,0
1974-06-28,92,56,0.00,0.0,0
1974-06-29,92,57,0.00,0.0,0
1974-06-30,89,56,0.00,0.0,0
1974-07-01,87,55,0.00,0.0,0
1974-07-02,86,52,0.00,0.0,0
1974-07-03,88,52,0.00,0.0,0
1974-07-04,88,63,0.00,0.0,0
1974-07-05,83,48,0.06,0.0,0
1974-07-06,84,48,0.02,0.0,0
1974-07-07,82,56,0.00,0.0,0
1974-07-08,83,54,0.02,0.0,0
1974-07-09,86,55,0.00,0.0,0
1974-07-10,87,55,0.00,0.0,0
1974-07-11,89,48,0.00,0.0,0
1974-07-12,89,55,0.00,0.0,0
1974-07-13,85,52,0.00,0.0,0
1974-07-14,83,52,0.00,0.0,0
1974-07-15,79,58,0.00,0.0,0
1974-07-16,81,52,0.26,0.0,0
1974-07-17,84,55,0.00,0.0,0
1974-07-18,86,59,0.23,0.0,0
1974-07-19,79,53,0.03,0.0,0
1974-07-20,84,50,0.00,0.0,0
1974-07-21,85,53,0.00,0.0,0
1974-07-22,85,53,0.00,0.0,0
1974-07-23,87,55,0.00,0.0,0
1974-07-24,87,54,0.21,0.0,0
1974-07-25,84,51,0.10,0.0,0
1974-07-26,87,56,0.00,0.0,0
1974-07-27,84,51,0.00,0.0,0
1974-07-28,81,57,0.00,0.0,0
1974-07-29,80,56,0.05,0.0,0
1974-07-30,80,49,0.00,0.0,0
1974-07-31,80,54,0.10,0.0,0
1974-08-01,79,59,0.17,0.0,0
1974-08-02,77,50,0.00,0.0,0
1974-08-03,63,53,0.31,0.0,0
1974-08-04,77,53,0.00,0.0,0
1974-08-05,77,51,0.00,0.0,0
1974-08-06,83,53,0.27,0.0,0
1974-08-07,81,50,0.01,0.0,0
1974-08-08,77,50,0.18,0.0,0
1974-08-09,79,45,0.11,0.0,0
1974-08-10,79,45,0.00,0.0,0
1974-08-11,79,45,0.00,0.0,0
1974-08-12,85,50,0.00,0.0,0
1974-08-13,83,48,0.00,0.0,0
1974-08-14,83,48,0.00,0.0,0
1974-08-15,83,51,0.00,0.0,0
1974-08-16,87,51,0.00,0.0,0
1974-08-17,88,53,0.00,0.0,0
1974-08-18,89,54,0.00,0.0,0
1974-08-19,86,56,0.02,0.0,0
1974-08-20,81,47,0.00,0.0,0
1974-08-21,85,48,0.00,0.0,0
1974-08-22,82,50,0.00,0.0,0
1974-08-23,80,46,0.00,0.0,0
1974-08-24,77,48,0.00,0.0,0
1974-08-25,76,46,0.00,0.0,0
1974-08-26,79,48,0.00,0.0,0
1974-08-27,79,55,0.02,0.0,0
1974-08-28,79,45,0.00,0.0,0
1974-08-29,83,53,0.00,0.0,0
1974-08-30,84,47,0.00,0.0,0
1974-08-31,83,50,0.00,0.0,0
1974-09-01,83,47,0.00,0.0,0
1974-09-02,79,47,0.00,0.0,0
1974-09-03,81,45,0.00,0.0,0
1974-09-04,83,43,0.00,0.0,0
1974-09-05,84,46,0.00,0.0,0
1974-09-06,84,48,0.00,0.0,0
1974-09-07,85,50,0.00,0.0,0
1974-09-08,87,48,0.00,0.0,0
1974-09-09,89,51,0.00,0.0,0
1974-09-10,86,53,0.00,0.0,0
1974-09-11,85,49,0.00,0.0,0
1974-09-12,83,47,0.00,0.0,0
1974-09-13,76,43,0.00,0.0,0
1974-09-14,64,44,0.12,0.0,0
1974-09-15,63,48,0.04,0.0,0
1974-09-16,65,44,0.01,0.0,0
1974-09-17,63,45,0.15,0.0,0
1974-09-18,69,41,0.00,0.0,0
1974-09-19,75,42,0.00,0.0,0
1974-09-20,75,49,0.05,0.0,0
1974-09-21,67,45,0.00,0.0,0
1974-09-22,64,48,0.00,0.0,0
1974-09-23,68,48,0.00,0.0,0
1974-09-24,78,43,0.00,0.0,0
1974-09-25,75,42,0.00,0.0,0
1974-09-26,75,48,0.00,0.0,0
1974-09-27,72,44,0.00,0.0,0
1974-09-28,74,30,0.00,0.0,0
1974-09-29,75,48,0.00,0.0,0
1974-09-30,75,38,0.00,0.0,0
1974-10-01,76,36,0.00,0.0,0
1974-10-02,76,37,0.00,0.0,0
1974-10-03,75,48,0.04,0.0,0
1974-10-04,74,50,0.00,0.0,0
1974-10-05,71,41,0.00,0.0,0
1974-10-06,71,42,0.10,0.0,0
1974-10-07,61,45,0.27,0.0,0
1974-10-08,70,43,0.00,0.0,0
1974-10-09,72,43,0.00,0.0,0
1974-10-10,70,43,0.04,0.0,0
1974-10-11,65,39,0.28,0.0,0
1974-10-12,61,43,0.63,0.0,0
1974-10-13,59,42,0.05,0.0,0
1974-10-14,59,40,0.00,0.0,0
1974-10-15,63,37,0.00,0.0,0
1974-10-16,69,38,0.00,0.0,0
1974-10-17,75,40,0.00,0.0,0
1974-10-18,76,42,0.00,0.0,0
1974-10-19,75,40,0.00,0.0,0
1974-10-20,70,39,0.00,0.0,0
1974-10-21,67,42,0.00,0.0,0
1974-10-22,60,42,0.05,0.0,0
1974-10-23,59,41,0.04,0.0,0
1974-10-24,62,34,0.00,0.0,0
1974-10-25,63,37,0.00,0.0,0
1974-10-26,60,36,0.00,0.0,0
1974-10-27,56,41,0.41,0.0,0
1974-10-28,51,33,0.00,0.0,0
1974-10-29,52,34,0.12,0.0,0
1974-10-30,43,30,0.24,0.0,0
1974-10-31,40,35,0.00,0.0,0
1974-11-01,49,25,0.00,0.0,0
1974-11-02,54,32,0.00,0.0,0
1974-11-03,50,26,0.16,0.0,0
1974-11-04,41,25,0.00,0.0,0
1974-11-05,42,28,0.00,0.0,0
1974-11-06,52,29,0.00,0.0,0
1974-11-07,55,26,0.00,0.0,0
1974-11-08,54,22,0.00,0.0,0
1974-11-09,49,29,0.18,0.0,0
1974-11-10,45,26,0.00,0.0,0
1974-11-11,53,23,0.00,0.0,0
1974-11-12,56,28,0.00,0.0,0
1974-11-13,59,21,0.00,0.0,0
1974-11-14,53,21,0.00,0.0,0
1974-11-15,58,29,0.00,0.0,0
1974-11-16,54,28,0.00,0.0,0
1974-11-17,53,26,0.00,0.0,0
1974-11-18,57,27,0.00,0.0,0
1974-11-19,51,22,0.00,0.0,0
1974-11-20,57,22,0.00,0.0,0
1974-11-21,63,24,0.00,0.0,0
1974-11-22,58,23,0.00,0.0,0
1974-11-23,50,32,0.00,0.0,0
1974-11-24,51,22,0.00,0.0,0
1974-11-25,52,22,0.00,0.0,0
1974-11-26,51,23,0.00,0.0,0
1974-11-27,48,21,0.00,0.0,0
1974-11-28,M,21,0.00,0.0,0
1974-11-29,36,7,0.18,3.0,3
1974-11-30,36,9,0.00,0.0,2
1974-12-01,39,14,0.00,0.0,0
1974-12-02,44,19,0.00,0.0,0
1974-12-03,47,23,0.00,0.0,0
1974-12-04,48,23,0.00,0.0,0
1974-12-05,46,29,0.00,0.0,0
1974-12-06,46,31,0.00,0.0,0
1974-12-07,37,18,0.00,0.0,0
1974-12-08,38,22,0.10,1.5,0
1974-12-09,38,8,0.00,0.0,0
1974-12-10,41,10,0.00,0.0,0
1974-12-11,39,12,0.00,0.0,0
1974-12-12,43,16,0.00,0.0,0
1974-12-13,40,14,0.00,0.0,0
1974-12-14,33,12,0.00,0.0,0
1974-12-15,36,12,0.00,0.0,0
1974-12-16,36,10,0.00,0.0,0
1974-12-17,47,19,0.00,0.0,0
1974-12-18,40,17,0.00,0.0,0
1974-12-19,39,18,0.00,0.0,0
1974-12-20,36,9,0.00,0.0,0
1974-12-21,45,18,0.00,0.0,0
1974-12-22,44,18,0.00,0.0,0
1974-12-23,46,22,0.04,1.5,0
1974-12-24,26,2,0.00,0.0,0
1974-12-25,32,-1,0.00,0.0,0
1974-12-26,27,15,0.37,6.3,6
1974-12-27,35,2,0.00,0.0,6
1974-12-28,32,-6,0.00,0.0,6
1974-12-29,36,6,0.04,0.0,6
1974-12-30,29,7,0.00,0.0,6
1974-12-31,28,4,0.00,0.0,6
1975-01-01,30,-5,0.00,0.0,5
1975-01-02,26,-3,0.28,2.0,7
1975-01-03,27,-2,0.00,0.0,7
1975-01-04,33,-2,0.00,0.0,6
1975-01-05,32,5,0.00,0.0,5
1975-01-06,38,5,0.00,0.0,5
1975-01-07,38,22,0.00,0.0,4
1975-01-08,37,12,0.00,0.0,4
1975-01-09,30,24,0.12,4.3,8
1975-01-10,28,-0,0.00,0.0,M
1975-01-11,21,3,0.00,0.0,M
1975-01-12,21,-14,0.00,0.0,M
1975-01-13,33,2,0.00,0.0,6
1975-01-14,44,8,0.00,0.0,6
1975-01-15,45,14,0.00,0.0,6
1975-01-16,41,16,0.00,0.0,5
1975-01-17,47,11,0.00,0.0,4
1975-01-18,46,15,0.00,0.0,4
1975-01-19,42,15,0.00,0.0,4
1975-01-20,47,13,0.00,0.0,3
1975-01-21,39,17,0.01,1.5,5
1975-01-22,33,2,0.00,0.0,M
1975-01-23,38,8,0.00,0.0,M
1975-01-24,42,6,0.00,0.0,M
1975-01-25,48,29,0.00,0.0,M
1975-01-26,52,21,0.00,0.0,M
1975-01-27,52,25,0.00,0.0,M
1975-01-28,42,12,0.00,0.0,M
1975-01-29,36,21,0.10,0.0,M
1975-01-30,40,35,0.10,0.0,M
1975-01-31,38,29,0.00,0.0,M
1975-02-01,41,22,0.00,0.0,M
1975-02-02,41,17,0.00,0.0,M
1975-02-03,40,19,0.00,0.0,M
1975-02-04,37,19,0.00,0.0,M
1975-02-05,33,24,0.11,0.0,M
1975-02-06,32,3,0.00,0.0,M
1975-02-07,44,10,0.00,0.0,M
1975-02-08,43,25,0.00,0.0,M
1975-02-09,46,21,0.02,0.0,M
1975-02-10,42,32,0.11,0.0,M
1975-02-11,39,19,0.01,0.0,M
1975-02-12,50,16,0.00,0.0,M
1975-02-13,52,24,0.00,0.0,M
1975-02-14,48,29,0.08,0.0,M
1975-02-15,36,28,0.22,0.0,M
1975-02-16,39,20,0.00,0.0,M
1975-02-17,38,19,0.05,0.0,M
1975-02-18,34,13,0.00,0.0,M
1975-02-19,39,8,0.00,0.0,M
1975-02-20,42,8,0.00,0.0,M
1975-02-21,39,25,0.00,0.0,M
1975-02-22,32,15,0.31,M,M
1975-02-23,32,-9,0.00,0.0,M
1975-02-24,47,9,0.00,0.0,M
1975-02-25,48,11,0.00,0.0,M
1975-02-26,48,21,0.00,0.0,M
1975-02-27,47,20,0.00,0.0,M
1975-02-28,52,24,0.00,0.0,M
1975-03-01,57,29,0.00,0.0,0
1975-03-02,58,30,0.00,0.0,0
1975-03-03,56,29,0.00,0.0,0
1975-03-04,52,23,0.00,0.0,0
1975-03-05,58,24,0.05,0.0,0
1975-03-06,54,41,0.00,0.0,0
1975-03-07,53,40,0.05,0.0,0
1975-03-08,52,31,0.20,0.0,0
1975-03-09,45,32,0.42,0.0,0
1975-03-10,47,33,0.00,0.0,0
1975-03-11,45,29,0.10,0.0,0
1975-03-12,39,35,0.02,0.0,0
1975-03-13,42,31,0.02,0.0,0
1975-03-14,50,20,0.00,0.0,0
1975-03-15,49,26,0.05,0.0,0
1975-03-16,51,23,0.00,0.0,0
1975-03-17,51,28,0.00,0.0,0
1975-03-18,53,19,0.00,0.0,0
1975-03-19,64,22,0.00,0.0,0
1975-03-20,62,45,0.00,0.0,0
1975-03-21,60,40,0.04,0.0,0
1975-03-22,59,28,0.00,0.0,0
1975-03-23,47,15,0.00,0.0,0
1975-03-24,55,22,0.00,0.0,0
1975-03-25,58,27,0.00,0.0,0
1975-03-26,57,30,0.10,0.0,0
1975-03-27,33,18,0.02,0.0,0
1975-03-28,34,9,0.00,0.0,0
1975-03-29,34,16,0.00,0.0,0
1975-03-30,42,11,0.00,0.0,0
1975-03-31,53,19,0.00,0.0,0
1975-04-01,51,19,0.01,0.0,0
1975-04-02,51,20,0.00,0.0,0
1975-04-03,57,19,0.00,0.0,0
1975-04-04,64,29,0.00,0.0,0
1975-04-05,63,35,0.00,0.0,0
1975-04-06,62,31,0.00,0.0,0
1975-04-07,58,25,T,0.0,0
1975-04-08,39,35,T,0.0,0
1975-04-09,47,15,0.00,0.0,0
1975-04-10,46,29,0.00,0.0,0
1975-04-11,47,31,0.00,0.0,0
1975-04-12,45,30,0.26,0.0,0
1975-04-13,45,22,0.26,0.0,0
1975-04-14,54,26,0.00,0.0,0
1975-04-15,64,30,0.00,0.0,0
1975-04-16,67,38,0.00,0.0,0
1975-04-17,68,51,0.00,0.0,0
1975-04-18,59,32,T,0.0,0
1975-04-19,54,23,0.00,0.0,0
1975-04-20,60,27,0.00,0.0,0
1975-04-21,69,34,0.00,0.0,0
1975-04-22,69,35,0.00,0.0,0
1975-04-23,67,41,0.00,0.0,0
1975-04-24,68,32,0.00,0.0,0
1975-04-25,72,34,0.00,0.0,0
1975-04-26,70,35,0.00,0.0,0
1975-04-27,62,26,0.00,0.0,0
1975-04-28,53,24,0.00,0.0,0
1975-04-29,53,37,0.00,0.0,0
1975-04-30,57,22,0.00,0.0,0
1975-05-01,62,31,0.00,0.0,0
1975-05-02,61,43,0.00,0.0,0
1975-05-03,66,20,0.00,0.0,0
1975-05-04,68,17,0.00,0.0,0
1975-05-05,68,43,0.00,0.0,0
1975-05-06,58,28,0.00,0.0,0
1975-05-07,56,M,0.00,0.0,0
1975-05-08,66,34,0.00,0.0,0
1975-05-09,71,38,0.00,0.0,0
1975-05-10,74,41,0.00,0.0,0
1975-05-11,76,33,0.00,0.0,0
1975-05-12,75,40,0.00,0.0,0
1975-05-13,70,30,0.00,0.0,0
1975-05-14,79,38,0.00,0.0,0
1975-05-15,79,39,0.00,0.0,0
1975-05-16,77,44,0.00,0.0,0
1975-05-17,74,43,0.00,0.0,0
1975-05-18,71,25,0.00,0.0,0
1975-05-19,69,38,0.00,0.0,0
1975-05-20,72,40,0.00,0.0,0
1975-05-21,79,50,0.00,0.0,0
1975-05-22,69,38,0.04,0.0,0
1975-05-23,60,31,0.00,0.0,0
1975-05-24,69,36,0.00,0.0,0
1975-05-25,75,41,0.00,0.0,0
1975-05-26,76,42,0.00,0.0,0
1975-05-27,76,56,0.00,0.0,0
1975-05-28,72,44,0.00,0.0,0
1975-05-29,56,36,0.00,0.0,0
1975-05-30,62,36,0.00,0.0,0
1975-05-31,69,32,0.00,0.0,0
1975-06-01,75,40,0.00,0.0,0
1975-06-02,78,41,0.00,0.0,0
1975-06-03,81,45,0.00,0.0,0
1975-06-04,80,57,0.00,0.0,0
1975-06-05,81,47,0.00,0.0,0
1975-06-06,81,44,0.00,0.0,0
1975-06-07,78,48,0.00,0.0,0
1975-06-08,76,46,0.00,0.0,0
1975-06-09,74,57,0.07,0.0,0
1975-06-10,71,43,0.00,0.0,0
1975-06-11,69,32,0.00,0.0,0
1975-06-12,78,37,0.00,0.0,0
1975-06-13,81,47,0.00,0.0,0
1975-06-14,82,51,0.00,0.0,0
1975-06-15,82,40,0.00,0.0,0
1975-06-16,81,59,0.00,0.0,0
1975-06-17,81,44,0.00,0.0,0
1975-06-18,79,45,0.00,0.0,0
1975-06-19,73,40,0.08,0.0,0
1975-06-20,79,47,0.00,0.0,0
1975-06-21,78,47,0.00,0.0,0
1975-06-22,77,47,0.00,0.0,0
1975-06-23,80,40,0.00,0.0,0
1975-06-24,82,46,0.00,0.0,0
1975-06-25,82,51,0.00,0.0,0
1975-06-26,83,37,0.00,0.0,0
1975-06-27,85,49,0.00,0.0,0
1975-06-28,84,53,0.00,0.0,0
1975-06-29,87,50,0.00,0.0,0
1975-06-30,89,56,0.00,0.0,0
1975-07-01,89,49,0.00,0.0,0
1975-07-02,79,45,0.07,0.0,0
1975-07-03,84,51,0.00,0.0,0
1975-07-04,83,59,0.05,0.0,0
1975-07-05,83,47,0.00,0.0,0
1975-07-06,84,52,0.10,0.0,0
1975-07-07,87,65,0.00,0.0,0
1975-07-08,87,48,0.03,0.0,0
1975-07-09,85,58,0.11,0.0,0
1975-07-10,75,63,0.08,0.0,0
1975-07-11,72,55,0.00,0.0,0
1975-07-12,73,51,0.09,0.0,0
1975-07-13,76,50,0.00,0.0,0
1975-07-14,83,48,0.07,0.0,0
1975-07-15,81,51,0.06,0.0,0
1975-07-16,79,49,0.27,0.0,0
1975-07-17,78,47,0.00,0.0,0
1975-07-18,82,51,0.10,0.0,0
1975-07-19,85,56,0.00,0.0,0
1975-07-20,87,53,0.00,0.0,0
1975-07-21,83,50,0.08,0.0,0
1975-07-22,83,49,0.00,0.0,0
1975-07-23,84,52,0.00,0.0,0
1975-07-24,83,53,0.05,0.0,0
1975-07-25,80,51,0.59,0.0,0
1975-07-26,79,47,0.00,0.0,0
1975-07-27,82,47,0.00,0.0,0
1975-07-28,83,52,0.00,0.0,0
1975-07-29,82,53,0.00,0.0,0
1975-07-30,78,47,0.00,0.0,0
1975-07-31,84,46,0.00,0.0,0
1975-08-01,88,56,0.00,0.0,0
1975-08-02,83,55,0.00,0.0,0
1975-08-03,84,53,0.00,0.0,0
1975-08-04,85,53,0.02,0.0,0
1975-08-05,84,52,0.00,0.0,0
1975-08-06,87,48,0.00,0.0,0
1975-08-07,88,50,0.07,0.0,0
1975-08-08,84,51,0.07,0.0,0
1975-08-09,85,47,0.11,0.0,0
1975-08-10,79,47,0.00,0.0,0
1975-08-11,80,46,0.00,0.0,0
1975-08-12,79,45,0.11,0.0,0
1975-08-13,72,46,0.19,0.0,0
1975-08-14,78,39,0.00,0.0,0
1975-08-15,81,44,0.00,0.0,0
1975-08-16,81,55,0.00,0.0,0
1975-08-17,79,46,0.34,0.0,0
1975-08-18,M,M,0.00,0.0,0
1975-08-19,83,45,0.00,0.0,0
1975-08-20,83,54,0.16,0.0,0
1975-08-21,75,52,0.19,0.0,0
1975-08-22,76,50,0.00,0.0,0
1975-08-23,81,54,0.00,0.0,0
1975-08-24,81,48,0.00,0.0,0
1975-08-25,82,41,0.00,0.0,0
1975-08-26,85,46,0.00,0.0,0
1975-08-27,84,51,0.02,0.0,0
1975-08-28,80,46,0.00,0.0,0
1975-08-29,83,48,0.00,0.0,0
1975-08-30,86,47,0.00,0.0,0
1975-08-31,87,49,0.00,0.0,0
1975-09-01,86,50,0.00,0.0,0
1975-09-02,85,53,0.00,0.0,0
1975-09-03,81,52,0.00,0.0,0
1975-09-04,78,54,1.56,0.0,0
1975-09-05,M,50,0.33,0.0,0
1975-09-06,70,46,0.00,0.0,0
1975-09-07,73,47,0.00,0.0,0
1975-09-08,74,50,0.00,0.0,0
1975-09-09,74,51,0.08,0.0,0
1975-09-10,74,47,0.00,0.0,0
1975-09-11,74,59,0.16,0.0,0
1975-09-12,64,46,0.54,0.0,0
1975-09-13,58,45,0.06,0.0,0
1975-09-14,68,43,0.03,0.0,0
1975-09-15,72,44,0.00,0.0,0
1975-09-16,75,45,0.00,0.0,0
1975-09-17,77,47,0.00,0.0,0
1975-09-18,76,44,0.00,0.0,0
1975-09-19,74,46,0.00,0.0,0
1975-09-20,73,45,0.01,0.0,0
1975-09-21,61,42,0.00,0.0,0
1975-09-22,66,31,0.00,0.0,0
1975-09-23,72,35,0.00,0.0,0
1975-09-24,72,39,0.00,0.0,0
1975-09-25,73,37,0.00,0.0,0
1975-09-26,75,39,0.00,0.0,0
1975-09-27,74,38,0.00,0.0,0
1975-09-28,74,51,0.00,0.0,0
1975-09-29,73,37,0.00,0.0,0
1975-09-30,73,46,0.00,0.0,0
1975-10-01,67,44,0.00,0.0,0
1975-10-02,71,47,0.00,0.0,0
1975-10-03,73,38,0.00,0.0,0
1975-10-04,73,38,0.00,0.0,0
1975-10-05,77,39,0.00,0.0,0
1975-10-06,77,36,0.00,0.0,0
1975-10-07,76,36,0.00,0.0,0
1975-10-08,70,38,0.00,0.0,0
1975-10-09,70,30,0.00,0.0,0
1975-10-10,73,39,0.00,0.0,0
1975-10-11,75,37,0.00,0.0,0
1975-10-12,74,32,0.00,0.0,0
1975-10-13,73,32,0.00,0.0,0
1975-10-14,56,23,0.00,0.0,0
1975-10-15,60,20,0.00,0.0,0
1975-10-16,65,18,0.00,0.0,0
1975-10-17,65,33,0.00,0.0,0
1975-10-18,70,34,0.00,0.0,0
1975-10-19,74,37,0.00,0.0,0
1975-10-20,73,39,0.00,0.0,0
1975-10-21,73,35,0.00,0.0,0
1975-10-22,69,42,0.00,0.0,0
1975-10-23,67,39,0.09,0.0,0
1975-10-24,42,16,0.00,0.0,0
1975-10-25,53,18,0.00,0.0,0
1975-10-26,64,21,0.00,0.0,0
1975-10-27,66,M,0.00,0.0,0
1975-10-28,63,28,0.00,0.0,0
1975-10-29,65,34,0.00,0.0,0
1975-10-30,66,29,0.00,0.0,0
1975-10-31,61,41,0.19,0.0,0
1975-11-01,53,31,0.00,0.0,M
1975-11-02,61,27,0.00,0.0,M
1975-11-03,66,25,0.00,0.0,M
1975-11-04,65,34,0.00,0.0,M
1975-11-05,69,35,0.00,0.0,M
1975-11-06,66,44,0.00,0.0,M
1975-11-07,66,36,0.00,0.0,M
1975-11-08,65,31,0.00,0.0,M
1975-11-09,62,25,0.00,0.0,M
1975-11-10,58,19,0.00,0.0,M
1975-11-11,55,11,0.00,0.0,M
1975-11-12,49,15,0.00,0.0,M
1975-11-13,59,17,0.00,0.0,M
1975-11-14,63,28,0.00,0.0,M
1975-11-15,64,31,0.00,0.0,M
1975-11-16,64,27,0.00,0.0,M
1975-11-17,65,31,0.00,0.0,M
1975-11-18,61,40,0.00,0.0,M
1975-11-19,49,22,0.65,7.0,M
1975-11-20,37,10,0.00,0.0,M
1975-11-21,31,12,T,0.0,M
1975-11-22,37,9,0.00,0.0,M
1975-11-23,42,13,0.00,0.0,M
1975-11-24,44,9,0.00,0.0,M
1975-11-25,39,11,0.00,0.0,M
1975-11-26,30,3,0.00,0.0,M
1975-11-27,33,11,0.69,4.0,M
1975-11-28,44,17,0.60,6.0,M
1975-11-29,42,19,0.16,5.0,M
1975-11-30,44,8,0.30,3.0,M
1975-12-01,43,6,0.00,0.0,M
1975-12-02,52,18,0.00,0.0,M
1975-12-03,51,23,0.00,0.0,M
1975-12-04,48,21,0.00,0.0,M
1975-12-05,51,21,0.00,0.0,M
1975-12-06,47,24,0.00,0.0,M
1975-12-07,50,22,0.00,0.0,M
1975-12-08,49,25,0.00,0.0,M
1975-12-09,55,25,0.00,0.0,M
1975-12-10,53,26,0.00,0.0,M
1975-12-11,51,24,0.00,0.0,M
1975-12-12,49,23,0.00,0.0,M
1975-12-13,44,27,0.00,0.0,M
1975-12-14,34,27,0.00,0.0,M
1975-12-15,40,10,0.00,0.0,M
1975-12-16,47,11,0.00,0.0,M
1975-12-17,46,13,0.00,0.0,M
1975-12-18,43,9,0.00,0.0,M
1975-12-19,44,15,0.00,0.0,M
1975-12-20,42,11,0.00,0.0,M
1975-12-21,32,23,0.09,M,M
1975-12-22,41,24,0.00,0.0,M
1975-12-23,38,24,0.00,0.0,M
1975-12-24,40,16,0.00,0.0,M
1975-12-25,41,14,0.00,0.0,M
1975-12-26,41,15,0.00,0.0,M
1975-12-27,43,14,0.00,0.0,M
1975-12-28,33,19,0.00,0.0,M
1975-12-29,37,8,0.00,0.0,M
1975-12-30,48,13,0.00,0.0,M
1975-12-31,41,15,0.03,M,M
1976-01-01,25,-4,0.00,M,M
1976-01-02,25,-6,0.00,M,M
1976-01-03,30,-1,0.00,M,M
1976-01-04,35,8,0.00,M,M
1976-01-05,38,9,0.00,M,M
1976-01-06,38,18,0.09,M,M
1976-01-07,30,2,0.00,M,M
1976-01-08,39,4,0.00,M,M
1976-01-09,44,12,0.00,M,M
1976-01-10,43,20,0.00,M,M
1976-01-11,43,13,0.00,M,M
1976-01-12,48,11,0.00,M,M
1976-01-13,49,24,0.00,M,M
1976-01-14,43,12,0.00,M,M
1976-01-15,48,11,0.00,M,M
1976-01-16,55,22,0.00,M,M
1976-01-17,53,23,0.00,M,M
1976-01-18,50,19,0.00,M,M
1976-01-19,42,24,0.00,M,M
1976-01-20,46,14,0.00,M,M
1976-01-21,50,11,0.00,M,M
1976-01-22,49,16,0.00,M,M
1976-01-23,48,19,0.00,M,M
1976-01-24,45,21,0.00,M,M
1976-01-25,34,17,T,M,M
1976-01-26,30,6,0.00,M,M
1976-01-27,43,10,0.00,M,M
1976-01-28,54,19,0.00,M,M
1976-01-29,55,23,0.00,M,M
1976-01-30,53,21,0.00,M,M
1976-01-31,49,17,0.00,M,M
1976-02-01,56,21,0.00,M,M
1976-02-02,54,19,0.00,M,M
1976-02-03,54,22,0.00,M,M
1976-02-04,54,22,T,M,M
1976-02-05,40,26,0.05,M,M
1976-02-06,46,31,0.14,M,M
1976-02-07,49,25,0.00,M,M
1976-02-08,56,27,0.00,M,M
1976-02-09,57,36,0.02,M,M
1976-02-10,52,32,0.01,M,M
1976-02-11,51,24,0.00,M,M
1976-02-12,57,24,0.00,M,M
1976-02-13,55,26,0.21,M,M
1976-02-14,50,35,0.00,M,M
1976-02-15,45,24,0.00,M,M
1976-02-16,40,28,0.01,M,M
1976-02-17,38,25,0.01,M,M
1976-02-18,50,26,0.00,M,M
1976-02-19,55,20,0.00,M,M
1976-02-20,54,23,0.03,M,M
1976-02-21,35,7,T,M,M
1976-02-22,49,11,0.00,M,M
1976-02-23,51,18,0.00,M,M
1976-02-24,57,20,0.00,M,M
1976-02-25,53,19,0.00,M,M
1976-02-26,59,22,0.00,M,M
1976-02-27,61,27,0.00,M,M
1976-02-28,62,26,0.00,M,M
1976-02-29,61,30,0.00,M,M
1976-03-01,59,40,T,M,M
1976-03-02,54,40,0.00,M,M
1976-03-03,56,26,0.00,M,M
1976-03-04,55,18,0.27,M,M
1976-03-05,37,8,0.00,M,M
1976-03-06,49,19,0.00,M,M
1976-03-07,51,29,0.00,M,M
1976-03-08,48,29,0.00,M,M
1976-03-09,55,25,0.00,M,M
1976-03-10,55,24,0.00,M,M
1976-03-11,50,28,0.03,M,M
1976-03-12,39,9,0.08,M,M
1976-03-13,47,14,0.00,M,M
1976-03-14,54,21,0.00,M,M
1976-03-15,53,25,0.00,M,M
1976-03-16,57,30,0.00,M,M
1976-03-17,62,27,0.00,M,M
1976-03-18,62,28,0.00,M,M
1976-03-19,60,37,0.00,M,M
1976-03-20,55,22,0.00,M,M
1976-03-21,58,12,0.00,M,M
1976-03-22,61,22,0.00,M,M
1976-03-23,65,26,0.00,M,M
1976-03-24,64,25,0.00,M,M
1976-03-25,67,27,0.00,M,M
1976-03-26,62,23,0.00,M,M
1976-03-27,55,21,0.00,M,M
1976-03-28,51,31,0.00,M,M
1976-03-29,42,19,0.00,M,M
1976-03-30,45,24,0.00,M,M
1976-03-31,59,18,0.00,M,M
1976-04-01,66,24,0.00,0.0,0
1976-04-02,67,48,0.00,0.0,0
1976-04-03,67,29,0.00,0.0,0
1976-04-04,61,44,0.00,0.0,0
1976-04-05,62,35,0.00,0.0,0
1976-04-06,56,M,0.00,0.0,0
1976-04-07,63,25,0.00,0.0,0
1976-04-08,60,32,0.00,0.0,0
1976-04-09,65,32,0.00,0.0,0
1976-04-10,69,50,0.00,0.0,0
1976-04-11,70,34,0.00,0.0,0
1976-04-12,66,35,0.00,0.0,0
1976-04-13,64,36,0.00,0.0,0
1976-04-14,60,36,0.04,0.0,0
1976-04-15,47,33,0.13,0.0,0
1976-04-16,43,28,0.20,0.0,0
1976-04-17,37,24,0.04,0.0,0
1976-04-18,56,25,0.04,0.0,0
1976-04-19,55,27,0.01,0.0,0
1976-04-20,60,29,0.00,0.0,0
1976-04-21,67,33,0.00,0.0,0
1976-04-22,68,32,0.00,0.0,0
1976-04-23,67,37,0.00,0.0,0
1976-04-24,69,28,0.00,0.0,0
1976-04-25,71,48,0.00,0.0,0
1976-04-26,70,50,0.00,0.0,0
1976-04-27,71,45,0.00,0.0,0
1976-04-28,69,34,0.00,0.0,0
1976-04-29,68,43,0.05,0.0,0
1976-04-30,61,34,0.00,0.0,0
1976-05-01,63,25,0.00,0.0,0
1976-05-02,70,30,0.00,0.0,0
1976-05-03,69,37,0.00,0.0,0
1976-05-04,66,42,0.00,0.0,0
1976-05-05,66,38,0.00,0.0,0
1976-05-06,65,42,0.36,0.0,0
1976-05-07,55,40,0.13,0.0,0
1976-05-08,55,33,0.13,0.0,0
1976-05-09,61,31,0.00,0.0,0
1976-05-10,71,44,0.00,0.0,0
1976-05-11,75,56,0.00,0.0,0
1976-05-12,74,41,0.00,0.0,0
1976-05-13,73,32,0.00,0.0,0
1976-05-14,79,39,0.00,0.0,0
1976-05-15,89,42,0.00,0.0,0
1976-05-16,78,36,0.00,0.0,0
1976-05-17,75,45,0.00,0.0,0
1976-05-18,75,48,0.00,0.0,0
1976-05-19,74,42,0.00,0.0,0
1976-05-20,73,41,0.00,0.0,0
1976-05-21,69,43,0.02,0.0,0
1976-05-22,70,48,0.00,0.0,0
1976-05-23,73,50,0.00,0.0,0
1976-05-24,76,34,0.00,0.0,0
1976-05-25,75,35,0.00,0.0,0
1976-05-26,73,29,0.00,0.0,0
1976-05-27,75,33,0.00,0.0,0
1976-05-28,78,36,0.00,0.0,0
1976-05-29,77,35,0.00,0.0,0
1976-05-30,75,39,0.00,0.0,0
1976-05-31,77,32,0.00,0.0,0
1976-06-01,80,43,0.00,0.0,0
1976-06-02,81,40,0.00,0.0,0
1976-06-03,80,48,0.00,0.0,0
1976-06-04,78,45,0.00,0.0,0
1976-06-05,77,40,0.00,0.0,0
1976-06-06,78,42,0.00,0.0,0
1976-06-07,74,38,0.02,0.0,0
1976-06-08,94,42,0.02,0.0,0
1976-06-09,82,46,0.00,0.0,0
1976-06-10,82,42,0.00,0.0,0
1976-06-11,79,41,0.00,0.0,0
1976-06-12,73,27,0.00,0.0,0
1976-06-13,78,34,0.00,0.0,0
1976-06-14,75,50,0.00,0.0,0
1976-06-15,74,35,0.00,0.0,0
1976-06-16,82,30,0.00,0.0,0
1976-06-17,80,53,0.00,0.0,0
1976-06-18,79,46,0.00,0.0,0
1976-06-19,83,40,0.00,0.0,0
1976-06-20,89,44,0.00,0.0,0
1976-06-21,86,51,0.00,0.0,0
1976-06-22,85,49,0.12,0.0,0
1976-06-23,84,38,0.00,0.0,0
1976-06-24,75,37,0.00,0.0,0
1976-06-25,80,38,0.00,0.0,0
1976-06-26,85,41,0.00,0.0,0
1976-06-27,88,45,0.00,0.0,0
1976-06-28,90,48,0.00,0.0,0
1976-06-29,88,50,0.00,0.0,0
1976-06-30,83,64,0.00,0.0,0
1976-07-01,79,52,0.00,0.0,0
1976-07-02,85,56,T,0.0,0
1976-07-03,88,47,0.08,0.0,0
1976-07-04,80,64,0.00,0.0,0
1976-07-05,86,53,0.05,0.0,0
1976-07-06,80,64,0.00,0.0,0
1976-07-07,88,45,0.00,0.0,0
1976-07-08,88,52,T,0.0,0
1976-07-09,93,51,0.01,0.0,0
1976-07-10,93,M,0.00,0.0,0
1976-07-11,85,M,0.00,0.0,0
1976-07-12,85,M,0.00,0.0,0
1976-07-13,80,M,0.10,0.0,0
1976-07-14,85,M,0.02,0.0,0
1976-07-15,91,52,0.00,0.0,0
1976-07-16,86,57,0.00,0.0,0
1976-07-17,87,51,0.00,0.0,0
1976-07-18,89,54,0.00,0.0,0
1976-07-19,94,43,0.05,0.0,0
1976-07-20,93,54,0.00,0.0,0
1976-07-21,76,51,0.05,0.0,0
1976-07-22,82,52,0.31,0.0,0
1976-07-23,78,48,0.07,0.0,0
1976-07-24,76,61,0.00,0.0,0
1976-07-25,77,63,0.00,0.0,0
1976-07-26,78,54,0.08,0.0,0
1976-07-27,80,48,0.30,0.0,0
1976-07-28,81,48,0.00,0.0,0
1976-07-29,84,51,0.00,0.0,0
1976-07-30,89,54,0.00,0.0,0
1976-07-31,88,55,0.00,0.0,0
1976-08-01,79,56,0.44,0.0,0
1976-08-02,75,48,0.00,0.0,0
1976-08-03,75,52,0.14,0.0,0
1976-08-04,81,46,0.00,0.0,0
1976-08-05,82,47,0.00,0.0,0
1976-08-06,86,47,0.00,0.0,0
1976-08-07,86,53,0.06,0.0,0
1976-08-08,82,51,0.00,0.0,0
1976-08-09,83,53,0.10,0.0,0
1976-08-10,80,48,0.28,0.0,0
1976-08-11,78,50,0.04,0.0,0
1976-08-12,85,48,0.00,0.0,0
1976-08-13,83,51,0.00,0.0,0
1976-08-14,84,48,0.00,0.0,0
1976-08-15,83,47,0.04,0.0,0
1976-08-16,85,47,0.00,0.0,0
1976-08-17,85,53,0.74,0.0,0
1976-08-18,83,53,0.00,0.0,0
1976-08-19,78,54,0.27,0.0,0
1976-08-20,74,50,0.00,0.0,0
1976-08-21,77,52,0.03,0.0,0
1976-08-22,83,51,0.01,0.0,0
1976-08-23,83,56,0.00,0.0,0
1976-08-24,76,47,0.70,0.0,0
1976-08-25,77,48,0.13,0.0,0
1976-08-26,79,50,0.07,0.0,0
1976-08-27,78,52,0.00,0.0,0
1976-08-28,78,49,0.00,0.0,0
1976-08-29,79,55,0.00,0.0,0
1976-08-30,78,48,0.00,0.0,0
1976-08-31,75,45,0.00,0.0,0
1976-09-01,75,49,0.00,0.0,0
1976-09-02,78,43,0.00,0.0,0
1976-09-03,84,47,0.00,0.0,0
1976-09-04,85,51,0.00,0.0,0
1976-09-05,84,51,0.00,0.0,0
1976-09-06,80,52,0.00,0.0,0
1976-09-07,77,48,0.00,0.0,0
1976-09-08,78,46,0.00,0.0,0
1976-09-09,74,54,0.00,0.0,0
1976-09-10,62,48,0.03,0.0,0
1976-09-11,83,44,0.00,0.0,0
1976-09-12,76,42,0.00,0.0,0
1976-09-13,79,43,0.00,0.0,0
1976-09-14,79,50,0.00,0.0,0
1976-09-15,78,54,0.00,0.0,0
1976-09-16,76,51,0.00,0.0,0
1976-09-17,77,50,0.00,0.0,0
1976-09-18,75,44,0.17,0.0,0
1976-09-19,79,43,0.00,0.0,0
1976-09-20,73,41,0.00,0.0,0
1976-09-21,75,44,0.00,0.0,0
1976-09-22,73,41,0.00,0.0,0
1976-09-23,76,42,0.00,0.0,0
1976-09-24,73,51,0.00,0.0,0
1976-09-25,66,47,0.07,0.0,0
1976-09-26,62,41,0.04,0.0,0
1976-09-27,55,42,0.42,0.0,0
1976-09-28,63,40,0.46,0.0,0
1976-09-29,69,38,0.00,0.0,0
1976-09-30,72,39,0.00,0.0,0
1976-10-01,73,43,0.00,0.0,0
1976-10-02,M,48,0.00,0.0,0
1976-10-03,66,39,0.00,0.0,0
1976-10-04,62,36,0.00,0.0,0
1976-10-05,64,37,0.00,0.0,0
1976-10-06,65,35,0.00,0.0,0
1976-10-07,63,30,0.00,0.0,0
1976-10-08,68,23,0.00,0.0,0
1976-10-09,75,34,0.00,0.0,0
1976-10-10,77,38,0.00,0.0,0
1976-10-11,76,35,0.00,0.0,0
1976-10-12,74,39,0.00,0.0,0
1976-10-13,73,36,0.00,0.0,0
1976-10-14,69,35,0.00,0.0,0
1976-10-15,69,36,0.00,0.0,0
1976-10-16,66,28,0.00,0.0,0
1976-10-17,66,33,0.00,0.0,0
1976-10-18,65,26,0.00,0.0,0
1976-10-19,57,20,0.00,0.0,0
1976-10-20,59,24,0.00,0.0,0
1976-10-21,59,24,0.00,0.0,0
1976-10-22,60,26,0.00,0.0,0
1976-10-23,58,36,0.07,0.0,0
1976-10-24,59,37,0.00,0.0,0
1976-10-25,63,30,0.00,0.0,0
1976-10-26,60,27,0.08,0.0,0
1976-10-27,46,30,0.02,0.0,0
1976-10-28,44,24,0.03,0.0,0
1976-10-29,49,29,0.09,0.0,0
1976-10-30,54,26,0.00,0.0,0
1976-10-31,58,34,0.00,0.0,0
1976-11-01,64,34,0.00,0.0,0
1976-11-02,65,30,0.00,0.0,0
1976-11-03,62,33,0.00,0.0,0
1976-11-04,61,29,0.00,0.0,0
1976-11-05,64,31,0.00,0.0,0
1976-11-06,70,33,0.00,0.0,0
1976-11-07,66,35,0.00,0.0,0
1976-11-08,68,30,0.00,0.0,0
1976-11-09,64,31,0.00,0.0,0
1976-11-10,65,30,0.00,0.0,0
1976-11-11,59,30,0.00,0.0,0
1976-11-12,43,26,T,0.0,0
1976-11-13,36,19,0.04,0.0,0
1976-11-14,44,24,0.00,0.0,0
1976-11-15,49,26,0.00,0.0,0
1976-11-16,47,19,0.00,0.0,0
1976-11-17,58,21,0.00,0.0,0
1976-11-18,63,28,0.00,0.0,0
1976-11-19,62,28,0.00,0.0,0
1976-11-20,62,30,0.00,0.0,0
1976-11-21,56,24,0.00,0.0,0
1976-11-22,54,26,0.00,0.0,0
1976-11-23,56,25,0.00,0.0,0
1976-11-24,56,23,0.00,0.0,0
1976-11-25,55,20,0.00,0.0,0
1976-11-26,52,28,0.00,0.0,0
1976-11-27,34,15,0.92,15.0,15
1976-11-28,19,-10,0.00,0.0,15
1976-11-29,25,-3,0.00,0.0,12
1976-11-30,35,-0,0.00,0.0,9
1976-12-01,33,10,0.03,6.0,M
1976-12-02,39,10,0.00,0.0,M
1976-12-03,39,15,0.00,0.0,M
1976-12-04,43,17,0.00,0.0,M
1976-12-05,39,19,0.00,0.0,M
1976-12-06,36,18,T,0.0,M
1976-12-07,35,9,0.00,0.0,M
1976-12-08,46,13,0.00,0.0,M
1976-12-09,40,15,0.00,0.0,M
1976-12-10,40,20,0.00,0.0,M
1976-12-11,40,16,0.00,0.0,M
1976-12-12,46,15,0.00,0.0,M
1976-12-13,43,20,0.00,0.0,M
1976-12-14,44,15,0.00,0.0,M
1976-12-15,46,15,0.00,0.0,M
1976-12-16,45,15,0.00,0.0,M
1976-12-17,44,11,0.00,0.0,M
1976-12-18,43,17,0.00,0.0,M
1976-12-19,43,19,0.00,0.0,M
1976-12-20,35,20,0.00,0.0,M
1976-12-21,34,10,0.00,0.0,M
1976-12-22,38,12,0.00,0.0,M
1976-12-23,33,11,0.00,0.0,M
1976-12-24,34,12,0.00,0.0,M
1976-12-25,36,14,0.00,0.0,M
1976-12-26,44,16,0.00,0.0,M
1976-12-27,50,18,0.00,0.0,M
1976-12-28,46,14,0.00,0.0,M
1976-12-29,46,9,0.00,0.0,M
1976-12-30,40,13,0.00,0.0,M
1976-12-31,38,27,0.00,0.0,M
1977-01-01,39,31,0.16,M,M
1977-01-02,36,18,0.00,M,M
1977-01-03,34,18,0.00,M,M
1977-01-04,32,14,0.35,M,M
1977-01-05,M,11,0.09,M,M
1977-01-06,29,13,0.00,M,M
1977-01-07,26,2,0.00,M,M
1977-01-08,31,11,0.20,M,M
1977-01-09,27,6,0.00,M,M
1977-01-10,28,-6,0.00,M,M
1977-01-11,36,4,0.00,M,M
1977-01-12,35,2,0.00,M,M
1977-01-13,37,5,0.00,M,M
1977-01-14,37,8,0.00,M,M
1977-01-15,34,3,0.00,M,M
1977-01-16,33,2,0.00,M,M
1977-01-17,38,6,0.00,M,M
1977-01-18,43,11,0.00,M,M
1977-01-19,45,15,0.00,M,M
1977-01-20,42,19,0.00,M,M
1977-01-21,41,17,0.00,M,M
1977-01-22,41,27,0.10,M,M
1977-01-23,38,19,0.04,M,M
1977-01-24,39,19,0.00,M,M
1977-01-25,37,10,0.00,M,M
1977-01-26,40,8,0.00,M,M
1977-01-27,39,9,0.00,M,M
1977-01-28,43,11,0.00,M,M
1977-01-29,38,12,0.00,M,M
1977-01-30,38,13,0.00,M,M
1977-01-31,47,18,0.00,M,M
1977-02-01,46,19,0.00,0.0,0
1977-02-02,37,21,0.02,0.0,0
1977-02-03,35,15,0.00,0.0,0
1977-02-04,44,15,0.00,0.0,0
1977-02-05,41,18,0.00,0.0,0
1977-02-06,43,19,0.00,0.0,0
1977-02-07,43,18,0.00,0.0,0
1977-02-08,44,17,0.00,0.0,0
1977-02-09,45,20,0.00,0.0,0
1977-02-10,49,18,0.00,0.0,0
1977-02-11,48,17,0.00,0.0,0
1977-02-12,44,21,0.00,0.0,0
1977-02-13,52,24,0.00,0.0,0
1977-02-14,45,25,0.00,0.0,0
1977-02-15,46,16,0.00,0.0,0
1977-02-16,55,22,0.00,0.0,0
1977-02-17,59,22,0.00,0.0,0
1977-02-18,58,27,0.00,0.0,0
1977-02-19,54,26,0.00,0.0,0
1977-02-20,56,27,0.00,0.0,0
1977-02-21,56,24,0.00,0.0,0
1977-02-22,48,24,T,0.0,0
1977-02-23,38,12,0.00,0.0,0
1977-02-24,41,18,0.00,0.0,0
1977-02-25,36,27,T,0.0,0
1977-02-26,32,6,0.00,0.0,0
1977-02-27,33,13,0.00,0.0,0
1977-02-28,46,10,0.00,0.0,0
1977-03-01,45,22,0.00,0.0,0
1977-03-02,45,17,T,0.0,0
1977-03-03,39,11,0.00,0.0,0
1977-03-04,39,18,0.03,0.0,0
1977-03-05,30,19,0.57,0.0,0
1977-03-06,40,8,0.00,0.0,0
1977-03-07,52,19,0.00,0.0,0
1977-03-08,56,23,0.00,0.0,0
1977-03-09,59,25,0.00,0.0,0
1977-03-10,57,22,T,0.0,0
1977-03-11,46,19,0.00,0.0,0
1977-03-12,48,17,0.00,0.0,0
1977-03-13,58,22,0.00,0.0,0
1977-03-14,57,26,0.00,0.0,0
1977-03-15,52,18,0.00,0.0,0
1977-03-16,51,18,0.00,0.0,0
1977-03-17,50,22,T,0.0,0
1977-03-18,47,18,0.00,0.0,0
1977-03-19,42,10,0.00,0.0,0
1977-03-20,48,22,0.00,0.0,0
1977-03-21,53,24,0.00,0.0,0
1977-03-22,60,23,0.00,0.0,0
1977-03-23,61,29,0.00,0.0,0
1977-03-24,61,24,0.00,0.0,0
1977-03-25,60,29,0.00,0.0,0
1977-03-26,54,30,0.00,0.0,0
1977-03-27,52,25,0.00,0.0,0
1977-03-28,42,30,0.00,0.0,0
1977-03-29,38,7,0.00,0.0,0
1977-03-30,49,8,0.00,0.0,0
1977-03-31,59,22,0.00,0.0,0
1977-04-01,52,19,0.00,0.0,0
1977-04-02,42,21,0.00,0.0,0
1977-04-03,34,25,0.94,16.0,M
1977-04-04,44,5,0.10,1.0,M
1977-04-05,55,22,0.00,0.0,M
1977-04-06,62,31,0.00,0.0,M
1977-04-07,67,34,0.16,0.0,M
1977-04-08,66,38,0.00,0.0,M
1977-04-09,68,36,0.00,0.0,M
1977-04-10,68,40,0.00,0.0,M
1977-04-11,60,38,0.00,0.0,M
1977-04-12,61,28,0.00,0.0,M
1977-04-13,65,22,0.00,0.0,M
1977-04-14,65,35,0.02,0.0,M
1977-04-15,62,35,0.00,0.0,M
1977-04-16,61,33,0.00,0.0,M
1977-04-17,68,33,0.00,0.0,M
1977-04-18,70,51,0.00,0.0,M
1977-04-19,65,44,0.10,0.0,M
1977-04-20,52,34,0.27,0.0,M
1977-04-21,53,33,0.21,0.0,M
1977-04-22,65,32,0.00,0.0,M
1977-04-23,69,38,0.00,0.0,M
1977-04-24,68,40,0.04,0.0,M
1977-04-25,58,35,0.11,0.0,M
1977-04-26,65,34,0.19,0.0,M
1977-04-27,68,37,0.00,0.0,M
1977-04-28,68,43,0.03,0.0,M
1977-04-29,66,38,0.24,0.0,M
1977-04-30,69,45,0.00,0.0,M
1977-05-01,71,32,0.00,0.0,0
1977-05-02,72,37,0.00,0.0,0
1977-05-03,72,37,0.00,0.0,0
1977-05-04,68,36,0.00,0.0,0
1977-05-05,69,29,0.00,0.0,0
1977-05-06,70,40,0.00,0.0,0
1977-05-07,74,33,0.00,0.0,0
1977-05-08,74,39,0.00,0.0,0
1977-05-09,73,43,0.00,0.0,0
1977-05-10,75,25,0.00,0.0,0
1977-05-11,70,30,0.00,0.0,0
1977-05-12,68,33,0.00,0.0,0
1977-05-13,64,38,0.65,0.0,0
1977-05-14,61,38,0.02,0.0,0
1977-05-15,63,37,0.15,0.0,0
1977-05-16,66,34,0.00,0.0,0
1977-05-17,69,35,0.00,0.0,0
1977-05-18,68,36,0.00,0.0,0
1977-05-19,65,28,0.00,0.0,0
1977-05-20,60,37,0.00,0.0,0
1977-05-21,66,23,0.00,0.0,0
1977-05-22,72,33,0.00,0.0,0
1977-05-23,76,39,0.00,0.0,0
1977-05-24,77,39,0.00,0.0,0
1977-05-25,73,41,0.00,0.0,0
1977-05-26,67,34,0.00,0.0,0
1977-05-27,72,23,0.00,0.0,0
1977-05-28,76,22,0.00,0.0,0
1977-05-29,79,29,0.00,0.0,0
1977-05-30,83,39,0.00,0.0,0
1977-05-31,85,49,0.00,0.0,0
1977-06-01,84,46,0.00,0.0,0
1977-06-02,80,50,0.00,0.0,0
1977-06-03,82,43,0.00,0.0,0
1977-06-04,82,48,0.00,0.0,0
1977-06-05,85,48,0.08,0.0,0
1977-06-06,83,M,0.05,0.0,0
1977-06-07,81,45,0.00,0.0,0
1977-06-08,83,49,0.00,0.0,0
1977-06-09,83,57,0.01,0.0,0
1977-06-10,83,48,0.00,0.0,0
1977-06-11,83,50,0.00,0.0,0
1977-06-12,84,47,0.00,0.0,0
1977-06-13,87,50,0.00,0.0,0
1977-06-14,88,49,0.00,0.0,0
1977-06-15,90,50,0.00,0.0,0
1977-06-16,89,47,0.00,0.0,0
1977-06-17,91,50,0.00,0.0,0
1977-06-18,91,45,0.00,0.0,0
1977-06-19,87,53,0.00,0.0,0
1977-06-20,82,58,0.00,0.0,0
1977-06-21,80,46,0.00,0.0,0
1977-06-22,82,50,0.00,0.0,0
1977-06-23,78,52,0.00,0.0,0
1977-06-24,67,51,0.15,0.0,0
1977-06-25,78,45,0.00,0.0,0
1977-06-26,85,51,0.00,0.0,0
1977-06-27,89,51,0.08,0.0,0
1977-06-28,90,54,0.02,0.0,0
1977-06-29,86,52,0.00,0.0,0
1977-06-30,91,50,0.00,0.0,0
1977-07-01,92,54,0.00,0.0,0
1977-07-02,91,55,0.00,0.0,0
1977-07-03,93,53,0.00,0.0,0
1977-07-04,M,52,0.17,0.0,0
1977-07-05,75,52,1.19,0.0,0
1977-07-06,83,53,0.00,0.0,0
1977-07-07,84,52,0.00,0.0,0
1977-07-08,82,56,0.04,0.0,0
1977-07-09,84,50,0.00,0.0,0
1977-07-10,88,53,0.00,0.0,0
1977-07-11,85,60,0.00,0.0,0
1977-07-12,86,52,0.00,0.0,0
1977-07-13,86,53,0.07,0.0,0
1977-07-14,79,56,0.04,0.0,0
1977-07-15,79,56,0.05,0.0,0
1977-07-16,85,56,0.04,0.0,0
1977-07-17,84,60,0.16,0.0,0
1977-07-18,85,54,0.00,0.0,0
1977-07-19,85,53,0.08,0.0,0
1977-07-20,86,55,0.00,0.0,0
1977-07-21,84,56,0.02,0.0,0
1977-07-22,83,52,0.67,0.0,0
1977-07-23,81,52,0.12,0.0,0
1977-07-24,81,56,0.00,0.0,0
1977-07-25,83,54,0.00,0.0,0
1977-07-26,80,54,0.14,0.0,0
1977-07-27,80,51,0.00,0.0,0
1977-07-28,84,52,0.01,0.0,0
1977-07-29,87,54,0.00,0.0,0
1977-07-30,91,54,0.00,0.0,0
1977-07-31,92,56,0.00,0.0,0
1977-08-01,91,57,0.00,0.0,0
1977-08-02,90,55,0.00,0.0,0
1977-08-03,90,55,0.00,0.0,0
1977-08-04,93,53,0.00,0.0,0
1977-08-05,88,57,0.00,0.0,0
1977-08-06,92,53,0.00,0.0,0
1977-08-07,93,54,0.00,0.0,0
1977-08-08,89,53,0.00,0.0,0
1977-08-09,86,56,0.02,0.0,0
1977-08-10,77,55,0.02,0.0,0
1977-08-11,74,54,0.04,0.0,0
1977-08-12,74,54,0.58,0.0,0
1977-08-13,82,54,0.00,0.0,0
1977-08-14,81,52,0.04,0.0,0
1977-08-15,77,56,0.00,0.0,0
1977-08-16,78,55,0.46,0.0,0
1977-08-17,77,57,0.41,0.0,0
1977-08-18,78,58,0.14,0.0,0
1977-08-19,81,55,0.05,0.0,0
1977-08-20,81,55,0.42,0.0,0
1977-08-21,81,51,0.04,0.0,0
1977-08-22,82,51,0.19,0.0,0
1977-08-23,82,53,T,0.0,0
1977-08-24,81,54,0.02,0.0,0
1977-08-25,83,52,0.00,0.0,0
1977-08-26,83,51,0.00,0.0,0
1977-08-27,84,44,0.00,0.0,0
1977-08-28,81,53,0.00,0.0,0
1977-08-29,84,51,0.00,0.0,0
1977-08-30,82,51,0.08,0.0,0
1977-08-31,82,65,0.00,0.0,0
1977-09-01,78,51,0.00,0.0,0
1977-09-02,73,53,0.00,0.0,0
1977-09-03,76,55,0.00,0.0,0
1977-09-04,79,51,0.01,0.0,0
1977-09-05,82,51,0.00,0.0,0
1977-09-06,86,49,0.00,0.0,0
1977-09-07,86,51,0.00,0.0,0
1977-09-08,89,52,0.00,0.0,0
1977-09-09,87,51,0.00,0.0,0
1977-09-10,83,51,0.00,0.0,0
1977-09-11,82,50,0.07,0.0,0
1977-09-12,70,48,0.16,0.0,0
1977-09-13,69,41,0.02,0.0,0
1977-09-14,74,40,0.03,0.0,0
1977-09-15,77,44,0.00,0.0,0
1977-09-16,77,44,0.00,0.0,0
1977-09-17,75,29,0.00,0.0,0
1977-09-18,74,41,0.00,0.0,0
1977-09-19,79,42,0.00,0.0,0
1977-09-20,80,42,0.00,0.0,0
1977-09-21,79,37,0.00,0.0,0
1977-09-22,74,40,0.00,0.0,0
1977-09-23,69,43,0.25,0.0,0
1977-09-24,76,40,0.00,0.0,0
1977-09-25,78,40,0.00,0.0,0
1977-09-26,77,44,0.00,0.0,0
1977-09-27,78,43,0.00,0.0,0
1977-09-28,75,51,0.13,0.0,0
1977-09-29,77,43,0.00,0.0,0
1977-09-30,75,40,0.00,0.0,0
1977-10-01,73,36,0.00,0.0,0
1977-10-02,72,37,0.00,0.0,0
1977-10-03,73,42,0.00,0.0,0
1977-10-04,78,46,0.00,0.0,0
1977-10-05,78,46,0.00,0.0,0
1977-10-06,76,49,0.18,0.0,0
1977-10-07,65,38,0.00,0.0,0
1977-10-08,67,33,0.00,0.0,0
1977-10-09,68,33,0.00,0.0,0
1977-10-10,67,36,0.00,0.0,0
1977-10-11,66,30,0.00,0.0,0
1977-10-12,62,28,0.00,0.0,0
1977-10-13,70,33,0.00,0.0,0
1977-10-14,73,33,0.00,0.0,0
1977-10-15,72,36,0.00,0.0,0
1977-10-16,74,34,0.00,0.0,0
1977-10-17,75,37,0.00,0.0,0
1977-10-18,75,37,0.00,0.0,0
1977-10-19,75,36,0.00,0.0,0
1977-10-20,72,38,0.00,0.0,0
1977-10-21,67,36,0.00,0.0,0
1977-10-22,65,35,0.00,0.0,0
1977-10-23,66,33,0.00,0.0,0
1977-10-24,72,46,0.00,0.0,0
1977-10-25,70,33,0.00,0.0,0
1977-10-26,70,37,0.00,0.0,0
1977-10-27,70,36,0.00,0.0,0
1977-10-28,69,33,0.00,0.0,0
1977-10-29,67,34,0.00,0.0,0
1977-10-30,60,39,0.05,0.0,0
1977-10-31,59,28,0.00,0.0,0
1977-11-01,53,21,0.00,0.0,0
1977-11-02,62,23,0.00,0.0,0
1977-11-03,67,22,0.00,0.0,0
1977-11-04,66,35,0.00,0.0,0
1977-11-05,66,38,0.00,0.0,0
1977-11-06,65,36,0.00,0.0,0
1977-11-07,61,32,1.21,0.0,0
1977-11-08,39,M,0.09,0.0,0
1977-11-09,32,8,0.26,0.0,0
1977-11-10,46,18,0.00,0.0,0
1977-11-11,54,25,0.00,0.0,0
1977-11-12,55,29,0.00,0.0,0
1977-11-13,55,28,0.00,0.0,0
1977-11-14,59,26,0.00,0.0,0
1977-11-15,57,29,0.00,0.0,0
1977-11-16,59,27,0.00,0.0,0
1977-11-17,59,29,0.00,0.0,0
1977-11-18,58,24,0.00,0.0,0
1977-11-19,55,34,0.00,0.0,0
1977-11-20,50,31,0.00,0.0,0
1977-11-21,48,22,0.00,0.0,0
1977-11-22,53,20,0.00,0.0,0
1977-11-23,54,21,0.00,0.0,0
1977-11-24,51,22,0.00,0.0,0
1977-11-25,57,27,0.00,0.0,0
1977-11-26,58,28,0.00,0.0,0
1977-11-27,52,29,0.00,0.0,0
1977-11-28,M,24,0.00,0.0,0
1977-11-29,46,20,0.00,0.0,0
1977-11-30,46,20,0.00,0.0,0
1977-12-01,38,10,0.00,0.0,0
1977-12-02,52,19,0.00,0.0,0
1977-12-03,56,26,0.00,0.0,0
1977-12-04,52,27,0.00,0.0,0
1977-12-05,51,36,0.00,0.0,0
1977-12-06,55,20,0.00,0.0,0
1977-12-07,59,24,0.00,0.0,0
1977-12-08,54,16,0.00,0.0,0
1977-12-09,55,20,0.00,0.0,0
1977-12-10,52,27,0.00,0.0,0
1977-12-11,58,26,0.00,0.0,0
1977-12-12,51,25,0.00,0.0,0
1977-12-13,50,21,0.00,0.0,0
1977-12-14,57,25,0.00,0.0,0
1977-12-15,57,25,0.00,0.0,0
1977-12-16,49,12,0.00,0.0,0
1977-12-17,38,8,0.00,0.0,0
1977-12-18,48,24,0.00,0.0,0
1977-12-19,40,12,0.01,0.0,0
1977-12-20,29,7,0.00,0.0,0
1977-12-21,37,6,0.00,0.0,0
1977-12-22,39,14,0.00,0.0,0
1977-12-23,49,13,0.00,0.0,0
1977-12-24,49,12,0.00,0.0,0
1977-12-25,43,17,0.00,0.0,0
1977-12-26,45,13,0.00,0.0,0
1977-12-27,44,14,0.00,0.0,0
1977-12-28,41,23,0.00,0.0,0
1977-12-29,44,24,0.02,0.0,0
1977-12-30,42,30,0.04,0.0,0
1977-12-31,40,34,0.00,0.0,0
1978-01-01,41,24,0.00,M,M
1978-01-02,39,10,0.00,M,M
1978-01-03,48,19,0.00,M,M
1978-01-04,44,25,0.00,M,M
1978-01-05,43,21,0.01,M,M
1978-01-06,45,21,0.00,M,M
1978-01-07,40,14,0.00,M,M
1978-01-08,44,16,0.00,M,M
1978-01-09,46,16,0.00,M,M
1978-01-10,45,25,0.00,M,M
1978-01-11,42,31,0.02,M,M
1978-01-12,41,25,0.00,M,M
1978-01-13,46,18,0.00,M,M
1978-01-14,42,19,0.00,M,M
1978-01-15,38,28,0.71,M,M
1978-01-16,36,28,0.00,M,M
1978-01-17,42,21,0.03,M,M
1978-01-18,45,19,0.02,M,M
1978-01-19,36,24,0.00,M,M
1978-01-20,32,20,0.10,M,M
1978-01-21,36,11,0.00,M,M
1978-01-22,39,12,0.00,M,M
1978-01-23,37,12,0.05,M,M
1978-01-24,35,15,0.12,M,M
1978-01-25,37,-0,0.00,M,M
1978-01-26,42,5,0.00,M,M
1978-01-27,39,25,0.00,M,M
1978-01-28,45,20,0.00,M,M
1978-01-29,46,20,0.00,M,M
1978-01-30,52,24,0.00,M,M
1978-01-31,43,25,0.30,M,M
1978-02-01,46,22,0.04,M,M
1978-02-02,42,16,0.00,M,M
1978-02-03,52,18,0.00,M,M
1978-02-04,50,22,0.00,M,M
1978-02-05,41,26,0.00,M,M
1978-02-06,40,30,0.13,M,M
1978-02-07,43,21,0.00,M,M
1978-02-08,40,29,0.23,M,M
1978-02-09,38,14,0.00,M,M
1978-02-10,51,22,0.09,M,M
1978-02-11,51,32,0.03,M,M
1978-02-12,34,18,0.00,M,M
1978-02-13,36,24,0.00,M,M
1978-02-14,36,19,0.00,M,M
1978-02-15,35,19,T,M,M
1978-02-16,34,24,0.18,M,M
1978-02-17,34,15,0.06,M,M
1978-02-18,26,8,0.00,M,M
1978-02-19,M,16,0.00,M,M
1978-02-20,40,16,0.00,M,M
1978-02-21,46,16,0.00,M,M
1978-02-22,54,19,0.00,M,M
1978-02-23,53,21,0.00,M,M
1978-02-24,53,22,0.00,M,M
1978-02-25,50,24,0.00,M,M
1978-02-26,54,26,0.00,M,M
1978-02-27,51,32,0.00,M,M
1978-02-28,48,32,0.00,M,M
1978-03-01,47,34,0.43,0.0,0
1978-03-02,49,35,0.00,0.0,0
1978-03-03,48,21,0.95,8.5,M
1978-03-04,40,22,0.04,0.0,M
1978-03-05,42,30,0.03,0.0,M
1978-03-06,47,28,0.00,0.0,M
1978-03-07,51,29,0.00,0.0,M
1978-03-08,58,27,0.00,0.0,M
1978-03-09,60,27,0.00,0.0,M
1978-03-10,56,28,0.04,0.0,M
1978-03-11,42,28,0.00,0.0,M
1978-03-12,42,29,0.08,0.0,M
1978-03-13,46,29,0.00,0.0,M
1978-03-14,44,28,0.00,0.0,M
1978-03-15,44,13,0.00,0.0,M
1978-03-16,51,13,0.00,0.0,M
1978-03-17,63,26,0.00,0.0,M
1978-03-18,60,26,0.00,0.0,M
1978-03-19,M,35,0.00,0.0,M
1978-03-20,61,30,0.00,0.0,M
1978-03-21,66,32,0.00,0.0,M
1978-03-22,65,30,T,0.0,M
1978-03-23,55,32,0.04,0.0,M
1978-03-24,55,30,0.05,0.0,M
1978-03-25,52,26,0.00,0.0,M
1978-03-26,58,28,0.00,0.0,M
1978-03-27,68,32,0.00,0.0,M
1978-03-28,65,35,0.00,0.0,M
1978-03-29,65,31,0.00,0.0,M
1978-03-30,70,36,0.00,0.0,M
1978-03-31,72,37,0.00,0.0,M
1978-04-01,70,39,0.00,0.0,0
1978-04-02,57,30,0.00,0.0,0
1978-04-03,60,29,0.00,0.0,0
1978-04-04,67,33,0.00,0.0,0
1978-04-05,61,32,0.00,0.0,0
1978-04-06,69,28,0.00,0.0,0
1978-04-07,72,35,0.00,0.0,0
1978-04-08,69,34,0.00,0.0,0
1978-04-09,62,34,0.10,0.0,0
1978-04-10,52,30,0.23,0.0,0
1978-04-11,65,27,0.00,0.0,0
1978-04-12,66,34,0.00,0.0,0
1978-04-13,67,30,0.00,0.0,0
1978-04-14,65,33,0.00,0.0,0
1978-04-15,62,34,0.00,0.0,0
1978-04-16,66,31,0.00,0.0,0
1978-04-17,63,34,0.00,0.0,0
1978-04-18,59,23,0.00,0.0,0
1978-04-19,60,27,0.00,0.0,0
1978-04-20,67,25,0.00,0.0,0
1978-04-21,65,34,0.00,0.0,0
1978-04-22,60,M,0.00,0.0,0
1978-04-23,67,25,0.00,0.0,0
1978-04-24,72,36,0.00,0.0,0
1978-04-25,70,37,0.00,0.0,0
1978-04-26,73,41,0.00,0.0,0
1978-04-27,71,30,0.00,0.0,0
1978-04-28,66,31,0.00,0.0,0
1978-04-29,68,33,0.00,0.0,0
1978-04-30,66,37,0.00,0.0,0
1978-05-01,55,35,0.13,0.0,0
1978-05-02,53,32,0.64,0.0,0
1978-05-03,56,31,0.16,0.0,0
1978-05-04,52,33,0.13,0.0,0
1978-05-05,48,32,0.36,0.0,0
1978-05-06,36,30,0.40,0.0,0
1978-05-07,44,26,0.00,0.0,0
1978-05-08,55,31,0.00,0.0,0
1978-05-09,64,31,0.00,0.0,0
1978-05-10,73,37,0.00,0.0,0
1978-05-11,70,34,0.00,0.0,0
1978-05-12,70,37,0.00,0.0,0
1978-05-13,69,30,0.00,0.0,0
1978-05-14,70,38,0.00,0.0,0
1978-05-15,80,36,0.00,0.0,0
1978-05-16,78,46,0.00,0.0,0
1978-05-17,78,40,0.00,0.0,0
1978-05-18,70,32,0.00,0.0,0
1978-05-19,76,41,0.00,0.0,0
1978-05-20,73,51,0.06,0.0,0
1978-05-21,70,43,0.07,0.0,0
1978-05-22,75,44,0.00,0.0,0
1978-05-23,76,43,0.00,0.0,0
1978-05-24,76,35,0.00,0.0,0
1978-05-25,73,40,0.00,0.0,0
1978-05-26,74,37,0.00,0.0,0
1978-05-27,72,43,0.00,0.0,0
1978-05-28,70,36,0.00,0.0,0
1978-05-29,75,37,0.00,0.0,0
1978-05-30,78,35,0.00,0.0,0
1978-05-31,78,38,0.00,0.0,0
1978-06-01,78,34,0.00,0.0,0
1978-06-02,75,36,0.00,0.0,0
1978-06-03,76,40,0.00,0.0,0
1978-06-04,78,41,0.00,0.0,0
1978-06-05,78,41,0.00,0.0,0
1978-06-06,68,41,0.00,0.0,0
1978-06-07,74,40,0.03,0.0,0
1978-06-08,75,43,0.00,0.0,0
1978-06-09,81,45,0.00,0.0,0
1978-06-10,82,31,0.00,0.0,0
1978-06-11,82,35,0.00,0.0,0
1978-06-12,81,45,0.00,0.0,0
1978-06-13,81,48,0.14,0.0,0
1978-06-14,83,50,0.00,0.0,0
1978-06-15,83,44,0.00,0.0,0
1978-06-16,83,42,0.00,0.0,0
1978-06-17,82,47,0.00,0.0,0
1978-06-18,84,44,0.00,0.0,0
1978-06-19,84,49,0.00,0.0,0
1978-06-20,87,49,0.00,0.0,0
1978-06-21,86,53,0.00,0.0,0
1978-06-22,89,44,0.00,0.0,0
1978-06-23,89,47,0.00,0.0,0
1978-06-24,89,50,0.00,0.0,0
1978-06-25,88,56,0.00,0.0,0
1978-06-26,85,46,0.00,0.0,0
1978-06-27,85,56,0.02,0.0,0
1978-06-28,79,52,0.00,0.0,0
1978-06-29,81,55,0.47,0.0,0
1978-06-30,80,48,0.01,0.0,0
1978-07-01,83,49,0.00,0.0,0
1978-07-02,87,52,0.00,0.0,0
1978-07-03,87,52,0.00,0.0,0
1978-07-04,86,49,0.00,0.0,0
1978-07-05,85,62,0.00,0.0,0
1978-07-06,85,62,0.00,0.0,0
1978-07-07,87,48,0.00,0.0,0
1978-07-08,87,58,0.00,0.0,0
1978-07-09,87,50,0.01,0.0,0
1978-07-10,86,58,T,0.0,0
1978-07-11,86,53,0.04,0.0,0
1978-07-12,84,52,0.05,0.0,0
1978-07-13,89,54,0.04,0.0,0
1978-07-14,90,54,0.00,0.0,0
1978-07-15,90,52,0.00,0.0,0
1978-07-16,88,55,0.00,0.0,0
1978-07-17,87,59,0.03,0.0,0
1978-07-18,88,57,0.00,0.0,0
1978-07-19,89,56,T,0.0,0
1978-07-20,88,59,0.00,0.0,0
1978-07-21,83,52,0.17,0.0,0
1978-07-22,83,53,0.00,0.0,0
1978-07-23,82,53,0.00,0.0,0
1978-07-24,84,53,0.07,0.0,0
1978-07-25,88,52,0.00,0.0,0
1978-07-26,90,54,0.00,0.0,0
1978-07-27,87,57,0.00,0.0,0
1978-07-28,90,59,0.00,0.0,0
1978-07-29,90,56,0.01,0.0,0
1978-07-30,84,54,0.01,0.0,0
1978-07-31,83,54,0.02,0.0,0
1978-08-01,88,53,0.02,0.0,0
1978-08-02,87,52,0.01,0.0,0
1978-08-03,85,51,0.00,0.0,0
1978-08-04,75,50,0.12,0.0,0
1978-08-05,81,46,0.00,0.0,0
1978-08-06,87,50,0.00,0.0,0
1978-08-07,88,53,0.14,0.0,0
1978-08-08,81,47,0.04,0.0,0
1978-08-09,81,48,0.01,0.0,0
1978-08-10,81,48,0.00,0.0,0
1978-08-11,88,49,0.00,0.0,0
1978-08-12,89,53,0.00,0.0,0
1978-08-13,87,54,0.00,0.0,0
1978-08-14,87,55,0.00,0.0,0
1978-08-15,84,43,0.00,0.0,0
1978-08-16,85,42,0.00,0.0,0
1978-08-17,84,52,0.00,0.0,0
1978-08-18,85,52,0.00,0.0,0
1978-08-19,80,59,0.29,0.0,0
1978-08-20,81,50,0.00,0.0,0
1978-08-21,82,52,0.00,0.0,0
1978-08-22,80,52,0.00,0.0,0
1978-08-23,79,49,0.00,0.0,0
1978-08-24,79,52,0.00,0.0,0
1978-08-25,79,52,0.00,0.0,0
1978-08-26,83,48,0.05,0.0,0
1978-08-27,83,46,0.00,0.0,0
1978-08-28,84,44,0.00,0.0,0
1978-08-29,83,49,0.00,0.0,0
1978-08-30,80,44,0.01,0.0,0
1978-08-31,80,48,0.00,0.0,0
1978-09-01,M,M,M,M,M
1978-09-02,M,M,M,M,M
1978-09-03,M,M,M,M,M
1978-09-04,M,M,M,M,M
1978-09-05,M,M,M,M,M
1978-09-06,M,M,M,M,M
1978-09-07,M,M,M,M,M
1978-09-08,M,M,M,M,M
1978-09-09,M,M,M,M,M
1978-09-10,M,M,M,M,M
1978-09-11,M,M,M,M,M
1978-09-12,M,M,M,M,M
1978-09-13,M,M,M,M,M
1978-09-14,M,M,M,M,M
1978-09-15,M,M,M,M,M
1978-09-16,M,M,M,M,M
1978-09-17,M,M,M,M,M
1978-09-18,M,M,M,M,M
1978-09-19,M,M,M,M,M
1978-09-20,M,M,M,M,M
1978-09-21,M,M,M,M,M
1978-09-22,M,M,M,M,M
1978-09-23,M,M,M,M,M
1978-09-24,M,M,M,M,M
1978-09-25,M,M,M,M,M
1978-09-26,M,M,M,M,M
1978-09-27,M,M,M,M,M
1978-09-28,M,M,M,M,M
1978-09-29,M,M,M,M,M
1978-09-30,M,M,M,M,M
1978-10-01,M,M,0.00,0.0,0
1978-10-02,81,44,0.00,0.0,0
1978-10-03,77,37,0.00,0.0,0
1978-10-04,75,39,0.00,0.0,0
1978-10-05,72,39,0.00,0.0,0
1978-10-06,74,38,0.00,0.0,0
1978-10-07,75,39,0.00,0.0,0
1978-10-08,75,39,0.00,0.0,0
1978-10-09,77,35,0.00,0.0,0
1978-10-10,75,35,0.00,0.0,0
1978-10-11,75,40,0.00,0.0,0
1978-10-12,78,43,0.00,0.0,0
1978-10-13,78,35,0.00,0.0,0
1978-10-14,78,32,0.00,0.0,0
1978-10-15,74,38,0.00,0.0,0
1978-10-16,74,39,0.00,0.0,0
1978-10-17,75,38,0.00,0.0,0
1978-10-18,72,42,0.00,0.0,0
1978-10-19,71,38,0.00,0.0,0
1978-10-20,69,40,0.00,0.0,0
1978-10-21,68,46,0.46,0.0,0
1978-10-22,54,42,0.20,0.0,0
1978-10-23,54,39,0.00,0.0,0
1978-10-24,49,41,0.09,0.0,0
1978-10-25,49,37,0.02,0.0,0
1978-10-26,53,24,0.37,0.0,0
1978-10-27,63,23,0.00,0.0,0
1978-10-28,65,33,0.00,0.0,0
1978-10-29,65,32,0.00,0.0,0
1978-10-30,62,34,0.00,0.0,0
1978-10-31,59,38,0.10,0.0,0
1978-11-01,54,41,0.00,0.0,0
1978-11-02,68,43,0.00,0.0,0
1978-11-03,58,40,0.94,0.0,0
1978-11-04,60,36,0.31,0.0,0
1978-11-05,60,36,0.00,0.0,0
1978-11-06,54,31,0.00,0.0,0
1978-11-07,62,31,0.00,0.0,0
1978-11-08,69,32,0.00,0.0,0
1978-11-09,69,31,0.00,0.0,0
1978-11-10,60,32,0.00,0.0,0
1978-11-11,52,38,0.44,0.0,0
1978-11-12,40,34,0.25,0.0,0
1978-11-13,46,26,0.00,0.0,0
1978-11-14,42,28,0.08,0.0,0
1978-11-15,42,31,0.30,0.0,0
1978-11-16,43,22,0.00,0.0,0
1978-11-17,47,20,0.00,0.0,0
1978-11-18,52,20,0.00,0.0,0
1978-11-19,50,23,0.00,0.0,0
1978-11-20,50,26,0.00,0.0,0
1978-11-21,48,30,0.00,0.0,0
1978-11-22,52,36,0.00,0.0,0
1978-11-23,50,40,0.00,0.0,0
1978-11-24,46,35,0.06,0.0,0
1978-11-25,49,36,0.50,0.0,0
1978-11-26,41,30,0.00,0.0,0
1978-11-27,36,28,0.00,0.0,0
1978-11-28,35,19,0.00,0.0,0
1978-11-29,44,17,0.00,0.0,0
1978-11-30,44,16,0.00,0.0,0
1978-12-01,51,28,0.00,0.0,0
1978-12-02,45,27,0.04,0.0,0
1978-12-03,32,10,0.05,M,M
1978-12-04,39,7,0.00,0.0,0
1978-12-05,45,17,0.00,0.0,0
1978-12-06,40,18,T,0.0,0
1978-12-07,40,12,0.10,0.0,0
1978-12-08,19,-7,0.00,0.0,0
1978-12-09,24,-10,0.00,0.0,0
1978-12-10,34,-0,0.00,0.0,0
1978-12-11,38,6,0.00,0.0,0
1978-12-12,44,10,0.00,0.0,0
1978-12-13,39,12,0.00,0.0,0
1978-12-14,42,12,0.00,0.0,0
1978-12-15,47,16,0.00,0.0,0
1978-12-16,40,14,0.00,0.0,0
1978-12-17,33,17,0.14,0.0,0
1978-12-18,39,9,0.18,0.0,0
1978-12-19,45,33,0.19,0.0,0
1978-12-20,48,3,0.00,0.0,0
1978-12-21,38,10,0.00,0.0,0
1978-12-22,40,14,0.00,0.0,0
1978-12-23,34,14,0.00,0.0,0
1978-12-24,45,14,0.00,0.0,0
1978-12-25,40,16,0.00,0.0,0
1978-12-26,42,21,0.00,0.0,0
1978-12-27,40,29,0.11,0.0,0
1978-12-28,41,22,0.00,0.0,0
1978-12-29,39,29,0.00,0.0,0
1978-12-30,37,26,0.00,0.0,0
1978-12-31,32,25,0.00,0.0,0
1979-01-01,26,3,0.00,M,M
1979-01-02,19,-11,0.00,M,M
1979-01-03,37,8,0.00,M,M
1979-01-04,38,12,0.00,M,M
1979-01-05,34,18,0.00,M,M
1979-01-06,40,28,0.15,M,M
1979-01-07,34,24,0.00,M,M
1979-01-08,40,3,0.00,M,M
1979-01-09,35,7,0.00,M,M
1979-01-10,35,9,0.00,M,M
1979-01-11,45,12,0.00,M,M
1979-01-12,43,22,0.00,M,M
1979-01-13,39,17,0.02,M,M
1979-01-14,28,5,0.30,M,M
1979-01-15,37,22,0.02,M,M
1979-01-16,36,27,0.43,M,M
1979-01-17,41,21,0.33,M,M
1979-01-18,42,31,M,M,M
1979-01-19,40,21,0.00,M,M
1979-01-20,34,9,0.00,M,M
1979-01-21,40,10,0.00,M,M
1979-01-22,M,14,0.00,M,M
1979-01-23,29,-1,0.00,M,M
1979-01-24,31,-0,0.00,M,M
1979-01-25,30,13,0.02,M,M
1979-01-26,30,17,0.21,M,M
1979-01-27,25,13,0.00,M,M
1979-01-28,32,-1,0.00,M,M
1979-01-29,24,14,0.04,M,M
1979-01-30,18,-0,0.00,M,M
1979-01-31,26,-8,0.00,M,M
1979-02-01,35,6,0.02,M,M
1979-02-02,30,10,0.00,M,M
1979-02-03,33,8,0.00,M,M
1979-02-04,30,-0,0.00,M,M
1979-02-05,33,5,0.00,M,M
1979-02-06,M,7,0.00,M,M
1979-02-07,35,5,0.00,M,M
1979-02-08,44,12,0.00,M,M
1979-02-09,45,11,0.00,M,M
1979-02-10,45,18,0.00,M,M
1979-02-11,45,16,0.00,M,M
1979-02-12,51,22,0.00,M,M
1979-02-13,55,23,0.00,M,M
1979-02-14,54,21,0.00,M,M
1979-02-15,50,25,0.00,M,M
1979-02-16,49,28,0.00,M,M
1979-02-17,41,20,0.00,M,M
1979-02-18,43,18,0.00,M,M
1979-02-19,47,22,0.00,M,M
1979-02-20,46,30,0.02,M,M
1979-02-21,37,23,0.02,M,M
1979-02-22,35,20,0.18,M,M
1979-02-23,39,17,0.01,M,M
1979-02-24,36,23,0.00,M,M
1979-02-25,44,18,0.00,M,M
1979-02-26,46,23,0.02,M,M
1979-02-27,45,20,0.00,M,M
1979-02-28,45,20,0.00,M,M
1979-03-01,49,23,0.00,0.0,0
1979-03-02,46,31,0.00,0.0,0
1979-03-03,39,28,0.00,0.0,0
1979-03-04,41,27,0.00,0.0,0
1979-03-05,48,17,0.00,0.0,0
1979-03-06,52,21,0.00,0.0,0
1979-03-07,57,26,0.00,0.0,0
1979-03-08,59,21,0.00,0.0,0
1979-03-09,55,27,0.00,0.0,0
1979-03-10,45,17,0.00,0.0,0
1979-03-11,M,21,0.00,0.0,0
1979-03-12,56,26,0.00,0.0,0
1979-03-13,58,22,0.00,0.0,0
1979-03-14,55,28,0.00,0.0,0
1979-03-15,51,32,0.15,0.0,0
1979-03-16,54,28,0.00,0.0,0
1979-03-17,50,33,0.00,0.0,0
1979-03-18,47,23,0.00,0.0,0
1979-03-19,47,28,0.00,0.0,0
1979-03-20,45,34,0.02,0.0,0
1979-03-21,47,32,0.44,0.0,0
1979-03-22,47,27,0.05,0.0,0
1979-03-23,49,26,0.00,0.0,0
1979-03-24,M,22,0.00,0.0,0
1979-03-25,M,23,0.00,0.0,0
1979-03-26,58,28,0.00,0.0,0
1979-03-27,60,25,0.00,0.0,0
1979-03-28,58,34,0.00,0.0,0
1979-03-29,49,24,0.10,0.0,0
1979-03-30,55,26,0.00,0.0,0
1979-03-31,48,30,0.76,0.0,0
1979-04-01,42,26,0.00,0.0,0
1979-04-02,40,18,0.00,0.0,0
1979-04-03,43,20,0.00,0.0,0
1979-04-04,50,13,0.00,0.0,0
1979-04-05,60,24,0.00,0.0,0
1979-04-06,68,30,0.00,0.0,0
1979-04-07,63,32,0.00,0.0,0
1979-04-08,M,35,0.00,0.0,0
1979-04-09,64,35,0.31,0.0,0
1979-04-10,42,32,0.55,0.0,0
1979-04-11,42,25,0.02,0.0,0
1979-04-12,43,20,0.00,0.0,0
1979-04-13,57,19,0.00,0.0,0
1979-04-14,65,28,0.00,0.0,0
1979-04-15,M,36,0.00,0.0,0
1979-04-16,70,40,0.00,0.0,0
1979-04-17,68,41,0.00,0.0,0
1979-04-18,70,36,0.00,0.0,0
1979-04-19,69,30,0.00,0.0,0
1979-04-20,64,28,0.00,0.0,0
1979-04-21,M,34,0.00,0.0,0
1979-04-22,66,37,0.00,0.0,0
1979-04-23,66,37,0.00,0.0,0
1979-04-24,69,33,0.00,0.0,0
1979-04-25,68,29,0.00,0.0,0
1979-04-26,68,42,0.00,0.0,0
1979-04-27,69,34,0.00,0.0,0
1979-04-28,66,35,0.00,0.0,0
1979-04-29,64,35,0.00,0.0,0
1979-04-30,57,38,0.04,0.0,0
1979-05-01,67,34,0.00,0.0,0
1979-05-02,64,31,0.00,0.0,0
1979-05-03,54,35,0.03,0.0,0
1979-05-04,65,32,0.00,0.0,0
1979-05-05,70,35,0.00,0.0,0
1979-05-06,70,40,0.00,0.0,0
1979-05-07,70,42,0.00,0.0,0
1979-05-08,68,38,0.00,0.0,0
1979-05-09,57,34,0.28,0.0,0
1979-05-10,52,28,0.00,0.0,0
1979-05-11,55,28,0.00,0.0,0
1979-05-12,62,36,0.00,0.0,0
1979-05-13,70,38,0.00,0.0,0
1979-05-14,75,28,0.00,0.0,0
1979-05-15,75,42,0.00,0.0,0
1979-05-16,73,42,0.02,0.0,0
1979-05-17,71,36,0.00,0.0,0
1979-05-18,75,36,0.00,0.0,0
1979-05-19,78,49,0.00,0.0,0
1979-05-20,76,42,0.00,0.0,0
1979-05-21,63,46,1.04,0.0,0
1979-05-22,70,44,0.37,0.0,0
1979-05-23,71,44,0.10,0.0,0
1979-05-24,65,43,0.15,0.0,0
1979-05-25,65,42,0.05,0.0,0
1979-05-26,63,48,0.17,0.0,0
1979-05-27,70,40,0.10,0.0,0
1979-05-28,72,42,0.00,0.0,0
1979-05-29,72,43,0.00,0.0,0
1979-05-30,73,43,0.00,0.0,0
1979-05-31,71,42,0.00,0.0,0
1979-06-01,69,45,0.06,0.0,0
1979-06-02,66,43,0.00,0.0,0
1979-06-03,72,41,0.00,0.0,0
1979-06-04,75,47,0.00,0.0,0
1979-06-05,70,48,0.04,0.0,0
1979-06-06,79,44,0.00,0.0,0
1979-06-07,78,45,0.00,0.0,0
1979-06-08,77,46,0.57,0.0,0
1979-06-09,60,33,0.19,0.0,0
1979-06-10,67,33,0.00,0.0,0
1979-06-11,77,38,0.00,0.0,0
1979-06-12,83,45,0.00,0.0,0
1979-06-13,84,49,0.00,0.0,0
1979-06-14,83,47,0.00,0.0,0
1979-06-15,83,49,0.00,0.0,0
1979-06-16,80,50,0.00,0.0,0
1979-06-17,78,40,0.00,0.0,0
1979-06-18,77,44,0.00,0.0,0
1979-06-19,75,31,0.00,0.0,0
1979-06-20,80,40,0.00,0.0,0
1979-06-21,83,45,0.00,0.0,0
1979-06-22,85,50,0.00,0.0,0
1979-06-23,86,47,0.00,0.0,0
1979-06-24,85,50,0.00,0.0,0
1979-06-25,85,43,0.04,0.0,0
1979-06-26,86,50,0.03,0.0,0
1979-06-27,88,52,0.00,0.0,0
1979-06-28,90,48,0.00,0.0,0
1979-06-29,88,55,0.00,0.0,0
1979-06-30,83,51,0.00,0.0,0
1979-07-01,M,M,M,M,M
1979-07-02,M,M,M,M,M
1979-07-03,M,M,M,M,M
1979-07-04,M,M,M,M,M
1979-07-05,M,M,M,M,M
1979-07-06,M,M,M,M,M
1979-07-07,M,M,M,M,M
1979-07-08,M,M,M,M,M
1979-07-09,M,M,M,M,M
1979-07-10,M,M,M,M,M
1979-07-11,M,M,M,M,M
1979-07-12,M,M,M,M,M
1979-07-13,M,M,M,M,M
1979-07-14,M,M,M,M,M
1979-07-15,M,M,M,M,M
1979-07-16,M,M,M,M,M
1979-07-17,M,M,M,M,M
1979-07-18,M,M,M,M,M
1979-07-19,M,M,M,M,M
1979-07-20,M,M,M,M,M
1979-07-21,M,M,M,M,M
1979-07-22,M,M,M,M,M
1979-07-23,M,M,M,M,M
1979-07-24,M,M,M,M,M
1979-07-25,M,M,M,M,M
1979-07-26,M,M,M,M,M
1979-07-27,M,M,M,M,M
1979-07-28,M,M,M,M,M
1979-07-29,M,M,M,M,M
1979-07-30,M,M,M,M,M
1979-07-31,M,M,M,M,M
1979-08-01,M,M,M,M,M
1979-08-02,M,M,M,M,M
1979-08-03,M,M,M,M,M
1979-08-04,M,M,M,M,M
1979-08-05,M,M,M,M,M
1979-08-06,M,M,M,M,M
1979-08-07,M,M,M,M,M
1979-08-08,M,M,M,M,M
1979-08-09,M,M,M,M,M
1979-08-10,M,M,M,M,M
1979-08-11,M,M,M,M,M
1979-08-12,M,M,M,M,M
1979-08-13,M,M,M,M,M
1979-08-14,M,M,M,M,M
1979-08-15,M,M,M,M,M
1979-08-16,M,M,M,M,M
1979-08-17,M,M,M,M,M
1979-08-18,M,M,M,M,M
1979-08-19,M,M,M,M,M
1979-08-20,M,M,M,M,M
1979-08-21,M,M,M,M,M
1979-08-22,M,M,M,M,M
1979-08-23,M,M,M,M,M
1979-08-24,M,M,M,M,M
1979-08-25,M,M,M,M,M
1979-08-26,M,M,M,M,M
1979-08-27,M,M,M,M,M
1979-08-28,M,M,M,M,M
1979-08-29,M,M,M,M,M
1979-08-30,M,M,M,M,M
1979-08-31,M,M,M,M,M
1979-09-01,85,47,0.00,0.0,0
1979-09-02,86,46,0.00,0.0,0
1979-09-03,83,52,0.00,0.0,0
1979-09-04,86,51,0.00,0.0,0
1979-09-05,88,49,0.00,0.0,0
1979-09-06,89,51,0.00,0.0,0
1979-09-07,85,51,0.00,0.0,0
1979-09-08,82,50,0.00,0.0,0
1979-09-09,84,51,0.00,0.0,0
1979-09-10,87,50,0.00,0.0,0
1979-09-11,85,51,0.00,0.0,0
1979-09-12,85,49,0.02,0.0,0
1979-09-13,85,47,0.00,0.0,0
1979-09-14,72,47,0.00,0.0,0
1979-09-15,74,48,0.00,0.0,0
1979-09-16,75,47,0.00,0.0,0
1979-09-17,74,49,0.00,0.0,0
1979-09-18,74,37,0.00,0.0,0
1979-09-19,75,41,0.00,0.0,0
1979-09-20,74,44,0.05,0.0,0
1979-09-21,63,46,0.05,0.0,0
1979-09-22,72,40,0.03,0.0,0
1979-09-23,80,46,0.00,0.0,0
1979-09-24,82,46,0.00,0.0,0
1979-09-25,81,46,0.00,0.0,0
1979-09-26,79,45,0.00,0.0,0
1979-09-27,76,45,0.00,0.0,0
1979-09-28,79,44,0.00,0.0,0
1979-09-29,80,45,0.00,0.0,0
1979-09-30,80,46,0.00,0.0,0
1979-10-01,80,46,0.00,0.0,0
1979-10-02,80,42,0.00,0.0,0
1979-10-03,80,39,0.00,0.0,0
1979-10-04,78,37,0.00,0.0,0
1979-10-05,79,40,0.00,0.0,0
1979-10-06,82,43,0.00,0.0,0
1979-10-07,81,44,0.00,0.0,0
1979-10-08,78,42,0.00,0.0,0
1979-10-09,70,42,0.00,0.0,0
1979-10-10,77,28,0.00,0.0,0
1979-10-11,79,45,0.00,0.0,0
1979-10-12,78,39,0.00,0.0,0
1979-10-13,76,39,0.00,0.0,0
1979-10-14,72,38,0.00,0.0,0
1979-10-15,73,38,0.00,0.0,0
1979-10-16,74,34,0.00,0.0,0
1979-10-17,72,37,0.00,0.0,0
1979-10-18,68,40,0.19,0.0,0
1979-10-19,68,34,0.00,0.0,0
1979-10-20,65,40,0.00,0.0,0
1979-10-21,67,24,0.27,0.0,0
1979-10-22,55,24,0.00,0.0,0
1979-10-23,64,29,0.00,0.0,0
1979-10-24,69,37,0.00,0.0,0
1979-10-25,74,37,0.00,0.0,0
1979-10-26,73,36,0.00,0.0,0
1979-10-27,74,44,0.00,0.0,0
1979-10-28,74,41,0.00,0.0,0
1979-10-29,68,32,0.00,0.0,0
1979-10-30,45,28,0.10,0.0,0
1979-10-31,43,28,0.01,0.0,0
1979-11-01,41,27,0.00,0.0,0
1979-11-02,47,18,0.00,0.0,0
1979-11-03,50,22,0.00,0.0,0
1979-11-04,50,24,0.00,0.0,0
1979-11-05,54,26,0.00,0.0,0
1979-11-06,50,25,0.00,0.0,0
1979-11-07,49,33,0.00,0.0,0
1979-11-08,47,35,0.24,0.0,0
1979-11-09,46,29,0.04,0.0,0
1979-11-10,43,23,0.00,0.0,0
1979-11-11,44,19,0.00,0.0,0
1979-11-12,46,18,0.00,0.0,0
1979-11-13,49,20,0.00,0.0,0
1979-11-14,49,23,0.00,0.0,0
1979-11-15,55,21,0.00,0.0,0
1979-11-16,56,24,0.00,0.0,0
1979-11-17,53,22,0.00,0.0,0
1979-11-18,45,20,0.01,0.0,0
1979-11-19,42,26,0.05,0.0,0
1979-11-20,40,17,0.13,0.0,0
1979-11-21,29,13,0.00,0.0,0
1979-11-22,30,12,0.00,0.0,0
1979-11-23,35,9,T,0.0,0
1979-11-24,38,11,0.00,0.0,0
1979-11-25,43,7,0.00,0.0,0
1979-11-26,54,19,0.00,0.0,0
1979-11-27,47,26,0.00,0.0,0
1979-11-28,33,9,0.00,0.0,0
1979-11-29,32,5,0.00,0.0,0
1979-11-30,38,8,0.00,0.0,0
1979-12-01,45,14,0.00,M,M
1979-12-02,47,15,0.00,M,M
1979-12-03,55,21,0.00,M,M
1979-12-04,57,28,0.00,M,M
1979-12-05,53,15,0.00,M,M
1979-12-06,51,18,0.00,M,M
1979-12-07,52,20,0.00,M,M
1979-12-08,50,24,0.00,M,M
1979-12-09,55,26,0.00,M,M
1979-12-10,54,21,0.00,M,M
1979-12-11,50,22,0.00,M,M
1979-12-12,47,22,0.02,M,M
1979-12-13,47,17,0.00,M,M
1979-12-14,46,14,0.00,M,M
1979-12-15,52,18,0.00,M,M
1979-12-16,56,21,0.00,M,M
1979-12-17,54,12,0.00,M,M
1979-12-18,54,21,0.00,M,M
1979-12-19,52,20,0.00,M,M
1979-12-20,M,M,0.00,M,M
1979-12-21,M,M,0.00,M,M
1979-12-22,44,M,0.00,M,M
1979-12-23,M,M,0.00,M,M
1979-12-24,M,M,0.00,M,M
1979-12-25,M,M,0.00,M,M
1979-12-26,M,M,0.00,M,M
1979-12-27,M,29,0.45,M,M
1979-12-28,36,19,0.14,M,M
1979-12-29,M,4,0.00,M,M
1979-12-30,M,M,0.00,M,M
1979-12-31,39,M,0.00,M,M
1980-01-01,M,M,0.00,M,M
1980-01-02,42,12,0.00,M,M
1980-01-03,33,9,0.00,M,M
1980-01-04,42,9,0.00,M,M
1980-01-05,M,M,0.00,M,M
1980-01-06,M,M,0.00,M,M
1980-01-07,46,12,0.00,M,M
1980-01-08,40,8,0.00,M,M
1980-01-09,40,23,0.00,M,M
1980-01-10,40,22,0.18,M,M
1980-01-11,40,1,0.03,M,M
1980-01-12,M,M,0.10,M,M
1980-01-13,M,M,0.11,M,M
1980-01-14,M,M,0.03,M,M
1980-01-15,45,38,0.00,M,M
1980-01-16,44,26,0.00,M,M
1980-01-17,42,23,T,M,M
1980-01-18,M,M,0.14,M,M
1980-01-19,M,M,0.33,M,M
1980-01-20,M,M,0.33,M,M
1980-01-21,44,15,0.00,M,M
1980-01-22,42,16,0.00,M,M
1980-01-23,41,13,0.00,M,M
1980-01-24,45,14,0.00,M,M
1980-01-25,45,17,0.00,M,M
1980-01-26,42,30,0.00,M,M
1980-01-27,46,30,0.00,M,M
1980-01-28,41,15,0.00,M,M
1980-01-29,36,29,0.24,M,M
1980-01-30,43,31,0.22,M,M
1980-01-31,45,20,0.00,M,M
1980-02-01,45,17,0.00,M,M
1980-02-02,50,22,0.00,M,M
1980-02-03,52,24,0.00,M,M
1980-02-04,55,20,0.00,M,M
1980-02-05,53,23,0.00,M,M
1980-02-06,50,21,0.00,M,M
1980-02-07,47,25,0.00,M,M
1980-02-08,33,19,0.00,M,M
1980-02-09,36,8,0.00,M,M
1980-02-10,45,14,0.00,M,M
1980-02-11,45,5,0.00,M,M
1980-02-12,47,17,0.00,M,M
1980-02-13,49,19,0.00,M,M
1980-02-14,46,31,0.09,M,M
1980-02-15,49,32,0.32,M,M
1980-02-16,M,M,0.00,M,M
1980-02-17,M,M,0.00,M,M
1980-02-18,M,M,0.16,M,M
1980-02-19,49,26,0.00,M,M
1980-02-20,47,27,0.12,M,M
1980-02-21,44,32,0.01,M,M
1980-02-22,45,22,0.04,M,M
1980-02-23,M,M,0.00,M,M
1980-02-24,M,M,0.00,M,M
1980-02-25,49,20,0.00,M,M
1980-02-26,55,18,0.00,M,M
1980-02-27,62,27,0.00,M,M
1980-02-28,61,30,0.00,M,M
1980-02-29,59,26,0.00,M,M
1980-03-01,48,20,0.00,M,M
1980-03-02,49,18,0.00,M,M
1980-03-03,49,16,0.06,M,M
1980-03-04,41,29,0.03,M,M
1980-03-05,50,30,0.00,M,M
1980-03-06,53,28,0.00,M,M
1980-03-07,48,22,T,M,M
1980-03-08,46,22,0.00,M,M
1980-03-09,49,22,0.00,M,M
1980-03-10,55,17,0.00,M,M
1980-03-11,51,30,0.18,M,M
1980-03-12,41,1,0.09,M,M
1980-03-13,50,15,0.00,M,M
1980-03-14,58,26,0.00,M,M
1980-03-15,58,30,0.00,M,M
1980-03-16,54,13,T,M,M
1980-03-17,45,13,0.00,M,M
1980-03-18,54,18,0.00,M,M
1980-03-19,54,28,0.00,M,M
1980-03-20,56,22,0.00,M,M
1980-03-21,60,23,0.00,M,M
1980-03-22,58,34,0.00,M,M
1980-03-23,58,28,0.05,M,M
1980-03-24,45,22,0.00,M,M
1980-03-25,44,25,0.02,M,M
1980-03-26,45,20,0.00,M,M
1980-03-27,40,29,0.47,M,M
1980-03-28,38,20,0.14,M,M
1980-03-29,M,12,0.00,M,M
1980-03-30,50,20,0.00,M,M
1980-03-31,49,28,0.00,M,M
1980-04-01,48,12,0.00,0.0,0
1980-04-02,47,23,0.14,0.0,0
1980-04-03,47,25,0.00,0.0,0
1980-04-04,56,24,0.00,0.0,0
1980-04-05,58,34,0.00,0.0,0
1980-04-06,56,37,0.00,0.0,0
1980-04-07,62,9,0.00,0.0,0
1980-04-08,57,17,0.00,0.0,0
1980-04-09,61,26,0.00,0.0,0
1980-04-10,66,15,0.00,0.0,0
1980-04-11,61,26,0.09,0.0,0
1980-04-12,40,25,0.00,0.0,0
1980-04-13,63,21,0.00,0.0,0
1980-04-14,67,28,0.00,0.0,0
1980-04-15,65,31,0.00,0.0,0
1980-04-16,65,34,0.00,0.0,0
1980-04-17,66,28,0.00,0.0,0
1980-04-18,71,31,0.00,0.0,0
1980-04-19,72,32,0.00,0.0,0
1980-04-20,70,35,0.00,0.0,0
1980-04-21,72,30,0.00,0.0,0
1980-04-22,64,38,0.03,0.0,0
1980-04-23,63,34,0.00,0.0,0
1980-04-24,60,31,0.64,0.0,0
1980-04-25,60,29,0.00,0.0,0
1980-04-26,48,30,0.09,0.0,0
1980-04-27,52,30,0.00,0.0,0
1980-04-28,63,35,0.34,0.0,0
1980-04-29,65,35,0.00,0.0,0
1980-04-30,65,38,0.00,0.0,0
1980-05-01,54,37,0.21,0.0,0
1980-05-02,M,34,0.00,0.0,0
1980-05-03,63,39,0.00,0.0,0
1980-05-04,65,36,0.02,0.0,0
1980-05-05,64,40,0.11,0.0,0
1980-05-06,63,38,0.18,0.0,0
1980-05-07,66,38,0.00,0.0,0
1980-05-08,64,32,0.00,0.0,0
1980-05-09,67,30,0.00,0.0,0
1980-05-10,69,40,0.00,0.0,0
1980-05-11,M,40,0.00,0.0,0
1980-05-12,70,40,0.00,0.0,0
1980-05-13,62,31,0.00,0.0,0
1980-05-14,64,42,0.02,0.0,0
1980-05-15,53,37,0.40,0.0,0
1980-05-16,58,36,0.02,0.0,0
1980-05-17,62,30,0.00,0.0,0
1980-05-18,68,34,0.00,0.0,0
1980-05-19,71,50,0.00,0.0,0
1980-05-20,74,42,0.00,0.0,0
1980-05-21,76,44,0.00,0.0,0
1980-05-22,78,45,0.00,0.0,0
1980-05-23,75,M,0.00,0.0,0
1980-05-24,70,21,0.00,0.0,0
1980-05-25,68,29,0.00,0.0,0
1980-05-26,71,25,0.00,0.0,0
1980-05-27,73,39,0.00,0.0,0
1980-05-28,74,34,0.00,0.0,0
1980-05-29,73,29,0.00,0.0,0
1980-05-30,74,36,0.00,0.0,0
1980-05-31,75,35,0.00,0.0,0
1980-06-01,73,26,0.00,0.0,0
1980-06-02,74,33,0.00,0.0,0
1980-06-03,80,38,0.00,0.0,0
1980-06-04,81,39,0.00,0.0,0
1980-06-05,82,42,0.00,0.0,0
1980-06-06,83,47,0.00,0.0,0
1980-06-07,80,42,0.00,0.0,0
1980-06-08,80,48,0.00,0.0,0
1980-06-09,79,52,0.03,0.0,0
1980-06-10,81,50,0.00,0.0,0
1980-06-11,83,50,0.00,0.0,0
1980-06-12,83,42,0.00,0.0,0
1980-06-13,84,31,0.00,0.0,0
1980-06-14,83,43,0.00,0.0,0
1980-06-15,82,40,0.00,0.0,0
1980-06-16,85,44,0.00,0.0,0
1980-06-17,87,41,0.00,0.0,0
1980-06-18,87,31,0.00,0.0,0
1980-06-19,85,42,0.00,0.0,0
1980-06-20,83,42,0.00,0.0,0
1980-06-21,82,42,0.00,0.0,0
1980-06-22,85,42,0.00,0.0,0
1980-06-23,88,42,0.00,0.0,0
1980-06-24,88,42,0.00,0.0,0
1980-06-25,90,55,0.00,0.0,0
1980-06-26,93,54,0.00,0.0,0
1980-06-27,92,42,0.00,0.0,0
1980-06-28,90,47,0.00,0.0,0
1980-06-29,93,56,0.00,0.0,0
1980-06-30,91,57,0.00,0.0,0
1980-07-01,90,53,0.00,0.0,0
1980-07-02,82,53,0.00,0.0,0
1980-07-03,87,42,0.00,0.0,0
1980-07-04,89,33,0.00,0.0,0
1980-07-05,92,52,0.00,0.0,0
1980-07-06,92,55,0.00,0.0,0
1980-07-07,89,56,0.00,0.0,0
1980-07-08,83,49,0.31,0.0,0
1980-07-09,87,54,0.00,0.0,0
1980-07-10,90,57,0.00,0.0,0
1980-07-11,92,56,0.00,0.0,0
1980-07-12,92,55,0.00,0.0,0
1980-07-13,87,54,0.05,0.0,0
1980-07-14,83,53,0.15,0.0,0
1980-07-15,87,52,0.00,0.0,0
1980-07-16,92,55,0.00,0.0,0
1980-07-17,93,57,0.00,0.0,0
1980-07-18,92,57,0.00,0.0,0
1980-07-19,87,67,0.00,0.0,0
1980-07-20,89,47,0.08,0.0,0
1980-07-21,87,56,0.00,0.0,0
1980-07-22,85,47,0.76,0.0,0
1980-07-23,85,48,0.23,0.0,0
1980-07-24,85,52,0.04,0.0,0
1980-07-25,87,51,0.09,0.0,0
1980-07-26,87,52,0.00,0.0,0
1980-07-27,88,54,0.00,0.0,0
1980-07-28,86,55,0.07,0.0,0
1980-07-29,89,55,0.00,0.0,0
1980-07-30,87,60,0.00,0.0,0
1980-07-31,88,56,0.00,0.0,0
1980-08-01,89,56,0.00,0.0,0
1980-08-02,85,57,0.80,0.0,0
1980-08-03,84,58,0.00,0.0,0
1980-08-04,85,50,0.00,0.0,0
1980-08-05,85,56,0.02,0.0,0
1980-08-06,86,55,0.23,0.0,0
1980-08-07,86,55,0.16,0.0,0
1980-08-08,83,55,0.00,0.0,0
1980-08-09,82,54,0.28,0.0,0
1980-08-10,85,53,0.21,0.0,0
1980-08-11,84,54,0.00,0.0,0
1980-08-12,81,51,0.00,0.0,0
1980-08-13,84,51,0.00,0.0,0
1980-08-14,84,56,0.13,0.0,0
1980-08-15,75,52,0.10,0.0,0
1980-08-16,77,45,0.00,0.0,0
1980-08-17,81,46,0.00,0.0,0
1980-08-18,82,53,0.00,0.0,0
1980-08-19,81,50,0.00,0.0,0
1980-08-20,78,40,0.00,0.0,0
1980-08-21,82,44,0.00,0.0,0
1980-08-22,82,50,0.00,0.0,0
1980-08-23,80,55,0.00,0.0,0
1980-08-24,78,50,0.01,0.0,0
1980-08-25,77,54,0.12,0.0,0
1980-08-26,75,49,0.00,0.0,0
1980-08-27,80,48,0.00,0.0,0
1980-08-28,82,48,0.00,0.0,0
1980-08-29,82,42,0.00,0.0,0
1980-08-30,80,39,0.00,0.0,0
1980-08-31,M,45,0.00,0.0,0
1980-09-01,80,44,0.00,0.0,0
1980-09-02,84,37,0.00,0.0,0
1980-09-03,85,48,0.00,0.0,0
1980-09-04,86,47,0.00,0.0,0
1980-09-05,86,53,0.00,0.0,0
1980-09-06,71,53,0.00,0.0,0
1980-09-07,77,50,0.07,0.0,0
1980-09-08,81,51,0.00,0.0,0
1980-09-09,72,55,0.12,0.0,0
1980-09-10,60,53,0.21,0.0,0
1980-09-11,74,49,0.26,0.0,0
1980-09-12,76,44,0.00,0.0,0
1980-09-13,78,47,0.00,0.0,0
1980-09-14,80,49,0.00,0.0,0
1980-09-15,80,46,0.00,0.0,0
1980-09-16,79,43,0.00,0.0,0
1980-09-17,81,45,0.00,0.0,0
1980-09-18,85,47,0.00,0.0,0
1980-09-19,84,46,0.00,0.0,0
1980-09-20,81,41,0.00,0.0,0
1980-09-21,79,41,0.00,0.0,0
1980-09-22,78,41,0.00,0.0,0
1980-09-23,76,41,0.00,0.0,0
1980-09-24,78,38,0.00,0.0,0
1980-09-25,77,38,0.00,0.0,0
1980-09-26,71,47,0.00,0.0,0
1980-09-27,78,47,0.00,0.0,0
1980-09-28,78,45,0.00,0.0,0
1980-09-29,80,44,0.03,0.0,0
1980-09-30,84,45,0.00,0.0,0
1980-10-01,85,47,0.00,0.0,0
1980-10-02,85,42,0.00,0.0,0
1980-10-03,76,39,0.00,0.0,0
1980-10-04,79,42,0.00,0.0,0
1980-10-05,80,44,0.00,0.0,0
1980-10-06,78,42,0.00,0.0,0
1980-10-07,78,39,0.00,0.0,0
1980-10-08,78,43,0.00,0.0,0
1980-10-09,78,42,0.00,0.0,0
1980-10-10,77,38,0.00,0.0,0
1980-10-11,71,36,0.00,0.0,0
1980-10-12,72,40,0.00,0.0,0
1980-10-13,70,40,0.00,0.0,0
1980-10-14,65,42,0.06,0.0,0
1980-10-15,55,34,0.57,0.0,0
1980-10-16,44,29,T,0.0,0
1980-10-17,50,23,0.00,0.0,0
1980-10-18,53,23,0.00,0.0,0
1980-10-19,57,24,0.00,0.0,0
1980-10-20,60,28,0.00,0.0,0
1980-10-21,63,29,0.00,0.0,0
1980-10-22,63,27,0.00,0.0,0
1980-10-23,61,27,0.00,0.0,0
1980-10-24,62,20,0.00,0.0,0
1980-10-25,63,26,0.00,0.0,0
1980-10-26,62,28,T,0.0,0
1980-10-27,62,27,0.29,0.0,0
1980-10-28,38,19,0.00,0.0,0
1980-10-29,48,21,0.00,0.0,0
1980-10-30,60,26,0.00,0.0,0
1980-10-31,63,31,0.00,0.0,0
1980-11-01,67,33,0.00,M,M
1980-11-02,64,29,0.00,M,M
1980-11-03,64,32,0.00,M,M
1980-11-04,65,31,0.00,M,M
1980-11-05,65,34,0.00,M,M
1980-11-06,69,34,0.00,M,M
1980-11-07,68,33,0.00,M,M
1980-11-08,69,34,0.00,M,M
1980-11-09,70,32,0.00,M,M
1980-11-10,68,41,0.00,M,M
1980-11-11,67,37,0.00,M,M
1980-11-12,64,36,0.00,M,M
1980-11-13,59,36,0.01,M,M
1980-11-14,51,33,0.34,M,M
1980-11-15,36,22,0.00,M,M
1980-11-16,38,23,0.00,M,M
1980-11-17,38,14,T,M,M
1980-11-18,47,16,0.00,M,M
1980-11-19,48,18,0.00,M,M
1980-11-20,50,18,0.00,M,M
1980-11-21,46,18,0.00,M,M
1980-11-22,46,18,0.00,M,M
1980-11-23,46,22,0.00,M,M
1980-11-24,41,27,0.06,M,M
1980-11-25,41,13,0.14,M,M
1980-11-26,40,10,0.00,M,M
1980-11-27,40,16,0.00,M,M
1980-11-28,53,21,0.00,M,M
1980-11-29,59,26,0.00,M,M
1980-11-30,58,23,0.00,M,M
1980-12-01,53,19,0.00,0.0,0
1980-12-02,55,24,0.00,0.0,0
1980-12-03,54,27,0.00,0.0,0
1980-12-04,53,26,0.00,0.0,0
1980-12-05,51,30,0.00,0.0,0
1980-12-06,52,28,0.00,0.0,0
1980-12-07,44,28,0.01,0.0,0
1980-12-08,39,26,0.14,0.0,0
1980-12-09,36,15,0.06,0.0,0
1980-12-10,44,15,0.00,0.0,0
1980-12-11,54,23,0.00,0.0,0
1980-12-12,55,24,0.00,0.0,0
1980-12-13,49,27,0.04,0.0,0
1980-12-14,47,23,T,0.0,0
1980-12-15,59,23,0.00,0.0,0
1980-12-16,60,28,0.00,0.0,0
1980-12-17,60,26,0.00,0.0,0
1980-12-18,59,26,0.00,0.0,0
1980-12-19,54,23,0.00,0.0,0
1980-12-20,43,16,0.00,0.0,0
1980-12-21,48,18,0.00,0.0,0
1980-12-22,52,22,0.00,0.0,0
1980-12-23,47,21,0.00,0.0,0
1980-12-24,52,23,0.00,0.0,0
1980-12-25,56,20,0.00,0.0,0
1980-12-26,60,31,0.00,0.0,0
1980-12-27,65,33,0.00,0.0,0
1980-12-28,62,32,0.00,0.0,0
1980-12-29,54,29,0.00,0.0,0
1980-12-30,56,28,0.00,0.0,0
1980-12-31,58,28,0.00,0.0,0
1981-01-01,55,31,0.00,0.0,0
1981-01-02,56,27,0.00,0.0,0
1981-01-03,54,28,0.00,0.0,0
1981-01-04,M,27,0.00,0.0,0
1981-01-05,56,34,0.00,0.0,0
1981-01-06,48,18,0.00,0.0,0
1981-01-07,45,17,0.00,0.0,0
1981-01-08,50,21,0.00,0.0,0
1981-01-09,54,24,0.00,0.0,0
1981-01-10,52,24,0.00,0.0,0
1981-01-11,46,24,0.00,0.0,0
1981-01-12,45,19,0.00,0.0,0
1981-01-13,56,21,0.00,0.0,0
1981-01-14,53,16,0.00,0.0,0
1981-01-15,51,18,0.00,0.0,0
1981-01-16,48,24,0.00,0.0,0
1981-01-17,35,25,0.00,0.0,0
1981-01-18,40,26,T,0.0,0
1981-01-19,45,28,0.00,0.0,0
1981-01-20,47,17,0.00,0.0,0
1981-01-21,50,13,0.00,0.0,0
1981-01-22,58,21,0.00,0.0,0
1981-01-23,60,24,0.00,0.0,0
1981-01-24,54,26,0.00,0.0,0
1981-01-25,48,18,0.00,0.0,0
1981-01-26,44,20,0.00,0.0,0
1981-01-27,48,12,0.00,0.0,0
1981-01-28,45,21,0.02,0.0,0
1981-01-29,42,15,T,0.0,0
1981-01-30,50,20,0.00,0.0,0
1981-01-31,49,10,T,0.0,0
1981-02-01,46,16,0.00,M,M
1981-02-02,49,14,0.00,M,M
1981-02-03,48,14,0.00,M,M
1981-02-04,48,14,0.00,M,M
1981-02-05,47,14,0.00,M,M
1981-02-06,50,12,0.00,M,M
1981-02-07,45,14,0.00,M,M
1981-02-08,48,14,0.00,M,M
1981-02-09,46,25,0.01,M,M
1981-02-10,37,11,0.06,M,M
1981-02-11,42,17,0.00,M,M
1981-02-12,48,15,0.00,M,M
1981-02-13,55,20,0.00,M,M
1981-02-14,61,27,0.00,M,M
1981-02-15,60,27,0.00,M,M
1981-02-16,64,27,0.00,M,M
1981-02-17,61,31,0.00,M,M
1981-02-18,62,33,0.00,M,M
1981-02-19,67,30,0.00,M,M
1981-02-20,65,25,0.00,M,M
1981-02-21,59,22,0.00,M,M
1981-02-22,52,17,0.00,M,M
1981-02-23,61,26,0.00,M,M
1981-02-24,63,27,0.00,M,M
1981-02-25,60,23,0.00,M,M
1981-02-26,59,29,0.00,M,M
1981-02-27,49,24,0.00,M,M
1981-02-28,56,28,T,M,M
1981-03-01,50,30,0.00,0.0,0
1981-03-02,50,30,T,0.0,0
1981-03-03,43,30,0.41,0.0,0
1981-03-04,40,28,0.00,0.0,0
1981-03-05,48,22,0.00,0.0,0
1981-03-06,46,28,T,0.0,0
1981-03-07,41,21,0.00,0.0,0
1981-03-08,48,25,0.00,0.0,0
1981-03-09,50,26,0.00,0.0,0
1981-03-10,46,26,0.05,0.0,0
1981-03-11,43,31,0.07,0.0,0
1981-03-12,49,30,T,0.0,0
1981-03-13,53,25,0.00,0.0,0
1981-03-14,50,31,0.32,0.0,0
1981-03-15,50,22,0.00,0.0,0
1981-03-16,53,28,0.00,0.0,0
1981-03-17,53,28,0.00,0.0,0
1981-03-18,47,18,0.00,0.0,0
1981-03-19,60,23,0.00,0.0,0
1981-03-20,56,31,0.00,0.0,0
1981-03-21,46,28,T,0.0,0
1981-03-22,55,26,0.00,0.0,0
1981-03-23,59,30,0.00,0.0,0
1981-03-24,62,31,0.00,0.0,0
1981-03-25,58,22,0.00,0.0,0
1981-03-26,62,28,0.00,0.0,0
1981-03-27,61,31,0.00,0.0,0
1981-03-28,42,24,0.00,0.0,0
1981-03-29,52,24,0.00,0.0,0
1981-03-30,58,30,0.00,0.0,0
1981-03-31,52,25,0.00,0.0,0
1981-04-01,64,26,0.00,0.0,0
1981-04-02,63,31,0.00,0.0,0
1981-04-03,59,25,0.02,0.0,0
1981-04-04,46,28,0.00,0.0,0
1981-04-05,56,18,0.00,0.0,0
1981-04-06,66,29,0.00,0.0,0
1981-04-07,67,33,0.00,0.0,0
1981-04-08,64,32,0.00,0.0,0
1981-04-09,71,32,0.00,0.0,0
1981-04-10,71,32,0.00,0.0,0
1981-04-11,70,37,0.00,0.0,0
1981-04-12,M,35,0.00,0.0,0
1981-04-13,65,46,0.35,0.0,0
1981-04-14,64,42,0.19,0.0,0
1981-04-15,57,32,0.12,0.0,0
1981-04-16,68,33,0.03,0.0,0
1981-04-17,73,40,0.00,0.0,0
1981-04-18,72,46,0.08,0.0,0
1981-04-19,65,38,0.00,0.0,0
1981-04-20,67,36,0.00,0.0,0
1981-04-21,70,35,0.00,0.0,0
1981-04-22,70,34,0.00,0.0,0
1981-04-23,68,33,0.00,0.0,0
1981-04-24,75,37,0.00,0.0,0
1981-04-25,78,43,0.00,0.0,0
1981-04-26,77,44,0.00,0.0,0
1981-04-27,76,44,0.00,0.0,0
1981-04-28,76,45,0.00,0.0,0
1981-04-29,78,43,0.00,0.0,0
1981-04-30,80,44,0.00,0.0,0
1981-05-01,78,48,0.00,0.0,0
1981-05-02,66,43,0.62,0.0,0
1981-05-03,70,52,0.00,0.0,0
1981-05-04,70,42,0.00,0.0,0
1981-05-05,69,41,0.00,0.0,0
1981-05-06,68,38,0.06,0.0,0
1981-05-07,67,29,0.00,0.0,0
1981-05-08,65,37,0.00,0.0,0
1981-05-09,64,34,0.00,0.0,0
1981-05-10,69,36,0.00,0.0,0
1981-05-11,71,42,0.00,0.0,0
1981-05-12,71,32,0.00,0.0,0
1981-05-13,68,36,0.00,0.0,0
1981-05-14,72,35,0.00,0.0,0
1981-05-15,71,42,0.02,0.0,0
1981-05-16,59,38,0.04,0.0,0
1981-05-17,71,35,0.08,0.0,0
1981-05-18,69,31,0.00,0.0,0
1981-05-19,70,36,0.00,0.0,0
1981-05-20,69,46,0.00,0.0,0
1981-05-21,65,42,0.00,0.0,0
1981-05-22,68,33,0.00,0.0,0
1981-05-23,70,37,0.00,0.0,0
1981-05-24,72,43,0.00,0.0,0
1981-05-25,78,48,0.00,0.0,0
1981-05-26,78,46,0.00,0.0,0
1981-05-27,79,41,0.00,0.0,0
1981-05-28,78,46,0.02,0.0,0
1981-05-29,72,43,0.00,0.0,0
1981-05-30,70,47,0.00,0.0,0
1981-05-31,74,43,0.00,0.0,0
1981-06-01,67,41,0.61,0.0,0
1981-06-02,77,41,0.02,0.0,0
1981-06-03,75,47,0.13,0.0,0
1981-06-04,75,38,0.00,0.0,0
1981-06-05,77,48,T,0.0,0
1981-06-06,83,52,0.00,0.0,0
1981-06-07,87,50,0.00,0.0,0
1981-06-08,88,47,0.00,0.0,0
1981-06-09,90,50,0.00,0.0,0
1981-06-10,91,49,0.00,0.0,0
1981-06-11,91,51,0.00,0.0,0
1981-06-12,90,50,0.00,0.0,0
1981-06-13,89,49,0.00,0.0,0
1981-06-14,84,48,0.00,0.0,0
1981-06-15,78,28,0.00,0.0,0
1981-06-16,76,35,0.00,0.0,0
1981-06-17,86,42,0.00,0.0,0
1981-06-18,89,50,0.00,0.0,0
1981-06-19,89,50,0.00,0.0,0
1981-06-20,94,55,0.00,0.0,0
1981-06-21,93,52,0.00,0.0,0
1981-06-22,95,55,0.00,0.0,0
1981-06-23,94,56,0.00,0.0,0
1981-06-24,93,56,0.00,0.0,0
1981-06-25,90,55,0.00,0.0,0
1981-06-26,87,53,0.00,0.0,0
1981-06-27,86,54,0.00,0.0,0
1981-06-28,86,53,0.00,0.0,0
1981-06-29,81,54,0.71,0.0,0
1981-06-30,83,54,T,0.0,0
1981-07-01,80,57,0.66,0.0,0
1981-07-02,80,57,0.13,0.0,0
1981-07-03,86,54,0.00,0.0,0
1981-07-04,87,56,0.00,0.0,0
1981-07-05,87,56,0.00,0.0,0
1981-07-06,88,56,T,0.0,0
1981-07-07,86,56,T,0.0,0
1981-07-08,86,52,T,0.0,0
1981-07-09,83,54,0.19,0.0,0
1981-07-10,81,55,0.11,0.0,0
1981-07-11,87,56,0.20,0.0,0
1981-07-12,84,55,0.00,0.0,0
1981-07-13,84,55,T,0.0,0
1981-07-14,85,53,0.12,0.0,0
1981-07-15,85,56,0.14,0.0,0
1981-07-16,85,53,0.00,0.0,0
1981-07-17,81,57,0.00,0.0,0
1981-07-18,81,57,0.41,0.0,0
1981-07-19,88,55,0.00,0.0,0
1981-07-20,92,54,0.00,0.0,0
1981-07-21,92,51,0.00,0.0,0
1981-07-22,91,53,0.00,0.0,0
1981-07-23,92,53,0.00,0.0,0
1981-07-24,90,57,T,0.0,0
1981-07-25,88,57,0.06,0.0,0
1981-07-26,85,55,0.20,0.0,0
1981-07-27,77,55,0.22,0.0,0
1981-07-28,83,52,0.00,0.0,0
1981-07-29,85,54,0.00,0.0,0
1981-07-30,85,52,0.00,0.0,0
1981-07-31,85,55,0.00,0.0,0
1981-08-01,83,58,T,0.0,0
1981-08-02,87,55,T,0.0,0
1981-08-03,88,55,0.00,0.0,0
1981-08-04,88,58,T,0.0,0
1981-08-05,87,56,0.00,0.0,0
1981-08-06,92,55,T,0.0,0
1981-08-07,84,56,T,0.0,0
1981-08-08,78,50,0.39,0.0,0
1981-08-09,75,51,0.16,0.0,0
1981-08-10,76,50,0.10,0.0,0
1981-08-11,74,54,0.55,0.0,0
1981-08-12,71,51,0.07,0.0,0
1981-08-13,74,49,0.00,0.0,0
1981-08-14,80,50,0.00,0.0,0
1981-08-15,82,60,0.00,0.0,0
1981-08-16,79,52,0.15,0.0,0
1981-08-17,76,47,0.02,0.0,0
1981-08-18,78,51,0.05,0.0,0
1981-08-19,79,48,0.00,0.0,0
1981-08-20,84,52,T,0.0,0
1981-08-21,88,54,T,0.0,0
1981-08-22,79,55,0.16,0.0,0
1981-08-23,85,48,0.00,0.0,0
1981-08-24,82,48,0.00,0.0,0
1981-08-25,80,52,0.03,0.0,0
1981-08-26,84,50,0.00,0.0,0
1981-08-27,80,52,0.31,0.0,0
1981-08-28,82,47,0.12,0.0,0
1981-08-29,89,64,0.00,0.0,0
1981-08-30,87,56,0.00,0.0,0
1981-08-31,85,50,0.00,0.0,0
1981-09-01,77,50,0.01,0.0,0
1981-09-02,82,48,0.00,0.0,0
1981-09-03,81,53,0.00,0.0,0
1981-09-04,89,49,0.20,0.0,0
1981-09-05,72,51,0.56,0.0,0
1981-09-06,72,48,0.32,0.0,0
1981-09-07,72,56,0.00,0.0,0
1981-09-08,70,53,0.01,0.0,0
1981-09-09,76,45,0.00,0.0,0
1981-09-10,77,45,0.00,0.0,0
1981-09-11,75,46,0.00,0.0,0
1981-09-12,77,45,0.00,0.0,0
1981-09-13,76,45,0.02,0.0,0
1981-09-14,77,41,0.00,0.0,0
1981-09-15,76,47,0.00,0.0,0
1981-09-16,72,46,0.01,0.0,0
1981-09-17,75,47,0.00,0.0,0
1981-09-18,75,48,0.00,0.0,0
1981-09-19,75,45,0.00,0.0,0
1981-09-20,82,44,0.00,0.0,0
1981-09-21,82,48,0.00,0.0,0
1981-09-22,81,48,0.00,0.0,0
1981-09-23,78,48,0.00,0.0,0
1981-09-24,71,60,0.11,0.0,0
1981-09-25,74,44,0.01,0.0,0
1981-09-26,75,43,0.00,0.0,0
1981-09-27,79,40,0.00,0.0,0
1981-09-28,80,47,0.00,0.0,0
1981-09-29,78,49,0.09,0.0,0
1981-09-30,73,48,0.00,0.0,0
1981-10-01,71,54,0.08,0.0,0
1981-10-02,55,45,0.18,0.0,0
1981-10-03,59,39,0.46,0.0,0
1981-10-04,62,38,0.00,0.0,0
1981-10-05,68,34,0.00,0.0,0
1981-10-06,67,40,0.00,0.0,0
1981-10-07,65,42,0.00,0.0,0
1981-10-08,68,38,0.00,0.0,0
1981-10-09,67,33,0.00,0.0,0
1981-10-10,65,34,0.00,0.0,0
1981-10-11,64,38,0.00,0.0,0
1981-10-12,62,40,0.00,0.0,0
1981-10-13,67,38,0.00,0.0,0
1981-10-14,65,41,0.00,0.0,0
1981-10-15,64,40,0.03,0.0,0
1981-10-16,63,41,0.00,0.0,0
1981-10-17,55,25,0.00,0.0,0
1981-10-18,54,29,0.00,0.0,0
1981-10-19,66,28,0.00,0.0,0
1981-10-20,67,31,0.00,0.0,0
1981-10-21,65,35,0.00,0.0,0
1981-10-22,65,35,0.00,0.0,0
1981-10-23,64,32,0.00,0.0,0
1981-10-24,52,28,0.00,0.0,0
1981-10-25,50,26,0.00,0.0,0
1981-10-26,65,25,0.00,0.0,0
1981-10-27,67,35,0.00,0.0,0
1981-10-28,67,34,0.00,0.0,0
1981-10-29,66,31,0.00,0.0,0
1981-10-30,62,23,0.00,0.0,0
1981-10-31,51,26,0.01,0.0,0
1981-11-01,53,24,0.00,0.0,0
1981-11-02,63,30,0.00,0.0,0
1981-11-03,62,34,0.00,0.0,0
1981-11-04,65,29,0.00,0.0,0
1981-11-05,62,31,0.00,0.0,0
1981-11-06,60,35,0.00,0.0,0
1981-11-07,58,34,0.00,0.0,0
1981-11-08,52,30,T,0.0,0
1981-11-09,55,26,0.00,0.0,0
1981-11-10,58,28,0.00,0.0,0
1981-11-11,55,28,0.00,0.0,0
1981-11-12,61,26,0.00,0.0,0
1981-11-13,66,27,0.00,0.0,0
1981-11-14,60,32,0.00,0.0,0
1981-11-15,64,32,0.00,0.0,0
1981-11-16,68,34,0.00,0.0,0
1981-11-17,66,32,0.00,0.0,0
1981-11-18,59,21,0.00,0.0,0
1981-11-19,46,17,0.00,0.0,0
1981-11-20,54,18,0.00,0.0,0
1981-11-21,53,21,0.00,0.0,0
1981-11-22,58,28,0.00,0.0,0
1981-11-23,62,26,0.00,0.0,0
1981-11-24,66,29,0.00,0.0,0
1981-11-25,62,30,0.00,0.0,0
1981-11-26,51,13,0.00,0.0,0
1981-11-27,38,23,0.00,0.0,0
1981-11-28,38,28,0.00,0.0,0
1981-11-29,41,34,0.26,0.0,0
1981-11-30,40,23,0.04,0.0,0
1981-12-01,30,17,0.00,0.0,0
1981-12-02,46,12,0.00,0.0,0
1981-12-03,56,21,0.00,0.0,0
1981-12-04,52,24,0.00,0.0,0
1981-12-05,54,27,0.00,0.0,0
1981-12-06,59,26,0.00,0.0,0
1981-12-07,58,31,0.00,0.0,0
1981-12-08,61,29,0.00,0.0,0
1981-12-09,59,28,0.00,0.0,0
1981-12-10,59,24,0.00,0.0,0
1981-12-11,54,35,0.00,0.0,0
1981-12-12,52,22,0.00,0.0,0
1981-12-13,46,20,0.00,0.0,0
1981-12-14,46,17,T,0.0,0
1981-12-15,50,18,0.00,0.0,0
1981-12-16,47,29,0.00,0.0,0
1981-12-17,40,11,0.00,0.0,0
1981-12-18,45,14,0.00,0.0,0
1981-12-19,53,22,0.00,0.0,0
1981-12-20,56,23,0.00,0.0,0
1981-12-21,54,24,0.00,0.0,0
1981-12-22,42,16,T,0.0,0
1981-12-23,35,10,0.00,0.0,0
1981-12-24,30,4,0.00,0.0,0
1981-12-25,35,10,0.00,0.0,0
1981-12-26,34,4,0.00,0.0,0
1981-12-27,46,27,0.00,0.0,0
1981-12-28,38,8,0.00,0.0,0
1981-12-29,45,13,0.00,0.0,0
1981-12-30,43,20,0.06,0.0,0
1981-12-31,43,12,0.01,0.0,0
1982-01-01,M,31,0.33,3.0,M
1982-01-02,32,16,0.20,1.0,M
1982-01-03,M,7,0.00,0.0,M
1982-01-04,32,-0,0.00,0.0,M
1982-01-05,31,16,0.20,6.5,M
1982-01-06,36,25,0.04,0.3,M
1982-01-07,33,14,0.00,0.0,M
1982-01-08,35,3,0.00,0.0,M
1982-01-09,42,10,0.00,0.0,M
1982-01-10,M,12,0.00,0.0,M
1982-01-11,M,7,0.00,0.0,M
1982-01-12,35,23,0.08,2.0,M
1982-01-13,32,14,0.02,0.0,M
1982-01-14,42,7,0.00,0.0,M
1982-01-15,41,9,0.00,0.0,M
1982-01-16,38,12,0.00,0.0,M
1982-01-17,48,17,0.00,0.0,M
1982-01-18,43,12,0.00,0.0,M
1982-01-19,41,26,0.00,0.0,M
1982-01-20,41,23,0.00,0.0,M
1982-01-21,44,18,0.00,0.0,M
1982-01-22,43,17,0.06,1.5,M
1982-01-23,32,8,0.00,0.0,M
1982-01-24,43,12,0.00,0.0,M
1982-01-25,50,23,0.00,0.0,M
1982-01-26,51,25,0.00,0.0,M
1982-01-27,49,18,0.00,0.0,M
1982-01-28,43,22,0.00,0.0,M
1982-01-29,38,26,0.02,5.0,M
1982-01-30,40,15,T,0.0,0
1982-01-31,37,18,M,M,M
1982-02-01,32,16,0.01,0.3,M
1982-02-02,31,17,0.03,1.3,M
1982-02-03,29,10,T,0.3,M
1982-02-04,26,14,0.52,7.5,M
1982-02-05,23,3,0.21,4.3,M
1982-02-06,29,-7,0.00,0.0,M
1982-02-07,30,-5,0.00,0.0,M
1982-02-08,38,16,0.03,1.5,M
1982-02-09,32,10,0.00,0.0,M
1982-02-10,35,20,T,0.0,M
1982-02-11,40,22,0.40,6.5,M
1982-02-12,42,11,0.00,0.0,M
1982-02-13,44,14,0.00,0.0,M
1982-02-14,42,14,0.00,0.0,M
1982-02-15,44,22,0.00,0.0,M
1982-02-16,51,20,0.00,0.0,M
1982-02-17,48,27,0.00,0.0,M
1982-02-18,45,23,0.00,0.0,M
1982-02-19,52,25,0.00,0.0,M
1982-02-20,58,26,0.00,0.0,M
1982-02-21,59,28,0.00,0.0,M
1982-02-22,60,29,0.00,0.0,M
1982-02-23,59,28,0.00,0.0,M
1982-02-24,52,31,0.00,0.0,M
1982-02-25,43,24,0.48,5.0,M
1982-02-26,40,17,0.00,0.0,M
1982-02-27,47,21,0.00,0.0,M
1982-02-28,52,26,0.00,0.0,M
1982-03-01,54,26,0.00,0.0,M
1982-03-02,54,30,0.00,0.0,M
1982-03-03,51,24,T,0.0,M
1982-03-04,42,20,0.00,0.0,M
1982-03-05,38,21,0.15,4.0,M
1982-03-06,36,9,T,0.0,M
1982-03-07,44,16,0.00,0.0,M
1982-03-08,56,25,0.00,0.0,M
1982-03-09,57,27,0.00,0.0,M
1982-03-10,60,26,0.00,0.0,M
1982-03-11,57,29,T,0.0,M
1982-03-12,49,29,0.14,0.0,M
1982-03-13,M,32,0.21,0.0,M
1982-03-14,47,32,0.04,0.0,M
1982-03-15,47,28,0.01,0.0,M
1982-03-16,54,27,0.00,0.0,M
1982-03-17,59,31,0.00,0.0,M
1982-03-18,58,37,0.00,0.0,M
1982-03-19,58,23,T,0.0,M
1982-03-20,41,16,0.00,0.0,M
1982-03-21,45,18,0.00,0.0,M
1982-03-22,53,21,0.00,0.0,M
1982-03-23,53,17,0.00,0.0,M
1982-03-24,56,17,0.00,0.0,M
1982-03-25,56,26,0.00,0.0,M
1982-03-26,53,31,0.11,0.0,M
1982-03-27,48,28,0.02,0.0,M
1982-03-28,54,28,0.00,0.0,M
1982-03-29,52,28,T,0.0,M
1982-03-30,45,21,0.03,0.5,M
1982-03-31,61,23,0.00,0.0,0
1982-04-01,66,31,0.00,0.0,0
1982-04-02,66,26,T,0.3,0
1982-04-03,58,20,0.00,0.0,0
1982-04-04,60,28,0.00,0.0,0
1982-04-05,57,27,0.00,0.0,0
1982-04-06,53,38,0.00,0.0,0
1982-04-07,56,37,0.00,0.0,0
1982-04-08,52,24,0.00,0.0,0
1982-04-09,54,26,0.00,0.0,0
1982-04-10,58,20,0.00,0.0,0
1982-04-11,66,27,0.00,0.0,0
1982-04-12,70,48,0.00,0.0,0
1982-04-13,69,33,0.00,0.0,0
1982-04-14,69,30,0.00,0.0,0
1982-04-15,67,33,0.00,0.0,0
1982-04-16,64,36,0.00,0.0,0
1982-04-17,M,28,0.00,0.0,0
1982-04-18,62,32,0.00,0.0,0
1982-04-19,60,30,0.00,0.0,0
1982-04-20,57,27,0.00,0.0,0
1982-04-21,53,27,T,0.0,0
1982-04-22,48,28,0.01,0.0,0
1982-04-23,50,32,T,0.0,0
1982-04-24,52,28,0.00,0.0,0
1982-04-25,64,27,0.04,0.0,0
1982-04-26,64,33,0.03,0.0,0
1982-04-27,68,35,0.00,0.0,0
1982-04-28,72,36,0.00,0.0,0
1982-04-29,75,36,0.00,0.0,0
1982-04-30,75,45,0.06,0.0,0
1982-05-01,75,38,0.08,0.0,0
1982-05-02,69,40,0.05,0.0,0
1982-05-03,70,37,0.00,0.0,0
1982-05-04,69,39,0.05,0.0,0
1982-05-05,58,38,0.11,0.0,0
1982-05-06,55,31,0.14,0.0,0
1982-05-07,66,28,0.00,0.0,0
1982-05-08,69,36,0.00,0.0,0
1982-05-09,65,37,0.00,0.0,0
1982-05-10,68,37,0.00,0.0,0
1982-05-11,66,37,0.00,0.0,0
1982-05-12,63,36,0.02,0.0,0
1982-05-13,53,30,0.20,0.0,0
1982-05-14,62,31,0.24,0.0,0
1982-05-15,63,35,0.00,0.0,0
1982-05-16,61,34,0.03,0.0,0
1982-05-17,68,35,0.00,0.0,0
1982-05-18,73,39,0.00,0.0,0
1982-05-19,72,38,0.00,0.0,0
1982-05-20,71,31,0.00,0.0,0
1982-05-21,74,37,0.00,0.0,0
1982-05-22,74,44,0.00,0.0,0
1982-05-23,M,38,1.10,0.0,0
1982-05-24,67,36,0.03,0.0,0
1982-05-25,66,43,0.08,0.0,0
1982-05-26,76,38,0.00,0.0,0
1982-05-27,75,42,0.00,0.0,0
1982-05-28,72,42,0.00,0.0,0
1982-05-29,72,38,0.00,0.0,0
1982-05-30,73,43,0.00,0.0,0
1982-05-31,75,38,0.00,0.0,0
1982-06-01,75,42,0.00,0.0,0
1982-06-02,74,45,0.00,0.0,0
1982-06-03,74,38,0.00,0.0,0
1982-06-04,77,39,0.00,0.0,0
1982-06-05,75,40,0.00,0.0,0
1982-06-06,75,38,0.00,0.0,0
1982-06-07,78,41,0.00,0.0,0
1982-06-08,78,42,0.00,0.0,0
1982-06-09,76,37,0.00,0.0,0
1982-06-10,75,42,0.00,0.0,0
1982-06-11,77,43,0.00,0.0,0
1982-06-12,77,44,0.00,0.0,0
1982-06-13,74,44,0.00,0.0,0
1982-06-14,80,42,0.00,0.0,0
1982-06-15,76,43,0.00,0.0,0
1982-06-16,75,45,0.00,0.0,0
1982-06-17,81,48,0.00,0.0,0
1982-06-18,77,47,0.00,0.0,0
1982-06-19,72,44,0.19,0.0,0
1982-06-20,68,43,T,0.0,0
1982-06-21,75,43,0.05,0.0,0
1982-06-22,78,45,0.00,0.0,0
1982-06-23,80,49,0.00,0.0,0
1982-06-24,83,49,0.00,0.0,0
1982-06-25,82,49,0.00,0.0,0
1982-06-26,82,47,0.00,0.0,0
1982-06-27,85,48,0.00,0.0,0
1982-06-28,83,52,0.00,0.0,0
1982-06-29,88,53,0.00,0.0,0
1982-06-30,82,56,0.00,0.0,0
1982-07-01,82,50,0.00,0.0,0
1982-07-02,82,42,0.00,0.0,0
1982-07-03,86,43,0.00,0.0,0
1982-07-04,85,48,0.00,0.0,0
1982-07-05,83,49,0.00,0.0,0
1982-07-06,78,42,0.00,0.0,0
1982-07-07,80,49,0.01,0.0,0
1982-07-08,83,51,0.00,0.0,0
1982-07-09,83,50,0.00,0.0,0
1982-07-10,85,46,0.00,0.0,0
1982-07-11,85,55,0.05,0.0,0
1982-07-12,85,52,0.00,0.0,0
1982-07-13,85,54,0.32,0.0,0
1982-07-14,88,53,0.00,0.0,0
1982-07-15,87,50,0.00,0.0,0
1982-07-16,87,54,0.00,0.0,0
1982-07-17,85,57,0.00,0.0,0
1982-07-18,83,46,0.18,0.0,0
1982-07-19,89,53,0.15,0.0,0
1982-07-20,87,M,0.12,0.0,0
1982-07-21,90,55,0.00,0.0,0
1982-07-22,89,58,0.00,0.0,0
1982-07-23,86,56,0.00,0.0,0
1982-07-24,88,56,0.00,0.0,0
1982-07-25,88,56,0.00,0.0,0
1982-07-26,85,58,0.03,0.0,0
1982-07-27,85,56,T,0.0,0
1982-07-28,80,58,0.32,0.0,0
1982-07-29,76,57,1.09,0.0,0
1982-07-30,73,57,0.77,0.0,0
1982-07-31,79,54,0.00,0.0,0
1982-08-01,83,54,T,0.0,0
1982-08-02,82,51,T,0.0,0
1982-08-03,77,53,0.02,0.0,0
1982-08-04,83,52,0.00,0.0,0
1982-08-05,84,53,0.00,0.0,0
1982-08-06,81,55,0.01,0.0,0
1982-08-07,80,55,0.00,0.0,0
1982-08-08,80,51,0.15,0.0,0
1982-08-09,83,51,0.00,0.0,0
1982-08-10,85,53,0.00,0.0,0
1982-08-11,85,58,0.01,0.0,0
1982-08-12,82,55,0.00,0.0,0
1982-08-13,80,54,T,0.0,0
1982-08-14,81,52,0.00,0.0,0
1982-08-15,87,57,0.00,0.0,0
1982-08-16,86,53,0.30,0.0,0
1982-08-17,81,54,0.06,0.0,0
1982-08-18,81,57,0.07,0.0,0
1982-08-19,84,56,0.00,0.0,0
1982-08-20,86,56,0.01,0.0,0
1982-08-21,79,55,0.01,0.0,0
1982-08-22,78,52,0.00,0.0,0
1982-08-23,77,52,0.00,0.0,0
1982-08-24,78,52,0.73,0.0,0
1982-08-25,77,56,1.06,0.0,0
1982-08-26,74,51,0.04,0.0,0
1982-08-27,78,50,0.00,0.0,0
1982-08-28,78,52,0.00,0.0,0
1982-08-29,78,51,0.06,0.0,0
1982-08-30,77,53,0.00,0.0,0
1982-08-31,82,50,T,0.0,0
1982-09-01,85,53,0.00,0.0,0
1982-09-02,85,49,0.00,0.0,0
1982-09-03,82,53,0.09,0.0,0
1982-09-04,82,50,0.00,0.0,0
1982-09-05,82,50,0.06,0.0,0
1982-09-06,78,49,0.00,0.0,0
1982-09-07,76,50,0.10,0.0,0
1982-09-08,76,49,0.06,0.0,0
1982-09-09,80,50,0.08,0.0,0
1982-09-10,75,50,0.13,0.0,0
1982-09-11,65,50,0.38,0.0,0
1982-09-12,58,48,0.24,0.0,0
1982-09-13,61,42,0.08,0.0,0
1982-09-14,64,40,0.01,0.0,0
1982-09-15,69,44,0.00,0.0,0
1982-09-16,78,50,0.00,0.0,0
1982-09-17,76,51,0.07,0.0,0
1982-09-18,70,52,0.46,0.0,0
1982-09-19,70,43,0.01,0.0,0
1982-09-20,65,46,0.13,0.0,0
1982-09-21,70,50,0.00,0.0,0
1982-09-22,75,47,0.00,0.0,0
1982-09-23,79,46,0.00,0.0,0
1982-09-24,78,48,0.00,0.0,0
1982-09-25,M,44,0.00,0.0,0
1982-09-26,74,45,0.00,0.0,0
1982-09-27,70,40,0.00,0.0,0
1982-09-28,70,33,0.00,0.0,0
1982-09-29,67,33,0.00,0.0,0
1982-09-30,67,43,T,0.0,0
1982-10-01,67,38,0.00,0.0,0
1982-10-02,M,27,0.00,0.0,0
1982-10-03,64,31,0.00,0.0,0
1982-10-04,73,33,0.00,0.0,0
1982-10-05,73,39,0.00,0.0,0
1982-10-06,71,28,0.00,0.0,0
1982-10-07,74,35,0.00,0.0,0
1982-10-08,72,27,0.00,0.0,0
1982-10-09,M,19,0.00,0.0,0
1982-10-10,48,16,0.00,0.0,0
1982-10-11,M,28,0.00,0.0,0
1982-10-12,52,27,0.00,0.0,0
1982-10-13,56,29,0.00,0.0,0
1982-10-14,58,34,0.04,0.0,0
1982-10-15,67,31,0.00,0.0,0
1982-10-16,M,35,0.00,0.0,0
1982-10-17,60,30,0.03,0.0,0
1982-10-18,69,28,0.00,0.0,0
1982-10-19,68,29,0.00,0.0,0
1982-10-20,57,29,0.00,0.0,0
1982-10-21,66,33,0.00,0.0,0
1982-10-22,65,32,0.00,0.0,0
1982-10-23,68,38,0.00,0.0,0
1982-10-24,69,40,0.00,0.0,0
1982-10-25,68,46,0.00,0.0,0
1982-10-26,65,39,T,0.0,0
1982-10-27,56,40,0.31,0.0,0
1982-10-28,48,22,0.01,0.0,0
1982-10-29,57,22,0.00,0.0,0
1982-10-30,63,31,0.00,0.0,0
1982-10-31,M,36,0.00,0.0,0
1982-11-01,52,32,0.00,0.0,0
1982-11-02,48,28,0.00,0.0,0
1982-11-03,46,19,0.06,0.0,0
1982-11-04,55,M,0.00,0.0,0
1982-11-05,57,24,0.00,0.0,0
1982-11-06,62,30,0.00,0.0,0
1982-11-07,59,27,0.00,0.0,0
1982-11-08,58,37,0.00,0.0,0
1982-11-09,53,40,0.16,0.0,0
1982-11-10,54,34,T,0.0,0
1982-11-11,M,31,0.08,0.0,0
1982-11-12,45,20,0.00,0.0,0
1982-11-13,48,24,0.00,0.0,0
1982-11-14,M,22,0.00,0.0,0
1982-11-15,47,20,0.00,0.0,0
1982-11-16,46,25,0.00,0.0,0
1982-11-17,49,25,0.00,0.0,0
1982-11-18,47,32,0.08,0.0,0
1982-11-19,52,32,T,0.0,0
1982-11-20,M,30,0.00,0.0,0
1982-11-21,48,28,0.00,0.0,0
1982-11-22,51,27,0.00,0.0,0
1982-11-23,45,31,0.00,0.0,0
1982-11-24,38,24,0.02,0.5,M
1982-11-25,46,21,0.00,0.0,M
1982-11-26,42,29,0.00,0.0,M
1982-11-27,M,26,0.13,2.0,M
1982-11-28,42,21,0.00,0.0,M
1982-11-29,38,25,0.04,0.3,M
1982-11-30,41,28,0.02,0.0,M
1982-12-01,39,23,0.15,0.0,M
1982-12-02,35,23,0.05,0.0,M
1982-12-03,40,11,0.00,0.0,M
1982-12-04,45,17,0.00,0.0,M
1982-12-05,45,22,0.00,0.0,M
1982-12-06,45,19,0.00,0.0,M
1982-12-07,45,23,0.00,0.0,M
1982-12-08,40,25,0.02,0.0,M
1982-12-09,36,30,0.20,0.0,M
1982-12-10,39,25,0.06,0.5,M
1982-12-11,35,25,0.10,1.5,M
1982-12-12,39,20,0.00,0.0,M
1982-12-13,36,19,0.00,0.0,M
1982-12-14,35,22,0.05,1.0,M
1982-12-15,39,11,0.00,0.0,M
1982-12-16,50,18,0.00,0.0,M
1982-12-17,50,20,0.00,0.0,M
1982-12-18,48,23,0.00,0.0,M
1982-12-19,46,18,0.00,0.0,M
1982-12-20,47,22,0.00,0.0,M
1982-12-21,53,23,0.00,0.0,M
1982-12-22,49,22,0.00,0.0,M
1982-12-23,M,32,0.31,2.0,M
1982-12-24,M,22,0.00,0.0,M
1982-12-25,33,M,0.00,0.0,M
1982-12-26,34,22,0.04,0.0,M
1982-12-27,32,22,0.11,5.0,M
1982-12-28,28,7,0.00,0.0,4
1982-12-29,21,-1,0.00,0.0,4
1982-12-30,28,10,0.00,0.0,4
1982-12-31,32,8,0.00,0.0,M
1983-01-01,38,5,0.00,0.0,M
1983-01-02,38,14,0.00,0.0,M
1983-01-03,38,15,0.00,0.0,M
1983-01-04,44,14,0.00,0.0,M
1983-01-05,48,17,0.00,0.0,M
1983-01-06,50,20,0.00,0.0,M
1983-01-07,45,27,0.00,0.0,M
1983-01-08,46,26,0.00,0.0,M
1983-01-09,M,26,0.00,0.0,M
1983-01-10,39,14,0.00,0.0,M
1983-01-11,49,20,0.00,0.0,M
1983-01-12,51,21,0.00,0.0,M
1983-01-13,52,20,0.00,0.0,M
1983-01-14,51,18,0.00,0.0,M
1983-01-15,43,22,0.00,0.0,M
1983-01-16,46,22,0.00,0.0,M
1983-01-17,M,29,T,0.0,M
1983-01-18,37,25,0.12,1.3,M
1983-01-19,40,17,0.00,0.0,M
1983-01-20,38,22,0.00,0.0,M
1983-01-21,37,22,0.00,0.0,M
1983-01-22,38,20,0.00,0.0,M
1983-01-23,38,17,0.00,0.0,M
1983-01-24,40,19,0.00,0.0,M
1983-01-25,40,22,0.07,2.0,M
1983-01-26,42,20,0.00,0.0,M
1983-01-27,44,24,0.00,0.0,M
1983-01-28,M,26,0.00,0.0,M
1983-01-29,44,25,0.00,0.0,M
1983-01-30,43,30,0.03,1.0,M
1983-01-31,M,30,0.30,4.0,M
1983-02-01,33,22,0.06,0.5,M
1983-02-02,35,15,0.00,0.0,M
1983-02-03,31,13,0.04,1.0,M
1983-02-04,30,23,0.45,6.0,M
1983-02-05,36,20,0.04,1.0,M
1983-02-06,34,9,0.00,0.0,M
1983-02-07,36,12,0.00,0.0,M
1983-02-08,39,26,T,0.0,M
1983-02-09,40,26,T,0.0,M
1983-02-10,45,18,0.00,0.0,0
1983-02-11,42,19,0.00,0.0,0
1983-02-12,48,20,0.00,0.0,0
1983-02-13,48,24,0.00,0.0,0
1983-02-14,48,26,0.00,0.0,0
1983-02-15,48,24,0.00,0.0,0
1983-02-16,54,23,0.00,0.0,0
1983-02-17,49,22,0.00,0.0,0
1983-02-18,57,26,0.00,0.0,0
1983-02-19,M,30,T,0.0,0
1983-02-20,48,26,0.00,0.0,0
1983-02-21,52,24,0.00,0.0,0
1983-02-22,52,28,0.00,0.0,0
1983-02-23,55,26,0.00,0.0,0
1983-02-24,56,27,0.00,0.0,0
1983-02-25,52,30,0.03,0.0,0
1983-02-26,46,26,0.00,0.0,0
1983-02-27,49,34,0.00,0.0,0
1983-02-28,49,30,0.00,0.0,0
1983-03-01,55,28,0.00,0.0,0
1983-03-02,58,35,0.00,0.0,0
1983-03-03,56,32,0.00,0.0,0
1983-03-04,53,32,0.01,0.0,0
1983-03-05,44,36,0.00,0.0,0
1983-03-06,50,32,0.00,0.0,0
1983-03-07,53,33,0.00,0.0,0
1983-03-08,52,28,0.00,0.0,0
1983-03-09,54,26,0.00,0.0,0
1983-03-10,65,29,0.00,0.0,0
1983-03-11,65,29,0.00,0.0,0
1983-03-12,62,35,0.00,0.0,0
1983-03-13,62,30,0.00,0.0,0
1983-03-14,M,35,0.00,0.0,0
1983-03-15,52,30,0.02,0.0,0
1983-03-16,46,22,0.00,0.0,0
1983-03-17,48,22,0.00,0.0,0
1983-03-18,41,31,0.40,2.0,M
1983-03-19,M,M,M,M,M
1983-03-20,38,26,0.00,0.0,M
1983-03-21,42,18,0.00,0.0,M
1983-03-22,38,22,0.32,6.0,M
1983-03-23,43,23,T,0.0,M
1983-03-24,44,20,0.00,0.0,M
1983-03-25,41,21,0.02,0.0,M
1983-03-26,44,30,0.01,0.0,M
1983-03-27,48,22,0.00,0.0,M
1983-03-28,51,32,0.00,0.0,M
1983-03-29,50,30,T,0.0,M
1983-03-30,60,25,0.00,0.0,M
1983-03-31,65,25,0.00,0.0,M
1983-04-01,60,20,T,T,M
1983-04-02,54,22,0.00,0.0,M
1983-04-03,M,32,0.00,0.0,M
1983-04-04,M,22,0.11,0.0,M
1983-04-05,37,7,0.00,0.0,M
1983-04-06,37,20,0.01,0.3,M
1983-04-07,42,20,0.00,0.0,M
1983-04-08,40,22,0.03,0.5,M
1983-04-09,56,25,0.00,0.0,M
1983-04-10,59,30,0.00,0.0,M
1983-04-11,M,35,0.00,0.0,M
1983-04-12,48,22,0.00,0.0,M
1983-04-13,42,20,0.18,1.5,M
1983-04-14,42,25,0.13,1.5,M
1983-04-15,50,20,T,T,M
1983-04-16,57,28,0.00,0.0,0
1983-04-17,64,30,0.00,0.0,0
1983-04-18,67,34,0.00,0.0,0
1983-04-19,65,37,0.00,0.0,0
1983-04-20,65,34,0.00,0.0,0
1983-04-21,58,34,T,0.0,0
1983-04-22,57,32,0.00,0.0,0
1983-04-23,62,35,0.00,0.0,0
1983-04-24,68,36,0.00,0.0,0
1983-04-25,70,36,0.00,0.0,0
1983-04-26,69,34,0.00,0.0,0
1983-04-27,65,27,0.00,0.0,0
1983-04-28,68,28,0.00,0.0,0
1983-04-29,67,35,0.00,0.0,0
1983-04-30,62,35,0.00,0.0,0
1983-05-01,54,34,0.04,0.0,0
1983-05-02,54,25,0.00,0.0,0
1983-05-03,64,25,0.00,0.0,0
1983-05-04,68,33,0.00,0.0,0
1983-05-05,69,29,0.00,0.0,0
1983-05-06,68,18,0.00,0.0,0
1983-05-07,68,25,0.00,0.0,0
1983-05-08,73,35,0.00,0.0,0
1983-05-09,74,41,0.00,0.0,0
1983-05-10,73,43,0.00,0.0,0
1983-05-11,73,37,0.00,0.0,0
1983-05-12,69,26,0.00,0.0,0
1983-05-13,65,35,0.00,0.0,0
1983-05-14,63,33,0.11,0.0,0
1983-05-15,63,33,0.03,0.0,0
1983-05-16,65,35,0.00,0.0,0
1983-05-17,65,23,0.00,0.0,0
1983-05-18,63,27,0.00,0.0,0
1983-05-19,62,33,0.00,0.0,0
1983-05-20,56,33,0.44,0.0,0
1983-05-21,66,32,0.01,0.0,0
1983-05-22,69,31,0.00,0.0,0
1983-05-23,73,38,0.00,0.0,0
1983-05-24,79,42,0.00,0.0,0
1983-05-25,81,45,0.00,0.0,0
1983-05-26,81,46,0.00,0.0,0
1983-05-27,78,48,0.00,0.0,0
1983-05-28,80,45,0.01,0.0,0
1983-05-29,78,44,0.00,0.0,0
1983-05-30,67,46,0.01,0.0,0
1983-05-31,60,42,0.03,0.0,0
1983-06-01,74,41,0.14,0.0,0
1983-06-02,71,41,0.00,0.0,0
1983-06-03,74,38,0.00,0.0,0
1983-06-04,78,41,0.00,0.0,0
1983-06-05,75,40,0.00,0.0,0
1983-06-06,72,41,0.12,0.0,0
1983-06-07,75,47,0.00,0.0,0
1983-06-08,75,45,0.00,0.0,0
1983-06-09,74,46,0.13,0.0,0
1983-06-10,76,41,0.00,0.0,0
1983-06-11,78,45,0.02,0.0,0
1983-06-12,78,46,0.00,0.0,0
1983-06-13,72,34,0.00,0.0,0
1983-06-14,70,33,0.00,0.0,0
1983-06-15,77,42,0.00,0.0,0
1983-06-16,79,44,0.00,0.0,0
1983-06-17,81,44,0.00,0.0,0
1983-06-18,85,48,0.00,0.0,0
1983-06-19,86,50,0.00,0.0,0
1983-06-20,85,42,0.00,0.0,0
1983-06-21,86,42,0.00,0.0,0
1983-06-22,89,52,0.00,0.0,0
1983-06-23,83,56,0.00,0.0,0
1983-06-24,77,51,0.00,0.0,0
1983-06-25,68,51,0.06,0.0,0
1983-06-26,70,44,0.00,0.0,0
1983-06-27,75,42,T,0.0,0
1983-06-28,81,43,0.00,0.0,0
1983-06-29,83,48,0.00,0.0,0
1983-06-30,82,42,0.00,0.0,0
1983-07-01,83,M,0.00,0.0,0
1983-07-02,81,42,0.00,0.0,0
1983-07-03,81,48,0.00,0.0,0
1983-07-04,82,49,0.00,0.0,0
1983-07-05,85,48,0.00,0.0,0
1983-07-06,84,55,0.00,0.0,0
1983-07-07,88,54,0.00,0.0,0
1983-07-08,89,53,0.00,0.0,0
1983-07-09,89,55,0.00,0.0,0
1983-07-10,86,52,0.00,0.0,0
1983-07-11,84,52,0.20,0.0,0
1983-07-12,72,49,0.00,0.0,0
1983-07-13,82,50,0.00,0.0,0
1983-07-14,85,47,0.00,0.0,0
1983-07-15,86,49,0.00,0.0,0
1983-07-16,87,50,0.00,0.0,0
1983-07-17,84,54,0.00,0.0,0
1983-07-18,84,53,0.38,0.0,0
1983-07-19,86,55,0.00,0.0,0
1983-07-20,87,55,0.00,0.0,0
1983-07-21,86,54,0.00,0.0,0
1983-07-22,86,56,0.00,0.0,0
1983-07-23,85,55,T,0.0,0
1983-07-24,84,54,0.00,0.0,0
1983-07-25,82,54,0.00,0.0,0
1983-07-26,82,51,0.03,0.0,0
1983-07-27,78,48,0.00,0.0,0
1983-07-28,83,47,0.12,0.0,0
1983-07-29,85,56,0.01,0.0,0
1983-07-30,83,53,0.00,0.0,0
1983-07-31,76,55,0.00,0.0,0
1983-08-01,88,55,0.00,0.0,0
1983-08-02,80,53,0.29,0.0,0
1983-08-03,82,54,0.58,0.0,0
1983-08-04,82,55,0.00,0.0,0
1983-08-05,86,56,0.00,0.0,0
1983-08-06,83,55,T,0.0,0
1983-08-07,80,59,0.00,0.0,0
1983-08-08,85,52,0.03,0.0,0
1983-08-09,84,55,0.00,0.0,0
1983-08-10,85,55,0.00,0.0,0
1983-08-11,83,55,0.00,0.0,0
1983-08-12,81,53,0.00,0.0,0
1983-08-13,82,53,0.06,0.0,0
1983-08-14,82,56,0.00,0.0,0
1983-08-15,83,54,0.00,0.0,0
1983-08-16,84,53,0.00,0.0,0
1983-08-17,87,55,0.00,0.0,0
1983-08-18,86,54,0.00,0.0,0
1983-08-19,86,51,0.00,0.0,0
1983-08-20,84,49,0.06,0.0,0
1983-08-21,85,54,0.00,0.0,0
1983-08-22,85,56,0.02,0.0,0
1983-08-23,74,50,0.06,0.0,0
1983-08-24,75,52,0.00,0.0,0
1983-08-25,80,55,0.00,0.0,0
1983-08-26,79,52,0.09,0.0,0
1983-08-27,82,52,0.00,0.0,0
1983-08-28,85,54,0.08,0.0,0
1983-08-29,80,52,0.14,0.0,0
1983-08-30,82,54,0.00,0.0,0
1983-08-31,85,53,0.00,0.0,0
1983-09-01,84,54,0.00,0.0,0
1983-09-02,89,55,0.00,0.0,0
1983-09-03,90,56,0.00,0.0,0
1983-09-04,85,42,0.10,0.0,0
1983-09-05,85,50,0.00,0.0,0
1983-09-06,87,49,0.00,0.0,0
1983-09-07,87,53,0.00,0.0,0
1983-09-08,75,53,0.20,0.0,0
1983-09-09,84,50,0.00,0.0,0
1983-09-10,85,53,0.00,0.0,0
1983-09-11,80,50,0.00,0.0,0
1983-09-12,86,50,0.00,0.0,0
1983-09-13,81,53,0.48,0.0,0
1983-09-14,78,46,T,0.0,0
1983-09-15,81,47,0.00,0.0,0
1983-09-16,85,47,0.00,0.0,0
1983-09-17,83,47,0.00,0.0,0
1983-09-18,80,46,0.00,0.0,0
1983-09-19,82,44,0.00,0.0,0
1983-09-20,80,46,0.00,0.0,0
1983-09-21,74,30,0.00,0.0,0
1983-09-22,79,33,0.00,0.0,0
1983-09-23,77,42,0.00,0.0,0
1983-09-24,74,45,0.00,0.0,0
1983-09-25,73,45,0.00,0.0,0
1983-09-26,77,46,0.00,0.0,0
1983-09-27,76,48,0.10,0.0,0
1983-09-28,71,43,0.00,0.0,0
1983-09-29,68,48,0.10,0.0,0
1983-09-30,66,50,0.12,0.0,0
1983-10-01,58,42,0.27,0.0,0
1983-10-02,56,40,0.10,0.0,0
1983-10-03,63,33,0.00,0.0,0
1983-10-04,68,31,0.00,0.0,0
1983-10-05,71,37,0.00,0.0,0
1983-10-06,71,41,0.00,0.0,0
1983-10-07,72,40,0.00,0.0,0
1983-10-08,M,M,0.07,0.0,0
1983-10-09,M,M,0.15,0.0,0
1983-10-10,M,M,0.00,0.0,0
1983-10-11,66,M,T,0.0,0
1983-10-12,65,32,0.00,0.0,0
1983-10-13,65,33,0.00,0.0,0
1983-10-14,65,36,0.10,0.0,0
1983-10-15,M,M,0.00,0.0,0
1983-10-16,M,M,0.00,0.0,0
1983-10-17,63,M,0.00,0.0,0
1983-10-18,70,40,0.00,0.0,0
1983-10-19,69,43,0.00,0.0,0
1983-10-20,58,44,0.01,0.0,0
1983-10-21,65,33,0.00,0.0,0
1983-10-22,M,M,0.00,0.0,0
1983-10-23,M,M,0.00,0.0,0
1983-10-24,69,M,0.00,0.0,0
1983-10-25,63,28,0.00,0.0,0
1983-10-26,69,28,0.00,0.0,0
1983-10-27,68,32,0.00,0.0,0
1983-10-28,66,34,0.00,0.0,0
1983-10-29,65,38,0.00,0.0,0
1983-10-30,63,40,0.00,0.0,0
1983-10-31,64,41,T,0.0,0
1983-11-01,65,35,T,0.0,0
1983-11-02,64,39,0.00,0.0,0
1983-11-03,69,37,0.00,0.0,0
1983-11-04,67,38,0.00,0.0,0
1983-11-05,65,38,0.00,0.0,0
1983-11-06,68,38,0.00,0.0,0
1983-11-07,69,36,0.00,0.0,0
1983-11-08,65,36,0.03,0.0,0
1983-11-09,46,18,0.02,0.0,0
1983-11-10,54,24,0.00,0.0,0
1983-11-11,61,28,0.00,0.0,0
1983-11-12,56,40,0.00,0.0,0
1983-11-13,54,36,0.02,0.0,0
1983-11-14,52,40,0.00,0.0,0
1983-11-15,51,20,0.00,0.0,0
1983-11-16,57,25,0.00,0.0,0
1983-11-17,59,20,0.00,0.0,0
1983-11-18,54,27,0.05,0.0,0
1983-11-19,37,24,0.02,T,0
1983-11-20,36,24,0.06,T,0
1983-11-21,40,32,0.12,T,0
1983-11-22,34,19,0.00,0.0,0
1983-11-23,30,10,T,0.0,0
1983-11-24,41,12,0.00,0.0,0
1983-11-25,44,22,0.00,0.0,0
1983-11-26,38,22,0.00,0.0,0
1983-11-27,32,14,0.00,0.0,0
1983-11-28,38,12,0.00,0.0,0
1983-11-29,38,5,0.00,0.0,0
1983-11-30,45,13,0.00,0.0,0
1983-12-01,46,20,0.00,0.0,0
1983-12-02,45,27,0.10,0.0,0
1983-12-03,42,25,0.07,0.0,0
1983-12-04,39,27,0.00,0.0,0
1983-12-05,M,15,0.05,0.3,T
1983-12-06,35,4,0.00,0.0,0
1983-12-07,47,9,0.00,0.0,0
1983-12-08,51,17,0.00,0.0,0
1983-12-09,48,25,0.00,0.0,0
1983-12-10,42,15,0.02,T,0
1983-12-11,46,25,0.00,0.0,0
1983-12-12,47,28,0.00,0.0,0
1983-12-13,37,15,0.00,0.0,0
1983-12-14,35,11,0.00,0.0,0
1983-12-15,35,17,0.21,4.8,M
1983-12-16,37,2,0.01,0.0,M
1983-12-17,40,12,0.00,0.0,M
1983-12-18,33,23,0.00,0.0,M
1983-12-19,36,20,T,T,M
1983-12-20,38,25,0.06,1.0,M
1983-12-21,30,16,0.17,5.0,M
1983-12-22,36,20,0.01,0.0,M
1983-12-23,37,30,0.18,4.0,M
1983-12-24,34,16,0.00,0.0,M
1983-12-25,29,17,0.00,0.0,M
1983-12-26,42,26,0.00,0.0,M
1983-12-27,38,22,0.08,4.0,M
1983-12-28,37,14,0.35,10.5,M
1983-12-29,25,-3,0.01,M,M
1983-12-30,32,5,0.00,0.0,M
1983-12-31,36,14,0.00,0.0,M
1984-01-01,37,M,0.00,0.0,M
1984-01-02,38,20,0.00,0.0,M
1984-01-03,37,-0,0.00,0.0,M
1984-01-04,45,11,0.00,0.0,M
1984-01-05,51,18,0.00,0.0,M
1984-01-06,48,17,0.00,0.0,M
1984-01-07,48,20,0.00,0.0,M
1984-01-08,48,22,0.00,0.0,M
1984-01-09,45,20,0.00,0.0,M
1984-01-10,39,15,0.00,0.0,M
1984-01-11,36,11,0.00,0.0,M
1984-01-12,33,12,0.00,0.0,M
1984-01-13,37,14,0.00,0.0,M
1984-01-14,31,21,0.23,6.0,M
1984-01-15,30,16,0.10,2.0,M
1984-01-16,28,2,0.00,0.0,M
1984-01-17,23,5,0.02,1.5,M
1984-01-18,22,-1,0.00,0.0,M
1984-01-19,28,-4,0.00,0.0,M
1984-01-20,30,3,0.00,0.0,M
1984-01-21,M,4,0.00,0.0,M
1984-01-22,35,5,0.00,0.0,M
1984-01-23,33,4,0.00,0.0,M
1984-01-24,40,5,0.00,0.0,M
1984-01-25,41,12,0.00,0.0,M
1984-01-26,45,15,0.00,0.0,M
1984-01-27,43,16,0.00,0.0,M
1984-01-28,48,17,0.00,0.0,M
1984-01-29,50,19,0.00,0.0,M
1984-01-30,50,17,0.00,0.0,M
1984-01-31,45,13,0.00,0.0,M
1984-02-01,48,16,0.00,0.0,M
1984-02-02,44,17,0.00,0.0,M
1984-02-03,49,17,0.00,0.0,M
1984-02-04,45,19,0.00,0.0,M
1984-02-05,46,21,0.00,0.0,M
1984-02-06,48,20,0.00,0.0,M
1984-02-07,48,22,0.00,0.0,M
1984-02-08,42,20,T,T,M
1984-02-09,47,15,0.00,0.0,M
1984-02-10,50,19,0.00,0.0,M
1984-02-11,45,24,0.00,0.0,M
1984-02-12,38,13,0.00,0.0,M
1984-02-13,49,20,0.00,0.0,M
1984-02-14,49,23,0.07,0.8,M
1984-02-15,40,24,0.00,0.0,M
1984-02-16,47,16,0.00,0.0,M
1984-02-17,46,18,0.03,0.5,M
1984-02-18,35,24,T,0.0,M
1984-02-19,34,12,0.00,0.0,M
1984-02-20,36,10,0.00,0.0,M
1984-02-21,50,12,0.00,0.0,M
1984-02-22,50,18,0.00,0.0,M
1984-02-23,46,19,0.00,0.0,M
1984-02-24,47,14,0.00,0.0,M
1984-02-25,44,19,0.00,0.0,M
1984-02-26,36,24,0.00,0.0,M
1984-02-27,43,11,0.00,0.0,M
1984-02-28,49,17,0.00,0.0,M
1984-02-29,55,20,0.00,0.0,M
1984-03-01,56,21,0.00,0.0,0
1984-03-02,57,25,0.00,0.0,0
1984-03-03,54,24,0.00,0.0,0
1984-03-04,46,24,0.02,0.0,0
1984-03-05,29,6,0.13,0.8,M
1984-03-06,36,8,0.01,0.0,0
1984-03-07,49,12,0.00,0.0,0
1984-03-08,52,21,0.00,0.0,0
1984-03-09,54,24,0.00,0.0,0
1984-03-10,54,26,0.00,0.0,0
1984-03-11,52,32,0.00,0.0,0
1984-03-12,54,22,0.00,0.0,0
1984-03-13,60,27,0.00,0.0,0
1984-03-14,61,26,0.00,0.0,0
1984-03-15,57,34,0.03,0.0,0
1984-03-16,55,18,0.02,0.0,0
1984-03-17,61,27,0.00,0.0,0
1984-03-18,M,26,0.00,0.0,0
1984-03-19,55,22,0.00,0.0,0
1984-03-20,64,27,0.00,0.0,0
1984-03-21,65,28,0.00,0.0,0
1984-03-22,62,33,0.00,0.0,0
1984-03-23,43,21,0.00,0.0,0
1984-03-24,58,23,0.00,0.0,0
1984-03-25,55,27,0.00,0.0,0
1984-03-26,38,18,0.13,0.5,M
1984-03-27,38,31,0.26,1.0,M
1984-03-28,39,12,0.28,3.0,M
1984-03-29,47,23,0.00,0.0,M
1984-03-30,47,30,0.11,2.0,M
1984-03-31,45,17,0.00,0.0,0
1984-04-01,45,28,0.01,0.0,0
1984-04-02,40,24,0.07,2.0,2
1984-04-03,49,21,0.00,0.0,0
1984-04-04,57,22,0.00,0.0,0
1984-04-05,65,27,0.00,0.0,0
1984-04-06,64,26,0.00,0.0,0
1984-04-07,59,33,T,0.0,0
1984-04-08,61,28,0.00,0.0,0
1984-04-09,60,32,0.12,0.0,0
1984-04-10,60,24,0.00,0.0,0
1984-04-11,59,32,0.00,0.0,0
1984-04-12,60,23,0.00,0.0,0
1984-04-13,64,26,0.00,0.0,0
1984-04-14,63,27,0.00,0.0,0
1984-04-15,59,28,0.00,0.0,0
1984-04-16,69,27,0.00,0.0,0
1984-04-17,75,32,0.00,0.0,0
1984-04-18,75,46,0.00,0.0,0
1984-04-19,66,40,0.00,0.0,0
1984-04-20,65,29,0.04,0.0,0
1984-04-21,46,26,0.00,0.0,0
1984-04-22,55,28,0.00,0.0,0
1984-04-23,67,30,0.00,0.0,0
1984-04-24,70,32,0.00,0.0,0
1984-04-25,69,32,0.00,0.0,0
1984-04-26,53,25,0.05,0.0,0
1984-04-27,46,22,0.00,0.0,0
1984-04-28,52,30,0.00,0.0,0
1984-04-29,48,32,0.02,0.0,0
1984-04-30,61,24,0.00,0.0,0
1984-05-01,64,33,0.00,0.0,0
1984-05-02,63,30,0.00,0.0,0
1984-05-03,69,28,0.00,0.0,0
1984-05-04,68,34,0.00,0.0,0
1984-05-05,66,38,0.00,0.0,0
1984-05-06,66,41,0.00,0.0,0
1984-05-07,60,30,0.00,0.0,0
1984-05-08,67,28,0.00,0.0,0
1984-05-09,75,36,0.00,0.0,0
1984-05-10,76,41,0.00,0.0,0
1984-05-11,80,43,0.00,0.0,0
1984-05-12,84,47,0.00,0.0,0
1984-05-13,84,49,0.00,0.0,0
1984-05-14,84,47,0.00,0.0,0
1984-05-15,77,45,0.00,0.0,0
1984-05-16,65,48,0.16,0.0,0
1984-05-17,74,42,0.01,0.0,0
1984-05-18,73,46,0.00,0.0,0
1984-05-19,73,38,0.00,0.0,0
1984-05-20,79,43,0.00,0.0,0
1984-05-21,82,42,0.00,0.0,0
1984-05-22,84,39,0.00,0.0,0
1984-05-23,84,50,0.00,0.0,0
1984-05-24,82,44,0.00,0.0,0
1984-05-25,82,44,0.00,0.0,0
1984-05-26,80,45,0.00,0.0,0
1984-05-27,83,42,0.00,0.0,0
1984-05-28,82,48,0.00,0.0,0
1984-05-29,79,43,0.00,0.0,0
1984-05-30,81,48,0.00,0.0,0
1984-05-31,82,44,0.00,0.0,0
1984-06-01,73,46,0.02,0.0,0
1984-06-02,71,41,0.20,0.0,0
1984-06-03,70,45,0.02,0.0,0
1984-06-04,72,39,0.12,0.0,0
1984-06-05,73,32,0.01,0.0,0
1984-06-06,69,41,0.02,0.0,0
1984-06-07,70,55,0.00,0.0,0
1984-06-08,72,37,0.00,0.0,0
1984-06-09,72,34,0.00,0.0,0
1984-06-10,81,42,0.00,0.0,0
1984-06-11,80,45,0.00,0.0,0
1984-06-12,82,42,0.00,0.0,0
1984-06-13,84,49,0.00,0.0,0
1984-06-14,77,50,0.00,0.0,0
1984-06-15,79,49,T,0.0,0
1984-06-16,74,47,0.28,0.0,0
1984-06-17,79,44,0.00,0.0,0
1984-06-18,79,48,0.02,0.0,0
1984-06-19,76,48,0.19,0.0,0
1984-06-20,79,46,0.00,0.0,0
1984-06-21,83,48,0.00,0.0,0
1984-06-22,83,43,0.00,0.0,0
1984-06-23,86,48,0.00,0.0,0
1984-06-24,85,52,0.00,0.0,0
1984-06-25,81,49,0.00,0.0,0
1984-06-26,80,50,0.01,0.0,0
1984-06-27,81,49,0.47,0.0,0
1984-06-28,85,49,0.01,0.0,0
1984-06-29,85,54,0.00,0.0,0
1984-06-30,82,55,0.00,0.0,0
1984-07-01,79,57,0.05,0.0,0
1984-07-02,87,50,0.00,0.0,0
1984-07-03,88,54,0.00,0.0,0
1984-07-04,86,53,0.00,0.0,0
1984-07-05,85,53,0.00,0.0,0
1984-07-06,88,52,0.00,0.0,0
1984-07-07,86,54,0.00,0.0,0
1984-07-08,87,54,0.00,0.0,0
1984-07-09,86,57,0.09,0.0,0
1984-07-10,83,55,0.08,0.0,0
1984-07-11,80,53,0.48,0.0,0
1984-07-12,80,52,0.00,0.0,0
1984-07-13,80,55,0.00,0.0,0
1984-07-14,87,56,0.00,0.0,0
1984-07-15,87,55,0.36,0.0,0
1984-07-16,80,55,0.01,0.0,0
1984-07-17,84,49,0.05,0.0,0
1984-07-18,82,51,0.04,0.0,0
1984-07-19,86,50,0.00,0.0,0
1984-07-20,88,53,0.00,0.0,0
1984-07-21,87,56,0.00,0.0,0
1984-07-22,85,55,0.00,0.0,0
1984-07-23,85,53,0.00,0.0,0
1984-07-24,85,56,0.01,0.0,0
1984-07-25,83,50,0.22,0.0,0
1984-07-26,82,49,0.00,0.0,0
1984-07-27,84,56,0.00,0.0,0
1984-07-28,84,55,0.01,0.0,0
1984-07-29,83,57,0.00,0.0,0
1984-07-30,82,52,0.22,0.0,0
1984-07-31,81,56,0.01,0.0,0
1984-08-01,83,53,T,0.0,0
1984-08-02,83,52,0.02,0.0,0
1984-08-03,82,53,0.06,0.0,0
1984-08-04,85,53,0.00,0.0,0
1984-08-05,84,53,0.00,0.0,0
1984-08-06,78,57,0.16,0.0,0
1984-08-07,82,54,0.03,0.0,0
1984-08-08,81,50,0.00,0.0,0
1984-08-09,81,47,0.00,0.0,0
1984-08-10,81,50,0.00,0.0,0
1984-08-11,80,51,0.00,0.0,0
1984-08-12,82,55,0.00,0.0,0
1984-08-13,82,52,0.00,0.0,0
1984-08-14,83,52,0.07,0.0,0
1984-08-15,85,51,0.01,0.0,0
1984-08-16,85,53,0.01,0.0,0
1984-08-17,85,53,0.00,0.0,0
1984-08-18,83,56,0.00,0.0,0
1984-08-19,83,59,0.00,0.0,0
1984-08-20,80,55,0.64,0.0,0
1984-08-21,80,51,0.33,0.0,0
1984-08-22,80,55,T,0.0,0
1984-08-23,75,54,0.13,0.0,0
1984-08-24,75,49,T,0.0,0
1984-08-25,75,54,0.04,0.0,0
1984-08-26,76,51,0.02,0.0,0
1984-08-27,85,51,0.00,0.0,0
1984-08-28,85,53,0.00,0.0,0
1984-08-29,89,54,0.00,0.0,0
1984-08-30,87,53,0.00,0.0,0
1984-08-31,84,53,0.02,0.0,0
1984-09-01,77,54,0.05,0.0,0
1984-09-02,77,47,T,0.0,0
1984-09-03,79,48,0.00,0.0,0
1984-09-04,80,47,0.00,0.0,0
1984-09-05,82,48,0.00,0.0,0
1984-09-06,82,46,0.00,0.0,0
1984-09-07,82,46,0.00,0.0,0
1984-09-08,82,45,0.00,0.0,0
1984-09-09,87,46,0.00,0.0,0
1984-09-10,86,47,0.00,0.0,0
1984-09-11,84,57,0.00,0.0,0
1984-09-12,80,49,0.01,0.0,0
1984-09-13,85,51,0.00,0.0,0
1984-09-14,82,53,0.00,0.0,0
1984-09-15,81,54,0.01,0.0,0
1984-09-16,72,48,0.18,0.0,0
1984-09-17,77,49,0.14,0.0,0
1984-09-18,80,47,0.07,0.0,0
1984-09-19,82,47,0.00,0.0,0
1984-09-20,80,48,T,0.0,0
1984-09-21,78,46,0.01,0.0,0
1984-09-22,76,43,0.00,0.0,0
1984-09-23,75,43,0.08,0.0,0
1984-09-24,76,42,0.00,0.0,0
1984-09-25,75,40,0.00,0.0,0
1984-09-26,74,38,0.34,0.0,0
1984-09-27,70,41,0.12,0.0,0
1984-09-28,69,40,0.00,0.0,0
1984-09-29,60,36,0.00,0.0,0
1984-09-30,60,33,0.00,0.0,0
1984-10-01,69,39,0.01,0.0,0
1984-10-02,67,44,0.01,0.0,0
1984-10-03,66,44,0.23,0.0,0
1984-10-04,56,40,0.26,0.0,0
1984-10-05,65,38,0.03,0.0,0
1984-10-06,65,36,0.00,0.0,0
1984-10-07,61,34,0.00,0.0,0
1984-10-08,60,36,0.00,0.0,0
1984-10-09,68,36,0.00,0.0,0
1984-10-10,71,38,0.00,0.0,0
1984-10-11,68,39,0.00,0.0,0
1984-10-12,67,40,0.06,0.0,0
1984-10-13,59,31,0.06,0.0,0
1984-10-14,58,36,0.06,0.0,0
1984-10-15,45,24,0.06,0.0,0
1984-10-16,45,23,0.02,0.0,0
1984-10-17,54,29,T,0.0,0
1984-10-18,52,26,0.06,0.0,0
1984-10-19,41,19,0.03,0.0,0
1984-10-20,41,27,0.10,0.0,0
1984-10-21,34,26,0.16,0.0,0
1984-10-22,M,28,0.00,0.0,0
1984-10-23,M,M,0.20,0.0,0
1984-10-24,M,M,0.22,0.0,0
1984-10-25,44,M,0.20,0.0,0
1984-10-26,53,27,0.00,0.0,0
1984-10-27,M,M,0.00,0.0,0
1984-10-28,M,M,0.00,0.0,0
1984-10-29,56,M,0.00,0.0,0
1984-10-30,61,33,0.00,0.0,0
1984-10-31,64,33,0.00,0.0,0
1984-11-01,M,M,0.00,0.0,0
1984-11-02,64,26,0.00,0.0,0
1984-11-03,M,M,0.00,0.0,0
1984-11-04,M,M,0.00,0.0,0
1984-11-05,63,M,0.00,0.0,0
1984-11-06,61,33,0.00,0.0,0
1984-11-07,62,26,0.00,0.0,0
1984-11-08,60,29,0.00,0.0,0
1984-11-09,55,25,0.00,0.0,0
1984-11-10,M,M,0.00,0.0,0
1984-11-11,M,M,0.00,0.0,0
1984-11-12,M,M,0.00,0.0,0
1984-11-13,59,M,0.00,0.0,0
1984-11-14,55,17,0.00,0.0,0
1984-11-15,51,26,0.00,0.0,0
1984-11-16,49,27,0.00,0.0,0
1984-11-17,M,M,0.04,0.0,0
1984-11-18,M,M,0.00,0.0,0
1984-11-19,47,M,0.00,0.0,0
1984-11-20,48,22,0.00,0.0,0
1984-11-21,48,21,0.00,0.0,0
1984-11-22,49,25,0.00,0.0,0
1984-11-23,54,26,0.00,0.0,0
1984-11-24,49,32,0.02,0.0,0
1984-11-25,36,29,0.12,0.0,0
1984-11-26,29,18,0.00,0.0,0
1984-11-27,33,8,0.00,0.0,0
1984-11-28,43,8,0.00,0.0,0
1984-11-29,39,22,0.00,0.0,0
1984-11-30,39,18,0.00,0.0,0
1984-12-01,37,13,0.00,0.0,M
1984-12-02,34,20,0.00,0.0,M
1984-12-03,45,13,0.00,0.0,M
1984-12-04,40,25,0.02,0.3,M
1984-12-05,42,14,0.01,0.5,M
1984-12-06,47,14,0.00,0.0,M
1984-12-07,55,23,0.00,0.0,M
1984-12-08,52,27,T,0.0,M
1984-12-09,50,31,0.07,0.0,M
1984-12-10,48,22,0.00,0.0,M
1984-12-11,44,33,0.04,0.0,M
1984-12-12,37,31,0.23,0.0,M
1984-12-13,36,30,0.30,2.5,M
1984-12-14,34,24,0.15,4.5,M
1984-12-15,33,24,0.47,6.0,M
1984-12-16,36,10,0.05,0.0,M
1984-12-17,41,5,0.00,0.0,M
1984-12-18,43,20,0.00,0.0,M
1984-12-19,36,20,0.00,0.0,M
1984-12-20,37,23,0.09,0.3,M
1984-12-21,35,11,0.00,0.0,M
1984-12-22,33,8,0.00,0.0,M
1984-12-23,34,10,0.00,0.0,M
1984-12-24,38,9,0.00,0.0,M
1984-12-25,37,16,0.00,0.0,M
1984-12-26,48,15,0.00,0.0,M
1984-12-27,42,29,0.01,0.0,M
1984-12-28,44,29,0.13,0.0,M
1984-12-29,44,33,0.00,0.0,M
1984-12-30,38,22,0.00,0.0,M
1984-12-31,37,22,0.00,0.0,M
1985-01-01,38,22,0.23,4.0,M
1985-01-02,36,4,0.00,0.0,M
1985-01-03,34,6,0.00,0.0,M
1985-01-04,45,11,0.00,0.0,M
1985-01-05,43,21,0.00,0.0,M
1985-01-06,44,20,0.00,0.0,M
1985-01-07,42,26,0.00,0.0,M
1985-01-08,37,28,0.08,0.8,M
1985-01-09,33,20,0.54,6.0,M
1985-01-10,33,9,0.00,0.0,M
1985-01-11,32,11,0.00,0.0,M
1985-01-12,30,8,T,0.3,M
1985-01-13,36,8,0.00,0.0,M
1985-01-14,36,9,0.00,0.0,M
1985-01-15,35,7,0.00,0.0,M
1985-01-16,35,10,0.00,0.0,M
1985-01-17,40,12,0.00,0.0,M
1985-01-18,46,15,0.00,0.0,M
1985-01-19,44,17,0.00,0.0,M
1985-01-20,42,19,0.00,0.0,M
1985-01-21,26,11,0.00,0.0,M
1985-01-22,37,17,0.00,0.0,M
1985-01-23,42,21,0.00,0.0,M
1985-01-24,40,23,T,0.0,M
1985-01-25,44,19,0.01,0.0,M
1985-01-26,40,26,0.00,0.0,M
1985-01-27,40,30,0.00,0.0,M
1985-01-28,35,27,0.01,0.0,M
1985-01-29,34,22,0.14,3.5,M
1985-01-30,30,15,T,T,M
1985-01-31,23,1,T,M,M
1985-02-01,13,-5,0.02,M,M
1985-02-02,22,-4,0.00,0.0,M
1985-02-03,26,6,0.08,1.0,M
1985-02-04,27,12,0.10,3.0,M
1985-02-05,24,-3,T,M,M
1985-02-06,32,-0,0.00,0.0,M
1985-02-07,34,3,0.00,0.0,M
1985-02-08,45,11,0.00,0.0,M
1985-02-09,M,25,0.00,0.0,M
1985-02-10,35,24,0.08,2.0,M
1985-02-11,36,6,0.00,0.0,M
1985-02-12,47,16,0.00,0.0,M
1985-02-13,45,22,0.00,0.0,M
1985-02-14,46,19,0.00,0.0,M
1985-02-15,55,24,0.00,0.0,M
1985-02-16,53,26,0.00,0.0,M
1985-02-17,53,28,0.00,0.0,M
1985-02-18,50,32,0.00,0.0,M
1985-02-19,52,26,0.00,0.0,M
1985-02-20,52,31,0.01,0.0,M
1985-02-21,48,31,0.00,0.0,M
1985-02-22,47,31,0.19,2.0,M
1985-02-23,40,27,0.10,4.0,M
1985-02-24,43,19,0.00,0.0,M
1985-02-25,49,21,0.00,0.0,M
1985-02-26,50,22,0.00,0.0,M
1985-02-27,55,22,0.00,0.0,M
1985-02-28,55,28,0.00,0.0,M
1985-03-01,53,20,0.00,0.0,0
1985-03-02,52,31,0.00,0.0,0
1985-03-03,50,26,0.01,0.0,0
1985-03-04,37,19,0.01,0.3,0
1985-03-05,51,16,0.00,0.0,0
1985-03-06,51,33,0.00,0.0,0
1985-03-07,53,32,0.00,0.0,0
1985-03-08,54,26,0.00,0.0,0
1985-03-09,57,37,0.00,0.0,0
1985-03-10,56,40,0.01,0.0,0
1985-03-11,55,38,T,0.0,0
1985-03-12,49,32,0.15,4.0,0
1985-03-13,48,17,0.00,0.0,0
1985-03-14,47,24,0.00,0.0,0
1985-03-15,46,28,0.01,0.0,0
1985-03-16,46,24,0.15,0.0,0
1985-03-17,50,32,0.00,0.0,0
1985-03-18,55,29,0.00,0.0,0
1985-03-19,55,33,0.01,0.0,0
1985-03-20,53,32,0.00,0.0,0
1985-03-21,56,26,0.00,0.0,0
1985-03-22,51,28,0.00,0.0,0
1985-03-23,52,19,0.00,0.0,0
1985-03-24,60,28,0.00,0.0,0
1985-03-25,65,30,0.00,0.0,0
1985-03-26,62,32,0.00,0.0,0
1985-03-27,55,30,0.00,0.0,0
1985-03-28,58,41,0.00,0.0,0
1985-03-29,55,26,0.34,3.0,M
1985-03-30,31,15,0.15,2.0,M
1985-03-31,42,9,0.01,0.0,M
1985-04-01,55,24,0.00,0.0,0
1985-04-02,64,30,0.00,0.0,0
1985-04-03,67,34,0.00,0.0,0
1985-04-04,64,34,0.00,0.0,0
1985-04-05,61,25,0.00,0.0,0
1985-04-06,62,32,0.00,0.0,0
1985-04-07,62,30,0.00,0.0,0
1985-04-08,65,34,0.00,0.0,0
1985-04-09,62,36,0.15,0.0,0
1985-04-10,66,34,0.00,0.0,0
1985-04-11,70,36,0.00,0.0,0
1985-04-12,70,37,0.00,0.0,0
1985-04-13,68,36,0.00,0.0,0
1985-04-14,68,36,0.00,0.0,0
1985-04-15,72,41,0.00,0.0,0
1985-04-16,73,37,0.00,0.0,0
1985-04-17,69,40,0.00,0.0,0
1985-04-18,68,43,0.00,0.0,0
1985-04-19,69,26,0.14,0.0,0
1985-04-20,62,31,0.00,0.0,0
1985-04-21,60,42,0.04,0.0,0
1985-04-22,50,36,0.09,0.0,0
1985-04-23,59,26,0.02,0.0,0
1985-04-24,66,29,0.00,0.0,0
1985-04-25,63,38,0.01,0.0,0
1985-04-26,57,34,0.11,0.0,0
1985-04-27,59,33,0.48,0.0,0
1985-04-28,53,40,0.45,0.0,0
1985-04-29,55,32,0.86,0.0,0
1985-04-30,67,35,0.00,0.0,0
1985-05-01,67,40,T,0.0,0
1985-05-02,68,36,0.14,0.0,0
1985-05-03,70,42,0.00,0.0,0
1985-05-04,69,46,0.00,0.0,0
1985-05-05,69,42,0.00,0.0,0
1985-05-06,71,46,0.00,0.0,0
1985-05-07,73,41,0.00,0.0,0
1985-05-08,75,40,0.00,0.0,0
1985-05-09,76,45,0.00,0.0,0
1985-05-10,71,43,0.04,0.0,0
1985-05-11,69,41,0.00,0.0,0
1985-05-12,60,35,0.00,0.0,0
1985-05-13,55,36,0.08,0.0,0
1985-05-14,63,28,0.13,0.0,0
1985-05-15,72,35,0.00,0.0,0
1985-05-16,71,46,0.00,0.0,0
1985-05-17,69,45,0.08,0.0,0
1985-05-18,64,40,0.08,0.0,0
1985-05-19,68,34,0.04,0.0,0
1985-05-20,68,36,0.02,0.0,0
1985-05-21,60,37,0.24,0.0,0
1985-05-22,57,38,0.35,0.0,0
1985-05-23,65,38,0.14,0.0,0
1985-05-24,71,40,0.05,0.0,0
1985-05-25,76,41,0.00,0.0,0
1985-05-26,76,45,0.00,0.0,0
1985-05-27,76,44,0.00,0.0,0
1985-05-28,76,37,0.00,0.0,0
1985-05-29,77,40,0.00,0.0,0
1985-05-30,76,46,0.04,0.0,0
1985-05-31,72,46,0.00,0.0,0
1985-06-01,72,35,0.06,0.0,0
1985-06-02,75,41,0.00,0.0,0
1985-06-03,76,43,0.00,0.0,0
1985-06-04,70,43,0.04,0.0,0
1985-06-05,60,43,0.54,0.0,0
1985-06-06,77,44,0.13,0.0,0
1985-06-07,86,52,0.00,0.0,0
1985-06-08,87,54,0.00,0.0,0
1985-06-09,82,52,0.00,0.0,0
1985-06-10,84,49,0.00,0.0,0
1985-06-11,83,53,0.06,0.0,0
1985-06-12,73,53,0.04,0.0,0
1985-06-13,84,47,0.00,0.0,0
1985-06-14,85,48,0.00,0.0,0
1985-06-15,86,52,0.00,0.0,0
1985-06-16,87,52,0.00,0.0,0
1985-06-17,85,50,0.00,0.0,0
1985-06-18,75,50,0.07,0.0,0
1985-06-19,77,49,T,0.0,0
1985-06-20,84,46,0.18,0.0,0
1985-06-21,85,50,0.00,0.0,0
1985-06-22,85,51,0.13,0.0,0
1985-06-23,85,51,0.00,0.0,0
1985-06-24,83,53,0.06,0.0,0
1985-06-25,77,51,0.39,0.0,0
1985-06-26,76,40,0.00,0.0,0
1985-06-27,75,40,0.00,0.0,0
1985-06-28,81,43,0.00,0.0,0
1985-06-29,85,48,0.00,0.0,0
1985-06-30,85,50,0.00,0.0,0
1985-07-01,84,54,0.00,0.0,0
1985-07-02,85,46,0.00,0.0,0
1985-07-03,84,46,0.00,0.0,0
1985-07-04,89,52,0.00,0.0,0
1985-07-05,90,54,0.00,0.0,0
1985-07-06,91,54,0.00,0.0,0
1985-07-07,90,55,0.05,0.0,0
1985-07-08,91,57,0.02,0.0,0
1985-07-09,85,56,T,0.0,0
1985-07-10,86,55,0.00,0.0,0
1985-07-11,89,59,0.00,0.0,0
1985-07-12,90,56,0.00,0.0,0
1985-07-13,91,61,0.00,0.0,0
1985-07-14,87,56,0.39,0.0,0
1985-07-15,82,58,0.07,0.0,0
1985-07-16,81,52,0.00,0.0,0
1985-07-17,83,55,0.19,0.0,0
1985-07-18,84,54,0.12,0.0,0
1985-07-19,84,54,0.00,0.0,0
1985-07-20,83,54,0.00,0.0,0
1985-07-21,84,54,0.00,0.0,0
1985-07-22,82,55,0.04,0.0,0
1985-07-23,80,55,0.00,0.0,0
1985-07-24,81,48,T,0.0,0
1985-07-25,81,51,0.01,0.0,0
1985-07-26,80,51,0.00,0.0,0
1985-07-27,79,53,0.21,0.0,0
1985-07-28,78,54,0.00,0.0,0
1985-07-29,70,53,0.08,0.0,0
1985-07-30,75,53,0.04,0.0,0
1985-07-31,85,49,0.00,0.0,0
1985-08-01,80,58,0.07,0.0,0
1985-08-02,74,57,0.05,0.0,0
1985-08-03,74,54,0.00,0.0,0
1985-08-04,81,50,0.02,0.0,0
1985-08-05,85,50,0.00,0.0,0
1985-08-06,87,55,0.00,0.0,0
1985-08-07,87,54,T,0.0,0
1985-08-08,85,53,0.00,0.0,0
1985-08-09,85,50,T,0.0,0
1985-08-10,85,53,0.00,0.0,0
1985-08-11,75,49,0.22,0.0,0
1985-08-12,79,47,0.01,0.0,0
1985-08-13,84,45,0.00,0.0,0
1985-08-14,84,49,0.00,0.0,0
1985-08-15,83,51,0.89,0.0,0
1985-08-16,84,49,0.00,0.0,0
1985-08-17,86,50,0.00,0.0,0
1985-08-18,84,54,0.00,0.0,0
1985-08-19,85,51,0.00,0.0,0
1985-08-20,84,53,0.00,0.0,0
1985-08-21,80,50,0.06,0.0,0
1985-08-22,86,52,0.00,0.0,0
1985-08-23,88,52,0.00,0.0,0
1985-08-24,84,55,0.00,0.0,0
1985-08-25,85,56,0.00,0.0,0
1985-08-26,88,52,0.10,0.0,0
1985-08-27,88,52,0.01,0.0,0
1985-08-28,87,52,0.00,0.0,0
1985-08-29,85,50,0.15,0.0,0
1985-08-30,87,54,0.00,0.0,0
1985-08-31,88,55,0.14,0.0,0
1985-09-01,89,54,0.00,0.0,0
1985-09-02,85,56,0.19,0.0,0
1985-09-03,75,52,0.00,0.0,0
1985-09-04,77,54,0.06,0.0,0
1985-09-05,78,43,0.00,0.0,0
1985-09-06,77,41,0.00,0.0,0
1985-09-07,75,43,0.00,0.0,0
1985-09-08,78,45,0.00,0.0,0
1985-09-09,79,45,0.00,0.0,0
1985-09-10,78,47,0.00,0.0,0
1985-09-11,79,51,0.13,0.0,0
1985-09-12,72,39,0.10,0.0,0
1985-09-13,77,39,0.00,0.0,0
1985-09-14,78,46,0.00,0.0,0
1985-09-15,76,48,0.00,0.0,0
1985-09-16,75,44,0.08,0.0,0
1985-09-17,76,43,0.00,0.0,0
1985-09-18,75,49,0.11,0.0,0
1985-09-19,66,45,0.22,0.0,0
1985-09-20,63,44,0.33,0.0,0
1985-09-21,62,39,0.50,0.0,0
1985-09-22,67,41,0.00,0.0,0
1985-09-23,67,38,0.01,0.0,0
1985-09-24,71,26,0.00,0.0,0
1985-09-25,70,36,0.00,0.0,0
1985-09-26,71,34,0.00,0.0,0
1985-09-27,73,36,0.07,0.0,0
1985-09-28,67,44,0.00,0.0,0
1985-09-29,61,44,0.00,0.0,0
1985-09-30,61,30,0.00,0.0,0
1985-10-01,66,32,0.00,0.0,0
1985-10-02,67,33,0.00,0.0,0
1985-10-03,71,36,0.00,0.0,0
1985-10-04,70,38,0.00,0.0,0
1985-10-05,70,36,0.00,0.0,0
1985-10-06,73,38,0.00,0.0,0
1985-10-07,72,42,0.55,0.0,0
1985-10-08,62,37,0.00,0.0,0
1985-10-09,64,39,0.00,0.0,0
1985-10-10,65,42,0.17,0.0,0
1985-10-11,62,38,1.21,0.0,0
1985-10-12,63,37,0.00,0.0,0
1985-10-13,63,38,0.00,0.0,0
1985-10-14,62,37,0.00,0.0,0
1985-10-15,61,34,0.00,0.0,0
1985-10-16,61,34,T,0.0,0
1985-10-17,55,43,0.22,0.0,0
1985-10-18,56,41,0.05,0.0,0
1985-10-19,59,47,0.10,0.0,0
1985-10-20,62,41,0.00,0.0,0
1985-10-21,61,42,0.00,0.0,0
1985-10-22,60,29,0.00,0.0,0
1985-10-23,63,32,0.00,0.0,0
1985-10-24,69,35,0.00,0.0,0
1985-10-25,69,37,0.00,0.0,0
1985-10-26,66,44,0.00,0.0,0
1985-10-27,68,45,0.00,0.0,0
1985-10-28,68,44,0.00,0.0,0
1985-10-29,64,39,0.45,0.0,0
1985-10-30,59,36,0.02,0.0,0
1985-10-31,57,36,0.00,0.0,0
1985-11-01,54,35,0.00,0.0,M
1985-11-02,59,27,0.00,0.0,M
1985-11-03,60,38,0.00,0.0,M
1985-11-04,62,38,0.00,0.0,M
1985-11-05,65,35,0.00,0.0,M
1985-11-06,58,25,0.00,0.0,M
1985-11-07,56,21,0.00,0.0,M
1985-11-08,61,27,0.00,0.0,M
1985-11-09,59,20,0.00,0.0,M
1985-11-10,59,33,0.00,0.0,M
1985-11-11,58,43,0.00,0.0,M
1985-11-12,57,38,0.04,0.0,M
1985-11-13,40,25,0.01,0.0,M
1985-11-14,37,22,0.17,3.0,M
1985-11-15,40,14,0.00,0.0,M
1985-11-16,52,27,0.00,0.0,M
1985-11-17,45,33,0.02,1.0,M
1985-11-18,38,31,0.18,2.0,M
1985-11-19,33,11,T,0.5,M
1985-11-20,39,8,0.00,0.0,M
1985-11-21,41,13,T,0.0,M
1985-11-22,51,18,0.00,0.0,M
1985-11-23,55,24,0.00,0.0,M
1985-11-24,51,28,0.00,0.0,M
1985-11-25,49,30,0.00,0.0,M
1985-11-26,46,36,0.02,0.0,M
1985-11-27,45,29,0.00,0.0,M
1985-11-28,42,25,0.01,0.0,M
1985-11-29,46,21,0.10,0.0,M
1985-11-30,39,31,0.10,1.0,M
1985-12-01,45,31,0.00,0.0,0
1985-12-02,44,24,0.00,0.0,M
1985-12-03,47,29,0.00,0.0,M
1985-12-04,52,27,0.00,0.0,M
1985-12-05,49,23,0.00,0.0,M
1985-12-06,49,27,0.07,0.0,M
1985-12-07,46,24,0.01,0.0,M
1985-12-08,48,23,0.00,0.0,M
1985-12-09,M,24,0.00,0.0,M
1985-12-10,32,23,0.01,0.3,M
1985-12-11,25,11,0.02,0.3,M
1985-12-12,29,7,0.01,0.3,M
1985-12-13,29,4,T,0.0,0
1985-12-14,36,7,0.00,0.0,M
1985-12-15,43,14,0.00,0.0,M
1985-12-16,45,12,0.00,0.0,M
1985-12-17,44,13,0.00,0.0,M
1985-12-18,42,15,0.00,0.0,M
1985-12-19,49,15,0.00,0.0,M
1985-12-20,53,19,0.00,0.0,M
1985-12-21,56,22,0.00,0.0,M
1985-12-22,54,22,0.00,0.0,M
1985-12-23,54,20,0.00,0.0,M
1985-12-24,48,18,0.00,0.0,M
1985-12-25,44,20,0.00,0.0,M
1985-12-26,51,18,0.00,0.0,M
1985-12-27,53,15,0.00,0.0,M
1985-12-28,53,20,0.00,0.0,M
1985-12-29,52,23,0.00,0.0,M
1985-12-30,46,28,0.00,0.0,M
1985-12-31,46,22,0.00,0.0,M
1986-01-01,48,24,0.00,0.0,0
1986-01-02,49,22,0.00,0.0,0
1986-01-03,48,23,0.00,0.0,0
1986-01-04,45,24,0.00,0.0,0
1986-01-05,45,18,0.00,0.0,0
1986-01-06,44,22,T,0.0,0
1986-01-07,39,29,0.02,0.9,1
1986-01-08,43,13,0.00,0.0,0
1986-01-09,50,13,0.00,0.0,0
1986-01-10,52,21,0.00,0.0,0
1986-01-11,56,28,0.00,0.0,0
1986-01-12,56,27,0.00,0.0,0
1986-01-13,54,28,0.00,0.0,0
1986-01-14,53,21,0.00,0.0,0
1986-01-15,46,24,T,0.0,0
1986-01-16,48,28,0.00,0.0,0
1986-01-17,52,23,0.00,0.0,0
1986-01-18,55,26,0.00,0.0,0
1986-01-19,60,31,0.00,0.0,0
1986-01-20,60,28,0.00,0.0,0
1986-01-21,52,26,0.00,0.0,0
1986-01-22,49,18,0.00,0.0,0
1986-01-23,57,25,0.00,0.0,0
1986-01-24,55,27,0.00,0.0,0
1986-01-25,50,23,0.00,0.0,0
1986-01-26,56,26,0.00,0.0,0
1986-01-27,57,28,0.00,0.0,0
1986-01-28,60,23,0.00,0.0,0
1986-01-29,58,29,0.00,0.0,0
1986-01-30,58,30,0.00,0.0,0
1986-01-31,55,34,0.00,0.0,0
1986-02-01,54,24,0.00,0.0,M
1986-02-02,52,30,0.00,0.0,M
1986-02-03,47,26,0.00,0.0,M
1986-02-04,46,19,0.00,0.0,M
1986-02-05,45,13,0.00,0.0,M
1986-02-06,42,16,0.35,5.3,M
1986-02-07,29,19,0.33,4.8,M
1986-02-08,27,12,0.17,2.5,M
1986-02-09,26,18,0.17,2.5,M
1986-02-10,31,2,0.00,0.0,M
1986-02-11,30,-0,T,0.0,M
1986-02-12,39,8,0.00,0.0,M
1986-02-13,42,27,T,0.0,M
1986-02-14,49,29,0.10,0.0,M
1986-02-15,44,31,0.00,0.0,M
1986-02-16,43,33,0.08,0.0,M
1986-02-17,58,34,0.00,0.0,M
1986-02-18,58,32,0.00,0.0,M
1986-02-19,57,32,0.00,0.0,M
1986-02-20,53,36,0.04,0.0,M
1986-02-21,50,22,0.00,0.0,M
1986-02-22,50,23,0.00,0.0,M
1986-02-23,56,27,0.00,0.0,M
1986-02-24,67,32,0.00,0.0,M
1986-02-25,68,35,0.00,0.0,M
1986-02-26,68,31,0.00,0.0,M
1986-02-27,66,32,0.00,0.0,M
1986-02-28,58,26,0.00,0.0,M
1986-03-01,60,27,0.00,0.0,M
1986-03-02,60,32,0.00,0.0,M
1986-03-03,60,32,T,0.0,M
1986-03-04,61,30,0.00,0.0,M
1986-03-05,65,30,0.00,0.0,M
1986-03-06,65,29,0.00,0.0,M
1986-03-07,64,32,0.00,0.0,M
1986-03-08,60,30,0.00,0.0,M
1986-03-09,56,33,0.07,0.0,M
1986-03-10,40,25,0.05,0.0,M
1986-03-11,46,27,0.12,0.5,M
1986-03-12,48,27,0.00,0.0,M
1986-03-13,47,21,0.00,0.0,M
1986-03-14,46,23,0.00,0.0,M
1986-03-15,46,30,0.00,0.0,M
1986-03-16,50,23,0.00,0.0,M
1986-03-17,44,28,T,0.0,M
1986-03-18,44,23,T,0.0,M
1986-03-19,44,25,0.18,0.5,M
1986-03-20,51,21,0.00,0.0,M
1986-03-21,61,27,0.00,0.0,M
1986-03-22,60,26,0.00,0.0,M
1986-03-23,63,29,0.00,0.0,M
1986-03-24,68,32,0.00,0.0,M
1986-03-25,66,26,0.00,0.0,M
1986-03-26,65,32,0.00,0.0,M
1986-03-27,70,33,0.00,0.0,M
1986-03-28,71,37,0.00,0.0,M
1986-03-29,67,36,0.00,0.0,M
1986-03-30,66,36,0.00,0.0,M
1986-03-31,68,34,0.00,0.0,M
1986-04-01,64,41,0.04,0.0,0
1986-04-02,52,36,0.25,0.0,0
1986-04-03,46,28,0.13,2.0,M
1986-04-04,49,33,0.00,0.0,0
1986-04-05,58,28,0.00,0.0,0
1986-04-06,63,35,0.00,0.0,0
1986-04-07,64,42,0.07,0.0,0
1986-04-08,65,42,0.00,0.0,0
1986-04-09,63,33,0.00,0.0,0
1986-04-10,63,31,0.00,0.0,0
1986-04-11,62,34,0.00,0.0,0
1986-04-12,60,32,0.00,0.0,0
1986-04-13,56,38,0.00,0.0,0
1986-04-14,63,23,0.00,0.0,0
1986-04-15,64,35,0.00,0.0,0
1986-04-16,63,36,T,0.0,0
1986-04-17,55,36,0.00,0.0,0
1986-04-18,55,24,0.00,0.0,0
1986-04-19,55,32,0.00,0.0,0
1986-04-20,63,30,0.00,0.0,0
1986-04-21,70,37,0.00,0.0,0
1986-04-22,71,41,T,0.0,0
1986-04-23,62,37,0.00,0.0,0
1986-04-24,65,35,0.01,0.0,0
1986-04-25,60,38,0.04,0.0,0
1986-04-26,51,38,0.00,0.0,0
1986-04-27,53,26,0.01,0.0,0
1986-04-28,71,30,0.00,0.0,0
1986-04-29,73,39,0.00,0.0,0
1986-04-30,74,38,0.00,0.0,0
1986-05-01,75,41,0.00,0.0,0
1986-05-02,75,49,T,0.0,0
1986-05-03,68,40,0.00,0.0,0
1986-05-04,68,40,0.00,0.0,0
1986-05-05,66,30,0.00,0.0,0
1986-05-06,71,32,0.00,0.0,0
1986-05-07,69,34,0.00,0.0,0
1986-05-08,54,28,T,0.0,0
1986-05-09,59,26,0.00,0.0,0
1986-05-10,64,28,0.00,0.0,0
1986-05-11,68,36,0.00,0.0,0
1986-05-12,72,34,0.00,0.0,0
1986-05-13,73,38,0.00,0.0,0
1986-05-14,73,40,0.00,0.0,0
1986-05-15,72,42,0.00,0.0,0
1986-05-16,69,41,0.00,0.0,0
1986-05-17,64,34,0.00,0.0,0
1986-05-18,65,34,0.00,0.0,0
1986-05-19,73,40,0.00,0.0,0
1986-05-20,79,43,0.00,0.0,0
1986-05-21,78,49,0.00,0.0,0
1986-05-22,74,50,0.00,0.0,0
1986-05-23,76,41,0.00,0.0,0
1986-05-24,74,44,0.00,0.0,0
1986-05-25,72,43,0.05,0.0,0
1986-05-26,72,50,0.00,0.0,0
1986-05-27,75,36,0.00,0.0,0
1986-05-28,73,39,0.07,0.0,0
1986-05-29,63,44,0.33,0.0,0
1986-05-30,54,38,0.56,0.0,0
1986-05-31,64,40,0.05,0.0,0
1986-06-01,59,40,0.10,0.0,0
1986-06-02,66,46,0.17,0.0,0
1986-06-03,69,45,0.05,0.0,0
1986-06-04,79,43,0.01,0.0,0
1986-06-05,78,47,0.17,0.0,0
1986-06-06,79,49,0.02,0.0,0
1986-06-07,82,48,0.00,0.0,0
1986-06-08,81,50,0.51,0.0,0
1986-06-09,64,43,0.35,0.0,0
1986-06-10,66,36,0.04,0.0,0
1986-06-11,72,42,0.12,0.0,0
1986-06-12,79,46,0.00,0.0,0
1986-06-13,82,51,0.00,0.0,0
1986-06-14,83,48,0.00,0.0,0
1986-06-15,84,45,0.00,0.0,0
1986-06-16,87,48,0.00,0.0,0
1986-06-17,86,52,0.00,0.0,0
1986-06-18,80,52,0.05,0.0,0
1986-06-19,77,51,0.00,0.0,0
1986-06-20,85,49,T,0.0,0
1986-06-21,85,50,0.00,0.0,0
1986-06-22,87,50,0.00,0.0,0
1986-06-23,85,49,0.00,0.0,0
1986-06-24,66,52,0.57,0.0,0
1986-06-25,69,53,0.09,0.0,0
1986-06-26,75,53,0.14,0.0,0
1986-06-27,80,51,0.28,0.0,0
1986-06-28,85,55,0.00,0.0,0
1986-06-29,85,55,0.00,0.0,0
1986-06-30,87,53,0.06,0.0,0
1986-07-01,82,56,0.03,0.0,0
1986-07-02,83,52,T,0.0,0
1986-07-03,83,52,0.00,0.0,0
1986-07-04,80,54,0.30,0.0,0
1986-07-05,78,55,0.03,0.0,0
1986-07-06,80,49,0.16,0.0,0
1986-07-07,81,53,0.01,0.0,0
1986-07-08,75,53,0.24,0.0,0
1986-07-09,74,53,0.11,0.0,0
1986-07-10,81,48,0.01,0.0,0
1986-07-11,85,49,0.00,0.0,0
1986-07-12,88,53,0.00,0.0,0
1986-07-13,89,57,0.00,0.0,0
1986-07-14,85,55,0.00,0.0,0
1986-07-15,82,53,0.00,0.0,0
1986-07-16,83,53,0.98,0.0,0
1986-07-17,76,51,0.05,0.0,0
1986-07-18,78,52,0.00,0.0,0
1986-07-19,78,53,0.00,0.0,0
1986-07-20,67,52,0.21,0.0,0
1986-07-21,73,51,T,0.0,0
1986-07-22,73,51,0.09,0.0,0
1986-07-23,73,50,0.43,0.0,0
1986-07-24,78,46,0.00,0.0,0
1986-07-25,80,51,0.00,0.0,0
1986-07-26,83,50,0.00,0.0,0
1986-07-27,82,44,0.00,0.0,0
1986-07-28,85,47,0.00,0.0,0
1986-07-29,88,50,0.00,0.0,0
1986-07-30,87,54,0.00,0.0,0
1986-07-31,88,54,0.00,0.0,0
1986-08-01,86,54,0.00,0.0,0
1986-08-02,84,51,0.25,0.0,0
1986-08-03,83,51,T,0.0,0
1986-08-04,85,50,0.18,0.0,0
1986-08-05,85,50,0.00,0.0,0
1986-08-06,80,49,0.50,0.0,0
1986-08-07,85,48,0.00,0.0,0
1986-08-08,82,52,0.04,0.0,0
1986-08-09,81,51,0.09,0.0,0
1986-08-10,81,53,0.05,0.0,0
1986-08-11,81,47,0.10,0.0,0
1986-08-12,82,55,0.00,0.0,0
1986-08-13,80,51,0.16,0.0,0
1986-08-14,84,55,0.00,0.0,0
1986-08-15,82,52,0.00,0.0,0
1986-08-16,86,52,0.00,0.0,0
1986-08-17,90,56,0.00,0.0,0
1986-08-18,90,57,0.00,0.0,0
1986-08-19,91,57,0.00,0.0,0
1986-08-20,89,56,0.00,0.0,0
1986-08-21,86,56,0.03,0.0,0
1986-08-22,83,54,0.00,0.0,0
1986-08-23,80,55,0.00,0.0,0
1986-08-24,78,57,0.00,0.0,0
1986-08-25,75,48,0.16,0.0,0
1986-08-26,74,53,0.62,0.0,0
1986-08-27,78,50,0.01,0.0,0
1986-08-28,74,52,0.10,0.0,0
1986-08-29,74,54,0.01,0.0,0
1986-08-30,78,50,0.17,0.0,0
1986-08-31,77,49,0.00,0.0,0
1986-09-01,M,M,0.00,0.0,0
1986-09-02,79,53,0.00,0.0,0
1986-09-03,80,45,0.00,0.0,0
1986-09-04,80,49,0.00,0.0,0
1986-09-05,81,46,0.00,0.0,0
1986-09-06,85,47,0.00,0.0,0
1986-09-07,77,49,0.01,0.0,0
1986-09-08,75,51,0.00,0.0,0
1986-09-09,72,46,0.11,0.0,0
1986-09-10,64,M,0.36,0.0,0
1986-09-11,69,33,0.07,0.0,0
1986-09-12,73,47,0.03,0.0,0
1986-09-13,70,47,0.00,0.0,0
1986-09-14,73,47,0.27,0.0,0
1986-09-15,74,43,0.00,0.0,0
1986-09-16,73,48,0.19,0.0,0
1986-09-17,74,39,0.00,0.0,0
1986-09-18,75,41,0.00,0.0,0
1986-09-19,79,45,0.00,0.0,0
1986-09-20,80,40,0.00,0.0,0
1986-09-21,77,47,0.00,0.0,0
1986-09-22,74,46,0.00,0.0,0
1986-09-23,73,43,T,0.0,0
1986-09-24,57,36,0.27,0.0,0
1986-09-25,49,33,0.04,0.0,0
1986-09-26,57,41,0.21,0.0,0
1986-09-27,68,39,0.00,0.0,0
1986-09-28,68,41,0.00,0.0,0
1986-09-29,68,44,0.12,0.0,0
1986-09-30,64,33,0.00,0.0,0
1986-10-01,70,36,0.00,0.0,0
1986-10-02,69,37,0.00,0.0,0
1986-10-03,65,42,0.09,0.0,0
1986-10-04,62,34,0.00,0.0,0
1986-10-05,68,40,0.00,0.0,0
1986-10-06,64,46,0.16,0.0,0
1986-10-07,69,42,T,0.0,0
1986-10-08,68,38,0.00,0.0,0
1986-10-09,66,38,0.00,0.0,0
1986-10-10,60,42,0.22,0.0,0
1986-10-11,50,38,0.00,0.0,0
1986-10-12,43,32,1.16,12.0,12
1986-10-13,46,31,0.00,0.0,M
1986-10-14,59,32,0.00,0.0,M
1986-10-15,63,33,0.00,0.0,0
1986-10-16,63,36,0.00,0.0,0
1986-10-17,62,36,0.00,0.0,0
1986-10-18,63,38,0.00,0.0,0
1986-10-19,63,41,0.00,0.0,0
1986-10-20,58,46,0.18,0.0,0
1986-10-21,56,34,0.03,0.0,0
1986-10-22,57,29,0.00,0.0,0
1986-10-23,59,30,0.00,0.0,0
1986-10-24,60,34,0.00,0.0,0
1986-10-25,60,34,0.00,0.0,0
1986-10-26,60,33,0.00,0.0,0
1986-10-27,66,33,0.00,0.0,0
1986-10-28,68,29,0.00,0.0,0
1986-10-29,65,35,0.00,0.0,0
1986-10-30,64,34,0.00,0.0,0
1986-10-31,64,33,0.00,0.0,0
1986-11-01,58,44,0.00,0.0,0
1986-11-02,49,37,0.52,0.0,0
1986-11-03,52,37,0.00,0.0,0
1986-11-04,48,32,0.23,0.0,0
1986-11-05,53,26,0.00,0.0,0
1986-11-06,53,25,T,0.0,0
1986-11-07,46,29,0.06,0.0,0
1986-11-08,41,20,0.00,0.0,0
1986-11-09,42,20,0.00,0.0,0
1986-11-10,47,22,0.00,0.0,0
1986-11-11,52,20,0.00,0.0,0
1986-11-12,48,25,0.00,0.0,0
1986-11-13,38,18,0.00,0.0,0
1986-11-14,50,21,0.00,0.0,0
1986-11-15,56,26,0.00,0.0,0
1986-11-16,52,28,0.00,0.0,0
1986-11-17,58,30,0.00,0.0,0
1986-11-18,58,34,T,0.0,0
1986-11-19,47,38,0.36,0.0,0
1986-11-20,50,30,0.01,0.0,0
1986-11-21,54,27,0.00,0.0,0
1986-11-22,52,30,0.24,0.0,0
1986-11-23,40,24,0.24,5.0,M
1986-11-24,44,19,0.00,0.0,M
1986-11-25,46,24,0.00,0.0,0
1986-11-26,42,30,0.01,0.0,0
1986-11-27,49,24,0.00,0.0,0
1986-11-28,54,28,0.00,0.0,0
1986-11-29,49,29,0.00,0.0,0
1986-11-30,42,28,0.00,0.0,0
1986-12-01,47,22,0.00,0.0,0
1986-12-02,56,20,0.00,0.0,0
1986-12-03,55,21,0.00,0.0,0
1986-12-04,51,28,0.00,0.0,0
1986-12-05,47,26,0.00,0.0,0
1986-12-06,43,31,0.35,6.0,M
1986-12-07,46,34,0.00,0.0,M
1986-12-08,42,32,0.01,0.0,M
1986-12-09,37,22,0.12,3.0,M
1986-12-10,30,6,0.01,0.0,M
1986-12-11,38,6,0.00,0.0,M
1986-12-12,44,15,0.00,0.0,M
1986-12-13,45,18,0.00,0.0,M
1986-12-14,44,21,0.00,0.0,M
1986-12-15,48,32,0.00,0.0,M
1986-12-16,46,26,0.00,0.0,M
1986-12-17,43,24,0.00,0.0,M
1986-12-18,36,26,0.18,4.0,M
1986-12-19,39,16,0.00,0.0,M
1986-12-20,40,20,0.00,0.0,0
1986-12-21,39,25,0.00,0.0,0
1986-12-22,44,24,0.00,0.0,0
1986-12-23,43,18,0.00,0.0,0
1986-12-24,37,23,0.00,0.0,0
1986-12-25,38,25,0.00,0.0,0
1986-12-26,40,19,0.00,0.0,0
1986-12-27,40,18,0.00,0.0,0
1986-12-28,44,20,0.00,0.0,0
1986-12-29,46,20,0.00,0.0,0
1986-12-30,49,17,0.00,0.0,0
1986-12-31,45,11,0.00,0.0,0
1987-01-01,41,20,0.00,0.0,0
1987-01-02,40,22,0.00,0.0,0
1987-01-03,38,18,0.00,0.0,0
1987-01-04,48,19,0.00,0.0,0
1987-01-05,48,32,0.03,0.5,0
1987-01-06,40,19,T,0.4,0
1987-01-07,38,23,T,T,0
1987-01-08,34,11,0.10,0.5,T
1987-01-09,33,9,T,T,T
1987-01-10,40,14,0.00,0.0,0
1987-01-11,45,17,0.00,0.0,0
1987-01-12,50,22,0.00,0.0,0
1987-01-13,54,25,0.00,0.0,0
1987-01-14,50,21,0.00,0.0,0
1987-01-15,39,22,0.04,0.5,T
1987-01-16,23,14,0.48,10.0,10
1987-01-17,30,10,0.09,1.0,10
1987-01-18,24,-4,0.00,0.0,10
1987-01-19,26,1,0.00,0.0,10
1987-01-20,27,6,0.18,2.0,12
1987-01-21,32,2,0.00,0.0,M
1987-01-22,28,2,0.00,0.0,M
1987-01-23,37,9,0.00,0.0,M
1987-01-24,42,12,0.00,0.0,M
1987-01-25,45,17,0.00,0.0,M
1987-01-26,50,21,0.00,0.0,M
1987-01-27,47,19,0.00,0.0,M
1987-01-28,46,26,0.00,0.0,M
1987-01-29,46,25,0.01,0.0,M
1987-01-30,47,25,0.00,0.0,M
1987-01-31,47,29,0.00,0.0,M
1987-02-01,46,18,0.32,7.0,M
1987-02-02,49,21,0.00,0.0,M
1987-02-03,49,22,0.00,0.0,M
1987-02-04,45,26,0.00,0.0,M
1987-02-05,48,24,0.00,0.0,M
1987-02-06,53,17,0.00,0.0,M
1987-02-07,52,24,0.00,0.0,M
1987-02-08,52,28,0.00,0.0,M
1987-02-09,51,28,0.00,0.0,M
1987-02-10,58,27,0.00,0.0,M
1987-02-11,56,28,0.00,0.0,M
1987-02-12,54,34,T,0.0,M
1987-02-13,50,29,T,0.0,M
1987-02-14,46,34,0.00,0.0,M
1987-02-15,44,23,0.00,0.0,M
1987-02-16,42,27,0.35,4.0,M
1987-02-17,37,26,0.09,2.0,M
1987-02-18,37,18,0.00,0.0,M
1987-02-19,34,26,T,0.0,M
1987-02-20,32,18,0.29,0.0,M
1987-02-21,36,10,0.00,0.0,M
1987-02-22,40,14,0.00,0.0,M
1987-02-23,39,14,0.00,0.0,M
1987-02-24,38,17,0.00,0.0,M
1987-02-25,41,26,0.12,3.0,M
1987-02-26,37,25,0.25,3.0,M
1987-02-27,34,15,0.00,0.0,M
1987-02-28,38,12,0.00,0.0,M
1987-03-01,46,18,0.00,0.0,0
1987-03-02,51,23,0.00,0.0,0
1987-03-03,57,23,0.00,0.0,0
1987-03-04,59,25,0.00,0.0,0
1987-03-05,64,27,0.00,0.0,0
1987-03-06,65,28,0.00,0.0,0
1987-03-07,63,32,0.00,0.0,0
1987-03-08,61,34,0.00,0.0,0
1987-03-09,56,33,0.09,0.0,0
1987-03-10,49,30,0.02,0.0,0
1987-03-11,55,28,0.00,0.0,0
1987-03-12,56,24,0.00,0.0,0
1987-03-13,63,29,0.00,0.0,0
1987-03-14,60,39,0.00,0.0,0
1987-03-15,51,33,0.00,0.0,0
1987-03-16,45,28,0.00,0.0,0
1987-03-17,48,18,0.00,0.0,0
1987-03-18,53,25,0.00,0.0,0
1987-03-19,56,28,0.00,0.0,0
1987-03-20,50,26,0.00,0.0,0
1987-03-21,53,23,0.00,0.0,0
1987-03-22,50,30,0.00,0.0,0
1987-03-23,43,26,0.00,0.0,0
1987-03-24,45,20,0.00,0.0,0
1987-03-25,43,22,0.00,0.0,0
1987-03-26,47,21,0.02,0.5,M
1987-03-27,43,17,0.04,1.0,M
1987-03-28,36,22,0.20,3.0,M
1987-03-29,31,18,0.03,1.0,M
1987-03-30,45,12,0.01,0.0,M
1987-03-31,60,21,0.00,0.0,M
1987-04-01,63,27,0.00,0.0,0
1987-04-02,61,29,0.00,0.0,0
1987-04-03,60,25,0.00,0.0,0
1987-04-04,58,30,0.00,0.0,0
1987-04-05,38,32,0.60,5.0,M
1987-04-06,46,28,0.00,0.0,M
1987-04-07,52,22,0.00,0.0,0
1987-04-08,59,26,0.00,0.0,0
1987-04-09,62,27,0.00,0.0,0
1987-04-10,63,29,0.00,0.0,0
1987-04-11,63,34,0.00,0.0,0
1987-04-12,62,38,0.03,0.0,0
1987-04-13,51,24,0.00,0.0,0
1987-04-14,65,22,0.00,0.0,0
1987-04-15,72,32,0.00,0.0,0
1987-04-16,73,37,0.00,0.0,0
1987-04-17,75,39,0.00,0.0,0
1987-04-18,75,36,0.00,0.0,0
1987-04-19,69,44,0.00,0.0,0
1987-04-20,64,22,0.00,0.0,0
1987-04-21,64,26,0.00,0.0,0
1987-04-22,71,29,0.00,0.0,0
1987-04-23,74,37,0.00,0.0,0
1987-04-24,72,37,0.00,0.0,0
1987-04-25,71,38,0.00,0.0,0
1987-04-26,69,38,0.00,0.0,0
1987-04-27,71,40,T,0.0,0
1987-04-28,70,39,0.00,0.0,0
1987-04-29,74,37,0.00,0.0,0
1987-04-30,71,37,0.00,0.0,0
1987-05-01,69,36,0.00,0.0,0
1987-05-02,66,38,0.00,0.0,0
1987-05-03,50,32,0.01,0.0,0
1987-05-04,58,31,0.00,0.0,0
1987-05-05,62,40,0.33,0.0,0
1987-05-06,62,36,0.00,0.0,0
1987-05-07,69,36,0.00,0.0,0
1987-05-08,71,38,0.00,0.0,0
1987-05-09,74,40,0.00,0.0,0
1987-05-10,70,40,0.00,0.0,0
1987-05-11,71,45,0.00,0.0,0
1987-05-12,70,45,0.00,0.0,0
1987-05-13,73,41,0.01,0.0,0
1987-05-14,73,45,T,0.0,0
1987-05-15,68,40,0.02,0.0,0
1987-05-16,M,M,0.30,0.0,0
1987-05-17,M,M,0.02,0.0,0
1987-05-18,73,M,0.00,0.0,0
1987-05-19,72,48,0.10,0.0,0
1987-05-20,67,38,0.00,0.0,0
1987-05-21,67,39,0.00,0.0,0
1987-05-22,70,37,0.00,0.0,0
1987-05-23,M,M,S,0.0,0
1987-05-24,M,M,0.29A,0.0,0
1987-05-25,67,34,0.04,0.0,0
1987-05-26,67,44,0.00,0.0,0
1987-05-27,65,33,0.00,0.0,0
1987-05-28,67,39,0.00,0.0,0
1987-05-29,66,34,0.00,0.0,0
1987-05-30,73,36,0.00,0.0,0
1987-05-31,77,41,0.00,0.0,0
1987-06-01,80,42,0.00,0.0,0
1987-06-02,83,44,0.00,0.0,0
1987-06-03,81,43,0.02,0.0,0
1987-06-04,76,49,0.01,0.0,0
1987-06-05,79,44,0.00,0.0,0
1987-06-06,79,45,0.00,0.0,0
1987-06-07,75,48,0.00,0.0,0
1987-06-08,68,50,0.01,0.0,0
1987-06-09,75,52,0.07,0.0,0
1987-06-10,78,47,0.00,0.0,0
1987-06-11,84,48,0.00,0.0,0
1987-06-12,83,49,T,0.0,0
1987-06-13,84,50,0.00,0.0,0
1987-06-14,86,51,0.00,0.0,0
1987-06-15,84,53,0.00,0.0,0
1987-06-16,82,49,0.05,0.0,0
1987-06-17,83,43,0.00,0.0,0
1987-06-18,83,43,0.00,0.0,0
1987-06-19,82,48,0.00,0.0,0
1987-06-20,85,47,0.00,0.0,0
1987-06-21,M,M,0.00,0.0,0
1987-06-22,85,50,0.00,0.0,0
1987-06-23,89,47,0.00,0.0,0
1987-06-24,89,54,0.00,0.0,0
1987-06-25,88,55,0.00,0.0,0
1987-06-26,M,M,0.00,0.0,0
1987-06-27,M,M,0.04,0.0,0
1987-06-28,M,M,0.12,0.0,0
1987-06-29,80,49,0.00,0.0,0
1987-06-30,82,43,T,0.0,0
1987-07-01,86,43,0.00,0.0,0
1987-07-02,87,45,0.00,0.0,0
1987-07-03,87,48,0.00,0.0,0
1987-07-04,86,39,0.00,0.0,0
1987-07-05,86,47,0.00,0.0,0
1987-07-06,88,49,0.00,0.0,0
1987-07-07,90,52,0.00,0.0,0
1987-07-08,88,51,0.00,0.0,0
1987-07-09,88,53,0.00,0.0,0
1987-07-10,87,48,0.00,0.0,0
1987-07-11,87,48,0.00,0.0,0
1987-07-12,86,50,0.00,0.0,0
1987-07-13,85,50,0.00,0.0,0
1987-07-14,87,50,0.00,0.0,0
1987-07-15,87,49,0.00,0.0,0
1987-07-16,84,51,0.00,0.0,0
1987-07-17,77,49,0.14,0.0,0
1987-07-18,81,38,0.00,0.0,0
1987-07-19,85,45,0.00,0.0,0
1987-07-20,88,53,0.00,0.0,0
1987-07-21,82,52,T,0.0,0
1987-07-22,89,52,0.02,0.0,0
1987-07-23,93,57,0.00,0.0,0
1987-07-24,88,56,0.00,0.0,0
1987-07-25,84,52,0.01,0.0,0
1987-07-26,87,53,0.00,0.0,0
1987-07-27,87,52,0.00,0.0,0
1987-07-28,85,54,0.00,0.0,0
1987-07-29,87,56,0.01,0.0,0
1987-07-30,87,55,0.02,0.0,0
1987-07-31,87,56,0.00,0.0,0
1987-08-01,92,53,0.00,0.0,0
1987-08-02,89,57,0.00,0.0,0
1987-08-03,86,58,0.02,0.0,0
1987-08-04,82,57,0.00,0.0,0
1987-08-05,85,54,T,0.0,0
1987-08-06,88,55,0.00,0.0,0
1987-08-07,83,54,0.00,0.0,0
1987-08-08,M,M,0.00,0.0,0
1987-08-09,85,57,0.00,0.0,0
1987-08-10,81,53,0.29,0.0,0
1987-08-11,83,55,0.00,0.0,0
1987-08-12,78,53,0.24,0.0,0
1987-08-13,80,55,0.08,0.0,0
1987-08-14,81,47,T,0.0,0
1987-08-15,M,M,0.00,0.0,0
1987-08-16,83,43,0.00,0.0,0
1987-08-17,87,42,0.00,0.0,0
1987-08-18,89,48,0.00,0.0,0
1987-08-19,90,52,0.00,0.0,0
1987-08-20,87,54,0.00,0.0,0
1987-08-21,83,53,0.00,0.0,0
1987-08-22,85,56,0.43,0.0,0
1987-08-23,70,54,0.78,0.0,0
1987-08-24,70,54,0.54,0.0,0
1987-08-25,70,49,T,0.0,0
1987-08-26,70,45,0.00,0.0,0
1987-08-27,69,44,0.29,0.0,0
1987-08-28,72,47,0.04,0.0,0
1987-08-29,70,45,0.04,0.0,0
1987-08-30,77,43,T,0.0,0
1987-08-31,81,47,0.00,0.0,0
1987-09-01,82,47,0.00,0.0,0
1987-09-02,82,46,0.10,0.0,0
1987-09-03,78,47,0.20,0.0,0
1987-09-04,76,52,0.00,0.0,0
1987-09-05,70,50,0.24,0.0,0
1987-09-06,75,46,0.02,0.0,0
1987-09-07,74,41,0.10,0.0,0
1987-09-08,71,45,0.02,0.0,0
1987-09-09,78,43,0.00,0.0,0
1987-09-10,74,43,0.00,0.0,0
1987-09-11,75,44,0.20,0.0,0
1987-09-12,75,43,0.00,0.0,0
1987-09-13,78,39,T,0.0,0
1987-09-14,75,42,0.17,0.0,0
1987-09-15,70,35,0.00,0.0,0
1987-09-16,77,39,0.00,0.0,0
1987-09-17,75,45,0.00,0.0,0
1987-09-18,70,42,0.00,0.0,0
1987-09-19,77,40,0.00,0.0,0
1987-09-20,78,42,0.00,0.0,0
1987-09-21,76,45,0.00,0.0,0
1987-09-22,74,42,0.00,0.0,0
1987-09-23,79,43,0.00,0.0,0
1987-09-24,81,44,0.00,0.0,0
1987-09-25,78,48,0.00,0.0,0
1987-09-26,78,40,0.00,0.0,0
1987-09-27,77,45,0.00,0.0,0
1987-09-28,75,43,0.00,0.0,0
1987-09-29,74,41,0.00,0.0,0
1987-09-30,75,41,0.00,0.0,0
1987-10-01,77,40,0.00,0.0,0
1987-10-02,77,46,0.00,0.0,0
1987-10-03,78,43,0.00,0.0,0
1987-10-04,78,44,0.00,0.0,0
1987-10-05,80,44,0.00,0.0,0
1987-10-06,76,38,0.00,0.0,0
1987-10-07,79,42,0.00,0.0,0
1987-10-08,79,43,0.00,0.0,0
1987-10-09,75,41,0.00,0.0,0
1987-10-10,73,43,0.00,0.0,0
1987-10-11,75,43,0.00,0.0,0
1987-10-12,73,44,0.00,0.0,0
1987-10-13,70,48,0.00,0.0,0
1987-10-14,68,39,0.36,0.0,0
1987-10-15,61,36,0.03,0.0,0
1987-10-16,67,33,0.00,0.0,0
1987-10-17,68,36,0.00,0.0,0
1987-10-18,68,38,0.00,0.0,0
1987-10-19,67,38,0.00,0.0,0
1987-10-20,66,28,0.00,0.0,0
1987-10-21,69,28,0.00,0.0,0
1987-10-22,68,38,0.00,0.0,0
1987-10-23,67,40,0.00,0.0,0
1987-10-24,62,40,0.00,0.0,0
1987-10-25,58,46,0.09,0.0,0
1987-10-26,64,36,0.00,0.0,0
1987-10-27,70,36,0.00,0.0,0
1987-10-28,70,38,0.00,0.0,0
1987-10-29,67,40,T,0.0,0
1987-10-30,65,41,0.00,0.0,0
1987-10-31,64,33,0.00,0.0,0
1987-11-01,56,48,0.00,0.0,0
1987-11-02,56,40,0.66,0.0,0
1987-11-03,62,38,0.00,0.0,0
1987-11-04,66,37,0.00,0.0,0
1987-11-05,62,38,0.06,0.0,0
1987-11-06,54,44,0.19,0.0,0
1987-11-07,46,35,0.07,0.0,0
1987-11-08,52,28,0.00,0.0,0
1987-11-09,53,30,0.00,0.0,0
1987-11-10,55,30,0.00,0.0,0
1987-11-11,57,29,0.00,0.0,0
1987-11-12,57,29,0.00,0.0,0
1987-11-13,55,29,0.00,0.0,0
1987-11-14,52,36,0.00,0.0,0
1987-11-15,39,32,0.36,3.0,M
1987-11-16,38,31,0.00,0.0,0
1987-11-17,44,27,0.00,0.0,0
1987-11-18,41,22,0.00,0.0,0
1987-11-19,54,25,0.00,0.0,0
1987-11-20,56,38,0.00,0.0,0
1987-11-21,58,32,0.00,0.0,0
1987-11-22,59,32,0.00,0.0,0
1987-11-23,50,33,0.00,0.0,0
1987-11-24,48,30,0.00,0.0,0
1987-11-25,50,28,0.00,0.0,0
1987-11-26,46,26,0.52,5.0,M
1987-11-27,42,22,0.00,0.0,M
1987-11-28,48,20,0.00,0.0,0
1987-11-29,46,22,0.00,0.0,0
1987-11-30,42,24,0.00,0.0,0
1987-12-01,41,18,0.00,0.0,0
1987-12-02,49,21,0.00,0.0,0
1987-12-03,57,42,0.00,0.0,0
1987-12-04,60,40,0.00,0.0,0
1987-12-05,60,38,0.00,0.0,0
1987-12-06,62,21,0.00,0.0,0
1987-12-07,54,26,0.00,0.0,0
1987-12-08,42,26,0.00,0.0,0
1987-12-09,48,28,0.00,0.0,0
1987-12-10,55,22,0.00,0.0,0
1987-12-11,55,28,0.00,0.0,0
1987-12-12,49,20,0.00,0.0,0
1987-12-13,30,18,0.19,5.0,5
1987-12-14,25,14,T,T,M
1987-12-15,26,2,0.00,0.0,M
1987-12-16,29,11,0.00,0.0,M
1987-12-17,45,24,0.00,0.0,M
1987-12-18,40,28,0.11,1.3,M
1987-12-19,37,24,0.02,T,M
1987-12-20,35,22,0.00,0.0,M
1987-12-21,41,11,0.00,0.0,M
1987-12-22,42,15,0.00,0.0,M
1987-12-23,46,13,T,0.0,M
1987-12-24,36,20,0.10,M,M
1987-12-25,24,14,0.09,M,M
1987-12-26,22,6,0.00,0.0,M
1987-12-27,23,2,0.00,0.0,M
1987-12-28,33,10,0.00,0.0,M
1987-12-29,39,8,0.00,0.0,M
1987-12-30,35,14,0.00,0.0,M
1987-12-31,30,6,0.00,0.0,M
1988-01-01,29,5,0.00,0.0,0
1988-01-02,26,4,0.00,0.0,0
1988-01-03,32,6,0.00,0.0,0
1988-01-04,30,14,0.00,0.0,0
1988-01-05,39,21,0.06,0.3,T
1988-01-06,34,29,0.60,7.0,7
1988-01-07,37,18,0.00,0.0,M
1988-01-08,29,2,T,0.0,M
1988-01-09,34,7,0.00,0.0,M
1988-01-10,36,11,0.00,0.0,M
1988-01-11,36,16,0.00,0.0,M
1988-01-12,38,2,0.00,0.0,M
1988-01-13,34,3,0.00,0.0,M
1988-01-14,38,5,0.00,0.0,M
1988-01-15,39,12,0.00,0.0,M
1988-01-16,35,20,0.00,0.0,M
1988-01-17,32,12,0.23,0.2,2
1988-01-18,36,24,0.04,0.1,M
1988-01-19,28,20,0.23,M,M
1988-01-20,26,-4,0.00,0.0,7
1988-01-21,24,-5,0.06,0.5,7
1988-01-22,30,-2,0.00,0.0,M
1988-01-23,36,2,0.00,0.0,M
1988-01-24,36,2,0.00,0.0,M
1988-01-25,33,-2,0.00,0.0,M
1988-01-26,42,6,0.00,0.0,M
1988-01-27,42,14,0.00,0.0,M
1988-01-28,44,11,0.00,0.0,M
1988-01-29,46,17,0.00,0.0,M
1988-01-30,42,25,0.00,0.0,M
1988-01-31,39,21,0.00,0.0,M
1988-02-01,41,29,T,T,0
1988-02-02,38,27,0.13,2.5,2
1988-02-03,42,30,0.14,1.0,2
1988-02-04,39,19,0.00,0.0,0
1988-02-05,41,13,0.00,0.0,0
1988-02-06,40,18,0.00,0.0,0
1988-02-07,42,12,0.00,0.0,0
1988-02-08,47,18,0.00,0.0,0
1988-02-09,49,18,0.00,0.0,0
1988-02-10,47,23,0.00,0.0,0
1988-02-11,42,14,0.00,0.0,0
1988-02-12,53,16,0.00,0.0,0
1988-02-13,53,21,0.00,0.0,0
1988-02-14,48,19,0.00,0.0,0
1988-02-15,47,16,0.00,0.0,0
1988-02-16,51,20,0.00,0.0,0
1988-02-17,45,24,T,0.0,0
1988-02-18,40,12,T,0.0,0
1988-02-19,45,15,0.00,0.0,0
1988-02-20,47,20,0.00,0.0,0
1988-02-21,51,23,0.00,0.0,0
1988-02-22,53,22,0.00,0.0,0
1988-02-23,56,14,0.00,0.0,0
1988-02-24,57,22,0.00,0.0,0
1988-02-25,59,23,0.00,0.0,0
1988-02-26,62,29,0.00,0.0,0
1988-02-27,62,33,0.00,0.0,0
1988-02-28,56,31,0.00,0.0,0
1988-02-29,61,28,0.00,0.0,0
1988-03-01,59,30,T,0.0,0
1988-03-02,54,27,0.07,0.0,0
1988-03-03,42,27,0.03,0.0,0
1988-03-04,52,19,0.00,0.0,0
1988-03-05,53,20,0.00,0.0,0
1988-03-06,54,26,0.00,0.0,0
1988-03-07,48,30,0.00,0.0,0
1988-03-08,42,15,0.00,0.0,0
1988-03-09,58,18,0.00,0.0,0
1988-03-10,56,20,0.00,0.0,0
1988-03-11,39,17,T,0.0,0
1988-03-12,40,16,0.00,0.0,0
1988-03-13,36,16,0.00,0.0,0
1988-03-14,48,14,0.00,0.0,0
1988-03-15,55,18,0.00,0.0,0
1988-03-16,53,24,0.03,0.0,0
1988-03-17,40,10,0.04,0.0,0
1988-03-18,49,10,T,0.0,0
1988-03-19,56,22,0.00,0.0,0
1988-03-20,61,25,0.00,0.0,0
1988-03-21,64,30,0.00,0.0,0
1988-03-22,70,25,0.00,0.0,0
1988-03-23,65,36,0.00,0.0,0
1988-03-24,60,36,0.00,0.0,0
1988-03-25,58,22,0.00,0.0,0
1988-03-26,62,30,0.00,0.0,0
1988-03-27,68,33,0.00,0.0,0
1988-03-28,67,35,0.00,0.0,0
1988-03-29,49,13,0.00,0.0,0
1988-03-30,60,23,0.00,0.0,0
1988-03-31,51,29,0.18,2.0,M
1988-04-01,32,25,T,T,0
1988-04-02,52,18,0.00,0.0,0
1988-04-03,60,30,0.00,0.0,0
1988-04-04,67,32,0.00,0.0,0
1988-04-05,66,34,0.00,0.0,0
1988-04-06,70,31,0.00,0.0,0
1988-04-07,74,34,0.00,0.0,0
1988-04-08,73,35,0.00,0.0,0
1988-04-09,70,33,0.00,0.0,0
1988-04-10,54,22,0.00,0.0,0
1988-04-11,68,27,0.00,0.0,0
1988-04-12,74,38,0.00,0.0,0
1988-04-13,75,42,0.00,0.0,0
1988-04-14,72,47,0.00,0.0,0
1988-04-15,67,44,0.01,0.0,0
1988-04-16,65,43,0.36,0.0,0
1988-04-17,54,34,0.36,0.0,0
1988-04-18,57,38,0.00,0.0,0
1988-04-19,62,40,0.00,0.0,0
1988-04-20,67,36,0.00,0.0,0
1988-04-21,67,35,0.00,0.0,0
1988-04-22,57,35,0.10,0.0,0
1988-04-23,57,37,T,0.0,0
1988-04-24,56,36,0.00,0.0,0
1988-04-25,63,34,0.00,0.0,0
1988-04-26,63,35,0.00,0.0,0
1988-04-27,70,36,0.00,0.0,0
1988-04-28,71,44,0.00,0.0,0
1988-04-29,67,40,0.00,0.0,0
1988-04-30,76,44,0.00,0.0,0
1988-05-01,75,48,0.00,0.0,0
1988-05-02,58,34,0.00,0.0,0
1988-05-03,66,34,0.00,0.0,0
1988-05-04,68,38,0.00,0.0,0
1988-05-05,73,34,0.00,0.0,0
1988-05-06,69,42,0.00,0.0,0
1988-05-07,61,34,0.00,0.0,0
1988-05-08,62,36,0.00,0.0,0
1988-05-09,69,38,0.00,0.0,0
1988-05-10,75,36,0.00,0.0,0
1988-05-11,74,44,0.00,0.0,0
1988-05-12,79,44,0.00,0.0,0
1988-05-13,81,40,0.00,0.0,0
1988-05-14,82,50,0.00,0.0,0
1988-05-15,86,50,0.00,0.0,0
1988-05-16,86,53,0.00,0.0,0
1988-05-17,74,46,0.33,0.0,0
1988-05-18,70,52,0.22,0.0,0
1988-05-19,70,48,0.48,0.0,0
1988-05-20,59,44,0.11,0.0,0
1988-05-21,63,40,0.00,0.0,0
1988-05-22,67,38,0.00,0.0,0
1988-05-23,70,41,0.00,0.0,0
1988-05-24,72,46,0.00,0.0,0
1988-05-25,74,39,0.09,0.0,0
1988-05-26,75,39,0.00,0.0,0
1988-05-27,77,41,0.00,0.0,0
1988-05-28,77,45,0.00,0.0,0
1988-05-29,75,46,0.00,0.0,0
1988-05-30,74,48,0.00,0.0,0
1988-05-31,59,26,0.01,0.0,0
1988-06-01,70,29,0.00,0.0,0
1988-06-02,79,39,0.00,0.0,0
1988-06-03,80,44,0.00,0.0,0
1988-06-04,79,42,0.41,0.0,0
1988-06-05,79,54,0.02,0.0,0
1988-06-06,79,51,0.00,0.0,0
1988-06-07,82,42,0.00,0.0,0
1988-06-08,81,48,0.00,0.0,0
1988-06-09,84,54,0.00,0.0,0
1988-06-10,82,46,0.00,0.0,0
1988-06-11,77,46,0.40,0.0,0
1988-06-12,78,52,T,0.0,0
1988-06-13,78,52,0.00,0.0,0
1988-06-14,78,49,0.00,0.0,0
1988-06-15,76,54,0.00,0.0,0
1988-06-16,78,40,0.46,0.0,0
1988-06-17,83,45,0.00,0.0,0
1988-06-18,85,49,0.00,0.0,0
1988-06-19,87,58,0.00,0.0,0
1988-06-20,86,58,0.00,0.0,0
1988-06-21,88,57,0.00,0.0,0
1988-06-22,88,58,0.22,0.0,0
1988-06-23,87,57,0.03,0.0,0
1988-06-24,84,51,0.57,0.0,0
1988-06-25,80,48,0.00,0.0,0
1988-06-26,77,46,0.02,0.0,0
1988-06-27,74,53,0.12,0.0,0
1988-06-28,72,51,0.15,0.0,0
1988-06-29,76,44,0.00,0.0,0
1988-06-30,80,51,0.03,0.0,0
1988-07-01,80,46,0.00,0.0,0
1988-07-02,81,47,0.00,0.0,0
1988-07-03,84,47,0.00,0.0,0
1988-07-04,85,50,0.00,0.0,0
1988-07-05,83,50,0.00,0.0,0
1988-07-06,85,48,0.00,0.0,0
1988-07-07,87,50,0.00,0.0,0
1988-07-08,87,46,0.14,0.0,0
1988-07-09,79,46,0.08,0.0,0
1988-07-10,80,46,0.00,0.0,0
1988-07-11,81,52,0.20,0.0,0
1988-07-12,85,53,0.00,0.0,0
1988-07-13,91,58,0.00,0.0,0
1988-07-14,88,61,0.00,0.0,0
1988-07-15,89,51,0.00,0.0,0
1988-07-16,88,49,0.00,0.0,0
1988-07-17,87,49,0.25,0.0,0
1988-07-18,86,58,0.00,0.0,0
1988-07-19,86,58,0.00,0.0,0
1988-07-20,80,56,0.18,0.0,0
1988-07-21,85,55,T,0.0,0
1988-07-22,90,56,0.00,0.0,0
1988-07-23,86,57,0.00,0.0,0
1988-07-24,86,55,0.00,0.0,0
1988-07-25,90,48,0.00,0.0,0
1988-07-26,88,62,T,0.0,0
1988-07-27,83,58,0.01,0.0,0
1988-07-28,83,55,0.00,0.0,0
1988-07-29,83,56,0.31,0.0,0
1988-07-30,75,60,0.23,0.0,0
1988-07-31,79,50,0.04,0.0,0
1988-08-01,80,48,0.00,0.0,0
1988-08-02,85,56,0.06,0.0,0
1988-08-03,81,56,0.14,M,M
1988-08-04,84,59,0.00,0.0,M
1988-08-05,81,59,0.48,0.0,M
1988-08-06,75,61,1.04,0.0,M
1988-08-07,80,50,0.00,0.0,M
1988-08-08,79,48,0.00,0.0,M
1988-08-09,80,49,0.00,0.0,M
1988-08-10,79,46,0.00,0.0,M
1988-08-11,79,58,0.00,0.0,M
1988-08-12,80,56,0.00,0.0,M
1988-08-13,84,56,0.00,0.0,M
1988-08-14,M,51,M,M,M
1988-08-15,86,51,0.28,0.0,M
1988-08-16,75,58,0.10,0.0,M
1988-08-17,74,53,0.11,0.0,M
1988-08-18,82,52,0.18,0.0,M
1988-08-19,84,56,0.01,0.0,M
1988-08-20,85,49,0.00,0.0,M
1988-08-21,84,50,0.00,0.0,M
1988-08-22,81,56,0.00,0.0,M
1988-08-23,85,54,0.00,0.0,M
1988-08-24,79,55,0.42,0.0,M
1988-08-25,82,54,T,0.0,M
1988-08-26,82,56,0.00,0.0,M
1988-08-27,81,M,0.39,0.0,M
1988-08-28,67,49,0.21,0.0,M
1988-08-29,72,41,0.00,0.0,M
1988-08-30,74,55,0.00,0.0,M
1988-08-31,75,57,T,0.0,M
1988-09-01,79,56,0.00,0.0,0
1988-09-02,76,55,0.12,0.0,0
1988-09-03,78,54,0.00,0.0,0
1988-09-04,78,48,0.00,0.0,0
1988-09-05,80,49,0.00,0.0,0
1988-09-06,80,48,0.00,0.0,0
1988-09-07,82,49,0.00,0.0,0
1988-09-08,85,52,0.00,0.0,0
1988-09-09,84,54,0.00,0.0,0
1988-09-10,84,56,0.00,0.0,0
1988-09-11,81,56,0.46,0.0,0
1988-09-12,62,47,0.44,0.0,0
1988-09-13,65,55,0.15,0.0,0
1988-09-14,69,53,0.36,0.0,0
1988-09-15,69,44,0.00,0.0,0
1988-09-16,72,36,0.00,0.0,0
1988-09-17,77,42,0.00,0.0,0
1988-09-18,76,42,0.00,0.0,0
1988-09-19,73,34,0.00,0.0,0
1988-09-20,76,42,0.00,0.0,0
1988-09-21,75,54,0.24,0.0,0
1988-09-22,65,40,0.07,0.0,0
1988-09-23,69,42,0.03,0.0,0
1988-09-24,72,42,0.00,0.0,0
1988-09-25,74,42,0.00,0.0,0
1988-09-26,77,42,0.00,0.0,0
1988-09-27,76,47,0.01,0.0,0
1988-09-28,72,42,0.00,0.0,0
1988-09-29,69,33,0.00,0.0,0
1988-09-30,66,31,0.00,0.0,0
1988-10-01,74,40,0.00,0.0,0
1988-10-02,72,42,0.00,0.0,0
1988-10-03,74,44,0.00,0.0,0
1988-10-04,71,45,0.00,0.0,0
1988-10-05,77,42,0.22,0.0,0
1988-10-06,63,44,0.11,0.0,0
1988-10-07,60,37,0.09,0.0,0
1988-10-08,64,38,0.08,0.0,0
1988-10-09,66,42,0.00,0.0,0
1988-10-10,65,38,0.00,0.0,0
1988-10-11,67,38,0.00,0.0,0
1988-10-12,67,38,0.00,0.0,0
1988-10-13,69,40,0.00,0.0,0
1988-10-14,70,36,0.00,0.0,0
1988-10-15,70,42,0.00,0.0,0
1988-10-16,75,42,0.00,0.0,0
1988-10-17,77,41,0.00,0.0,0
1988-10-18,75,38,0.00,0.0,0
1988-10-19,73,41,0.00,0.0,0
1988-10-20,70,40,0.00,0.0,0
1988-10-21,74,41,0.00,0.0,0
1988-10-22,72,38,0.00,0.0,0
1988-10-23,71,42,0.00,0.0,0
1988-10-24,75,41,0.00,0.0,0
1988-10-25,73,42,0.00,0.0,0
1988-10-26,71,38,0.00,0.0,0
1988-10-27,71,36,0.00,0.0,0
1988-10-28,70,29,0.00,0.0,0
1988-10-29,64,40,0.00,0.0,0
1988-10-30,64,42,T,0.0,0
1988-10-31,67,38,0.00,0.0,0
1988-11-01,68,36,0.00,0.0,0
1988-11-02,66,38,0.00,0.0,0
1988-11-03,66,36,0.00,0.0,0
1988-11-04,61,25,0.00,0.0,0
1988-11-05,57,28,0.00,0.0,0
1988-11-06,64,29,0.00,0.0,0
1988-11-07,65,30,0.00,0.0,0
1988-11-08,61,32,T,0.0,0
1988-11-09,55,38,0.10,0.0,0
1988-11-10,60,30,0.00,0.0,0
1988-11-11,52,33,0.00,0.0,0
1988-11-12,47,22,0.00,0.0,0
1988-11-13,56,22,0.00,0.0,0
1988-11-14,62,26,0.00,0.0,0
1988-11-15,54,26,0.30,0.5,0
1988-11-16,42,15,0.00,0.0,0
1988-11-17,46,19,0.00,0.0,0
1988-11-18,43,19,T,0.0,0
1988-11-19,34,21,0.03,0.8,1
1988-11-20,40,18,0.00,0.0,0
1988-11-21,44,18,0.00,0.0,0
1988-11-22,49,16,0.00,0.0,0
1988-11-23,53,19,0.00,0.0,0
1988-11-24,53,24,0.05,0.0,0
1988-11-25,35,29,0.00,0.0,0
1988-11-26,30,23,0.00,0.0,0
1988-11-27,30,1,0.00,0.0,0
1988-11-28,56,12,0.00,0.0,0
1988-11-29,M,18,0.00,0.0,0
1988-11-30,42,14,0.00,0.0,0
1988-12-01,52,17,0.00,0.0,0
1988-12-02,48,23,0.00,0.0,0
1988-12-03,57,25,0.00,0.0,0
1988-12-04,50,18,0.00,0.0,0
1988-12-05,52,20,0.00,0.0,0
1988-12-06,51,19,0.00,0.0,0
1988-12-07,45,20,0.04,2.0,M
1988-12-08,36,16,0.00,0.0,0
1988-12-09,46,12,0.00,0.0,0
1988-12-10,42,15,0.00,0.0,0
1988-12-11,47,11,0.00,0.0,0
1988-12-12,50,16,0.00,0.0,0
1988-12-13,56,24,0.00,0.0,0
1988-12-14,51,21,0.00,0.0,0
1988-12-15,46,27,0.00,0.0,0
1988-12-16,45,11,0.00,0.0,0
1988-12-17,50,16,0.00,0.0,0
1988-12-18,50,21,0.00,0.0,0
1988-12-19,43,26,0.01,0.5,0
1988-12-20,36,21,0.01,0.5,0
1988-12-21,33,13,0.00,0.0,0
1988-12-22,32,17,0.00,0.0,0
1988-12-23,27,16,0.00,0.0,0
1988-12-24,27,9,0.00,0.0,0
1988-12-25,45,20,0.00,0.0,0
1988-12-26,39,20,0.00,0.0,0
1988-12-27,23,7,0.00,0.0,0
1988-12-28,29,4,0.00,0.0,0
1988-12-29,32,9,0.00,0.0,0
1988-12-30,37,4,0.00,0.0,0
1988-12-31,42,10,0.00,0.0,0
1989-01-01,41,14,0.00,0.0,0
1989-01-02,42,17,0.00,0.0,0
1989-01-03,43,19,0.00,0.0,0
1989-01-04,45,22,0.01,0.0,0
1989-01-05,38,31,0.01,0.0,0
1989-01-06,40,16,0.00,0.0,0
1989-01-07,36,8,T,0.0,0
1989-01-08,19,1,0.00,0.0,0
1989-01-09,37,2,0.00,0.0,0
1989-01-10,47,8,0.00,0.0,0
1989-01-11,42,13,0.00,0.0,0
1989-01-12,38,16,0.02,3.0,M
1989-01-13,28,-1,0.00,0.0,0
1989-01-14,36,5,0.00,0.0,0
1989-01-15,35,6,0.00,0.0,0
1989-01-16,38,8,0.00,0.0,0
1989-01-17,45,13,0.00,0.0,0
1989-01-18,49,14,0.00,0.0,0
1989-01-19,54,17,0.00,0.0,0
1989-01-20,52,19,0.00,0.0,0
1989-01-21,43,16,0.00,0.0,0
1989-01-22,42,18,0.00,0.0,0
1989-01-23,50,15,0.00,0.0,0
1989-01-24,44,23,0.00,0.0,0
1989-01-25,42,15,0.05,0.0,0
1989-01-26,47,15,0.00,0.0,0
1989-01-27,45,29,0.22,5.0,M
1989-01-28,32,26,0.12,2.2,M
1989-01-29,34,12,0.00,0.0,M
1989-01-30,43,16,0.00,0.0,M
1989-01-31,50,16,0.00,0.0,M
1989-02-01,50,18,0.00,0.0,0
1989-02-02,45,34,0.00,0.0,0
1989-02-03,43,24,0.00,0.0,0
1989-02-04,43,30,0.00,0.0,0
1989-02-05,32,17,0.02,5.0,5
1989-02-06,22,1,1.06,16.0,21
1989-02-07,23,-5,0.00,0.0,M
1989-02-08,28,3,T,0.0,M
1989-02-09,38,14,0.00,0.0,M
1989-02-10,43,19,0.00,0.0,M
1989-02-11,42,23,0.00,0.0,M
1989-02-12,42,22,0.00,0.0,M
1989-02-13,37,18,T,0.0,M
1989-02-14,40,19,0.00,0.0,M
1989-02-15,43,15,0.00,0.0,M
1989-02-16,48,18,0.00,0.0,M
1989-02-17,49,20,0.00,0.0,M
1989-02-18,49,22,0.00,0.0,M
1989-02-19,42,25,0.00,0.0,M
1989-02-20,37,28,0.00,0.0,M
1989-02-21,42,17,0.00,0.0,M
1989-02-22,50,19,0.00,0.0,M
1989-02-23,59,23,0.00,0.0,M
1989-02-24,62,30,0.00,0.0,M
1989-02-25,61,31,0.00,0.0,M
1989-02-26,58,28,0.00,0.0,M
1989-02-27,50,30,0.00,0.0,M
1989-02-28,55,24,0.00,0.0,M
1989-03-01,57,23,0.00,0.0,0
1989-03-02,55,23,0.02,0.0,0
1989-03-03,41,29,0.11,0.0,0
1989-03-04,36,19,T,T,0
1989-03-05,42,13,0.00,0.0,0
1989-03-06,57,19,0.00,0.0,0
1989-03-07,66,28,0.00,0.0,0
1989-03-08,69,34,0.00,0.0,0
1989-03-09,73,36,0.00,0.0,0
1989-03-10,80,39,0.00,0.0,0
1989-03-11,72,34,0.00,0.0,0
1989-03-12,65,35,0.00,0.0,0
1989-03-13,67,33,0.00,0.0,0
1989-03-14,63,30,0.00,0.0,0
1989-03-15,60,24,0.00,0.0,0
1989-03-16,65,29,0.00,0.0,0
1989-03-17,65,38,0.00,0.0,0
1989-03-18,61,29,0.00,0.0,0
1989-03-19,60,30,0.00,0.0,0
1989-03-20,55,13,0.00,0.0,0
1989-03-21,47,11,0.04,T,0
1989-03-22,56,21,0.00,0.0,0
1989-03-23,61,28,0.00,0.0,0
1989-03-24,61,33,0.00,0.0,0
1989-03-25,60,30,0.00,0.0,0
1989-03-26,58,29,0.00,0.0,0
1989-03-27,61,27,0.00,0.0,0
1989-03-28,66,27,0.00,0.0,0
1989-03-29,68,32,0.00,0.0,0
1989-03-30,62,25,0.00,0.0,0
1989-03-31,66,22,0.00,0.0,0
1989-04-01,65,34,0.00,0.0,0
1989-04-02,66,32,0.00,0.0,0
1989-04-03,66,48,0.00,0.0,0
1989-04-04,65,34,0.00,0.0,0
1989-04-05,68,25,0.00,0.0,0
1989-04-06,72,33,0.00,0.0,0
1989-04-07,75,36,0.00,0.0,0
1989-04-08,75,46,0.00,0.0,0
1989-04-09,75,40,0.00,0.0,0
1989-04-10,72,28,0.00,0.0,0
1989-04-11,69,27,0.00,0.0,0
1989-04-12,67,31,0.00,0.0,0
1989-04-13,58,35,0.07,0.0,0
1989-04-14,70,32,0.00,0.0,0
1989-04-15,75,43,0.00,0.0,0
1989-04-16,75,44,0.00,0.0,0
1989-04-17,75,44,0.00,0.0,0
1989-04-18,78,43,0.00,0.0,0
1989-04-19,77,41,0.00,0.0,0
1989-04-20,79,45,0.00,0.0,0
1989-04-21,82,44,0.00,0.0,0
1989-04-22,78,50,0.00,0.0,0
1989-04-23,76,44,0.00,0.0,0
1989-04-24,80,46,0.00,0.0,0
1989-04-25,75,35,0.00,0.0,0
1989-04-26,69,36,0.00,0.0,0
1989-04-27,66,33,0.00,0.0,0
1989-04-28,60,31,0.00,0.0,0
1989-04-29,60,28,0.00,0.0,0
1989-04-30,64,37,0.00,0.0,0
1989-05-01,70,38,0.00,0.0,0
1989-05-02,73,36,0.00,0.0,0
1989-05-03,74,40,0.00,0.0,0
1989-05-04,73,34,0.00,0.0,0
1989-05-05,76,35,0.00,0.0,0
1989-05-06,81,37,0.00,0.0,0
1989-05-07,81,47,0.00,0.0,0
1989-05-08,83,45,0.00,0.0,0
1989-05-09,75,49,T,0.0,0
1989-05-10,69,46,0.32,0.0,0
1989-05-11,68,48,0.02,0.0,0
1989-05-12,67,38,0.00,0.0,0
1989-05-13,65,40,0.00,0.0,0
1989-05-14,63,41,0.00,0.0,0
1989-05-15,68,42,0.00,0.0,0
1989-05-16,66,44,0.00,0.0,0
1989-05-17,60,39,0.00,0.0,0
1989-05-18,74,35,0.06,0.0,0
1989-05-19,76,40,0.00,0.0,0
1989-05-20,79,42,0.00,0.0,0
1989-05-21,82,44,0.00,0.0,0
1989-05-22,83,43,0.00,0.0,0
1989-05-23,83,43,0.00,0.0,0
1989-05-24,81,47,0.00,0.0,0
1989-05-25,77,49,0.00,0.0,0
1989-05-26,74,42,0.00,0.0,0
1989-05-27,78,42,0.00,0.0,0
1989-05-28,84,50,0.00,0.0,0
1989-05-29,82,46,0.00,0.0,0
1989-05-30,79,45,0.00,0.0,0
1989-05-31,76,35,0.00,0.0,0
1989-06-01,76,44,0.00,0.0,0
1989-06-02,79,50,0.00,0.0,0
1989-06-03,75,46,0.00,0.0,0
1989-06-04,73,39,0.00,0.0,0
1989-06-05,77,39,0.00,0.0,0
1989-06-06,79,40,0.00,0.0,0
1989-06-07,79,40,0.00,0.0,0
1989-06-08,79,46,0.11,0.0,0
1989-06-09,67,43,0.07,0.0,0
1989-06-10,76,44,0.00,0.0,0
1989-06-11,81,46,0.00,0.0,0
1989-06-12,80,52,0.02,0.0,0
1989-06-13,72,42,0.14,0.0,0
1989-06-14,71,44,0.00,0.0,0
1989-06-15,80,43,0.02,0.0,0
1989-06-16,86,42,0.00,0.0,0
1989-06-17,87,50,0.00,0.0,0
1989-06-18,90,52,0.00,0.0,0
1989-06-19,95,59,0.00,0.0,0
1989-06-20,92,59,0.00,0.0,0
1989-06-21,84,55,0.00,0.0,0
1989-06-22,79,51,0.00,0.0,0
1989-06-23,77,47,0.00,0.0,0
1989-06-24,84,50,0.00,0.0,0
1989-06-25,84,48,M,M,M
1989-06-26,83,46,0.00,0.0,M
1989-06-27,86,42,0.00,0.0,M
1989-06-28,85,51,0.00,0.0,M
1989-06-29,84,56,0.00,0.0,M
1989-06-30,86,54,0.00,0.0,M
1989-07-01,91,52,0.00,0.0,0
1989-07-02,93,49,0.00,0.0,0
1989-07-03,94,50,0.00,0.0,0
1989-07-04,94,56,0.00,0.0,0
1989-07-05,90,53,0.00,0.0,0
1989-07-06,93,56,0.00,0.0,0
1989-07-07,92,55,0.00,0.0,0
1989-07-08,93,55,0.00,0.0,0
1989-07-09,92,53,0.00,0.0,0
1989-07-10,86,50,0.00,0.0,0
1989-07-11,86,52,0.00,0.0,0
1989-07-12,84,57,0.10,0.0,0
1989-07-13,87,54,0.00,0.0,0
1989-07-14,84,56,0.00,0.0,0
1989-07-15,87,56,0.02,0.0,0
1989-07-16,90,54,0.00,0.0,0
1989-07-17,90,50,0.00,0.0,0
1989-07-18,94,56,0.00,0.0,0
1989-07-19,93,55,0.69,0.0,0
1989-07-20,84,55,0.69,0.0,0
1989-07-21,80,55,T,0.0,0
1989-07-22,81,51,0.10,0.0,0
1989-07-23,75,52,0.34,0.0,0
1989-07-24,73,54,T,0.0,0
1989-07-25,M,54,1.05,0.0,0
1989-07-26,67,55,0.35,0.0,0
1989-07-27,78,53,0.00,0.0,0
1989-07-28,79,55,0.00,0.0,0
1989-07-29,76,52,T,0.0,0
1989-07-30,79,53,0.01,0.0,0
1989-07-31,80,58,0.00,0.0,0
1989-08-01,71,57,0.27,0.0,0
1989-08-02,79,51,0.09,0.0,0
1989-08-03,83,52,T,0.0,0
1989-08-04,83,55,0.00,0.0,0
1989-08-05,86,49,0.00,0.0,0
1989-08-06,85,52,0.00,0.0,0
1989-08-07,76,55,0.00,0.0,0
1989-08-08,79,56,0.11,0.0,0
1989-08-09,81,56,0.07,0.0,0
1989-08-10,83,50,0.05,0.0,0
1989-08-11,82,49,0.10,0.0,0
1989-08-12,81,54,0.01,0.0,0
1989-08-13,80,53,0.19,0.0,0
1989-08-14,79,50,0.04,0.0,0
1989-08-15,79,49,0.26,0.0,0
1989-08-16,83,49,0.00,0.0,0
1989-08-17,81,51,T,0.0,0
1989-08-18,80,55,0.45,0.0,0
1989-08-19,79,50,0.00,0.0,0
1989-08-20,78,49,0.00,0.0,0
1989-08-21,78,48,0.00,0.0,0
1989-08-22,79,45,0.04,0.0,0
1989-08-23,81,49,0.00,0.0,0
1989-08-24,82,51,0.00,0.0,0
1989-08-25,81,48,0.00,0.0,0
1989-08-26,83,49,0.00,0.0,0
1989-08-27,81,56,0.00,0.0,0
1989-08-28,81,51,0.00,0.0,0
1989-08-29,85,48,0.00,0.0,0
1989-08-30,80,51,0.00,0.0,0
1989-08-31,84,50,0.00,0.0,0
1989-09-01,87,46,0.00,0.0,0
1989-09-02,86,54,0.00,0.0,0
1989-09-03,82,51,0.12,0.0,0
1989-09-04,82,54,0.00,0.0,0
1989-09-05,74,53,0.22,0.0,0
1989-09-06,80,52,0.00,0.0,0
1989-09-07,84,51,0.00,0.0,0
1989-09-08,83,49,0.01,0.0,0
1989-09-09,79,41,0.00,0.0,0
1989-09-10,78,45,0.00,0.0,0
1989-09-11,78,41,0.00,0.0,0
1989-09-12,74,52,0.01,0.0,0
1989-09-13,74,36,0.00,0.0,0
1989-09-14,72,35,0.00,0.0,0
1989-09-15,79,43,0.00,0.0,0
1989-09-16,79,44,0.00,0.0,0
1989-09-17,80,44,0.00,0.0,0
1989-09-18,83,50,0.00,0.0,0
1989-09-19,82,50,0.14,0.0,0
1989-09-20,75,53,0.60,0.0,0
1989-09-21,75,40,0.00,0.0,0
1989-09-22,73,46,0.00,0.0,0
1989-09-23,70,40,0.00,0.0,0
1989-09-24,78,42,0.00,0.0,0
1989-09-25,77,47,0.00,0.0,0
1989-09-26,75,43,0.00,0.0,0
1989-09-27,79,45,0.00,0.0,0
1989-09-28,81,45,0.00,0.0,0
1989-09-29,82,50,0.00,0.0,0
1989-09-30,79,47,0.00,0.0,0
1989-10-01,78,38,0.00,0.0,0
1989-10-02,76,39,0.00,0.0,0
1989-10-03,70,45,0.06,0.0,0
1989-10-04,57,49,1.08,0.0,0
1989-10-05,52,43,0.41,0.0,0
1989-10-06,60,33,0.09,0.0,0
1989-10-07,64,36,0.00,0.0,0
1989-10-08,67,42,0.00,0.0,0
1989-10-09,72,42,0.00,0.0,0
1989-10-10,74,42,0.00,0.0,0
1989-10-11,74,36,0.00,0.0,0
1989-10-12,75,40,0.00,0.0,0
1989-10-13,74,39,0.00,0.0,0
1989-10-14,75,41,0.00,0.0,0
1989-10-15,73,35,0.00,0.0,0
1989-10-16,68,43,0.00,0.0,0
1989-10-17,60,32,0.05,0.0,0
1989-10-18,51,29,0.00,0.0,0
1989-10-19,58,23,0.00,0.0,0
1989-10-20,66,28,0.00,0.0,0
1989-10-21,65,35,0.00,0.0,0
1989-10-22,63,40,0.00,0.0,0
1989-10-23,67,38,0.00,0.0,0
1989-10-24,71,36,0.00,0.0,0
1989-10-25,67,38,0.00,0.0,0
1989-10-26,64,36,0.00,0.0,0
1989-10-27,60,26,0.00,0.0,0
1989-10-28,59,22,0.00,0.0,0
1989-10-29,57,32,0.00,0.0,0
1989-10-30,53,25,0.00,0.0,0
1989-10-31,56,27,0.00,0.0,0
1989-11-01,52,17,0.00,0.0,0
1989-11-02,53,24,0.00,0.0,0
1989-11-03,59,26,0.00,0.0,0
1989-11-04,60,27,0.00,0.0,0
1989-11-05,61,33,0.00,0.0,0
1989-11-06,58,31,0.00,0.0,0
1989-11-07,52,26,0.00,0.0,0
1989-11-08,56,27,0.00,0.0,0
1989-11-09,59,32,0.00,0.0,0
1989-11-10,63,34,0.00,0.0,0
1989-11-11,67,36,0.00,0.0,0
1989-11-12,67,36,0.00,0.0,0
1989-11-13,64,33,0.00,0.0,0
1989-11-14,62,33,0.00,0.0,0
1989-11-15,53,20,0.00,0.0,0
1989-11-16,54,26,0.00,0.0,0
1989-11-17,50,27,0.00,0.0,0
1989-11-18,54,26,0.00,0.0,0
1989-11-19,58,31,0.00,0.0,0
1989-11-20,63,33,0.00,0.0,0
1989-11-21,65,37,0.00,0.0,0
1989-11-22,55,31,0.00,0.0,0
1989-11-23,50,26,0.00,0.0,0
1989-11-24,54,27,0.00,0.0,0
1989-11-25,53,25,0.00,0.0,0
1989-11-26,52,27,0.00,0.0,0
1989-11-27,48,22,0.00,0.0,0
1989-11-28,37,19,0.00,0.0,0
1989-11-29,39,14,0.00,0.0,0
1989-11-30,47,22,0.00,0.0,0
1989-12-01,42,29,0.25,3.0,1
1989-12-02,44,19,0.00,0.0,0
1989-12-03,47,18,0.00,0.0,0
1989-12-04,55,29,0.00,0.0,0
1989-12-05,59,29,0.00,0.0,0
1989-12-06,50,30,0.00,0.0,0
1989-12-07,42,27,0.00,0.0,0
1989-12-08,47,18,0.00,0.0,0
1989-12-09,52,20,0.00,0.0,0
1989-12-10,47,22,0.00,0.0,0
1989-12-11,36,12,0.07,1.4,1
1989-12-12,34,11,0.00,0.0,0
1989-12-13,38,12,0.00,0.0,0
1989-12-14,41,15,0.00,0.0,0
1989-12-15,42,20,0.00,0.0,0
1989-12-16,38,24,0.00,0.0,0
1989-12-17,43,18,0.00,0.0,0
1989-12-18,42,22,0.00,0.0,0
1989-12-19,43,23,0.00,0.0,0
1989-12-20,46,13,0.00,0.0,0
1989-12-21,43,16,0.00,0.0,0
1989-12-22,53,17,0.00,0.0,0
1989-12-23,41,11,0.00,0.0,0
1989-12-24,42,19,0.00,0.0,0
1989-12-25,45,17,0.00,0.0,0
1989-12-26,48,17,0.00,0.0,0
1989-12-27,45,19,0.00,0.0,0
1989-12-28,43,19,0.00,0.0,0
1989-12-29,39,19,0.00,0.0,0
1989-12-30,28,22,0.38,5.0,5
1989-12-31,M,4,0.00,0.0,M
1990-01-01,M,M,0.00,0.0,0
1990-01-02,62,20,0.00,0.0,0
1990-01-03,32,20,0.25,5.0,5
1990-01-04,28,5,0.00,0.0,M
1990-01-05,26,3,0.00,0.0,M
1990-01-06,28,6,0.00,0.0,M
1990-01-07,36,10,0.00,0.0,M
1990-01-08,48,15,0.00,0.0,0
1990-01-09,50,19,0.00,0.0,0
1990-01-10,53,23,0.00,0.0,0
1990-01-11,52,25,0.00,0.0,0
1990-01-12,44,19,0.00,0.0,0
1990-01-13,38,20,0.05,0.0,0
1990-01-14,39,20,0.00,0.0,0
1990-01-15,38,21,0.00,0.0,0
1990-01-16,39,18,0.04,0.5,T
1990-01-17,35,8,T,T,0
1990-01-18,35,19,0.04,1.0,1
1990-01-19,30,18,0.13,3.0,4
1990-01-20,29,6,0.00,0.0,M
1990-01-21,32,9,0.00,0.0,M
1990-01-22,39,12,0.00,0.0,0
1990-01-23,45,16,0.00,0.0,0
1990-01-24,42,20,0.00,0.0,0
1990-01-25,39,3,0.00,0.0,0
1990-01-26,50,14,0.00,0.0,0
1990-01-27,43,15,0.00,0.0,0
1990-01-28,29,4,0.00,0.0,0
1990-01-29,40,8,0.00,0.0,0
1990-01-30,43,13,0.00,0.0,0
1990-01-31,45,20,0.00,0.0,0
1990-02-01,41,20,T,T,0
1990-02-02,35,14,0.01,0.4,T
1990-02-03,33,13,0.00,0.0,0
1990-02-04,33,14,0.00,0.0,0
1990-02-05,41,20,0.05,0.5,T
1990-02-06,39,14,T,T,T
1990-02-07,46,21,0.00,0.0,0
1990-02-08,45,20,0.01,T,0
1990-02-09,44,17,0.00,0.0,0
1990-02-10,43,18,0.00,0.0,0
1990-02-11,48,24,0.00,0.0,0
1990-02-12,56,24,0.00,0.0,0
1990-02-13,57,34,0.00,0.0,0
1990-02-14,55,30,0.02,0.8,1
1990-02-15,30,8,0.05,1.2,2
1990-02-16,27,3,0.00,0.0,M
1990-02-17,36,10,0.00,0.0,0
1990-02-18,42,20,0.00,0.0,0
1990-02-19,42,21,0.10,1.8,1
1990-02-20,36,18,0.50,6.0,7
1990-02-21,40,25,0.00,0.0,M
1990-02-22,43,14,0.00,0.0,0
1990-02-23,52,M,0.00,0.0,0
1990-02-24,50,23,0.00,0.0,0
1990-02-25,50,24,0.00,0.0,0
1990-02-26,55,28,0.00,0.0,0
1990-02-27,55,32,0.03,0.0,0
1990-02-28,35,28,0.25,4.0,3
1990-03-01,49,35,0.00,0.0,0
1990-03-02,53,39,0.00,0.0,0
1990-03-03,51,27,0.00,0.0,0
1990-03-04,49,35,0.00,0.0,0
1990-03-05,55,34,0.06,0.0,0
1990-03-06,53,24,0.06,0.0,0
1990-03-07,45,26,0.00,0.0,0
1990-03-08,57,27,0.00,0.0,0
1990-03-09,60,30,0.00,0.0,0
1990-03-10,58,27,0.00,0.0,0
1990-03-11,45,33,0.00,0.0,0
1990-03-12,51,30,0.00,0.0,0
1990-03-13,49,21,0.01,0.2,T
1990-03-14,M,12,0.00,0.0,0
1990-03-15,43,16,0.00,0.0,0
1990-03-16,50,35,0.00,0.0,0
1990-03-17,52,22,0.00,0.0,0
1990-03-18,53,30,0.00,0.0,0
1990-03-19,57,24,0.00,0.0,0
1990-03-20,62,28,0.00,0.0,0
1990-03-21,67,32,0.00,0.0,0
1990-03-22,68,30,0.00,0.0,0
1990-03-23,68,32,0.00,0.0,0
1990-03-24,64,28,0.00,0.0,0
1990-03-25,58,25,0.00,0.0,0
1990-03-26,62,24,0.00,0.0,0
1990-03-27,60,36,0.08,0.0,0
1990-03-28,55,24,0.00,0.0,0
1990-03-29,52,28,0.47,0.0,0
1990-03-30,44,35,0.09,0.0,0
1990-03-31,46,23,0.00,0.0,0
1990-04-01,46,25,0.10,0.0,0
1990-04-02,55,26,0.06,0.0,0
1990-04-03,58,30,0.02,0.0,0
1990-04-04,64,29,0.00,0.0,0
1990-04-05,62,34,0.06,0.0,0
1990-04-06,55,31,0.17,0.0,0
1990-04-07,52,29,0.00,0.0,0
1990-04-08,51,36,0.32,0.0,0
1990-04-09,57,32,0.02,0.0,0
1990-04-10,65,29,0.00,0.0,0
1990-04-11,68,32,0.00,0.0,0
1990-04-12,67,34,0.00,0.0,0
1990-04-13,68,31,0.00,0.0,0
1990-04-14,67,31,0.00,0.0,0
1990-04-15,68,38,0.00,0.0,0
1990-04-16,71,38,0.00,0.0,0
1990-04-17,70,36,0.10,0.0,0
1990-04-18,54,32,0.10,0.0,0
1990-04-19,58,28,0.35,0.0,0
1990-04-20,66,31,0.00,0.0,0
1990-04-21,66,35,0.00,0.0,0
1990-04-22,61,38,0.15,0.0,0
1990-04-23,65,34,0.00,0.0,0
1990-04-24,58,32,T,0.0,0
1990-04-25,52,30,0.41,0.0,0
1990-04-26,61,29,T,0.0,0
1990-04-27,61,30,0.00,0.0,0
1990-04-28,62,32,0.00,0.0,0
1990-04-29,62,48,0.00,0.0,0
1990-04-30,58,34,0.01,0.0,0
1990-05-01,56,36,0.00,0.0,0
1990-05-02,53,34,0.09,0.0,0
1990-05-03,57,28,0.59,0.0,0
1990-05-04,58,34,0.06,0.0,0
1990-05-05,53,32,T,0.0,0
1990-05-06,69,32,0.00,0.0,0
1990-05-07,71,34,0.00,0.0,0
1990-05-08,71,40,0.00,0.0,0
1990-05-09,71,34,0.00,0.0,0
1990-05-10,68,31,0.00,0.0,0
1990-05-11,68,30,0.00,0.0,0
1990-05-12,67,30,0.00,0.0,0
1990-05-13,71,31,0.00,0.0,0
1990-05-14,74,34,0.00,0.0,0
1990-05-15,72,33,0.00,0.0,0
1990-05-16,68,32,0.00,0.0,0
1990-05-17,70,34,0.00,0.0,0
1990-05-18,72,39,0.00,0.0,0
1990-05-19,70,32,0.00,0.0,0
1990-05-20,69,30,0.00,0.0,0
1990-05-21,76,36,0.00,0.0,0
1990-05-22,75,44,0.00,0.0,0
1990-05-23,79,46,0.00,0.0,0
1990-05-24,76,42,0.05,0.0,0
1990-05-25,77,37,0.00,0.0,0
1990-05-26,75,40,0.00,0.0,0
1990-05-27,76,44,0.00,0.0,0
1990-05-28,75,48,0.00,0.0,0
1990-05-29,70,46,0.00,0.0,0
1990-05-30,72,42,0.00,0.0,0
1990-05-31,75,44,0.00,0.0,0
1990-06-01,75,40,0.00,0.0,0
1990-06-02,76,36,0.00,0.0,0
1990-06-03,84,51,0.00,0.0,0
1990-06-04,86,54,0.00,0.0,0
1990-06-05,85,56,0.00,0.0,0
1990-06-06,85,44,0.00,0.0,0
1990-06-07,86,54,0.00,0.0,0
1990-06-08,89,48,0.00,0.0,0
1990-06-09,85,46,0.05,0.0,0
1990-06-10,65,M,0.56,0.0,0
1990-06-11,73,51,0.18,0.0,0
1990-06-12,73,48,0.00,0.0,0
1990-06-13,81,50,0.00,0.0,0
1990-06-14,81,51,0.00,0.0,0
1990-06-15,82,48,0.00,0.0,0
1990-06-16,75,46,0.04,0.0,0
1990-06-17,85,50,0.00,0.0,0
1990-06-18,90,52,0.00,0.0,0
1990-06-19,88,58,0.05,0.0,0
1990-06-20,86,53,0.00,0.0,0
1990-06-21,87,56,0.00,0.0,0
1990-06-22,87,52,0.00,0.0,0
1990-06-23,93,55,0.00,0.0,0
1990-06-24,95,60,0.00,0.0,0
1990-06-25,95,55,0.00,0.0,0
1990-06-26,94,56,0.00,0.0,0
1990-06-27,94,51,T,0.0,0
1990-06-28,94,59,0.03,0.0,0
1990-06-29,93,56,0.00,0.0,0
1990-06-30,92,50,0.00,0.0,0
1990-07-01,92,57,0.02,0.0,0
1990-07-02,92,56,0.00,0.0,0
1990-07-03,84,51,0.12,0.0,0
1990-07-04,86,57,0.00,0.0,0
1990-07-05,85,59,1.15,0.0,0
1990-07-06,78,61,0.00,0.0,0
1990-07-07,82,60,0.00,0.0,0
1990-07-08,81,60,0.01,0.0,0
1990-07-09,75,58,0.20,0.0,0
1990-07-10,82,58,T,0.0,0
1990-07-11,81,61,0.30,0.0,0
1990-07-12,77,54,0.04,0.0,0
1990-07-13,78,54,0.05,0.0,0
1990-07-14,74,56,0.11,0.0,0
1990-07-15,79,51,0.00,0.0,0
1990-07-16,80,54,0.00,0.0,0
1990-07-17,83,54,0.00,0.0,0
1990-07-18,87,56,0.00,0.0,0
1990-07-19,87,53,0.00,0.0,0
1990-07-20,86,58,0.00,0.0,0
1990-07-21,80,55,0.20,0.0,0
1990-07-22,77,54,0.09,0.0,0
1990-07-23,79,55,0.00,0.0,0
1990-07-24,75,54,0.21,0.0,0
1990-07-25,82,55,0.06,0.0,0
1990-07-26,85,50,T,0.0,0
1990-07-27,87,56,0.00,0.0,0
1990-07-28,87,56,0.00,0.0,0
1990-07-29,82,54,0.09,0.0,0
1990-07-30,74,52,0.00,0.0,0
1990-07-31,79,51,0.32,0.0,0
1990-08-01,87,52,0.00,0.0,0
1990-08-02,82,51,0.00,0.0,0
1990-08-03,79,55,0.12,0.0,0
1990-08-04,78,55,T,0.0,0
1990-08-05,79,53,0.33,0.0,0
1990-08-06,71,54,0.00,0.0,0
1990-08-07,81,55,0.02,0.0,0
1990-08-08,84,52,0.10,0.0,0
1990-08-09,86,52,0.24,0.0,0
1990-08-10,86,55,T,0.0,0
1990-08-11,82,56,0.00,0.0,0
1990-08-12,81,55,0.00,0.0,0
1990-08-13,80,56,0.00,0.0,0
1990-08-14,73,56,0.06,0.0,0
1990-08-15,71,52,0.16,0.0,0
1990-08-16,72,51,0.02,0.0,0
1990-08-17,78,57,0.00,0.0,0
1990-08-18,79,54,0.00,0.0,0
1990-08-19,82,54,0.00,0.0,0
1990-08-20,82,59,0.11,0.0,0
1990-08-21,79,56,0.00,0.0,0
1990-08-22,75,54,0.13,0.0,0
1990-08-23,80,50,0.00,0.0,0
1990-08-24,82,52,0.00,0.0,0
1990-08-25,83,50,0.00,0.0,0
1990-08-26,86,50,0.00,0.0,0
1990-08-27,88,58,0.00,0.0,0
1990-08-28,85,56,0.00,0.0,0
1990-08-29,90,56,0.01,0.0,0
1990-08-30,88,57,0.00,0.0,0
1990-08-31,90,56,0.00,0.0,0
1990-09-01,88,56,0.00,0.0,0
1990-09-02,86,60,0.00,0.0,0
1990-09-03,86,56,0.00,0.0,0
1990-09-04,86,45,0.00,0.0,0
1990-09-05,78,54,0.01,0.0,0
1990-09-06,85,54,0.00,0.0,0
1990-09-07,78,54,0.25,0.0,0
1990-09-08,80,50,0.03,0.0,0
1990-09-09,82,54,0.00,0.0,0
1990-09-10,83,54,0.11,0.0,0
1990-09-11,83,54,0.00,0.0,0
1990-09-12,86,58,0.00,0.0,0
1990-09-13,90,61,0.00,0.0,0
1990-09-14,89,60,0.00,0.0,0
1990-09-15,85,52,0.00,0.0,0
1990-09-16,81,51,T,0.0,0
1990-09-17,72,55,0.25,0.0,0
1990-09-18,70,52,0.00,0.0,0
1990-09-19,72,47,0.13,0.0,0
1990-09-20,72,50,0.05,0.0,0
1990-09-21,89,60,T,0.0,0
1990-09-22,85,55,0.00,0.0,0
1990-09-23,72,55,0.05,0.0,0
1990-09-24,77,51,0.00,0.0,0
1990-09-25,80,54,0.00,0.0,0
1990-09-26,79,53,0.00,0.0,0
1990-09-27,78,53,0.00,0.0,0
1990-09-28,72,53,0.09,0.0,0
1990-09-29,66,48,0.91,0.0,0
1990-09-30,66,48,0.00,0.0,0
1990-10-01,67,59,0.00,0.0,0
1990-10-02,66,54,0.44,0.0,0
1990-10-03,66,43,0.00,0.0,0
1990-10-04,75,50,0.00,0.0,0
1990-10-05,74,49,0.00,0.0,0
1990-10-06,74,45,0.00,0.0,0
1990-10-07,71,44,0.06,0.0,0
1990-10-08,M,45,0.14,0.0,0
1990-10-09,55,34,0.00,0.0,0
1990-10-10,67,35,0.00,0.0,0
1990-10-11,69,37,0.00,0.0,0
1990-10-12,66,41,0.00,0.0,0
1990-10-13,79,36,0.00,0.0,0
1990-10-14,79,41,0.00,0.0,0
1990-10-15,76,37,0.00,0.0,0
1990-10-16,72,41,0.00,0.0,0
1990-10-17,71,36,0.00,0.0,0
1990-10-18,65,33,0.00,0.0,0
1990-10-19,68,44,0.00,0.0,0
1990-10-20,65,34,0.09,0.0,0
1990-10-21,42,28,0.04,0.0,0
1990-10-22,62,27,0.00,0.0,0
1990-10-23,66,36,0.00,0.0,0
1990-10-24,66,36,0.00,0.0,0
1990-10-25,72,41,0.00,0.0,0
1990-10-26,72,42,0.00,0.0,0
1990-10-27,71,36,0.00,0.0,0
1990-10-28,66,36,0.00,0.0,0
1990-10-29,69,36,0.00,0.0,0
1990-10-30,70,36,0.00,0.0,0
1990-10-31,69,40,0.00,0.0,0
1990-11-01,63,40,T,0.0,0
1990-11-02,53,39,0.78,0.0,0
1990-11-03,46,32,0.62,7.2,6
1990-11-04,41,28,0.02,0.7,4
1990-11-05,51,26,0.00,0.0,2
1990-11-06,53,32,0.00,0.0,1
1990-11-07,48,28,0.05,0.1,T
1990-11-08,45,30,0.01,T,T
1990-11-09,55,34,0.00,0.0,0
1990-11-10,58,28,0.00,0.0,0
1990-11-11,60,32,0.00,0.0,0
1990-11-12,60,33,0.00,0.0,0
1990-11-13,60,32,0.00,0.0,0
1990-11-14,61,35,0.00,0.0,0
1990-11-15,66,39,0.00,0.0,0
1990-11-16,58,36,0.00,0.0,0
1990-11-17,53,29,0.00,0.0,0
1990-11-18,57,33,0.00,0.0,0
1990-11-19,61,29,0.00,0.0,0
1990-11-20,53,40,0.00,0.0,0
1990-11-21,49,30,0.00,0.0,0
1990-11-22,45,21,0.00,0.0,0
1990-11-23,54,24,0.00,0.0,0
1990-11-24,58,29,0.00,0.0,0
1990-11-25,58,30,0.00,0.0,0
1990-11-26,50,30,0.14,T,0
1990-11-27,40,24,0.12,2.0,1
1990-11-28,36,14,0.00,0.0,0
1990-11-29,44,17,0.00,0.0,0
1990-11-30,47,20,0.00,0.0,0
1990-12-01,48,22,0.00,0.0,0
1990-12-02,49,21,0.00,0.0,0
1990-12-03,39,10,0.00,0.0,0
1990-12-04,46,16,0.00,0.0,0
1990-12-05,48,19,0.00,0.0,0
1990-12-06,45,19,0.00,0.0,0
1990-12-07,48,18,0.00,0.0,0
1990-12-08,52,22,0.00,0.0,0
1990-12-09,57,27,0.00,0.0,0
1990-12-10,54,26,0.00,0.0,0
1990-12-11,57,26,0.00,0.0,0
1990-12-12,52,25,0.00,0.0,0
1990-12-13,45,33,0.51,0.0,0
1990-12-14,44,28,0.02,0.0,0
1990-12-15,34,15,0.00,0.0,0
1990-12-16,37,27,0.55,3.5,M
1990-12-17,33,19,0.18,2.5,M
1990-12-18,36,12,0.00,0.0,M
1990-12-19,36,10,0.00,0.0,M
1990-12-20,35,M,0.00,0.0,M
1990-12-21,28,12,0.02,0.0,M
1990-12-22,23,-1,0.00,0.0,M
1990-12-23,20,-8,0.00,0.0,M
1990-12-24,12,-1,0.00,0.0,M
1990-12-25,15,1,0.00,0.0,M
1990-12-26,28,5,0.00,0.0,M
1990-12-27,33,3,0.00,0.0,M
1990-12-28,31,2,0.05,M,M
1990-12-29,M,M,0.03,M,M
1990-12-30,M,M,0.07,M,M
1990-12-31,M,-6,M,M,M
1991-01-01,40,14,0.00,0.0,0
1991-01-02,48,19,0.00,0.0,0
1991-01-03,46,18,0.02,T,0
1991-01-04,37,31,0.10,2.0,2
1991-01-05,46,33,0.03,T,1
1991-01-06,43,28,0.00,0.0,0
1991-01-07,44,17,0.00,0.0,0
1991-01-08,38,11,0.00,0.0,0
1991-01-09,36,16,0.00,0.0,0
1991-01-10,37,25,0.00,0.0,0
1991-01-11,37,16,0.00,0.0,0
1991-01-12,39,28,0.00,0.0,0
1991-01-13,42,22,0.00,0.0,0
1991-01-14,43,23,0.00,0.0,0
1991-01-15,39,14,0.00,0.0,0
1991-01-16,40,18,0.00,0.0,0
1991-01-17,39,14,0.00,0.0,0
1991-01-18,40,19,0.00,0.0,0
1991-01-19,40,18,0.00,0.0,0
1991-01-20,40,20,0.00,0.0,0
1991-01-21,34,20,0.28,4.5,4
1991-01-22,33,10,0.00,0.0,M
1991-01-23,36,7,0.00,0.0,M
1991-01-24,33,8,0.00,0.0,M
1991-01-25,44,16,0.00,0.0,M
1991-01-26,40,13,0.00,0.0,M
1991-01-27,39,13,0.00,0.0,M
1991-01-28,40,12,0.00,0.0,M
1991-01-29,36,13,0.00,0.0,M
1991-01-30,39,13,0.00,0.0,M
1991-01-31,48,19,0.00,0.0,M
1991-02-01,48,19,0.00,0.0,0
1991-02-02,46,22,0.00,0.0,0
1991-02-03,46,22,0.00,0.0,0
1991-02-04,48,23,0.00,0.0,0
1991-02-05,48,22,0.00,0.0,0
1991-02-06,53,24,0.00,0.0,0
1991-02-07,53,28,0.00,0.0,0
1991-02-08,46,27,0.00,0.0,0
1991-02-09,47,24,0.00,0.0,0
1991-02-10,47,26,0.00,0.0,0
1991-02-11,53,27,0.00,0.0,0
1991-02-12,53,27,0.00,0.0,0
1991-02-13,51,23,0.00,0.0,0
1991-02-14,52,25,0.00,0.0,0
1991-02-15,55,29,0.00,0.0,0
1991-02-16,54,31,0.00,0.0,0
1991-02-17,50,36,T,0.0,0
1991-02-18,40,25,0.00,0.0,0
1991-02-19,41,22,0.00,0.0,0
1991-02-20,55,25,0.00,0.0,0
1991-02-21,58,30,0.00,0.0,0
1991-02-22,58,33,0.00,0.0,0
1991-02-23,56,30,0.00,0.0,0
1991-02-24,54,28,0.00,0.0,0
1991-02-25,50,23,0.00,0.0,0
1991-02-26,46,27,0.00,0.0,0
1991-02-27,54,24,0.00,0.0,0
1991-02-28,46,26,0.07,0.0,0
1991-03-01,39,33,0.32,0.5,T
1991-03-02,42,33,0.02,T,T
1991-03-03,47,25,0.00,0.0,0
1991-03-04,55,30,0.00,0.0,0
1991-03-05,55,34,0.22,0.0,0
1991-03-06,45,35,0.00,0.0,0
1991-03-07,39,30,0.00,0.0,0
1991-03-08,47,20,0.00,0.0,0
1991-03-09,46,22,0.00,0.0,0
1991-03-10,52,30,0.00,0.0,0
1991-03-11,61,39,0.00,0.0,0
1991-03-12,52,24,0.00,0.0,0
1991-03-13,53,20,0.00,0.0,0
1991-03-14,50,26,T,0.0,0
1991-03-15,42,18,0.19,2.0,T
1991-03-16,40,30,0.30,4.0,4
1991-03-17,44,20,0.00,0.0,M
1991-03-18,58,26,0.00,0.0,0
1991-03-19,57,35,0.00,0.0,0
1991-03-20,50,34,T,T,0
1991-03-21,45,38,0.06,T,0
1991-03-22,39,26,0.04,1.0,0
1991-03-23,50,27,0.00,0.0,0
1991-03-24,56,32,0.00,0.0,0
1991-03-25,61,37,0.00,0.0,0
1991-03-26,56,33,T,0.0,0
1991-03-27,47,24,T,0.0,0
1991-03-28,51,30,0.00,0.0,0
1991-03-29,50,22,0.01,0.0,0
1991-03-30,45,29,T,0.0,0
1991-03-31,55,28,0.00,0.0,0
1991-04-01,64,32,0.00,0.0,0
1991-04-02,63,35,0.00,0.0,0
1991-04-03,65,34,0.00,0.0,0
1991-04-04,66,32,0.00,0.0,0
1991-04-05,73,39,0.00,0.0,0
1991-04-06,71,38,0.00,0.0,0
1991-04-07,69,39,0.00,0.0,0
1991-04-08,64,36,0.00,0.0,0
1991-04-09,61,30,0.00,0.0,0
1991-04-10,68,38,0.00,0.0,0
1991-04-11,65,42,0.00,0.0,0
1991-04-12,59,42,0.00,0.0,0
1991-04-13,49,34,0.00,0.0,0
1991-04-14,58,33,0.00,0.0,0
1991-04-15,66,39,0.00,0.0,0
1991-04-16,69,35,0.00,0.0,0
1991-04-17,69,37,0.00,0.0,0
1991-04-18,65,39,0.00,0.0,0
1991-04-19,65,31,0.00,0.0,0
1991-04-20,75,46,0.00,0.0,0
1991-04-21,75,43,0.00,0.0,0
1991-04-22,68,42,0.00,0.0,0
1991-04-23,64,35,0.00,0.0,0
1991-04-24,66,38,0.00,0.0,0
1991-04-25,67,36,0.00,0.0,0
1991-04-26,65,29,0.03,0.0,0
1991-04-27,58,35,0.00,0.0,0
1991-04-28,54,36,0.00,0.0,0
1991-04-29,57,35,0.00,0.0,0
1991-04-30,56,37,0.00,0.0,0
1991-05-01,70,39,0.00,0.0,0
1991-05-02,71,41,0.00,0.0,0
1991-05-03,69,32,0.00,0.0,0
1991-05-04,74,40,0.00,0.0,0
1991-05-05,74,38,0.00,0.0,0
1991-05-06,70,42,0.00,0.0,0
1991-05-07,68,43,0.00,0.0,0
1991-05-08,75,41,0.00,0.0,0
1991-05-09,75,47,0.00,0.0,0
1991-05-10,76,47,0.00,0.0,0
1991-05-11,77,47,0.00,0.0,0
1991-05-12,77,40,0.00,0.0,0
1991-05-13,M,47,0.00,0.0,0
1991-05-14,78,47,0.00,0.0,0
1991-05-15,76,38,0.00,0.0,0
1991-05-16,66,42,0.00,0.0,0
1991-05-17,76,45,0.00,0.0,0
1991-05-18,81,51,0.00,0.0,0
1991-05-19,81,52,0.00,0.0,0
1991-05-20,67,53,0.11,0.0,0
1991-05-21,62,43,1.13,0.0,0
1991-05-22,70,44,0.02,0.0,0
1991-05-23,70,44,0.00,0.0,0
1991-05-24,70,43,0.00,0.0,0
1991-05-25,75,45,0.00,0.0,0
1991-05-26,82,54,0.00,0.0,0
1991-05-27,82,52,0.00,0.0,0
1991-05-28,82,54,0.00,0.0,0
1991-05-29,80,54,0.00,0.0,0
1991-05-30,75,46,0.00,0.0,0
1991-05-31,75,48,0.00,0.0,0
1991-06-01,69,40,0.00,0.0,0
1991-06-02,68,46,0.00,0.0,0
1991-06-03,69,46,0.00,0.0,0
1991-06-04,78,49,0.00,0.0,0
1991-06-05,80,51,0.00,0.0,0
1991-06-06,76,41,0.19,0.0,0
1991-06-07,74,44,0.14,0.0,0
1991-06-08,79,51,0.00,0.0,0
1991-06-09,79,54,0.00,0.0,0
1991-06-10,79,54,0.19,0.0,0
1991-06-11,73,53,0.00,0.0,0
1991-06-12,75,46,0.18,0.0,0
1991-06-13,74,50,0.31,0.0,0
1991-06-14,73,50,1.25,0.0,0
1991-06-15,73,45,0.06,0.0,0
1991-06-16,78,53,0.00,0.0,0
1991-06-17,80,56,0.00,0.0,0
1991-06-18,85,51,0.00,0.0,0
1991-06-19,84,55,0.00,0.0,0
1991-06-20,77,50,0.02,0.0,0
1991-06-21,81,53,0.00,0.0,0
1991-06-22,81,49,0.00,0.0,0
1991-06-23,85,55,0.00,0.0,0
1991-06-24,87,54,0.00,0.0,0
1991-06-25,87,60,0.00,0.0,0
1991-06-26,88,59,0.00,0.0,0
1991-06-27,88,59,0.00,0.0,0
1991-06-28,86,56,0.00,0.0,0
1991-06-29,85,58,0.16,0.0,0
1991-06-30,81,58,0.24,0.0,0
1991-07-01,85,58,0.00,0.0,0
1991-07-02,85,62,0.00,0.0,0
1991-07-03,80,60,0.26,0.0,0
1991-07-04,80,56,0.00,0.0,0
1991-07-05,84,58,0.00,0.0,0
1991-07-06,91,61,0.00,0.0,0
1991-07-07,90,65,0.00,0.0,0
1991-07-08,89,65,0.03,0.0,0
1991-07-09,78,55,0.35,0.0,0
1991-07-10,84,54,0.00,0.0,0
1991-07-11,83,55,0.00,0.0,0
1991-07-12,78,53,0.01,0.0,0
1991-07-13,79,50,0.00,0.0,0
1991-07-14,78,54,0.00,0.0,0
1991-07-15,80,58,0.00,0.0,0
1991-07-16,85,53,0.00,0.0,0
1991-07-17,86,55,0.00,0.0,0
1991-07-18,86,55,0.00,0.0,0
1991-07-19,85,55,0.02,0.0,0
1991-07-20,82,61,0.00,0.0,0
1991-07-21,80,62,0.00,0.0,0
1991-07-22,79,59,0.34,0.0,0
1991-07-23,78,57,0.06,0.0,0
1991-07-24,76,51,0.79,0.0,0
1991-07-25,71,50,0.15,0.0,0
1991-07-26,75,52,0.43,0.0,0
1991-07-27,80,50,0.19,0.0,0
1991-07-28,84,59,0.00,0.0,0
1991-07-29,82,60,0.00,0.0,0
1991-07-30,81,51,0.32,0.0,0
1991-07-31,84,56,0.00,0.0,0
1991-08-01,81,54,T,0.0,0
1991-08-02,78,57,0.00,0.0,0
1991-08-03,74,57,0.00,0.0,0
1991-08-04,74,57,0.51,0.0,0
1991-08-05,80,57,0.22,0.0,0
1991-08-06,79,58,0.01,0.0,0
1991-08-07,79,50,0.20,0.0,0
1991-08-08,81,54,0.00,0.0,0
1991-08-09,81,53,0.00,0.0,0
1991-08-10,75,50,0.14,0.0,0
1991-08-11,78,55,0.18,0.0,0
1991-08-12,79,57,0.00,0.0,0
1991-08-13,81,53,0.00,0.0,0
1991-08-14,75,55,0.00,0.0,0
1991-08-15,79,62,0.52,0.0,0
1991-08-16,77,54,0.08,0.0,0
1991-08-17,80,55,T,0.0,0
1991-08-18,80,61,T,0.0,0
1991-08-19,79,63,0.02,0.0,0
1991-08-20,83,55,0.00,0.0,0
1991-08-21,84,54,0.00,0.0,0
1991-08-22,83,51,0.18,0.0,0
1991-08-23,81,50,T,0.0,0
1991-08-24,82,51,0.00,0.0,0
1991-08-25,85,58,0.00,0.0,0
1991-08-26,85,60,0.00,0.0,0
1991-08-27,85,55,0.00,0.0,0
1991-08-28,82,54,0.21,0.0,0
1991-08-29,84,53,0.00,0.0,0
1991-08-30,85,55,0.00,0.0,0
1991-08-31,82,51,0.00,0.0,0
1991-09-01,80,58,0.00,0.0,0
1991-09-02,85,58,0.00,0.0,0
1991-09-03,80,59,0.03,0.0,0
1991-09-04,75,56,0.10,0.0,0
1991-09-05,76,54,0.00,0.0,0
1991-09-06,73,55,0.95,0.0,0
1991-09-07,74,57,0.00,0.0,0
1991-09-08,75,54,0.00,0.0,0
1991-09-09,76,57,0.10,0.0,0
1991-09-10,65,53,0.42,0.0,0
1991-09-11,73,51,0.07,0.0,0
1991-09-12,73,51,0.04,0.0,0
1991-09-13,69,48,0.16,0.0,0
1991-09-14,72,49,0.00,0.0,0
1991-09-15,74,51,0.00,0.0,0
1991-09-16,73,50,0.00,0.0,0
1991-09-17,77,47,0.00,0.0,0
1991-09-18,74,47,0.00,0.0,0
1991-09-19,62,45,0.00,0.0,0
1991-09-20,66,41,0.00,0.0,0
1991-09-21,76,50,0.00,0.0,0
1991-09-22,77,52,0.00,0.0,0
1991-09-23,77,49,0.00,0.0,0
1991-09-24,73,43,0.00,0.0,0
1991-09-25,82,47,0.00,0.0,0
1991-09-26,76,44,0.00,0.0,0
1991-09-27,75,46,0.00,0.0,0
1991-09-28,75,52,0.00,0.0,0
1991-09-29,78,51,0.00,0.0,0
1991-09-30,78,52,0.00,0.0,0
1991-10-01,74,44,0.00,0.0,0
1991-10-02,79,59,0.00,0.0,0
1991-10-03,79,46,0.00,0.0,0
1991-10-04,76,43,0.00,0.0,0
1991-10-05,69,42,0.00,0.0,0
1991-10-06,73,46,0.00,0.0,0
1991-10-07,78,48,0.00,0.0,0
1991-10-08,77,48,0.00,0.0,0
1991-10-09,78,46,0.00,0.0,0
1991-10-10,78,48,0.00,0.0,0
1991-10-11,80,50,0.00,0.0,0
1991-10-12,78,53,0.00,0.0,0
1991-10-13,78,50,0.00,0.0,0
1991-10-14,78,49,0.00,0.0,0
1991-10-15,76,50,0.00,0.0,0
1991-10-16,81,49,0.00,0.0,0
1991-10-17,78,45,0.00,0.0,0
1991-10-18,77,48,0.00,0.0,0
1991-10-19,76,44,0.00,0.0,0
1991-10-20,70,41,0.00,0.0,0
1991-10-21,71,41,0.00,0.0,0
1991-10-22,68,31,0.00,0.0,0
1991-10-23,63,28,0.00,0.0,0
1991-10-24,62,31,0.00,0.0,0
1991-10-25,62,29,0.00,0.0,0
1991-10-26,64,43,0.00,0.0,0
1991-10-27,64,42,0.00,0.0,0
1991-10-28,63,29,0.02,0.0,0
1991-10-29,44,29,0.00,0.0,0
1991-10-30,45,21,0.02,T,0
1991-10-31,31,16,0.46,5.5,5
1991-11-01,39,14,0.00,0.0,M
1991-11-02,34,11,0.00,0.0,M
1991-11-03,M,M,0.00,0.0,M
1991-11-04,48,27,0.00,0.0,0
1991-11-05,58,29,0.00,0.0,0
1991-11-06,60,34,0.00,0.0,0
1991-11-07,63,37,0.00,0.0,0
1991-11-08,56,31,0.00,0.0,0
1991-11-09,64,37,0.00,0.0,0
1991-11-10,M,48,0.00,0.0,0
1991-11-11,M,26,0.75,0.0,0
1991-11-12,M,M,0.00,0.0,0
1991-11-13,53,27,0.00,0.0,0
1991-11-14,53,35,0.27,0.0,0
1991-11-15,46,36,0.27,0.0,0
1991-11-16,M,M,1.19,0.0,0
1991-11-17,M,M,0.00,0.0,0
1991-11-18,37,M,T,0.0,0
1991-11-19,41,28,T,0.0,0
1991-11-20,44,20,0.00,0.0,0
1991-11-21,53,26,0.00,0.0,0
1991-11-22,45,17,0.00,0.0,0
1991-11-23,M,M,0.00,0.0,0
1991-11-24,M,M,0.00,0.0,0
1991-11-25,50,M,0.00,0.0,0
1991-11-26,52,16,0.00,0.0,0
1991-11-27,52,18,0.00,0.0,0
1991-11-28,M,M,M,M,M
1991-11-29,M,M,M,M,M
1991-11-30,M,M,M,M,M
1991-12-01,M,M,0.08,M,M
1991-12-02,29,10,T,T,M
1991-12-03,35,12,0.00,0.0,M
1991-12-04,44,14,0.00,0.0,0
1991-12-05,47,22,0.00,0.0,0
1991-12-06,51,26,0.00,0.0,0
1991-12-07,51,23,0.00,0.0,0
1991-12-08,M,M,0.00,0.0,0
1991-12-09,50,28,0.00,0.0,0
1991-12-10,46,21,0.00,0.0,0
1991-12-11,44,27,0.74,1.0,M
1991-12-12,41,29,0.26,2.0,M
1991-12-13,35,18,0.00,0.0,M
1991-12-14,M,M,0.00,0.0,M
1991-12-15,M,M,0.00,0.0,M
1991-12-16,43,10,0.00,0.0,0
1991-12-17,42,16,0.00,0.0,0
1991-12-18,37,23,0.08,3.0,M
1991-12-19,50,15,0.24,3.0,M
1991-12-20,46,24,0.00,0.0,M
1991-12-21,M,M,0.00,0.0,M
1991-12-22,M,M,0.00,0.0,M
1991-12-23,40,21,0.00,0.0,0
1991-12-24,M,M,0.00,0.0,0
1991-12-25,M,M,0.00,0.0,0
1991-12-26,41,23,0.00,0.0,0
1991-12-27,35,19,0.00,0.0,0
1991-12-28,M,M,0.00,0.0,0
1991-12-29,M,M,0.00,0.0,0
1991-12-30,38,M,0.00,0.0,0
1991-12-31,37,15,0.05,0.3,M
1992-01-01,M,M,0.00,0.0,M
1992-01-02,35,6,0.00,0.0,M
1992-01-03,32,12,0.00,0.0,M
1992-01-04,M,M,S,S,M
1992-01-05,M,M,M,M,M
1992-01-06,M,M,0.25A,3.5A,M
1992-01-07,39,23,0.08,1.5,M
1992-01-08,36,13,0.00,0.0,M
1992-01-09,37,14,0.00,0.0,M
1992-01-10,40,14,0.00,0.0,M
1992-01-11,M,M,0.00,0.0,M
1992-01-12,M,M,0.00,0.0,M
1992-01-13,34,14,0.00,0.0,M
1992-01-14,32,11,0.00,0.0,M
1992-01-15,31,8,0.00,0.0,M
1992-01-16,39,12,0.00,0.0,M
1992-01-17,37,19,0.00,0.0,M
1992-01-18,M,M,0.00,0.0,M
1992-01-19,M,M,0.00,0.0,M
1992-01-20,M,M,0.00,0.0,M
1992-01-21,44,10,0.00,0.0,0
1992-01-22,38,14,0.00,0.0,0
1992-01-23,40,14,0.00,0.0,0
1992-01-24,50,19,0.00,0.0,0
1992-01-25,M,M,0.00,0.0,0
1992-01-26,M,M,0.00,0.0,0
1992-01-27,44,26,0.00,0.0,0
1992-01-28,48,22,0.00,0.0,0
1992-01-29,48,23,0.00,0.0,0
1992-01-30,51,27,0.00,0.0,0
1992-01-31,53,26,0.00,0.0,0
1992-02-01,M,M,0.00,0.0,0
1992-02-02,M,M,0.00,0.0,0
1992-02-03,41,33,0.00,0.0,0
1992-02-04,39,29,0.00,0.0,0
1992-02-05,44,21,0.00,0.0,0
1992-02-06,44,21,0.00,0.0,0
1992-02-07,M,M,0.00,0.0,0
1992-02-08,M,M,0.00,0.0,0
1992-02-09,M,M,0.00,0.0,0
1992-02-10,46,22,0.00,0.0,0
1992-02-11,43,26,T,0.0,0
1992-02-12,47,30,0.00,0.0,0
1992-02-13,43,29,0.03,0.0,0
1992-02-14,38,30,0.11,0.0,0
1992-02-15,M,M,S,S,M
1992-02-16,M,M,0.06A,0.3A,M
1992-02-17,M,M,M,M,M
1992-02-18,40,12,0.00,0.0,0
1992-02-19,47,21,0.00,0.0,0
1992-02-20,50,24,0.00,0.0,0
1992-02-21,52,31,M,T,0
1992-02-22,M,M,0.00,0.0,0
1992-02-23,M,M,0.00,0.0,0
1992-02-24,49,20,0.00,0.0,0
1992-02-25,47,24,0.00,0.0,0
1992-02-26,47,25,0.00,0.0,0
1992-02-27,55,26,0.00,0.0,0
1992-02-28,60,33,0.00,0.0,0
1992-02-29,M,M,0.00,0.0,0
1992-03-01,M,M,0.00,0.0,0
1992-03-02,54,39,0.00,0.0,0
1992-03-03,51,31,0.19,0.0,0
1992-03-04,38,32,0.16,0.0,0
1992-03-05,44,34,0.27,0.0,0
1992-03-06,54,32,0.00,0.0,0
1992-03-07,M,M,S,S,M
1992-03-08,M,M,M,M,M
1992-03-09,39,28,0.07A,0.3A,0
1992-03-10,50,28,T,0.2,0
1992-03-11,52,27,0.00,0.0,0
1992-03-12,58,35,0.00,0.0,0
1992-03-13,60,28,0.00,0.0,0
1992-03-14,M,M,0.00,0.0,0
1992-03-15,M,M,0.00,0.0,0
1992-03-16,61,38,0.00,0.0,0
1992-03-17,58,35,0.00,0.0,0
1992-03-18,53,36,0.00,0.0,0
1992-03-19,51,19,0.00,0.0,0
1992-03-20,57,29,0.00,0.0,0
1992-03-21,M,M,S,0.0,0
1992-03-22,M,M,0.02A,0.0,0
1992-03-23,54,28,0.00,0.0,0
1992-03-24,54,31,T,0.0,0
1992-03-25,60,30,0.00,0.0,0
1992-03-26,63,30,0.00,0.0,0
1992-03-27,58,35,0.02,0.0,0
1992-03-28,M,M,0.05,0.0,0
1992-03-29,M,M,0.15,0.0,0
1992-03-30,M,M,0.09,0.0,0
1992-03-31,53,36,0.21,0.0,0
1992-04-01,49,31,0.48,0.0,0
1992-04-02,55,30,0.00,0.0,0
1992-04-03,61,34,0.00,0.0,0
1992-04-04,M,M,0.00,0.0,0
1992-04-05,M,M,T,0.0,0
1992-04-06,65,M,0.00,0.0,0
1992-04-07,67,44,0.00,0.0,0
1992-04-08,69,38,0.00,0.0,0
1992-04-09,70,40,0.00,0.0,0
1992-04-10,72,41,0.00,0.0,0
1992-04-11,M,M,0.00,0.0,0
1992-04-12,M,M,0.00,0.0,0
1992-04-13,73,48,0.00,0.0,0
1992-04-14,71,49,T,0.0,0
1992-04-15,64,36,0.03,0.0,0
1992-04-16,62,33,0.02,0.0,0
1992-04-17,67,37,0.00,0.0,0
1992-04-18,M,M,0.00,0.0,0
1992-04-19,M,M,0.00,0.0,0
1992-04-20,59,28,0.00,0.0,0
1992-04-21,67,35,0.00,0.0,0
1992-04-22,66,40,0.00,0.0,0
1992-04-23,70,38,0.00,0.0,0
1992-04-24,77,42,0.00,0.0,0
1992-04-25,71,38,0.00,0.0,0
1992-04-26,68,42,0.00,0.0,0
1992-04-27,79,40,0.00,0.0,0
1992-04-28,80,52,0.00,0.0,0
1992-04-29,80,52,0.00,0.0,0
1992-04-30,79,49,0.00,0.0,0
1992-05-01,79,46,0.00,0.0,0
1992-05-02,78,50,0.00,0.0,0
1992-05-03,77,48,0.00,0.0,0
1992-05-04,72,46,0.01,0.0,0
1992-05-05,74,48,0.00,0.0,0
1992-05-06,74,52,0.00,0.0,0
1992-05-07,70,47,0.00,0.0,0
1992-05-08,70,48,0.11,0.0,0
1992-05-09,66,46,0.20,0.0,0
1992-05-10,61,45,0.03,0.0,0
1992-05-11,70,42,0.00,0.0,0
1992-05-12,76,48,0.00,0.0,0
1992-05-13,75,50,0.00,0.0,0
1992-05-14,77,47,0.00,0.0,0
1992-05-15,76,52,0.00,0.0,0
1992-05-16,80,50,0.00,0.0,0
1992-05-17,80,52,0.00,0.0,0
1992-05-18,78,50,0.00,0.0,0
1992-05-19,77,51,0.00,0.0,0
1992-05-20,76,56,0.07,0.0,0
1992-05-21,65,48,0.08,0.0,0
1992-05-22,69,49,0.61,0.0,0
1992-05-23,66,54,0.39,0.0,0
1992-05-24,67,47,0.00,0.0,0
1992-05-25,68,47,0.00,0.0,0
1992-05-26,M,46,0.00,0.0,0
1992-05-27,69,39,0.01,0.0,0
1992-05-28,68,48,0.00,0.0,0
1992-05-29,62,40,0.27,0.0,0
1992-05-30,65,36,0.22,0.0,0
1992-05-31,63,38,0.20,0.0,0
1992-06-01,60,46,0.12,0.0,0
1992-06-02,68,41,0.01,0.0,0
1992-06-03,76,44,0.00,0.0,0
1992-06-04,79,52,0.00,0.0,0
1992-06-05,79,52,T,0.0,0
1992-06-06,75,49,0.09,0.0,0
1992-06-07,74,54,0.00,0.0,0
1992-06-08,76,50,0.00,0.0,0
1992-06-09,64,42,0.01,0.0,0
1992-06-10,73,48,0.32,0.0,0
1992-06-11,77,52,0.00,0.0,0
1992-06-12,76,52,0.00,0.0,0
1992-06-13,79,52,0.00,0.0,0
1992-06-14,80,54,0.00,0.0,0
1992-06-15,80,49,0.00,0.0,0
1992-06-16,73,49,0.00,0.0,0
1992-06-17,79,43,0.00,0.0,0
1992-06-18,86,56,0.00,0.0,0
1992-06-19,85,56,0.00,0.0,0
1992-06-20,86,58,0.00,0.0,0
1992-06-21,84,57,0.00,0.0,0
1992-06-22,84,56,0.00,0.0,0
1992-06-23,86,56,0.00,0.0,0
1992-06-24,82,57,0.00,0.0,0
1992-06-25,82,55,0.00,0.0,0
1992-06-26,81,54,0.00,0.0,0
1992-06-27,80,54,0.00,0.0,0
1992-06-28,82,56,0.00,0.0,0
1992-06-29,86,56,0.00,0.0,0
1992-06-30,85,52,0.00,0.0,0
1992-07-01,84,54,0.00,0.0,0
1992-07-02,81,50,0.00,0.0,0
1992-07-03,80,51,0.00,0.0,0
1992-07-04,88,58,0.00,0.0,0
1992-07-05,92,57,0.00,0.0,0
1992-07-06,92,59,0.00,0.0,0
1992-07-07,91,60,0.00,0.0,0
1992-07-08,89,61,0.00,0.0,0
1992-07-09,85,61,0.00,0.0,0
1992-07-10,83,58,T,0.0,0
1992-07-11,81,58,0.03,0.0,0
1992-07-12,83,58,0.09,0.0,0
1992-07-13,82,49,T,0.0,0
1992-07-14,81,53,0.00,0.0,0
1992-07-15,83,54,0.00,0.0,0
1992-07-16,83,56,0.00,0.0,0
1992-07-17,85,52,0.00,0.0,0
1992-07-18,79,55,0.00,0.0,0
1992-07-19,80,54,0.00,0.0,0
1992-07-20,79,55,0.13,0.0,0
1992-07-21,82,58,0.08,0.0,0
1992-07-22,85,56,0.03,0.0,0
1992-07-23,79,56,0.00,0.0,0
1992-07-24,78,56,0.10,0.0,0
1992-07-25,78,60,0.22,0.0,0
1992-07-26,78,59,0.22,0.0,0
1992-07-27,80,56,0.08,0.0,0
1992-07-28,81,58,T,0.0,0
1992-07-29,81,58,0.10,0.0,0
1992-07-30,85,56,0.00,0.0,0
1992-07-31,85,60,0.01,0.0,0
1992-08-01,86,53,T,0.0,0
1992-08-02,88,59,0.00,0.0,0
1992-08-03,87,59,0.00,0.0,0
1992-08-04,85,60,0.00,0.0,0
1992-08-05,84,60,0.02,0.0,0
1992-08-06,79,58,0.13,0.0,0
1992-08-07,82,54,0.20,0.0,0
1992-08-08,86,50,0.00,0.0,0
1992-08-09,88,60,0.04,0.0,0
1992-08-10,89,61,T,0.0,0
1992-08-11,84,56,0.00,0.0,0
1992-08-12,81,54,0.10,0.0,0
1992-08-13,81,56,0.00,0.0,0
1992-08-14,83,55,0.05,0.0,0
1992-08-15,85,54,0.16,0.0,0
1992-08-16,86,57,0.00,0.0,0
1992-08-17,86,56,0.00,0.0,0
1992-08-18,79,56,0.33,0.0,0
1992-08-19,78,57,0.04,0.0,0
1992-08-20,84,56,0.00,0.0,0
1992-08-21,86,56,0.00,0.0,0
1992-08-22,83,60,T,0.0,0
1992-08-23,80,56,0.00,0.0,0
1992-08-24,69,57,1.29,0.0,0
1992-08-25,72,48,0.00,0.0,0
1992-08-26,73,53,0.24,0.0,0
1992-08-27,75,48,0.00,0.0,0
1992-08-28,79,50,0.00,0.0,0
1992-08-29,78,52,0.00,0.0,0
1992-08-30,80,56,0.00,0.0,0
1992-08-31,77,54,0.00,0.0,0
1992-09-01,72,41,0.04,0.0,0
1992-09-02,77,54,0.00,0.0,0
1992-09-03,80,49,0.00,0.0,0
1992-09-04,82,46,0.00,0.0,0
1992-09-05,80,45,0.00,0.0,0
1992-09-06,76,45,0.00,0.0,0
1992-09-07,78,45,0.00,0.0,0
1992-09-08,82,48,0.00,0.0,0
1992-09-09,83,47,0.00,0.0,0
1992-09-10,82,47,0.00,0.0,0
1992-09-11,82,48,0.00,0.0,0
1992-09-12,84,50,0.00,0.0,0
1992-09-13,82,51,0.00,0.0,0
1992-09-14,83,54,0.00,0.0,0
1992-09-15,73,50,0.27,0.0,0
1992-09-16,80,46,0.20,0.0,0
1992-09-17,80,50,0.00,0.0,0
1992-09-18,78,53,0.00,0.0,0
1992-09-19,76,54,0.12,0.0,0
1992-09-20,68,48,0.00,0.0,0
1992-09-21,73,48,0.13,0.0,0
1992-09-22,73,48,0.00,0.0,0
1992-09-23,81,48,0.00,0.0,0
1992-09-24,81,55,0.00,0.0,0
1992-09-25,79,58,0.00,0.0,0
1992-09-26,74,41,0.00,0.0,0
1992-09-27,83,48,0.00,0.0,0
1992-09-28,85,52,0.00,0.0,0
1992-09-29,75,52,0.03,0.0,0
1992-09-30,79,50,0.00,0.0,0
1992-10-01,76,53,0.00,0.0,0
1992-10-02,79,53,0.00,0.0,0
1992-10-03,81,53,0.00,0.0,0
1992-10-04,81,51,0.00,0.0,0
1992-10-05,80,54,0.00,0.0,0
1992-10-06,75,52,0.00,0.0,0
1992-10-07,72,40,0.00,0.0,0
1992-10-08,68,32,0.00,0.0,0
1992-10-09,72,30,0.00,0.0,0
1992-10-10,74,45,0.00,0.0,0
1992-10-11,79,48,0.00,0.0,0
1992-10-12,81,50,0.00,0.0,0
1992-10-13,80,48,0.00,0.0,0
1992-10-14,75,46,0.00,0.0,0
1992-10-15,70,44,0.00,0.0,0
1992-10-16,69,31,0.00,0.0,0
1992-10-17,74,39,0.00,0.0,0
1992-10-18,74,43,0.00,0.0,0
1992-10-19,72,43,0.00,0.0,0
1992-10-20,73,39,0.00,0.0,0
1992-10-21,72,47,0.00,0.0,0
1992-10-22,72,48,0.01,0.0,0
1992-10-23,66,47,0.00,0.0,0
1992-10-24,66,47,0.02,0.0,0
1992-10-25,66,46,0.00,0.0,0
1992-10-26,67,45,0.00,0.0,0
1992-10-27,67,40,0.00,0.0,0
1992-10-28,61,41,0.01,0.0,0
1992-10-29,54,36,0.00,0.0,0
1992-10-30,54,42,0.00,0.0,0
1992-10-31,54,40,0.00,0.0,0
1992-11-01,47,34,0.19,0.0,0
1992-11-02,53,36,0.05,0.0,0
1992-11-03,44,22,0.00,0.0,0
1992-11-04,38,18,0.00,0.0,0
1992-11-05,45,18,0.00,0.0,0
1992-11-06,44,18,0.00,0.0,0
1992-11-07,53,22,0.00,0.0,0
1992-11-08,57,19,0.00,0.0,0
1992-11-09,54,29,0.00,0.0,0
1992-11-10,48,32,0.07,0.0,0
1992-11-11,40,31,0.66,0.0,0
1992-11-12,42,18,0.00,0.0,0
1992-11-13,48,21,0.00,0.0,0
1992-11-14,52,26,0.00,0.0,0
1992-11-15,56,30,0.00,0.0,0
1992-11-16,56,31,0.00,0.0,0
1992-11-17,59,31,0.00,0.0,0
1992-11-18,55,27,0.00,0.0,0
1992-11-19,50,27,0.00,0.0,0
1992-11-20,43,26,0.06,0.0,0
1992-11-21,41,29,0.00,0.0,0
1992-11-22,40,18,0.00,0.0,0
1992-11-23,37,23,0.00,0.0,0
1992-11-24,30,9,0.04,2.0,M
1992-11-25,32,7,0.00,0.0,M
1992-11-26,36,12,0.00,0.0,0
1992-11-27,38,15,0.00,0.0,0
1992-11-28,44,17,0.00,0.0,0
1992-11-29,38,22,0.00,0.0,0
1992-11-30,41,16,0.00,0.0,0
1992-12-01,48,13,0.00,0.0,0
1992-12-02,41,18,0.00,0.0,0
1992-12-03,47,22,0.00,0.0,0
1992-12-04,43,22,0.19,10.0,M
1992-12-05,M,15,0.66,6.0,M
1992-12-06,35,2,0.20,0.0,M
1992-12-07,34,9,0.00,0.0,M
1992-12-08,30,4,0.03,1.0,M
1992-12-09,42,13,0.00,0.0,M
1992-12-10,46,14,0.00,0.0,M
1992-12-11,42,11,0.00,0.0,M
1992-12-12,38,23,0.08,1.0,M
1992-12-13,33,15,0.06,3.0,M
1992-12-14,27,8,0.00,0.0,M
1992-12-15,24,1,0.00,0.0,M
1992-12-16,29,10,0.05,2.0,M
1992-12-17,M,-1,0.00,0.0,M
1992-12-18,35,19,0.03,2.0,M
1992-12-19,M,18,0.00,0.0,M
1992-12-20,M,7,0.00,0.0,M
1992-12-21,35,7,0.00,0.0,M
1992-12-22,38,3,0.00,0.0,M
1992-12-23,45,9,0.00,0.0,M
1992-12-24,35,10,0.00,0.0,M
1992-12-25,37,11,0.00,0.0,M
1992-12-26,34,10,0.00,0.0,M
1992-12-27,39,10,0.00,0.0,M
1992-12-28,44,23,0.28,1.5,M
1992-12-29,40,33,0.12,0.0,M
1992-12-30,44,32,0.00,0.0,M
1992-12-31,40,25,0.00,0.0,M
1993-01-01,43,24,0.00,0.0,M
1993-01-02,42,31,0.00,0.0,M
1993-01-03,42,M,0.00,0.0,M
1993-01-04,30,4,0.00,0.0,M
1993-01-05,37,11,0.00,0.0,M
1993-01-06,35,17,0.00,0.0,M
1993-01-07,38,29,0.07,0.0,M
1993-01-08,37,34,0.35,0.0,M
1993-01-09,40,32,0.25,0.0,M
1993-01-10,M,M,S,S,M
1993-01-11,41,27,0.34A,5.0A,M
1993-01-12,34,16,0.00,0.0,M
1993-01-13,33,9,0.00,0.0,M
1993-01-14,40,21,T,0.1,M
1993-01-15,42,21,0.00,0.0,M
1993-01-16,44,20,0.00,0.0,M
1993-01-17,M,30,0.25,3.0,M
1993-01-18,41,27,0.05,0.0,M
1993-01-19,37,28,0.51,6.0,M
1993-01-20,36,29,T,0.0,M
1993-01-21,48,16,0.00,0.0,M
1993-01-22,45,21,0.00,0.0,M
1993-01-23,M,28,0.00,0.0,M
1993-01-24,38,16,0.00,0.0,M
1993-01-25,43,12,0.00,0.0,M
1993-01-26,47,16,0.00,0.0,M
1993-01-27,50,22,0.00,0.0,M
1993-01-28,48,19,0.00,0.0,M
1993-01-29,44,18,0.00,0.0,M
1993-01-30,44,30,0.00,0.0,M
1993-01-31,48,21,0.00,0.0,M
1993-02-01,44,32,0.00,0.0,M
1993-02-02,39,27,0.00,0.0,M
1993-02-03,43,18,0.00,0.0,M
1993-02-04,39,25,0.12,4.0,M
1993-02-05,39,5,0.01,0.5,M
1993-02-06,44,15,0.00,0.0,M
1993-02-07,44,21,0.00,0.0,M
1993-02-08,45,27,0.00,0.0,M
1993-02-09,45,33,0.21,0.0,M
1993-02-10,41,27,0.00,0.0,M
1993-02-11,41,24,0.00,0.0,M
1993-02-12,43,20,S,0.0,M
1993-02-13,M,M,0.18A,1.0,M
1993-02-14,M,M,0.00,0.0,M
1993-02-15,34,27,M,0.0,M
1993-02-16,39,22,0.40,5.0,M
1993-02-17,40,26,0.00,0.0,M
1993-02-18,49,19,0.00,0.0,M
1993-02-19,47,33,0.17,0.0,M
1993-02-20,46,38,0.18,6.0,M
1993-02-21,39,27,0.02,0.0,M
1993-02-22,40,26,0.00,0.0,M
1993-02-23,50,18,0.00,0.0,M
1993-02-24,49,23,0.01,0.0,M
1993-02-25,42,22,0.05,0.0,M
1993-02-26,48,21,0.00,0.0,M
1993-02-27,52,31,0.00,0.0,M
1993-02-28,M,32,0.00,0.0,M
1993-03-01,40,31,0.43,4.0,M
1993-03-02,47,21,0.00,0.0,M
1993-03-03,46,19,0.00,0.0,M
1993-03-04,47,17,0.00,0.0,M
1993-03-05,51,19,0.00,0.0,M
1993-03-06,54,26,0.00,0.0,M
1993-03-07,57,28,0.00,0.0,M
1993-03-08,62,31,0.00,0.0,0
1993-03-09,61,22,0.00,0.0,0
1993-03-10,57,27,0.00,0.0,0
1993-03-11,55,28,0.00,0.0,0
1993-03-12,47,24,0.00,0.0,0
1993-03-13,58,12,0.00,0.0,0
1993-03-14,50,24,0.00,0.0,0
1993-03-15,56,32,0.00,0.0,0
1993-03-16,59,27,0.00,0.0,0
1993-03-17,60,26,0.00,0.0,0
1993-03-18,60,28,0.00,0.0,0
1993-03-19,60,32,0.00,0.0,0
1993-03-20,62,33,0.00,0.0,0
1993-03-21,62,36,0.00,0.0,0
1993-03-22,62,29,0.00,0.0,0
1993-03-23,67,30,0.00,0.0,0
1993-03-24,68,33,0.00,0.0,0
1993-03-25,69,34,0.00,0.0,0
1993-03-26,66,33,T,0.0,0
1993-03-27,47,33,0.33,0.0,0
1993-03-28,48,34,0.18,0.0,0
1993-03-29,48,37,0.26,0.0,0
1993-03-30,51,26,0.00,0.0,0
1993-03-31,55,25,0.00,0.0,0
1993-04-01,56,26,0.00,0.0,0
1993-04-02,62,30,0.00,0.0,0
1993-04-03,62,27,0.00,0.0,0
1993-04-04,60,30,0.00,0.0,0
1993-04-05,63,35,0.00,0.0,0
1993-04-06,57,36,0.00,0.0,0
1993-04-07,49,29,T,0.0,0
1993-04-08,54,22,0.00,0.0,0
1993-04-09,65,25,0.00,0.0,0
1993-04-10,64,34,0.00,0.0,0
1993-04-11,65,30,0.00,0.0,0
1993-04-12,64,36,0.00,0.0,0
1993-04-13,62,26,0.00,0.0,0
1993-04-14,55,26,0.00,0.0,0
1993-04-15,57,25,0.00,0.0,0
1993-04-16,56,32,0.06,0.0,0
1993-04-17,62,32,0.00,0.0,0
1993-04-18,62,34,0.00,0.0,0
1993-04-19,M,32,0.00,0.0,0
1993-04-20,62,25,0.00,0.0,0
1993-04-21,65,29,0.00,0.0,0
1993-04-22,76,37,0.00,0.0,0
1993-04-23,76,36,0.00,0.0,0
1993-04-24,66,39,0.00,0.0,0
1993-04-25,62,29,0.00,0.0,0
1993-04-26,73,37,0.00,0.0,0
1993-04-27,73,40,0.00,0.0,0
1993-04-28,72,37,0.00,0.0,0
1993-04-29,71,36,0.00,0.0,0
1993-04-30,70,34,0.00,0.0,0
1993-05-01,M,36,0.15,0.0,0
1993-05-02,62,31,0.00,0.0,0
1993-05-03,68,38,0.00,0.0,0
1993-05-04,70,36,0.00,0.0,0
1993-05-05,66,42,0.00,0.0,0
1993-05-06,62,31,0.00,0.0,0
1993-05-07,M,36,0.00,0.0,0
1993-05-08,51,32,0.05,0.0,0
1993-05-09,59,34,0.00,0.0,0
1993-05-10,69,35,0.00,0.0,0
1993-05-11,73,35,0.00,0.0,0
1993-05-12,74,33,0.00,0.0,0
1993-05-13,75,41,0.00,0.0,0
1993-05-14,77,40,0.00,0.0,0
1993-05-15,75,45,0.00,0.0,0
1993-05-16,67,46,0.00,0.0,0
1993-05-17,71,38,0.00,0.0,0
1993-05-18,70,38,0.02,0.0,0
1993-05-19,73,40,0.00,0.0,0
1993-05-20,79,44,0.00,0.0,0
1993-05-21,78,43,0.00,0.0,0
1993-05-22,71,43,0.00,0.0,0
1993-05-23,71,40,0.00,0.0,0
1993-05-24,78,40,0.00,0.0,0
1993-05-25,78,44,0.00,0.0,0
1993-05-26,76,50,0.03,0.0,0
1993-05-27,76,48,0.00,0.0,0
1993-05-28,74,44,0.19,0.0,0
1993-05-29,72,48,0.00,0.0,0
1993-05-30,76,47,0.00,0.0,0
1993-05-31,82,50,0.00,0.0,0
1993-06-01,81,45,0.00,0.0,0
1993-06-02,77,40,0.00,0.0,0
1993-06-03,75,44,0.00,0.0,0
1993-06-04,78,46,0.00,0.0,0
1993-06-05,79,36,0.00,0.0,0
1993-06-06,74,47,0.00,0.0,0
1993-06-07,79,36,0.00,0.0,0
1993-06-08,69,31,0.00,0.0,0
1993-06-09,69,41,0.00,0.0,0
1993-06-10,74,37,0.00,0.0,0
1993-06-11,80,44,0.00,0.0,0
1993-06-12,82,43,0.00,0.0,0
1993-06-13,84,50,0.00,0.0,0
1993-06-14,87,56,0.00,0.0,0
1993-06-15,80,48,0.07,0.0,0
1993-06-16,77,48,0.00,0.0,0
1993-06-17,79,48,0.00,0.0,0
1993-06-18,78,45,0.00,0.0,0
1993-06-19,79,41,0.00,0.0,0
1993-06-20,M,51,0.10,0.0,0
1993-06-21,79,52,0.09,0.0,0
1993-06-22,82,45,0.00,0.0,0
1993-06-23,83,44,0.00,0.0,0
1993-06-24,83,44,0.00,0.0,0
1993-06-25,87,45,0.00,0.0,0
1993-06-26,87,46,0.00,0.0,0
1993-06-27,M,M,0.00,0.0,0
1993-06-28,89,56,0.00,0.0,0
1993-06-29,86,55,0.00,0.0,0
1993-06-30,88,54,0.00,0.0,0
1993-07-01,89,51,0.00,0.0,0
1993-07-02,91,55,0.00,0.0,0
1993-07-03,M,53,0.00,0.0,0
1993-07-04,M,54,0.00,0.0,0
1993-07-05,80,49,0.00,0.0,0
1993-07-06,86,51,0.00,0.0,0
1993-07-07,90,53,0.00,0.0,0
1993-07-08,89,49,0.00,0.0,0
1993-07-09,88,54,0.00,0.0,0
1993-07-10,87,55,0.00,0.0,0
1993-07-11,86,56,0.00,0.0,0
1993-07-12,83,68,0.00,0.0,0
1993-07-13,84,53,0.06,0.0,0
1993-07-14,83,54,0.00,0.0,0
1993-07-15,82,53,0.00,0.0,0
1993-07-16,85,53,0.06,0.0,0
1993-07-17,84,56,0.00,0.0,0
1993-07-18,87,52,0.00,0.0,0
1993-07-19,M,48,0.00,0.0,0
1993-07-20,81,56,0.17,0.0,0
1993-07-21,84,54,0.00,0.0,0
1993-07-22,85,47,0.00,0.0,0
1993-07-23,85,49,0.00,0.0,0
1993-07-24,84,57,0.00,0.0,0
1993-07-25,88,53,0.00,0.0,0
1993-07-26,88,52,0.00,0.0,0
1993-07-27,90,47,0.00,0.0,0
1993-07-28,94,57,0.00,0.0,0
1993-07-29,82,51,0.00,0.0,0
1993-07-30,89,52,0.00,0.0,0
1993-07-31,89,56,0.00,0.0,0
1993-08-01,89,55,0.00,0.0,0
1993-08-02,89,56,0.08,0.0,0
1993-08-03,89,55,0.00,0.0,0
1993-08-04,88,56,0.00,0.0,0
1993-08-05,84,56,0.13,0.0,0
1993-08-06,79,52,0.38,0.0,0
1993-08-07,79,49,0.03,0.0,0
1993-08-08,84,52,0.03,0.0,0
1993-08-09,87,52,0.00,0.0,0
1993-08-10,85,53,0.09,0.0,0
1993-08-11,88,51,0.00,0.0,0
1993-08-12,88,56,0.00,0.0,0
1993-08-13,83,57,0.22,0.0,0
1993-08-14,72,52,0.22,0.0,0
1993-08-15,79,50,0.31,0.0,0
1993-08-16,81,52,0.00,0.0,0
1993-08-17,79,55,0.00,0.0,0
1993-08-18,79,53,0.00,0.0,0
1993-08-19,75,56,0.10,0.0,0
1993-08-20,73,55,0.26,0.0,0
1993-08-21,78,54,0.07,0.0,0
1993-08-22,75,49,0.62,0.0,0
1993-08-23,81,48,0.00,0.0,0
1993-08-24,85,50,0.00,0.0,0
1993-08-25,85,54,0.00,0.0,0
1993-08-26,83,54,0.00,0.0,0
1993-08-27,74,56,0.43,0.0,0
1993-08-28,67,54,0.99,0.0,0
1993-08-29,68,54,0.00,0.0,0
1993-08-30,73,49,0.26,0.0,0
1993-08-31,73,52,0.09,0.0,0
1993-09-01,75,48,0.00,0.0,0
1993-09-02,78,46,0.00,0.0,0
1993-09-03,77,44,0.00,0.0,0
1993-09-04,77,47,0.00,0.0,0
1993-09-05,M,47,0.00,0.0,0
1993-09-06,74,46,0.15,0.0,0
1993-09-07,80,45,0.15,0.0,0
1993-09-08,72,41,0.00,0.0,0
1993-09-09,80,45,0.00,0.0,0
1993-09-10,80,48,0.13,0.0,0
1993-09-11,80,47,0.03,0.0,0
1993-09-12,79,47,0.00,0.0,0
1993-09-13,M,43,0.03,0.0,0
1993-09-14,84,34,0.19,0.0,0
1993-09-15,70,35,0.01,0.0,0
1993-09-16,74,43,0.00,0.0,0
1993-09-17,75,39,0.00,0.0,0
1993-09-18,73,40,0.00,0.0,0
1993-09-19,66,37,0.00,0.0,0
1993-09-20,75,38,0.00,0.0,0
1993-09-21,82,45,0.00,0.0,0
1993-09-22,83,48,0.00,0.0,0
1993-09-23,83,47,T,0.0,0
1993-09-24,81,44,0.00,0.0,0
1993-09-25,73,38,0.00,0.0,0
1993-09-26,M,35,0.00,0.0,0
1993-09-27,79,39,0.00,0.0,0
1993-09-28,81,40,0.00,0.0,0
1993-09-29,80,42,0.00,0.0,0
1993-09-30,78,42,0.00,0.0,0
1993-10-01,79,38,0.00,0.0,0
1993-10-02,M,39,0.00,0.0,0
1993-10-03,76,39,0.00,0.0,0
1993-10-04,79,43,0.00,0.0,0
1993-10-05,79,44,0.00,0.0,0
1993-10-06,78,45,0.00,0.0,0
1993-10-07,75,48,0.12,0.0,0
1993-10-08,67,32,0.00,0.0,0
1993-10-09,68,36,0.00,0.0,0
1993-10-10,66,33,0.00,0.0,0
1993-10-11,69,36,0.00,0.0,0
1993-10-12,M,39,0.00,0.0,0
1993-10-13,69,37,0.00,0.0,0
1993-10-14,69,35,0.02,0.0,0
1993-10-15,64,37,0.05,0.0,0
1993-10-16,58,39,0.08,0.0,0
1993-10-17,M,41,0.28,0.0,0
1993-10-18,58,31,0.08,0.0,0
1993-10-19,58,32,T,0.0,0
1993-10-20,60,29,0.00,0.0,0
1993-10-21,62,28,0.00,0.0,0
1993-10-22,64,32,0.00,0.0,0
1993-10-23,65,37,0.00,0.0,0
1993-10-24,66,34,0.00,0.0,0
1993-10-25,69,34,0.00,0.0,0
1993-10-26,65,32,0.03,0.0,0
1993-10-27,49,16,T,0.0,0
1993-10-28,56,22,0.00,0.0,0
1993-10-29,55,26,0.35,0.0,0
1993-10-30,35,1,0.17,3.0,M
1993-10-31,48,20,0.00,0.0,M
1993-11-01,51,30,0.00,0.0,0
1993-11-02,49,32,0.00,0.0,0
1993-11-03,58,23,0.00,0.0,0
1993-11-04,57,24,0.00,0.0,0
1993-11-05,52,20,0.00,0.0,0
1993-11-06,50,19,0.00,0.0,0
1993-11-07,56,22,0.00,0.0,0
1993-11-08,56,26,0.00,0.0,0
1993-11-09,55,24,0.00,0.0,0
1993-11-10,57,21,0.00,0.0,0
1993-11-11,56,36,0.00,0.0,0
1993-11-12,M,35,0.44,0.0,0
1993-11-13,47,30,0.00,0.0,0
1993-11-14,44,31,0.74,8.0,M
1993-11-15,37,25,0.00,0.0,M
1993-11-16,43,19,0.00,0.0,M
1993-11-17,46,19,0.00,0.0,0
1993-11-18,50,20,0.00,0.0,0
1993-11-19,54,23,0.00,0.0,0
1993-11-20,49,28,0.00,0.0,0
1993-11-21,50,24,0.00,0.0,0
1993-11-22,54,28,0.00,0.0,0
1993-11-23,48,37,0.47,0.0,0
1993-11-24,M,29,0.00,0.0,0
1993-11-25,M,13,0.00,0.0,0
1993-11-26,33,12,0.00,0.0,0
1993-11-27,42,12,0.00,0.0,0
1993-11-28,49,24,0.00,0.0,0
1993-11-29,55,22,0.00,0.0,0
1993-11-30,51,25,0.00,0.0,0
1993-12-01,49,20,0.00,0.0,0
1993-12-02,53,21,0.00,0.0,0
1993-12-03,45,16,0.00,0.0,0
1993-12-04,50,15,0.00,0.0,0
1993-12-05,51,21,0.00,0.0,0
1993-12-06,47,23,0.00,0.0,0
1993-12-07,51,15,0.00,0.0,0
1993-12-08,49,18,0.00,0.0,0
1993-12-09,54,22,0.00,0.0,0
1993-12-10,55,26,0.00,0.0,0
1993-12-11,51,20,0.00,0.0,0
1993-12-12,M,34,0.08,1.0,M
1993-12-13,40,21,0.00,0.0,0
1993-12-14,47,14,0.00,0.0,0
1993-12-15,43,20,0.00,0.0,0
1993-12-16,32,15,0.01,0.1,M
1993-12-17,39,14,0.00,0.0,0
1993-12-18,44,19,0.00,0.0,0
1993-12-19,43,18,0.00,0.0,0
1993-12-20,44,17,0.00,0.0,0
1993-12-21,41,12,0.00,0.0,0
1993-12-22,M,16,0.00,0.0,0
1993-12-23,38,12,0.00,0.0,0
1993-12-24,40,12,0.00,0.0,0
1993-12-25,50,18,0.00,0.0,0
1993-12-26,46,20,0.00,0.0,0
1993-12-27,45,23,0.00,0.0,0
1993-12-28,45,24,0.00,0.0,0
1993-12-29,46,15,0.00,0.0,0
1993-12-30,47,20,0.00,0.0,0
1993-12-31,46,19,0.00,0.0,0
1994-01-01,49,21,0.00,0.0,0
1994-01-02,48,28,0.00,0.0,0
1994-01-03,49,18,0.00,0.0,0
1994-01-04,53,20,0.00,0.0,0
1994-01-05,50,17,0.00,0.0,0
1994-01-06,46,21,0.00,0.0,0
1994-01-07,38,5,0.00,0.0,0
1994-01-08,47,16,0.00,0.0,0
1994-01-09,49,22,0.00,0.0,0
1994-01-10,43,24,0.00,0.0,0
1994-01-11,45,16,0.00,0.0,0
1994-01-12,48,12,0.00,0.0,0
1994-01-13,48,15,0.00,0.0,0
1994-01-14,49,14,0.00,0.0,0
1994-01-15,49,24,0.00,0.0,0
1994-01-16,M,22,0.00,0.0,0
1994-01-17,47,16,0.00,0.0,0
1994-01-18,55,21,0.00,0.0,0
1994-01-19,58,21,0.00,0.0,0
1994-01-20,59,23,0.00,0.0,0
1994-01-21,56,11,0.00,0.0,0
1994-01-22,56,26,0.00,0.0,0
1994-01-23,55,26,0.00,0.0,0
1994-01-24,55,27,0.00,0.0,0
1994-01-25,53,24,0.00,0.0,0
1994-01-26,51,25,0.08,0.5,M
1994-01-27,37,23,0.08,1.0,M
1994-01-28,35,15,0.00,0.0,M
1994-01-29,36,17,0.00,0.0,M
1994-01-30,M,23,0.06,0.5,M
1994-01-31,25,13,0.00,0.0,M
1994-02-01,28,-1,0.00,0.0,M
1994-02-02,39,1,0.00,0.0,M
1994-02-03,43,9,0.00,0.0,M
1994-02-04,42,18,0.02,0.0,M
1994-02-05,42,26,0.00,0.0,M
1994-02-06,46,17,0.00,0.0,M
1994-02-07,40,25,0.00,0.0,M
1994-02-08,40,31,0.55,6.0,M
1994-02-09,41,21,0.00,0.0,M
1994-02-10,46,13,0.00,0.0,M
1994-02-11,46,26,0.02,0.1,M
1994-02-12,46,26,0.00,0.0,M
1994-02-13,46,20,0.00,0.0,M
1994-02-14,48,16,0.00,0.0,M
1994-02-15,51,20,0.00,0.0,M
1994-02-16,56,22,0.00,0.0,M
1994-02-17,57,29,0.00,0.0,M
1994-02-18,56,33,0.16,0.0,M
1994-02-19,40,24,0.00,0.0,M
1994-02-20,38,17,0.00,0.0,M
1994-02-21,44,25,0.00,0.0,M
1994-02-22,M,21,0.05,0.0,M
1994-02-23,37,11,0.00,0.0,M
1994-02-24,50,11,0.00,0.0,M
1994-02-25,61,22,0.00,0.0,M
1994-02-26,58,26,0.00,0.0,M
1994-02-27,58,32,0.00,0.0,M
1994-02-28,M,31,0.00,0.0,M
1994-03-01,52,22,0.00,0.0,0
1994-03-02,61,24,0.00,0.0,0
1994-03-03,63,30,0.00,0.0,0
1994-03-04,63,30,0.00,0.0,0
1994-03-05,61,32,0.00,0.0,0
1994-03-06,62,32,0.00,0.0,0
1994-03-07,M,34,0.00,0.0,0
1994-03-08,M,34,0.81,0.0,0
1994-03-09,43,11,0.42,7.0,M
1994-03-10,48,19,0.00,0.0,M
1994-03-11,53,29,0.00,0.0,M
1994-03-12,M,38,0.00,0.0,0
1994-03-13,55,26,0.00,0.0,0
1994-03-14,64,31,0.00,0.0,0
1994-03-15,69,32,0.00,0.0,0
1994-03-16,70,34,0.00,0.0,0
1994-03-17,67,34,0.00,0.0,0
1994-03-18,67,31,0.00,0.0,0
1994-03-19,M,40,0.00,0.0,0
1994-03-20,M,43,0.00,0.0,0
1994-03-21,62,33,0.00,0.0,0
1994-03-22,62,30,0.00,0.0,0
1994-03-23,61,37,0.00,0.0,0
1994-03-24,57,29,0.00,0.0,0
1994-03-25,56,29,0.00,0.0,0
1994-03-26,51,31,0.00,0.0,0
1994-03-27,M,25,0.92,15.0,M
1994-03-28,42,9,0.00,0.0,M
1994-03-29,56,23,0.00,0.0,M
1994-03-30,52,29,0.00,0.0,M
1994-03-31,62,27,0.00,0.0,M
1994-04-01,67,30,0.00,0.0,M
1994-04-02,M,36,0.00,0.0,0
1994-04-03,61,30,0.00,0.0,0
1994-04-04,60,44,0.00,0.0,0
1994-04-05,56,27,T,0.0,0
1994-04-06,56,19,T,0.0,0
1994-04-07,60,28,0.00,0.0,0
1994-04-08,56,24,T,0.0,0
1994-04-09,50,36,0.00,0.0,0
1994-04-10,M,32,0.00,0.0,0
1994-04-11,39,34,0.92,3.8,M
1994-04-12,57,25,0.00,0.0,M
1994-04-13,66,27,0.00,0.0,0
1994-04-14,67,29,0.00,0.0,0
1994-04-15,67,35,0.00,0.0,0
1994-04-16,72,40,0.00,0.0,0
1994-04-17,74,42,0.00,0.0,0
1994-04-18,77,47,0.00,0.0,0
1994-04-19,75,45,0.00,0.0,0
1994-04-20,70,44,0.00,0.0,0
1994-04-21,71,40,0.00,0.0,0
1994-04-22,69,41,0.00,0.0,0
1994-04-23,68,46,0.00,0.0,0
1994-04-24,68,44,0.00,0.0,0
1994-04-25,M,38,T,0.0,0
1994-04-26,50,30,0.00,0.0,0
1994-04-27,48,36,0.00,0.0,0
1994-04-28,55,29,0.00,0.0,0
1994-04-29,M,34,0.37,0.0,0
1994-04-30,58,36,0.00,0.0,0
1994-05-01,62,40,0.00,0.0,0
1994-05-02,63,38,0.00,0.0,0
1994-05-03,62,33,0.00,0.0,0
1994-05-04,71,36,0.00,0.0,0
1994-05-05,78,41,0.00,0.0,0
1994-05-06,76,42,0.00,0.0,0
1994-05-07,M,42,0.00,0.0,0
1994-05-08,72,37,0.00,0.0,0
1994-05-09,76,32,0.00,0.0,0
1994-05-10,65,44,0.35,0.0,0
1994-05-11,69,31,0.11,0.0,0
1994-05-12,64,40,0.17,0.0,0
1994-05-13,62,43,0.13,0.0,0
1994-05-14,74,46,0.00,0.0,0
1994-05-15,74,48,0.00,0.0,0
1994-05-16,74,52,0.00,0.0,0
1994-05-17,75,40,0.00,0.0,0
1994-05-18,75,44,0.00,0.0,0
1994-05-19,72,50,0.00,0.0,0
1994-05-20,74,39,0.00,0.0,0
1994-05-21,74,40,0.00,0.0,0
1994-05-22,74,45,0.00,0.0,0
1994-05-23,79,45,0.00,0.0,0
1994-05-24,78,48,0.00,0.0,0
1994-05-25,M,42,0.65,0.0,0
1994-05-26,58,41,T,0.0,0
1994-05-27,70,39,0.00,0.0,0
1994-05-28,75,45,0.00,0.0,0
1994-05-29,80,47,0.00,0.0,0
1994-05-30,84,49,0.00,0.0,0
1994-05-31,M,52,0.10,0.0,0
1994-06-01,82,48,0.00,0.0,0
1994-06-02,83,45,0.00,0.0,0
1994-06-03,78,48,0.00,0.0,0
1994-06-04,82,48,0.00,0.0,0
1994-06-05,84,42,0.00,0.0,0
1994-06-06,83,44,0.00,0.0,0
1994-06-07,81,45,0.00,0.0,0
1994-06-08,81,43,0.00,0.0,0
1994-06-09,82,42,0.00,0.0,0
1994-06-10,85,49,0.00,0.0,0
1994-06-11,85,50,0.00,0.0,0
1994-06-12,85,52,0.00,0.0,0
1994-06-13,86,51,0.00,0.0,0
1994-06-14,85,45,0.00,0.0,0
1994-06-15,83,44,0.00,0.0,0
1994-06-16,87,48,0.00,0.0,0
1994-06-17,87,48,0.00,0.0,0
1994-06-18,M,58,0.00,0.0,0
1994-06-19,80,57,0.00,0.0,0
1994-06-20,81,53,0.00,0.0,0
1994-06-21,79,55,0.13,0.0,0
1994-06-22,79,52,0.00,0.0,0
1994-06-23,86,48,0.00,0.0,0
1994-06-24,91,53,0.00,0.0,0
1994-06-25,94,50,0.00,0.0,0
1994-06-26,95,56,0.00,0.0,0
1994-06-27,M,54,0.00,0.0,0
1994-06-28,92,57,0.00,0.0,0
1994-06-29,94,56,0.00,0.0,0
1994-06-30,94,55,0.00,0.0,0
1994-07-01,90,56,0.00,0.0,0
1994-07-02,90,67,0.00,0.0,0
1994-07-03,91,58,0.00,0.0,0
1994-07-04,90,49,0.00,0.0,0
1994-07-05,88,45,0.00,0.0,0
1994-07-06,88,50,0.00,0.0,0
1994-07-07,87,42,0.00,0.0,0
1994-07-08,84,46,0.00,0.0,0
1994-07-09,86,51,0.00,0.0,0
1994-07-10,90,54,0.00,0.0,0
1994-07-11,90,58,0.00,0.0,0
1994-07-12,88,54,0.00,0.0,0
1994-07-13,90,49,0.01,0.0,0
1994-07-14,85,49,0.00,0.0,0
1994-07-15,87,51,0.03,0.0,0
1994-07-16,88,52,0.00,0.0,0
1994-07-17,85,56,0.00,0.0,0
1994-07-18,M,55,0.00,0.0,0
1994-07-19,89,57,0.03,0.0,0
1994-07-20,M,55,0.00,0.0,0
1994-07-21,85,52,0.00,0.0,0
1994-07-22,90,50,0.00,0.0,0
1994-07-23,90,56,0.00,0.0,0
1994-07-24,87,39,1.58,0.0,0
1994-07-25,80,53,0.04,0.0,0
1994-07-26,84,51,0.00,0.0,0
1994-07-27,81,55,0.04,0.0,0
1994-07-28,83,51,0.00,0.0,0
1994-07-29,85,50,0.00,0.0,0
1994-07-30,84,54,0.00,0.0,0
1994-07-31,89,56,0.05,0.0,0
1994-08-01,88,52,0.12,0.0,0
1994-08-02,85,54,T,0.0,0
1994-08-03,81,53,0.12,0.0,0
1994-08-04,85,53,0.00,0.0,0
1994-08-05,84,54,0.02,0.0,0
1994-08-06,86,52,0.02,0.0,0
1994-08-07,90,57,0.00,0.0,0
1994-08-08,87,63,0.40,0.0,0
1994-08-09,83,55,0.00,0.0,0
1994-08-10,87,59,0.00,0.0,0
1994-08-11,85,57,0.03,0.0,0
1994-08-12,88,53,0.03,0.0,0
1994-08-13,88,60,0.00,0.0,0
1994-08-14,M,59,0.00,0.0,0
1994-08-15,71,57,0.80,0.0,0
1994-08-16,83,51,0.00,0.0,0
1994-08-17,88,56,0.00,0.0,0
1994-08-18,89,55,0.01,0.0,0
1994-08-19,87,57,0.00,0.0,0
1994-08-20,M,54,0.00,0.0,0
1994-08-21,76,54,0.20,0.0,0
1994-08-22,85,49,0.42,0.0,0
1994-08-23,86,51,0.00,0.0,0
1994-08-24,85,58,0.01,0.0,0
1994-08-25,85,53,0.00,0.0,0
1994-08-26,86,53,0.13,0.0,0
1994-08-27,86,56,0.00,0.0,0
1994-08-28,87,56,0.00,0.0,0
1994-08-29,83,53,0.26,0.0,0
1994-08-30,82,54,0.05,0.0,0
1994-08-31,84,52,0.00,0.0,0
1994-09-01,70,55,0.39,0.0,0
1994-09-02,75,53,0.06,0.0,0
1994-09-03,M,54,0.08,0.0,0
1994-09-04,76,48,0.00,0.0,0
1994-09-05,82,51,0.00,0.0,0
1994-09-06,77,50,0.05,0.0,0
1994-09-07,79,45,0.02,0.0,0
1994-09-08,82,49,0.00,0.0,0
1994-09-09,84,51,0.00,0.0,0
1994-09-10,84,52,0.00,0.0,0
1994-09-11,79,52,0.00,0.0,0
1994-09-12,77,52,0.00,0.0,0
1994-09-13,74,50,0.65,0.0,0
1994-09-14,71,49,0.08,0.0,0
1994-09-15,72,36,0.00,0.0,0
1994-09-16,71,46,0.00,0.0,0
1994-09-17,75,46,0.10,0.0,0
1994-09-18,74,48,0.09,0.0,0
1994-09-19,77,48,0.00,0.0,0
1994-09-20,75,43,0.00,0.0,0
1994-09-21,75,44,0.00,0.0,0
1994-09-22,73,37,0.00,0.0,0
1994-09-23,77,38,0.00,0.0,0
1994-09-24,76,42,0.00,0.0,0
1994-09-25,77,45,0.00,0.0,0
1994-09-26,79,44,0.00,0.0,0
1994-09-27,82,42,0.00,0.0,0
1994-09-28,82,39,0.00,0.0,0
1994-09-29,84,44,0.00,0.0,0
1994-09-30,84,50,0.00,0.0,0
1994-10-01,M,48,T,0.0,0
1994-10-02,M,40,0.00,0.0,0
1994-10-03,73,42,0.00,0.0,0
1994-10-04,76,47,0.04,0.0,0
1994-10-05,75,46,0.00,0.0,0
1994-10-06,71,35,0.09,0.0,0
1994-10-07,59,34,T,0.0,0
1994-10-08,65,34,0.00,0.0,0
1994-10-09,69,38,0.00,0.0,0
1994-10-10,71,39,0.00,0.0,0
1994-10-11,70,39,0.00,0.0,0
1994-10-12,70,38,0.00,0.0,0
1994-10-13,M,34,0.00,0.0,0
1994-10-14,M,30,0.04,0.0,0
1994-10-15,47,34,0.50,0.0,0
1994-10-16,46,36,0.48,0.0,0
1994-10-17,47,34,0.48,1.0,M
1994-10-18,54,23,0.00,0.0,0
1994-10-19,59,30,0.00,0.0,0
1994-10-20,63,32,0.00,0.0,0
1994-10-21,62,31,0.00,0.0,0
1994-10-22,67,36,0.00,0.0,0
1994-10-23,69,37,0.00,0.0,0
1994-10-24,M,40,0.00,0.0,0
1994-10-25,60,29,0.00,0.0,0
1994-10-26,58,36,0.00,0.0,0
1994-10-27,64,34,0.00,0.0,0
1994-10-28,70,39,0.00,0.0,0
1994-10-29,M,38,0.00,0.0,0
1994-10-30,64,36,0.00,0.0,0
1994-10-31,60,27,0.00,0.0,0
1994-11-01,67,23,0.00,0.0,0
1994-11-02,65,28,0.00,0.0,0
1994-11-03,59,39,0.28,0.0,0
1994-11-04,44,24,0.07,0.0,0
1994-11-05,56,27,0.00,0.0,0
1994-11-06,60,34,0.00,0.0,0
1994-11-07,63,41,0.00,0.0,0
1994-11-08,72,40,0.04,0.0,0
1994-11-09,53,26,0.00,0.0,0
1994-11-10,58,29,0.00,0.0,0
1994-11-11,M,32,0.00,0.0,0
1994-11-12,52,41,1.10,0.0,0
1994-11-13,M,29,0.00,0.0,0
1994-11-14,45,21,0.00,0.0,0
1994-11-15,47,17,0.00,0.0,0
1994-11-16,47,25,0.00,0.0,0
1994-11-17,45,19,0.00,0.0,0
1994-11-18,49,17,0.00,0.0,0
1994-11-19,48,22,0.00,0.0,0
1994-11-20,39,19,0.00,0.0,0
1994-11-21,48,17,0.00,0.0,0
1994-11-22,45,23,0.00,0.0,0
1994-11-23,43,25,0.00,0.0,0
1994-11-24,49,21,0.00,0.0,0
1994-11-25,50,15,0.00,0.0,0
1994-11-26,49,17,0.00,0.0,0
1994-11-27,M,12,0.00,0.0,0
1994-11-28,31,15,T,T,0
1994-11-29,32,4,0.00,0.0,0
1994-11-30,53,4,0.00,0.0,0
1994-12-01,49,22,0.00,0.0,0
1994-12-02,50,21,0.00,0.0,0
1994-12-03,53,20,0.00,0.0,0
1994-12-04,52,22,0.00,0.0,0
1994-12-05,40,30,0.04,0.0,0
1994-12-06,46,36,0.17,0.0,0
1994-12-07,45,22,0.02,0.0,0
1994-12-08,42,23,T,0.0,0
1994-12-09,34,10,0.00,0.0,0
1994-12-10,39,9,0.00,0.0,0
1994-12-11,39,22,0.00,0.0,0
1994-12-12,37,19,0.00,0.0,0
1994-12-13,43,16,0.00,0.0,0
1994-12-14,39,20,T,0.0,0
1994-12-15,39,13,0.00,0.0,0
1994-12-16,42,12,0.00,0.0,0
1994-12-17,53,20,0.00,0.0,0
1994-12-18,52,22,0.00,0.0,0
1994-12-19,51,12,0.00,0.0,0
1994-12-20,48,20,0.00,0.0,0
1994-12-21,56,20,0.00,0.0,0
1994-12-22,53,25,0.00,0.0,0
1994-12-23,46,32,0.00,0.0,0
1994-12-24,M,M,0.00,0.0,0
1994-12-25,M,M,0.00,0.0,0
1994-12-26,M,M,0.00,0.0,0
1994-12-27,M,M,0.00,0.0,0
1994-12-28,M,M,0.00,0.0,0
1994-12-29,49,30,0.00,0.0,0
1994-12-30,44,24,0.00,0.0,0
1994-12-31,40,18,0.00,0.0,0
1995-01-01,42,16,0.00,0.0,M
1995-01-02,40,19,0.00,0.0,M
1995-01-03,M,M,0.00,0.0,M
1995-01-04,M,M,T,0.0,M
1995-01-05,32,25,0.61,5.0,M
1995-01-06,34,M,0.01,0.1,M
1995-01-07,44,12,0.00,0.0,M
1995-01-08,46,27,0.00,0.0,M
1995-01-09,49,22,0.00,0.0,M
1995-01-10,51,23,0.00,0.0,M
1995-01-11,48,20,0.01,0.0,M
1995-01-12,39,24,T,0.0,M
1995-01-13,46,20,0.00,0.0,M
1995-01-14,50,23,0.00,0.0,M
1995-01-15,M,20,0.09,3.0,M
1995-01-16,M,26,0.00,0.0,M
1995-01-17,34,14,0.02,1.0,M
1995-01-18,32,8,0.00,0.0,M
1995-01-19,46,11,0.00,0.0,M
1995-01-20,45,18,0.10,2.0,M
1995-01-21,M,26,0.00,0.0,M
1995-01-22,37,19,0.13,4.0,M
1995-01-23,39,12,0.00,0.0,M
1995-01-24,45,20,0.00,0.0,M
1995-01-25,48,24,0.00,0.0,M
1995-01-26,45,26,0.04,0.0,M
1995-01-27,40,29,T,0.0,M
1995-01-28,43,28,0.00,0.0,M
1995-01-29,M,24,0.14,3.0,M
1995-01-30,39,10,0.00,0.0,M
1995-01-31,47,19,0.00,0.0,M
1995-02-01,57,27,0.00,0.0,M
1995-02-02,58,25,0.00,0.0,M
1995-02-03,54,22,0.00,0.0,M
1995-02-04,55,25,0.00,0.0,M
1995-02-05,56,26,0.00,0.0,M
1995-02-06,59,25,0.00,0.0,M
1995-02-07,56,28,0.00,0.0,M
1995-02-08,48,22,0.00,0.0,M
1995-02-09,48,21,0.00,0.0,M
1995-02-10,46,18,0.00,0.0,M
1995-02-11,M,22,0.00,0.0,M
1995-02-12,44,30,0.00,0.0,M
1995-02-13,52,20,0.00,0.0,M
1995-02-14,50,35,0.26,0.0,M
1995-02-15,49,32,0.03,0.0,M
1995-02-16,52,21,0.00,0.0,M
1995-02-17,55,21,0.00,0.0,M
1995-02-18,56,27,0.00,0.0,M
1995-02-19,58,29,0.00,0.0,M
1995-02-20,64,34,0.00,0.0,M
1995-02-21,M,35,0.00,0.0,M
1995-02-22,63,30,0.00,0.0,M
1995-02-23,62,31,0.00,0.0,M
1995-02-24,60,30,0.00,0.0,M
1995-02-25,58,28,0.00,0.0,M
1995-02-26,54,30,0.08,0.0,M
1995-02-27,59,29,0.00,0.0,M
1995-02-28,55,26,0.07,0.0,M
1995-03-01,40,27,0.54,2.0,M
1995-03-02,40,21,0.90,10.0,M
1995-03-03,48,29,0.01,0.0,M
1995-03-04,44,31,0.02,0.0,M
1995-03-05,44,31,0.10,0.0,M
1995-03-06,46,29,0.25,0.0,M
1995-03-07,46,18,0.00,0.0,M
1995-03-08,60,25,0.00,0.0,0
1995-03-09,64,28,0.00,0.0,0
1995-03-10,63,29,0.00,0.0,0
1995-03-11,60,33,0.00,0.0,0
1995-03-12,M,30,0.00,0.0,0
1995-03-13,61,26,0.00,0.0,0
1995-03-14,65,30,0.00,0.0,0
1995-03-15,64,25,0.00,0.0,0
1995-03-16,65,31,0.00,0.0,0
1995-03-17,60,35,0.01,0.0,0
1995-03-18,62,30,0.00,0.0,0
1995-03-19,63,30,0.00,0.0,0
1995-03-20,65,30,0.00,0.0,0
1995-03-21,70,30,0.00,0.0,0
1995-03-22,65,40,0.00,0.0,0
1995-03-23,61,25,0.00,0.0,0
1995-03-24,60,35,0.00,0.0,0
1995-03-25,M,31,0.00,0.0,0
1995-03-26,44,18,0.00,0.0,0
1995-03-27,54,19,0.00,0.0,0
1995-03-28,M,33,0.00,0.0,0
1995-03-29,39,23,T,0.0,0
1995-03-30,43,18,T,0.0,0
1995-03-31,52,18,0.00,0.0,0
1995-04-01,54,20,0.00,0.0,0
1995-04-02,52,29,0.00,0.0,0
1995-04-03,59,29,0.00,0.0,0
1995-04-04,62,28,0.00,0.0,0
1995-04-05,67,28,0.00,0.0,0
1995-04-06,70,34,0.00,0.0,0
1995-04-07,68,29,0.00,0.0,0
1995-04-08,66,29,0.00,0.0,0
1995-04-09,M,39,0.00,0.0,0
1995-04-10,M,23,0.31,4.0,4
1995-04-11,50,14,0.23,3.0,3
1995-04-12,64,28,0.00,0.0,M
1995-04-13,70,34,0.00,0.0,M
1995-04-14,69,28,0.00,0.0,M
1995-04-15,58,34,0.00,0.0,0
1995-04-16,58,35,0.00,0.0,0
1995-04-17,58,25,0.00,0.0,0
1995-04-18,56,27,0.00,0.0,0
1995-04-19,53,31,0.15,0.0,0
1995-04-20,45,31,0.12,0.0,0
1995-04-21,47,27,0.04,0.0,0
1995-04-22,42,28,0.78,1.0,0
1995-04-23,46,26,0.00,0.0,0
1995-04-24,53,25,0.02,0.0,0
1995-04-25,64,28,0.00,0.0,0
1995-04-26,63,32,0.00,0.0,0
1995-04-27,63,30,0.00,0.0,0
1995-04-28,67,30,0.00,0.0,0
1995-04-29,70,31,0.00,0.0,0
1995-04-30,M,42,0.00,0.0,0
1995-05-01,64,32,0.02,0.0,0
1995-05-02,66,37,0.08,0.0,0
1995-05-03,62,31,0.00,0.0,0
1995-05-04,67,32,0.00,0.0,0
1995-05-05,67,43,0.00,0.0,0
1995-05-06,58,29,0.00,0.0,0
1995-05-07,M,37,0.00,0.0,0
1995-05-08,54,32,0.05,0.0,0
1995-05-09,66,34,0.00,0.0,0
1995-05-10,65,35,0.00,0.0,0
1995-05-11,67,34,T,0.0,0
1995-05-12,68,28,0.00,0.0,0
1995-05-13,69,31,0.00,0.0,0
1995-05-14,74,37,0.00,0.0,0
1995-05-15,78,27,0.00,0.0,0
1995-05-16,M,48,0.00,0.0,0
1995-05-17,70,37,0.03,0.0,0
1995-05-18,65,32,0.02,0.0,0
1995-05-19,71,35,0.00,0.0,0
1995-05-20,M,M,0.00,0.0,0
1995-05-21,M,M,0.00,0.0,0
1995-05-22,76,44,0.00,0.0,0
1995-05-23,76,43,T,0.0,0
1995-05-24,64,42,0.01,0.0,0
1995-05-25,65,39,0.00,0.0,0
1995-05-26,67,36,0.00,0.0,0
1995-05-27,64,38,0.00,0.0,0
1995-05-28,M,37,0.00,0.0,0
1995-05-29,50,40,0.83,0.0,0
1995-05-30,65,31,0.00,0.0,0
1995-05-31,72,33,0.00,0.0,0
1995-06-01,75,33,0.00,0.0,0
1995-06-02,75,47,0.00,0.0,0
1995-06-03,M,39,0.00,0.0,0
1995-06-04,78,42,0.00,0.0,0
1995-06-05,77,37,0.00,0.0,0
1995-06-06,76,43,0.00,0.0,0
1995-06-07,75,37,0.00,0.0,0
1995-06-08,75,39,0.00,0.0,0
1995-06-09,72,31,0.00,0.0,0
1995-06-10,72,40,0.00,0.0,0
1995-06-11,75,36,0.00,0.0,0
1995-06-12,84,35,0.00,0.0,0
1995-06-13,86,35,0.00,0.0,0
1995-06-14,86,51,0.00,0.0,0
1995-06-15,83,52,0.00,0.0,0
1995-06-16,80,49,0.00,0.0,0
1995-06-17,79,53,0.04,0.0,0
1995-06-18,78,40,0.11,0.0,0
1995-06-19,80,40,0.00,0.0,0
1995-06-20,81,49,0.00,0.0,0
1995-06-21,82,50,0.00,0.0,0
1995-06-22,81,44,0.00,0.0,0
1995-06-23,81,44,0.00,0.0,0
1995-06-24,80,45,0.00,0.0,0
1995-06-25,78,46,0.00,0.0,0
1995-06-26,78,44,0.08,0.0,0
1995-06-27,82,47,0.00,0.0,0
1995-06-28,80,46,T,0.0,0
1995-06-29,74,47,0.72,0.0,0
1995-06-30,65,49,0.17,0.0,0
1995-07-01,77,46,0.00,0.0,0
1995-07-02,77,47,0.00,0.0,0
1995-07-03,77,46,0.00,0.0,0
1995-07-04,75,40,0.03,0.0,0
1995-07-05,79,41,0.00,0.0,0
1995-07-06,86,49,0.00,0.0,0
1995-07-07,86,50,0.00,0.0,0
1995-07-08,89,52,0.00,0.0,0
1995-07-09,92,50,0.00,0.0,0
1995-07-10,89,57,0.00,0.0,0
1995-07-11,89,54,0.00,0.0,0
1995-07-12,88,48,0.00,0.0,0
1995-07-13,86,49,0.00,0.0,0
1995-07-14,81,55,0.01,0.0,0
1995-07-15,80,52,0.00,0.0,0
1995-07-16,80,55,0.00,0.0,0
1995-07-17,77,57,0.12,0.0,0
1995-07-18,73,58,0.12,0.0,0
1995-07-19,78,54,T,0.0,0
1995-07-20,85,50,0.00,0.0,0
1995-07-21,85,53,0.00,0.0,0
1995-07-22,86,51,0.00,0.0,0
1995-07-23,85,44,0.00,0.0,0
1995-07-24,90,50,0.00,0.0,0
1995-07-25,92,51,0.00,0.0,0
1995-07-26,94,50,0.00,0.0,0
1995-07-27,97,57,0.00,0.0,0
1995-07-28,94,56,0.00,0.0,0
1995-07-29,91,55,0.00,0.0,0
1995-07-30,92,56,0.00,0.0,0
1995-07-31,90,54,0.08,0.0,0
1995-08-01,85,50,0.03,0.0,0
1995-08-02,87,51,0.02,0.0,0
1995-08-03,94,55,0.00,0.0,0
1995-08-04,89,55,0.00,0.0,0
1995-08-05,89,53,0.00,0.0,0
1995-08-06,89,55,0.00,0.0,0
1995-08-07,93,55,0.00,0.0,0
1995-08-08,91,55,0.00,0.0,0
1995-08-09,89,55,0.30,0.0,0
1995-08-10,89,57,T,0.0,0
1995-08-11,90,58,0.01,0.0,0
1995-08-12,85,58,0.17,0.0,0
1995-08-13,87,54,0.00,0.0,0
1995-08-14,80,54,0.08,0.0,0
1995-08-15,84,53,0.03,0.0,0
1995-08-16,84,56,0.00,0.0,0
1995-08-17,84,53,0.04,0.0,0
1995-08-18,83,55,0.00,0.0,0
1995-08-19,82,52,0.00,0.0,0
1995-08-20,84,52,0.15,0.0,0
1995-08-21,85,52,0.00,0.0,0
1995-08-22,80,54,T,0.0,0
1995-08-23,85,52,0.00,0.0,0
1995-08-24,84,53,0.03,0.0,0
1995-08-25,82,52,0.03,0.0,0
1995-08-26,83,56,0.00,0.0,0
1995-08-27,79,57,1.19,0.0,0
1995-08-28,M,56,0.18,0.0,0
1995-08-29,82,54,0.00,0.0,0
1995-08-30,85,54,T,0.0,0
1995-08-31,90,55,0.03,0.0,0
1995-09-01,89,56,0.00,0.0,0
1995-09-02,90,54,0.00,0.0,0
1995-09-03,92,56,0.00,0.0,0
1995-09-04,90,55,0.00,0.0,0
1995-09-05,89,54,0.00,0.0,0
1995-09-06,87,54,0.01,0.0,0
1995-09-07,79,54,0.07,0.0,0
1995-09-08,70,54,0.34,0.0,0
1995-09-09,74,48,0.22,0.0,0
1995-09-10,69,50,0.21,0.0,0
1995-09-11,76,50,0.00,0.0,0
1995-09-12,77,45,0.00,0.0,0
1995-09-13,78,44,0.00,0.0,0
1995-09-14,78,49,0.00,0.0,0
1995-09-15,70,45,0.00,0.0,0
1995-09-16,79,51,0.00,0.0,0
1995-09-17,82,50,0.00,0.0,0
1995-09-18,76,52,0.00,0.0,0
1995-09-19,77,44,0.00,0.0,0
1995-09-20,80,41,0.00,0.0,0
1995-09-21,79,49,0.00,0.0,0
1995-09-22,60,32,0.00,0.0,0
1995-09-23,71,32,0.00,0.0,0
1995-09-24,72,44,T,0.0,0
1995-09-25,72,42,0.00,0.0,0
1995-09-26,71,41,0.00,0.0,0
1995-09-27,78,40,0.00,0.0,0
1995-09-28,75,49,0.22,0.0,0
1995-09-29,62,45,0.09,0.0,0
1995-09-30,64,32,0.00,0.0,0
1995-10-01,68,34,0.07,0.0,0
1995-10-02,70,38,0.00,0.0,0
1995-10-03,71,34,0.00,0.0,0
1995-10-04,70,24,0.00,0.0,0
1995-10-05,61,27,0.00,0.0,0
1995-10-06,62,24,0.00,0.0,0
1995-10-07,72,36,0.00,0.0,0
1995-10-08,74,37,0.00,0.0,0
1995-10-09,74,37,0.00,0.0,0
1995-10-10,75,35,0.00,0.0,0
1995-10-11,79,44,0.00,0.0,0
1995-10-12,77,40,0.00,0.0,0
1995-10-13,77,37,0.00,0.0,0
1995-10-14,72,40,0.00,0.0,0
1995-10-15,75,39,0.00,0.0,0
1995-10-16,75,38,0.00,0.0,0
1995-10-17,74,36,0.00,0.0,0
1995-10-18,76,37,0.00,0.0,0
1995-10-19,75,39,0.00,0.0,0
1995-10-20,73,28,0.00,0.0,0
1995-10-21,72,30,0.00,0.0,0
1995-10-22,M,M,0.00,0.0,0
1995-10-23,50,20,0.00,0.0,0
1995-10-24,63,24,0.00,0.0,0
1995-10-25,66,25,0.00,0.0,0
1995-10-26,66,26,0.00,0.0,0
1995-10-27,70,25,0.00,0.0,0
1995-10-28,70,32,0.00,0.0,0
1995-10-29,68,38,0.00,0.0,0
1995-10-30,71,39,0.00,0.0,0
1995-10-31,67,32,0.00,0.0,0
1995-11-01,59,38,0.01,0.0,0
1995-11-02,50,40,0.03,0.0,0
1995-11-03,54,20,T,0.0,0
1995-11-04,M,26,0.11,0.0,0
1995-11-05,47,26,0.00,0.0,0
1995-11-06,53,28,0.00,0.0,0
1995-11-07,59,27,0.00,0.0,0
1995-11-08,63,30,0.00,0.0,0
1995-11-09,64,22,0.00,0.0,0
1995-11-10,M,36,0.10,0.0,0
1995-11-11,56,20,0.00,0.0,0
1995-11-12,63,26,0.00,0.0,0
1995-11-13,64,31,0.00,0.0,0
1995-11-14,65,27,0.00,0.0,0
1995-11-15,66,30,0.00,0.0,0
1995-11-16,64,30,0.00,0.0,0
1995-11-17,62,30,0.00,0.0,0
1995-11-18,66,30,0.00,0.0,0
1995-11-19,69,33,0.00,0.0,0
1995-11-20,63,31,0.00,0.0,0
1995-11-21,57,27,0.00,0.0,0
1995-11-22,62,24,0.00,0.0,0
1995-11-23,61,23,0.00,0.0,0
1995-11-24,62,32,0.00,0.0,0
1995-11-25,65,32,0.00,0.0,0
1995-11-26,64,28,0.00,0.0,0
1995-11-27,M,16,0.00,0.0,0
1995-11-28,42,12,0.00,0.0,0
1995-11-29,55,20,0.00,0.0,0
1995-11-30,62,25,0.00,0.0,0
1995-12-01,66,31,0.00,0.0,0
1995-12-02,M,M,0.00,0.0,0
1995-12-03,M,M,0.00,0.0,0
1995-12-04,61,22,0.00,0.0,0
1995-12-05,M,M,0.00,0.0,0
1995-12-06,61,21,0.00,0.0,0
1995-12-07,52,25,0.00,0.0,0
1995-12-08,50,23,0.00,0.0,0
1995-12-09,50,16,0.00,0.0,0
1995-12-10,53,21,0.00,0.0,0
1995-12-11,53,25,0.00,0.0,0
1995-12-12,52,25,0.00,0.0,0
1995-12-13,54,27,0.00,0.0,0
1995-12-14,50,24,0.05,0.0,0
1995-12-15,46,22,0.00,0.0,0
1995-12-16,44,26,0.10,0.0,0
1995-12-17,42,29,0.10,0.0,0
1995-12-18,39,26,0.08,0.0,0
1995-12-19,40,14,0.00,0.0,0
1995-12-20,35,21,0.00,0.0,0
1995-12-21,38,11,0.00,0.0,0
1995-12-22,34,20,0.00,0.0,0
1995-12-23,36,10,0.00,0.0,0
1995-12-24,40,10,0.00,0.0,0
1995-12-25,41,14,0.00,0.0,0
1995-12-26,45,M,0.00,0.0,0
1995-12-27,M,M,S,M,M
1995-12-28,M,M,M,M,M
1995-12-29,M,M,0.30A,0.0,0
1995-12-30,M,M,S,M,M
1995-12-31,M,M,0.34A,0.0,0
1996-01-01,M,M,M,M,M
1996-01-02,M,M,M,M,M
1996-01-03,M,3,0.00,0.0,0
1996-01-04,40,11,0.00,0.0,0
1996-01-05,39,13,0.00,0.0,0
1996-01-06,43,16,0.00,0.0,0
1996-01-07,48,19,0.00,0.0,0
1996-01-08,47,22,0.00,0.0,0
1996-01-09,50,22,0.00,0.0,0
1996-01-10,50,17,0.00,0.0,0
1996-01-11,48,18,0.00,0.0,0
1996-01-12,53,22,0.00,0.0,0
1996-01-13,55,28,0.00,0.0,0
1996-01-14,M,M,0.00,0.0,0
1996-01-15,M,M,0.00,0.0,0
1996-01-16,55,28,0.00,0.0,0
1996-01-17,48,32,0.44,0.0,0
1996-01-18,33,15,T,0.0,0
1996-01-19,35,11,T,0.0,0
1996-01-20,37,24,0.00,0.0,0
1996-01-21,40,14,0.00,0.0,0
1996-01-22,41,21,0.00,0.0,0
1996-01-23,M,12,0.00,0.0,0
1996-01-24,39,7,0.00,0.0,0
1996-01-25,47,13,0.00,0.0,0
1996-01-26,44,5,0.06,1.0,1
1996-01-27,40,6,0.00,0.0,0
1996-01-28,42,27,0.00,0.0,0
1996-01-29,47,18,0.00,0.0,0
1996-01-30,50,16,0.00,0.0,0
1996-01-31,48,31,T,0.0,0
1996-02-01,44,32,0.06,0.0,0
1996-02-02,34,9,0.27,4.5,5
1996-02-03,39,2,0.00,0.0,0
1996-02-04,43,11,0.00,0.0,0
1996-02-05,52,24,0.00,0.0,0
1996-02-06,55,30,0.00,0.0,0
1996-02-07,56,28,0.00,0.0,0
1996-02-08,60,29,0.00,0.0,0
1996-02-09,63,28,0.00,0.0,0
1996-02-10,65,31,0.00,0.0,0
1996-02-11,M,22,0.00,0.0,0
1996-02-12,56,29,0.00,0.0,0
1996-02-13,60,22,0.00,0.0,0
1996-02-14,64,28,0.00,0.0,0
1996-02-15,64,25,0.00,0.0,0
1996-02-16,61,23,0.00,0.0,0
1996-02-17,63,25,0.00,0.0,0
1996-02-18,M,21,0.00,0.0,0
1996-02-19,58,23,0.00,0.0,0
1996-02-20,60,38,0.00,0.0,0
1996-02-21,59,42,0.00,0.0,0
1996-02-22,57,31,0.00,0.0,0
1996-02-23,52,20,0.00,0.0,0
1996-02-24,50,26,0.00,0.0,0
1996-02-25,54,29,0.00,0.0,0
1996-02-26,M,M,0.01,0.0,0
1996-02-27,36,9,T,0.0,0
1996-02-28,32,18,0.07,2.0,2
1996-02-29,38,15,T,0.0,M
1996-03-01,43,9,0.00,0.0,0
1996-03-02,50,17,0.00,0.0,0
1996-03-03,56,24,0.00,0.0,0
1996-03-04,54,34,0.00,0.0,0
1996-03-05,55,20,0.11,0.0,0
1996-03-06,47,11,0.02,0.0,0
1996-03-07,49,21,0.00,0.0,0
1996-03-08,47,22,0.00,0.0,0
1996-03-09,58,24,0.00,0.0,0
1996-03-10,66,30,0.00,0.0,0
1996-03-11,66,30,0.00,0.0,0
1996-03-12,63,34,0.00,0.0,0
1996-03-13,60,27,0.00,0.0,0
1996-03-14,53,17,0.00,0.0,0
1996-03-15,47,28,0.19,0.0,0
1996-03-16,52,23,0.00,0.0,0
1996-03-17,49,26,0.00,0.0,0
1996-03-18,51,17,0.00,0.0,0
1996-03-19,54,14,0.00,0.0,0
1996-03-20,61,20,0.00,0.0,0
1996-03-21,67,27,0.00,0.0,0
1996-03-22,66,30,0.00,0.0,0
1996-03-23,58,29,0.00,0.0,0
1996-03-24,54,19,0.00,0.0,0
1996-03-25,55,16,0.00,0.0,0
1996-03-26,50,20,0.00,0.0,0
1996-03-27,61,22,0.00,0.0,0
1996-03-28,64,25,0.00,0.0,0
1996-03-29,61,29,0.01,0.0,0
1996-03-30,52,28,0.00,0.0,0
1996-03-31,61,22,0.00,0.0,0
1996-04-01,70,28,0.00,0.0,0
1996-04-02,69,34,0.00,0.0,0
1996-04-03,63,27,0.00,0.0,0
1996-04-04,60,32,0.00,0.0,0
1996-04-05,52,24,0.00,0.0,0
1996-04-06,61,16,0.00,0.0,0
1996-04-07,67,27,0.00,0.0,0
1996-04-08,73,34,0.00,0.0,0
1996-04-09,77,38,0.00,0.0,0
1996-04-10,74,41,0.00,0.0,0
1996-04-11,69,32,0.00,0.0,0
1996-04-12,65,24,0.00,0.0,0
1996-04-13,M,32,T,0.0,0
1996-04-14,52,22,0.00,0.0,0
1996-04-15,62,24,0.00,0.0,0
1996-04-16,71,31,0.00,0.0,0
1996-04-17,71,36,0.00,0.0,0
1996-04-18,64,25,0.00,0.0,0
1996-04-19,M,27,0.00,0.0,0
1996-04-20,59,28,0.00,0.0,0
1996-04-21,58,26,0.00,0.0,0
1996-04-22,60,28,0.00,0.0,0
1996-04-23,72,28,0.00,0.0,0
1996-04-24,79,32,0.00,0.0,0
1996-04-25,77,38,0.00,0.0,0
1996-04-26,77,35,0.00,0.0,0
1996-04-27,77,36,0.00,0.0,0
1996-04-28,M,36,0.00,0.0,0
1996-04-29,61,33,0.00,0.0,0
1996-04-30,60,20,0.00,0.0,0
1996-05-01,74,32,0.00,0.0,0
1996-05-02,77,38,0.00,0.0,0
1996-05-03,78,37,0.00,0.0,0
1996-05-04,80,41,0.00,0.0,0
1996-05-05,84,42,0.00,0.0,0
1996-05-06,81,46,0.00,0.0,0
1996-05-07,81,42,0.00,0.0,0
1996-05-08,81,36,0.00,0.0,0
1996-05-09,80,46,0.00,0.0,0
1996-05-10,77,42,0.00,0.0,0
1996-05-11,89,46,0.00,0.0,0
1996-05-12,90,48,0.00,0.0,0
1996-05-13,88,51,0.00,0.0,0
1996-05-14,88,46,0.00,0.0,0
1996-05-15,85,43,0.00,0.0,0
1996-05-16,89,47,0.00,0.0,0
1996-05-17,84,54,0.00,0.0,0
1996-05-18,86,51,0.00,0.0,0
1996-05-19,87,62,0.00,0.0,0
1996-05-20,86,56,0.00,0.0,0
1996-05-21,84,54,0.00,0.0,0
1996-05-22,82,39,0.00,0.0,0
1996-05-23,81,37,0.00,0.0,0
1996-05-24,76,43,0.00,0.0,0
1996-05-25,M,50,0.00,0.0,0
1996-05-26,68,42,0.00,0.0,0
1996-05-27,73,33,0.00,0.0,0
1996-05-28,73,42,0.00,0.0,0
1996-05-29,81,40,0.00,0.0,0
1996-05-30,80,42,0.00,0.0,0
1996-05-31,79,38,0.00,0.0,0
1996-06-01,79,41,0.00,0.0,0
1996-06-02,83,40,0.00,0.0,0
1996-06-03,85,47,0.00,0.0,0
1996-06-04,87,47,0.00,0.0,0
1996-06-05,90,50,0.00,0.0,0
1996-06-06,89,52,0.00,0.0,0
1996-06-07,89,46,0.00,0.0,0
1996-06-08,M,M,0.00,0.0,0
1996-06-09,M,M,0.00,0.0,0
1996-06-10,87,49,0.00,0.0,0
1996-06-11,86,52,0.00,0.0,0
1996-06-12,86,54,0.00,0.0,0
1996-06-13,85,51,0.00,0.0,0
1996-06-14,75,50,0.11,0.0,0
1996-06-15,78,50,0.00,0.0,0
1996-06-16,85,47,0.00,0.0,0
1996-06-17,83,46,0.00,0.0,0
1996-06-18,88,50,0.00,0.0,0
1996-06-19,91,46,0.00,0.0,0
1996-06-20,92,53,0.00,0.0,0
1996-06-21,92,57,0.00,0.0,0
1996-06-22,82,54,0.33,0.0,0
1996-06-23,86,46,0.00,0.0,0
1996-06-24,85,43,0.00,0.0,0
1996-06-25,M,54,0.16,0.0,0
1996-06-26,82,49,0.10,0.0,0
1996-06-27,82,55,0.46,0.0,0
1996-06-28,77,55,0.28,0.0,0
1996-06-29,76,54,0.01,0.0,0
1996-06-30,78,52,0.60,0.0,0
1996-07-01,83,56,0.01,0.0,0
1996-07-02,85,51,0.07,0.0,0
1996-07-03,88,53,0.00,0.0,0
1996-07-04,M,M,S,0.0,0
1996-07-05,91,56,0.06A,0.0,0
1996-07-06,84,58,0.26,0.0,0
1996-07-07,87,53,0.05,0.0,0
1996-07-08,83,M,0.17,0.0,0
1996-07-09,77,54,0.38,0.0,0
1996-07-10,76,52,0.94,0.0,0
1996-07-11,85,53,0.04,0.0,0
1996-07-12,85,57,0.77,0.0,0
1996-07-13,70,52,0.22,0.0,0
1996-07-14,82,50,0.00,0.0,0
1996-07-15,83,50,0.00,0.0,0
1996-07-16,81,53,0.07,0.0,0
1996-07-17,80,50,0.04,0.0,0
1996-07-18,85,54,0.00,0.0,0
1996-07-19,87,54,0.00,0.0,0
1996-07-20,89,56,0.00,0.0,0
1996-07-21,92,56,0.00,0.0,0
1996-07-22,M,58,0.01,0.0,0
1996-07-23,90,58,0.00,0.0,0
1996-07-24,88,53,0.00,0.0,0
1996-07-25,82,52,0.00,0.0,0
1996-07-26,86,53,0.00,0.0,0
1996-07-27,87,55,0.00,0.0,0
1996-07-28,86,56,0.00,0.0,0
1996-07-29,85,57,0.05,0.0,0
1996-07-30,85,54,0.37,0.0,0
1996-07-31,85,56,0.00,0.0,0
1996-08-01,88,55,0.01,0.0,0
1996-08-02,86,55,0.00,0.0,0
1996-08-03,85,54,0.00,0.0,0
1996-08-04,85,51,0.04,0.0,0
1996-08-05,88,54,0.00,0.0,0
1996-08-06,86,43,0.00,0.0,0
1996-08-07,M,M,0.00,0.0,0
1996-08-08,86,47,0.00,0.0,0
1996-08-09,77,51,0.04,0.0,0
1996-08-10,84,50,0.06,0.0,0
1996-08-11,88,58,0.00,0.0,0
1996-08-12,89,59,0.00,0.0,0
1996-08-13,91,58,0.00,0.0,0
1996-08-14,89,57,0.00,0.0,0
1996-08-15,91,56,0.07,0.0,0
1996-08-16,84,51,0.52,0.0,0
1996-08-17,84,51,0.05,0.0,0
1996-08-18,84,52,0.00,0.0,0
1996-08-19,86,51,0.00,0.0,0
1996-08-20,83,50,0.00,0.0,0
1996-08-21,82,55,0.27,0.0,0
1996-08-22,77,55,0.66,0.0,0
1996-08-23,74,55,0.88,0.0,0
1996-08-24,78,54,0.05,0.0,0
1996-08-25,78,M,0.00,0.0,0
1996-08-26,79,52,0.03,0.0,0
1996-08-27,75,50,0.00,0.0,0
1996-08-28,81,51,0.00,0.0,0
1996-08-29,81,52,0.00,0.0,0
1996-08-30,84,56,0.00,0.0,0
1996-08-31,83,53,0.00,0.0,0
1996-09-01,86,54,0.00,0.0,0
1996-09-02,85,49,0.05,0.0,0
1996-09-03,85,50,0.00,0.0,0
1996-09-04,86,51,0.00,0.0,0
1996-09-05,84,50,T,0.0,0
1996-09-06,80,52,T,0.0,0
1996-09-07,81,44,0.00,0.0,0
1996-09-08,81,48,0.00,0.0,0
1996-09-09,82,50,0.00,0.0,0
1996-09-10,84,52,0.00,0.0,0
1996-09-11,79,51,0.00,0.0,0
1996-09-12,78,50,0.07,0.0,0
1996-09-13,M,M,S,0.0,0
1996-09-14,M,M,0.34A,0.0,0
1996-09-15,M,38,0.00,0.0,0
1996-09-16,M,M,0.00,0.0,0
1996-09-17,72,47,0.00,0.0,0
1996-09-18,57,40,0.26,0.0,0
1996-09-19,61,28,0.05,0.0,0
1996-09-20,68,34,0.00,0.0,0
1996-09-21,78,39,0.00,0.0,0
1996-09-22,80,44,0.00,0.0,0
1996-09-23,79,43,0.00,0.0,0
1996-09-24,72,44,0.06,0.0,0
1996-09-25,74,41,0.00,0.0,0
1996-09-26,69,38,T,0.0,0
1996-09-27,63,26,0.00,0.0,0
1996-09-28,69,35,0.00,0.0,0
1996-09-29,76,42,0.00,0.0,0
1996-09-30,77,44,0.00,0.0,0
1996-10-01,78,42,0.00,0.0,0
1996-10-02,79,45,0.00,0.0,0
1996-10-03,72,43,0.00,0.0,0
1996-10-04,M,45,0.26,0.0,0
1996-10-05,72,45,0.00,0.0,0
1996-10-06,78,44,0.00,0.0,0
1996-10-07,77,46,0.00,0.0,0
1996-10-08,88,39,0.00,0.0,0
1996-10-09,80,43,0.00,0.0,0
1996-10-10,88,43,0.00,0.0,0
1996-10-11,80,42,0.00,0.0,0
1996-10-12,81,44,0.00,0.0,0
1996-10-13,79,42,0.00,0.0,0
1996-10-14,78,36,0.00,0.0,0
1996-10-15,77,48,0.00,0.0,0
1996-10-16,74,35,0.00,0.0,0
1996-10-17,81,30,0.00,0.0,0
1996-10-18,66,24,0.00,0.0,0
1996-10-19,M,39,0.00,0.0,0
1996-10-20,M,39,0.00,0.0,0
1996-10-21,M,28,0.32,0.0,0
1996-10-22,48,10,0.00,0.0,0
1996-10-23,53,24,0.00,0.0,0
1996-10-24,60,24,0.00,0.0,0
1996-10-25,59,33,0.00,0.0,0
1996-10-26,M,20,0.75,2.0,2
1996-10-27,38,31,0.00,0.0,M
1996-10-28,50,20,0.00,0.0,M
1996-10-29,M,28,0.21,0.0,0
1996-10-30,55,22,0.00,0.0,0
1996-10-31,58,31,0.00,0.0,0
1996-11-01,53,21,0.00,0.0,0
1996-11-02,M,M,0.00,0.0,0
1996-11-03,M,M,0.00,0.0,0
1996-11-04,56,32,0.00,0.0,0
1996-11-05,54,26,0.00,0.0,0
1996-11-06,57,27,0.00,0.0,0
1996-11-07,48,19,0.00,0.0,0
1996-11-08,56,21,0.00,0.0,0
1996-11-09,M,M,0.00,0.0,0
1996-11-10,M,M,0.00,0.0,0
1996-11-11,65,27,0.00,0.0,0
1996-11-12,65,30,0.00,0.0,0
1996-11-13,60,30,0.00,0.0,0
1996-11-14,59,29,0.00,0.0,0
1996-11-15,55,38,T,0.0,0
1996-11-16,M,M,0.33,0.0,0
1996-11-17,41,14,0.00,0.0,0
1996-11-18,56,12,0.00,0.0,0
1996-11-19,62,29,0.00,0.0,0
1996-11-20,61,27,0.00,0.0,0
1996-11-21,61,31,0.00,0.0,0
1996-11-22,57,35,0.00,0.0,0
1996-11-23,M,34,T,0.0,0
1996-11-24,45,23,0.00,0.0,0
1996-11-25,50,23,0.00,0.0,0
1996-11-26,44,24,0.00,0.0,0
1996-11-27,47,20,0.00,0.0,0
1996-11-28,46,26,0.22,2.0,2
1996-11-29,32,27,0.00,0.0,2
1996-11-30,36,18,0.43,4.3,7
1996-12-01,34,6,0.00,0.0,0
1996-12-02,34,10,0.00,0.0,0
1996-12-03,37,4,0.00,0.0,0
1996-12-04,36,12,0.00,0.0,0
1996-12-05,42,6,0.00,0.0,0
1996-12-06,37,28,0.00,0.0,0
1996-12-07,42,18,0.00,0.0,0
1996-12-08,46,22,0.00,0.0,0
1996-12-09,54,16,0.00,0.0,0
1996-12-10,49,23,0.00,0.0,0
1996-12-11,44,32,0.00,0.0,0
1996-12-12,51,26,0.00,0.0,0
1996-12-13,53,25,0.00,0.0,0
1996-12-14,50,23,0.00,0.0,0
1996-12-15,40,20,0.00,0.0,0
1996-12-16,43,11,0.00,0.0,0
1996-12-17,M,-5,0.00,0.0,0
1996-12-18,38,3,0.00,0.0,0
1996-12-19,34,3,0.00,0.0,0
1996-12-20,38,8,0.00,0.0,0
1996-12-21,41,9,0.00,0.0,0
1996-12-22,47,27,0.00,0.0,0
1996-12-23,34,26,0.07,0.0,0
1996-12-24,34,11,0.00,0.0,0
1996-12-25,42,17,0.00,0.0,0
1996-12-26,45,17,0.00,0.0,0
1996-12-27,50,22,0.00,0.0,0
1996-12-28,44,23,0.00,0.0,0
1996-12-29,50,20,0.00,0.0,0
1996-12-30,M,M,0.00,0.0,0
1996-12-31,M,M,0.00,0.0,0
1997-01-01,M,M,M,0.0,0
1997-01-02,M,M,M,0.0,0
1997-01-03,M,M,M,0.0,0
1997-01-04,M,M,M,0.0,0
1997-01-05,M,M,M,0.0,0
1997-01-06,28,18,0.34,0.0,0
1997-01-07,34,14,0.00,0.0,0
1997-01-08,32,4,0.00,0.0,0
1997-01-09,31,3,0.00,0.0,0
1997-01-10,40,11,0.00,0.0,0
1997-01-11,M,14,0.00,0.0,0
1997-01-12,M,5,0.61,12.0,12
1997-01-13,18,5,0.00,0.0,M
1997-01-14,26,8,0.16,1.6,M
1997-01-15,M,6,0.00,0.0,M
1997-01-16,M,4,0.00,0.0,M
1997-01-17,M,M,0.00,0.0,M
1997-01-18,48,9,0.00,0.0,M
1997-01-19,48,14,0.00,0.0,M
1997-01-20,M,9,0.00,0.0,M
1997-01-21,42,24,0.00,0.0,M
1997-01-22,40,14,0.00,0.0,M
1997-01-23,41,27,T,0.0,M
1997-01-24,40,30,0.00,0.0,M
1997-01-25,42,14,0.14,1.4,M
1997-01-26,38,30,0.14,1.4,M
1997-01-27,47,14,0.00,0.0,M
1997-01-28,40,25,0.00,0.0,M
1997-01-29,44,23,0.00,0.0,M
1997-01-30,48,18,0.00,0.0,M
1997-01-31,54,24,0.00,0.0,M
1997-02-01,52,28,0.00,0.0,0
1997-02-02,M,24,0.00,0.0,0
1997-02-03,45,24,0.00,0.0,0
1997-02-04,45,20,0.00,0.0,0
1997-02-05,43,28,0.00,0.0,0
1997-02-06,38,26,0.11,0.0,0
1997-02-07,37,9,0.00,0.0,0
1997-02-08,36,14,0.00,0.0,0
1997-02-09,44,18,0.00,0.0,0
1997-02-10,48,14,0.00,0.0,0
1997-02-11,52,23,0.00,0.0,0
1997-02-12,48,19,0.00,0.0,0
1997-02-13,41,28,0.10,0.0,0
1997-02-14,49,16,0.00,0.0,0
1997-02-15,48,20,0.00,0.0,0
1997-02-16,53,24,0.00,0.0,0
1997-02-17,54,20,0.00,0.0,0
1997-02-18,58,30,0.00,0.0,0
1997-02-19,53,31,0.00,0.0,0
1997-02-20,53,24,0.00,0.0,0
1997-02-21,M,22,0.00,0.0,0
1997-02-22,M,14,0.00,0.0,0
1997-02-23,M,M,S,0.0,0
1997-02-24,M,13,0.01A,0.0,0
1997-02-25,M,M,S,0.0,0
1997-02-26,42,15,0.01A,0.0,0
1997-02-27,40,18,0.00,0.0,0
1997-02-28,38,29,0.00,0.0,0
1997-03-01,38,12,0.03,2.0,M
1997-03-02,50,16,0.00,0.0,0
1997-03-03,55,11,0.00,0.0,0
1997-03-04,49,19,0.00,0.0,0
1997-03-05,49,11,0.00,0.0,0
1997-03-06,56,11,0.00,0.0,0
1997-03-07,62,11,0.00,0.0,0
1997-03-08,64,30,0.00,0.0,0
1997-03-09,63,31,0.00,0.0,0
1997-03-10,65,25,0.00,0.0,0
1997-03-11,70,23,0.00,0.0,0
1997-03-12,68,32,0.00,0.0,0
1997-03-13,68,30,0.00,0.0,0
1997-03-14,62,24,0.00,0.0,0
1997-03-15,65,24,0.00,0.0,0
1997-03-16,66,30,0.00,0.0,0
1997-03-17,64,22,0.00,0.0,0
1997-03-18,65,26,0.00,0.0,0
1997-03-19,70,30,0.00,0.0,0
1997-03-20,75,36,0.00,0.0,0
1997-03-21,75,35,0.00,0.0,0
1997-03-22,66,32,0.00,0.0,0
1997-03-23,69,37,0.00,0.0,0
1997-03-24,M,34,0.00,0.0,0
1997-03-25,49,26,0.00,0.0,0
1997-03-26,56,20,0.00,0.0,0
1997-03-27,63,12,0.00,0.0,0
1997-03-28,67,41,0.00,0.0,0
1997-03-29,M,35,0.00,0.0,0
1997-03-30,61,24,0.00,0.0,0
1997-03-31,63,25,0.00,0.0,0
1997-04-01,M,30,0.00,0.0,0
1997-04-02,63,34,0.00,0.0,0
1997-04-03,61,35,0.00,0.0,0
1997-04-04,55,33,0.29,0.0,0
1997-04-05,M,M,0.00,0.0,0
1997-04-06,47,M,0.00,0.0,0
1997-04-07,51,15,0.00,0.0,0
1997-04-08,60,26,0.00,0.0,0
1997-04-09,54,30,0.00,0.0,0
1997-04-10,56,30,0.00,0.0,0
1997-04-11,M,M,0.01,0.1,0
1997-04-12,M,M,0.00,0.0,0
1997-04-13,M,M,0.00,0.0,0
1997-04-14,60,19,0.00,0.0,0
1997-04-15,M,30,0.00,0.0,0
1997-04-16,67,39,0.07,0.0,0
1997-04-17,66,34,0.00,0.0,0
1997-04-18,69,33,0.00,0.0,0
1997-04-19,69,38,0.00,0.0,0
1997-04-20,69,33,0.00,0.0,0
1997-04-21,68,31,0.00,0.0,0
1997-04-22,67,25,0.06,0.0,0
1997-04-23,64,33,0.00,0.0,0
1997-04-24,54,34,0.47,1.0,0
1997-04-25,47,34,T,T,0
1997-04-26,51,27,0.00,0.0,0
1997-04-27,62,34,0.02,0.0,0
1997-04-28,65,36,0.00,0.0,0
1997-04-29,65,35,0.00,0.0,0
1997-04-30,63,24,0.06,0.0,0
1997-05-01,61,38,0.01,0.0,0
1997-05-02,58,30,0.00,0.0,0
1997-05-03,71,32,0.00,0.0,0
1997-05-04,76,41,0.00,0.0,0
1997-05-05,75,31,0.00,0.0,0
1997-05-06,77,46,0.00,0.0,0
1997-05-07,75,40,0.00,0.0,0
1997-05-08,74,39,0.00,0.0,0
1997-05-09,M,42,0.00,0.0,0
1997-05-10,70,37,0.48,0.0,0
1997-05-11,72,40,0.00,0.0,0
1997-05-12,70,40,0.22,0.0,0
1997-05-13,78,31,0.00,0.0,0
1997-05-14,75,45,0.00,0.0,0
1997-05-15,76,43,0.00,0.0,0
1997-05-16,72,44,0.00,0.0,0
1997-05-17,76,42,0.08,0.0,0
1997-05-18,77,42,0.00,0.0,0
1997-05-19,M,44,0.06,0.0,0
1997-05-20,67,41,0.23,0.0,0
1997-05-21,60,45,0.17,0.0,0
1997-05-22,59,44,0.00,0.0,0
1997-05-23,69,36,0.00,0.0,0
1997-05-24,59,43,0.33,0.0,0
1997-05-25,64,36,0.00,0.0,0
1997-05-26,65,35,0.26,0.0,0
1997-05-27,69,33,0.00,0.0,0
1997-05-28,74,41,0.00,0.0,0
1997-05-29,79,45,0.00,0.0,0
1997-05-30,81,45,0.00,0.0,0
1997-05-31,84,46,0.00,0.0,0
1997-06-01,86,49,0.00,0.0,0
1997-06-02,85,46,0.00,0.0,0
1997-06-03,87,50,0.00,0.0,0
1997-06-04,86,57,0.00,0.0,0
1997-06-05,79,54,0.10,0.0,0
1997-06-06,74,46,0.10,0.0,0
1997-06-07,64,48,0.45,0.0,0
1997-06-08,M,44,0.62,0.0,0
1997-06-09,65,37,0.04,0.0,0
1997-06-10,75,47,0.03,0.0,0
1997-06-11,78,42,0.00,0.0,0
1997-06-12,77,43,0.00,0.0,0
1997-06-13,74,43,0.05,0.0,0
1997-06-14,72,44,0.00,0.0,0
1997-06-15,71,41,0.00,0.0,0
1997-06-16,M,44,0.14,0.0,0
1997-06-17,76,43,0.00,0.0,0
1997-06-18,84,53,0.04,0.0,0
1997-06-19,85,41,0.00,0.0,0
1997-06-20,84,40,0.00,0.0,0
1997-06-21,86,39,0.00,0.0,0
1997-06-22,84,49,0.00,0.0,0
1997-06-23,87,40,0.00,0.0,0
1997-06-24,M,47,0.00,0.0,0
1997-06-25,85,46,0.00,0.0,0
1997-06-26,80,47,0.04,0.0,0
1997-06-27,80,45,0.00,0.0,0
1997-06-28,84,48,0.00,0.0,0
1997-06-29,85,44,0.00,0.0,0
1997-06-30,89,45,0.00,0.0,0
1997-07-01,M,39,0.00,0.0,0
1997-07-02,90,47,0.00,0.0,0
1997-07-03,89,50,0.00,0.0,0
1997-07-04,M,50,0.00,0.0,0
1997-07-05,82,49,0.00,0.0,0
1997-07-06,81,51,0.00,0.0,0
1997-07-07,88,50,0.00,0.0,0
1997-07-08,85,52,0.00,0.0,0
1997-07-09,85,50,0.00,0.0,0
1997-07-10,85,54,0.05,0.0,0
1997-07-11,80,53,0.05,0.0,0
1997-07-12,84,46,0.00,0.0,0
1997-07-13,90,50,0.00,0.0,0
1997-07-14,91,53,0.00,0.0,0
1997-07-15,94,55,0.00,0.0,0
1997-07-16,92,56,T,0.0,0
1997-07-17,90,53,0.00,0.0,0
1997-07-18,91,54,0.00,0.0,0
1997-07-19,87,55,0.00,0.0,0
1997-07-20,M,51,0.00,0.0,0
1997-07-21,84,54,0.07,0.0,0
1997-07-22,82,54,0.00,0.0,0
1997-07-23,84,54,0.00,0.0,0
1997-07-24,88,53,0.00,0.0,0
1997-07-25,90,52,0.00,0.0,0
1997-07-26,M,58,0.00,0.0,0
1997-07-27,81,53,0.00,0.0,0
1997-07-28,80,54,0.17,0.0,0
1997-07-29,76,55,0.14,0.0,0
1997-07-30,75,56,0.06,0.0,0
1997-07-31,75,56,0.31,0.0,0
1997-08-01,84,56,0.00,0.0,0
1997-08-02,M,59,0.00,0.0,0
1997-08-03,M,55,0.00,0.0,0
1997-08-04,82,60,0.00,0.0,0
1997-08-05,75,57,0.08,0.0,0
1997-08-06,80,55,0.05,0.0,0
1997-08-07,77,53,0.10,0.0,0
1997-08-08,85,50,0.07,0.0,0
1997-08-09,84,51,0.00,0.0,0
1997-08-10,M,57,0.14,0.0,0
1997-08-11,82,47,0.03,0.0,0
1997-08-12,80,50,0.00,0.0,0
1997-08-13,80,50,0.00,0.0,0
1997-08-14,86,54,0.13,0.0,0
1997-08-15,83,55,0.00,0.0,0
1997-08-16,84,50,0.00,0.0,0
1997-08-17,83,52,0.00,0.0,0
1997-08-18,M,55,0.45,0.0,0
1997-08-19,83,49,0.00,0.0,0
1997-08-20,86,55,0.00,0.0,0
1997-08-21,86,54,T,0.0,0
1997-08-22,84,52,0.00,0.0,0
1997-08-23,M,52,0.00,0.0,0
1997-08-24,84,52,0.11,0.0,0
1997-08-25,85,55,0.00,0.0,0
1997-08-26,88,55,0.06,0.0,0
1997-08-27,89,55,0.00,0.0,0
1997-08-28,90,55,0.00,0.0,0
1997-08-29,86,52,0.00,0.0,0
1997-08-30,84,54,0.00,0.0,0
1997-08-31,M,53,0.23,0.0,0
1997-09-01,84,52,0.00,0.0,0
1997-09-02,86,55,0.00,0.0,0
1997-09-03,84,55,0.00,0.0,0
1997-09-04,84,55,0.01,0.0,0
1997-09-05,82,53,0.00,0.0,0
1997-09-06,84,54,0.00,0.0,0
1997-09-07,82,54,0.00,0.0,0
1997-09-08,88,52,0.00,0.0,0
1997-09-09,78,54,0.07,0.0,0
1997-09-10,76,49,0.28,0.0,0
1997-09-11,76,49,0.32,0.0,0
1997-09-12,79,48,0.02,0.0,0
1997-09-13,80,48,0.06,0.0,0
1997-09-14,80,48,0.00,0.0,0
1997-09-15,84,51,0.00,0.0,0
1997-09-16,77,48,0.00,0.0,0
1997-09-17,83,51,0.00,0.0,0
1997-09-18,85,50,0.00,0.0,0
1997-09-19,82,47,0.10,0.0,0
1997-09-20,63,50,0.52,0.0,0
1997-09-21,M,52,0.40,0.0,0
1997-09-22,72,49,0.00,0.0,0
1997-09-23,70,40,0.00,0.0,0
1997-09-24,70,43,0.00,0.0,0
1997-09-25,75,44,0.00,0.0,0
1997-09-26,79,50,0.00,0.0,0
1997-09-27,80,49,0.00,0.0,0
1997-09-28,M,46,0.00,0.0,0
1997-09-29,80,46,0.00,0.0,0
1997-09-30,81,45,0.00,0.0,0
1997-10-01,79,47,0.00,0.0,0
1997-10-02,79,43,0.01,0.0,0
1997-10-03,71,45,0.04,0.0,0
1997-10-04,80,43,0.00,0.0,0
1997-10-05,82,43,0.00,0.0,0
1997-10-06,78,46,0.00,0.0,0
1997-10-07,76,43,0.00,0.0,0
1997-10-08,62,32,0.21,M,0
1997-10-09,70,34,0.00,0.0,0
1997-10-10,73,46,0.00,0.0,0
1997-10-11,73,33,0.00,0.0,0
1997-10-12,M,33,0.00,0.0,0
1997-10-13,56,22,0.00,0.0,0
1997-10-14,67,32,0.00,0.0,0
1997-10-15,73,34,0.00,0.0,0
1997-10-16,73,34,0.00,0.0,0
1997-10-17,72,37,0.00,0.0,0
1997-10-18,74,36,0.00,0.0,0
1997-10-19,70,37,0.00,0.0,0
1997-10-20,M,38,0.00,0.0,0
1997-10-21,61,34,0.00,0.0,0
1997-10-22,61,31,0.00,0.0,0
1997-10-23,59,28,0.00,0.0,0
1997-10-24,M,32,0.22,M,M
1997-10-25,34,17,0.00,0.0,0
1997-10-26,48,18,0.00,0.0,0
1997-10-27,59,25,0.00,0.0,0
1997-10-28,63,28,0.00,0.0,0
1997-10-29,60,27,0.00,0.0,0
1997-10-30,63,24,0.00,0.0,0
1997-10-31,62,28,0.00,0.0,0
1997-11-01,M,35,0.00,0.0,0
1997-11-02,55,24,0.00,0.0,0
1997-11-03,M,24,0.00,0.0,0
1997-11-04,65,29,0.00,0.0,0
1997-11-05,56,28,0.00,0.0,0
1997-11-06,60,29,0.00,0.0,0
1997-11-07,62,29,0.00,0.0,0
1997-11-08,60,29,0.00,0.0,0
1997-11-09,M,31,0.21,0.0,0
1997-11-10,M,26,0.20,1.0,0
1997-11-11,M,M,0.20,1.0,0
1997-11-12,46,M,0.00,0.0,0
1997-11-13,M,33,0.00,0.0,0
1997-11-14,37,M,0.00,0.0,0
1997-11-15,27,12,0.28,6.0,6
1997-11-16,34,8,0.00,0.0,M
1997-11-17,45,15,0.00,0.0,M
1997-11-18,45,18,0.00,0.0,M
1997-11-19,52,20,0.00,0.0,M
1997-11-20,54,23,0.00,0.0,M
1997-11-21,40,21,0.00,0.0,0
1997-11-22,44,17,0.00,0.0,0
1997-11-23,46,19,0.00,0.0,0
1997-11-24,58,25,0.00,0.0,0
1997-11-25,62,24,0.00,0.0,0
1997-11-26,47,28,0.00,0.0,0
1997-11-27,M,31,M,M,M
1997-11-28,38,18,M,M,M
1997-11-29,47,21,0.00,0.0,0
1997-11-30,46,20,0.00,0.0,0
1997-12-01,43,28,0.00,0.0,0
1997-12-02,39,29,0.19,0.0,0
1997-12-03,36,25,0.19,6.0,6
1997-12-04,42,11,0.00,0.0,6
1997-12-05,37,12,0.00,0.0,M
1997-12-06,41,12,0.00,0.0,M
1997-12-07,37,22,0.20,7.0,13
1997-12-08,36,28,0.00,0.0,13
1997-12-09,40,24,0.00,0.0,M
1997-12-10,26,14,0.00,0.0,M
1997-12-11,25,15,0.00,0.0,M
1997-12-12,35,-1,0.00,0.0,M
1997-12-13,38,8,0.00,0.0,M
1997-12-14,45,17,0.00,0.0,M
1997-12-15,40,17,0.00,0.0,M
1997-12-16,40,18,0.00,0.0,M
1997-12-17,44,26,0.00,0.0,M
1997-12-18,M,20,0.00,0.0,M
1997-12-19,48,22,0.00,0.0,M
1997-12-20,M,17,0.00,0.0,M
1997-12-21,40,15,0.00,0.0,M
1997-12-22,49,16,0.00,0.0,M
1997-12-23,37,26,0.00,0.0,M
1997-12-24,35,15,0.03,0.0,M
1997-12-25,M,M,0.00,0.0,0
1997-12-26,M,M,0.00,0.0,0
1997-12-27,M,M,0.00,0.0,0
1997-12-28,M,M,0.00,0.0,0
1997-12-29,40,16,0.00,0.0,M
1997-12-30,52,17,0.00,0.0,M
1997-12-31,49,17,0.00,0.0,M
1998-01-01,46,17,0.00,0.0,0
1998-01-02,M,22,0.00,0.0,0
1998-01-03,46,26,0.00,0.0,0
1998-01-04,M,23,0.00,0.0,0
1998-01-05,41,19,0.00,0.0,0
1998-01-06,39,14,0.00,0.0,0
1998-01-07,41,12,0.00,0.0,0
1998-01-08,41,11,0.00,0.0,0
1998-01-09,42,23,0.00,0.0,0
1998-01-10,M,18,0.00,0.0,0
1998-01-11,36,26,0.00,0.0,0
1998-01-12,42,24,0.00,0.0,0
1998-01-13,45,17,0.00,0.0,0
1998-01-14,40,18,0.01,0.2,T
1998-01-15,43,12,0.00,0.0,0
1998-01-16,43,26,0.00,0.0,0
1998-01-17,44,20,0.00,0.0,0
1998-01-18,50,24,0.00,0.0,0
1998-01-19,42,20,0.00,T,0
1998-01-20,40,27,0.00,0.0,0
1998-01-21,40,17,0.00,0.0,0
1998-01-22,40,13,0.00,0.0,0
1998-01-23,44,13,0.00,0.0,0
1998-01-24,47,17,0.00,0.0,0
1998-01-25,44,15,0.00,0.0,0
1998-01-26,53,18,0.00,0.0,0
1998-01-27,56,22,0.00,0.0,0
1998-01-28,55,19,0.00,0.0,0
1998-01-29,52,21,0.00,0.0,0
1998-01-30,52,24,0.00,0.0,0
1998-01-31,M,16,0.00,0.0,0
1998-02-01,44,15,0.00,0.0,0
1998-02-02,48,14,0.00,0.0,0
1998-02-03,50,21,0.00,0.0,0
1998-02-04,48,26,T,0.0,0
1998-02-05,43,20,0.09,2.0,2
1998-02-06,50,21,0.00,0.0,M
1998-02-07,M,21,0.00,0.0,M
1998-02-08,41,21,0.01,0.0,M
1998-02-09,42,19,0.03,0.5,M
1998-02-10,45,18,0.00,0.0,M
1998-02-11,43,14,0.00,0.0,0
1998-02-12,45,15,0.00,0.0,0
1998-02-13,51,16,0.00,0.0,0
1998-02-14,M,M,0.05,0.5,M
1998-02-15,34,21,0.02,T,M
1998-02-16,M,M,0.00,0.0,M
1998-02-17,M,M,0.00,0.0,0
1998-02-18,42,23,T,0.0,0
1998-02-19,44,22,0.00,0.0,0
1998-02-20,48,22,0.00,0.0,0
1998-02-21,46,21,T,0.0,0
1998-02-22,43,22,0.00,0.0,0
1998-02-23,54,29,0.00,0.0,0
1998-02-24,60,28,0.00,0.0,0
1998-02-25,55,22,0.07,0.0,0
1998-02-26,35,15,0.00,0.0,0
1998-02-27,33,11,0.00,0.0,0
1998-02-28,33,4,0.00,0.0,0
1998-03-01,38,7,0.00,0.0,0
1998-03-02,49,13,0.00,0.0,0
1998-03-03,57,12,0.00,0.0,0
1998-03-04,54,21,0.00,0.0,0
1998-03-05,55,27,0.00,0.0,0
1998-03-06,51,28,0.00,0.0,0
1998-03-07,M,26,0.07,0.5,1
1998-03-08,39,10,0.00,0.0,0
1998-03-09,45,12,0.00,0.0,0
1998-03-10,52,12,0.00,0.0,0
1998-03-11,51,22,0.00,0.0,0
1998-03-12,59,15,0.00,0.0,0
1998-03-13,59,26,0.00,0.0,0
1998-03-14,55,29,0.00,0.0,0
1998-03-15,46,35,0.15,0.0,0
1998-03-16,55,34,0.11,0.0,0
1998-03-17,55,34,0.03,0.0,0
1998-03-18,59,25,0.31,0.5,1
1998-03-19,52,16,0.00,0.0,0
1998-03-20,55,24,0.00,0.0,0
1998-03-21,58,23,0.00,0.0,0
1998-03-22,64,26,0.00,0.0,0
1998-03-23,70,30,0.00,0.0,0
1998-03-24,69,36,0.00,0.0,0
1998-03-25,66,31,0.00,0.0,0
1998-03-26,M,32,0.14,0.0,0
1998-03-27,45,31,0.13,0.0,0
1998-03-28,44,26,0.00,0.0,0
1998-03-29,33,M,T,0.0,0
1998-03-30,42,19,0.00,0.0,0
1998-03-31,48,24,0.01,1.0,0
1998-04-01,59,23,0.00,0.0,0
1998-04-02,M,21,0.02,1.0,1
1998-04-03,58,25,0.00,0.0,0
1998-04-04,60,26,0.00,0.0,0
1998-04-05,58,28,0.00,0.0,0
1998-04-06,M,35,0.01,0.0,0
1998-04-07,49,30,0.04,0.4,0
1998-04-08,51,23,0.00,0.0,0
1998-04-09,57,25,0.00,0.0,0
1998-04-10,67,29,0.00,0.0,0
1998-04-11,69,34,0.00,0.0,0
1998-04-12,M,38,0.09,0.0,0
1998-04-13,73,20,0.01,0.0,0
1998-04-14,58,26,0.00,0.0,0
1998-04-15,52,18,T,0.0,0
1998-04-16,47,21,0.00,0.0,0
1998-04-17,43,28,0.03,0.0,0
1998-04-18,44,25,T,0.0,0
1998-04-19,58,21,0.00,0.0,0
1998-04-20,60,20,0.00,0.0,0
1998-04-21,63,29,0.00,0.0,0
1998-04-22,70,33,0.00,0.0,0
1998-04-23,75,38,0.00,0.0,0
1998-04-24,74,33,0.00,0.0,0
1998-04-25,M,38,0.00,0.0,0
1998-04-26,M,38,0.05,0.0,0
1998-04-27,62,25,0.00,0.0,0
1998-04-28,60,29,0.00,0.0,0
1998-04-29,65,30,0.00,0.0,0
1998-04-30,71,33,0.00,0.0,0
1998-05-01,72,36,0.00,0.0,0
1998-05-02,73,36,0.00,0.0,0
1998-05-03,72,33,0.00,0.0,0
1998-05-04,74,35,0.00,0.0,0
1998-05-05,72,33,0.00,0.0,0
1998-05-06,70,34,0.00,0.0,0
1998-05-07,67,33,0.00,0.0,0
1998-05-08,66,31,0.00,0.0,0
1998-05-09,68,30,0.00,0.0,0
1998-05-10,71,33,0.00,0.0,0
1998-05-11,72,28,0.00,0.0,0
1998-05-12,73,33,0.00,0.0,0
1998-05-13,75,33,0.00,0.0,0
1998-05-14,M,39,0.00,0.0,0
1998-05-15,65,33,0.00,0.0,0
1998-05-16,M,M,0.00,0.0,0
1998-05-17,M,M,0.00,0.0,0
1998-05-18,82,M,0.00,0.0,0
1998-05-19,82,44,0.00,0.0,0
1998-05-20,79,36,0.00,0.0,0
1998-05-21,75,43,0.00,0.0,0
1998-05-22,73,33,0.00,0.0,0
1998-05-23,75,40,0.00,0.0,0
1998-05-24,79,41,0.00,0.0,0
1998-05-25,M,44,0.00,0.0,0
1998-05-26,76,46,0.00,0.0,0
1998-05-27,81,38,0.00,0.0,0
1998-05-28,84,45,0.00,0.0,0
1998-05-29,85,42,0.00,0.0,0
1998-05-30,82,49,0.00,0.0,0
1998-05-31,84,48,0.00,0.0,0
1998-06-01,86,52,0.00,0.0,0
1998-06-02,87,36,0.00,0.0,0
1998-06-03,84,48,0.00,0.0,0
1998-06-04,M,41,0.00,0.0,0
1998-06-05,71,36,0.00,0.0,0
1998-06-06,72,35,0.00,0.0,0
1998-06-07,74,48,0.00,0.0,0
1998-06-08,73,38,0.00,0.0,0
1998-06-09,77,37,0.00,0.0,0
1998-06-10,76,41,0.00,0.0,0
1998-06-11,73,36,T,0.0,0
1998-06-12,78,39,0.00,0.0,0
1998-06-13,77,28,0.00,0.0,0
1998-06-14,78,42,0.00,0.0,0
1998-06-15,77,36,0.00,0.0,0
1998-06-16,83,38,0.00,0.0,0
1998-06-17,83,39,0.00,0.0,0
1998-06-18,78,31,0.00,0.0,0
1998-06-19,85,40,0.00,0.0,0
1998-06-20,85,49,0.00,0.0,0
1998-06-21,85,43,0.00,0.0,0
1998-06-22,86,46,0.00,0.0,0
1998-06-23,86,42,0.00,0.0,0
1998-06-24,86,41,T,0.0,0
1998-06-25,89,35,0.00,0.0,0
1998-06-26,88,47,0.00,0.0,0
1998-06-27,92,51,0.00,0.0,0
1998-06-28,95,50,0.00,0.0,0
1998-06-29,98,56,0.00,0.0,0
1998-06-30,96,54,0.11,0.0,0
1998-07-01,87,51,0.01,0.0,0
1998-07-02,85,51,0.00,0.0,0
1998-07-03,86,52,0.00,0.0,0
1998-07-04,81,58,0.05,0.0,0
1998-07-05,89,M,0.00,0.0,0
1998-07-06,89,52,0.00,0.0,0
1998-07-07,84,58,0.05,0.0,0
1998-07-08,77,55,0.21,0.0,0
1998-07-09,M,M,0.00,0.0,0
1998-07-10,85,54,0.42,0.0,0
1998-07-11,92,55,0.00,0.0,0
1998-07-12,M,M,0.17,0.0,0
1998-07-13,82,M,0.00,0.0,0
1998-07-14,87,54,0.00,0.0,0
1998-07-15,91,56,0.00,0.0,0
1998-07-16,87,57,0.09,0.0,0
1998-07-17,83,50,T,0.0,0
1998-07-18,90,53,0.00,0.0,0
1998-07-19,95,54,0.15,0.0,0
1998-07-20,93,56,0.00,0.0,0
1998-07-21,91,54,0.00,0.0,0
1998-07-22,93,58,0.00,0.0,0
1998-07-23,85,55,0.00,0.0,0
1998-07-24,84,55,0.00,0.0,0
1998-07-25,79,54,0.11,0.0,0
1998-07-26,71,56,0.19,0.0,0
1998-07-27,75,57,0.08,0.0,0
1998-07-28,81,56,0.11,0.0,0
1998-07-29,87,52,0.00,0.0,0
1998-07-30,87,53,0.00,0.0,0
1998-07-31,M,54,0.00,0.0,0
1998-08-01,80,57,0.48,0.0,0
1998-08-02,85,48,0.00,0.0,0
1998-08-03,86,51,0.00,0.0,0
1998-08-04,M,51,0.26,0.0,0
1998-08-05,77,49,0.26,0.0,0
1998-08-06,82,50,0.13,0.0,0
1998-08-07,87,53,T,0.0,0
1998-08-08,87,55,0.01,0.0,0
1998-08-09,90,55,0.00,0.0,0
1998-08-10,84,59,0.00,0.0,0
1998-08-11,78,56,0.01,0.0,0
1998-08-12,82,52,0.05,0.0,0
1998-08-13,81,49,0.30,0.0,0
1998-08-14,84,48,0.00,0.0,0
1998-08-15,86,51,0.00,0.0,0
1998-08-16,85,52,0.23,0.0,0
1998-08-17,86,54,0.00,0.0,0
1998-08-18,86,55,T,0.0,0
1998-08-19,84,55,T,0.0,0
1998-08-20,83,52,T,0.0,0
1998-08-21,83,57,0.00,0.0,0
1998-08-22,86,56,0.01,0.0,0
1998-08-23,81,60,T,0.0,0
1998-08-24,84,51,T,0.0,0
1998-08-25,91,55,0.00,0.0,0
1998-08-26,M,52,0.00,0.0,0
1998-08-27,95,56,0.00,0.0,0
1998-08-28,90,54,0.00,0.0,0
1998-08-29,M,54,0.00,0.0,0
1998-08-30,88,54,0.04,0.0,0
1998-08-31,87,54,0.00,0.0,0
1998-09-01,79,55,0.09,0.0,0
1998-09-02,78,54,0.20,0.0,0
1998-09-03,86,51,0.00,0.0,0
1998-09-04,86,51,0.00,0.0,0
1998-09-05,85,53,0.00,0.0,0
1998-09-06,86,53,0.00,0.0,0
1998-09-07,87,52,0.00,0.0,0
1998-09-08,M,53,0.00,0.0,0
1998-09-09,82,51,0.00,0.0,0
1998-09-10,82,49,0.00,0.0,0
1998-09-11,85,52,0.00,0.0,0
1998-09-12,M,M,M,M,0
1998-09-13,M,M,0.12,0.0,0
1998-09-14,83,M,0.00,0.0,0
1998-09-15,80,49,0.19,0.0,0
1998-09-16,78,48,0.00,0.0,0
1998-09-17,81,47,0.05,0.0,0
1998-09-18,86,47,0.00,0.0,0
1998-09-19,82,50,0.00,0.0,0
1998-09-20,82,45,0.00,0.0,0
1998-09-21,79,47,0.00,0.0,0
1998-09-22,79,43,0.00,0.0,0
1998-09-23,81,47,0.00,0.0,0
1998-09-24,86,40,0.00,0.0,0
1998-09-25,85,47,0.00,0.0,0
1998-09-26,80,38,0.00,0.0,0
1998-09-27,86,43,0.00,0.0,0
1998-09-28,86,49,0.00,0.0,0
1998-09-29,82,54,0.43,0.0,0
1998-09-30,73,49,0.38,0.0,0
1998-10-01,72,48,0.86,0.0,0
1998-10-02,68,36,0.01,0.0,0
1998-10-03,72,36,0.00,0.0,0
1998-10-04,M,40,0.00,0.0,0
1998-10-05,79,27,0.17,0.0,0
1998-10-06,61,28,0.00,0.0,0
1998-10-07,69,34,0.00,0.0,0
1998-10-08,73,40,0.00,0.0,0
1998-10-09,74,41,0.00,0.0,0
1998-10-10,M,M,0.00,0.0,M
1998-10-11,M,M,0.00,0.0,M
1998-10-12,M,M,0.00,0.0,M
1998-10-13,72,45,0.00,0.0,0
1998-10-14,78,39,0.00,0.0,0
1998-10-15,75,40,0.00,0.0,0
1998-10-16,72,33,0.00,0.0,0
1998-10-17,54,27,0.00,0.0,0
1998-10-18,61,28,0.00,0.0,0
1998-10-19,66,35,0.00,0.0,0
1998-10-20,65,42,0.03,0.0,0
1998-10-21,54,37,0.12,0.0,0
1998-10-22,48,42,0.04,0.0,0
1998-10-23,63,46,0.00,0.0,0
1998-10-24,64,36,0.00,0.0,0
1998-10-25,65,41,0.96,0.0,0
1998-10-26,65,32,0.22,M,M
1998-10-27,51,44,0.50,0.0,0
1998-10-28,52,36,0.35,0.0,0
1998-10-29,58,29,M,M,M
1998-10-30,56,37,0.10,0.0,0
1998-10-31,M,M,0.85,0.0,0
1998-11-01,M,M,0.30,0.0,0
1998-11-02,51,M,0.27,0.0,0
1998-11-03,52,27,0.00,0.0,0
1998-11-04,50,28,0.00,0.0,0
1998-11-05,49,26,0.00,0.0,0
1998-11-06,53,M,0.00,0.0,0
1998-11-07,M,34,0.00,0.0,0
1998-11-08,48,35,0.05,0.0,0
1998-11-09,M,25,0.26,0.0,0
1998-11-10,35,21,0.00,0.0,0
1998-11-11,42,21,0.00,0.0,0
1998-11-12,59,16,0.02,0.0,0
1998-11-13,55,28,0.00,0.0,0
1998-11-14,63,32,0.00,0.0,0
1998-11-15,M,34,0.00,0.0,0
1998-11-16,64,33,0.00,0.0,0
1998-11-17,58,29,0.00,0.0,0
1998-11-18,57,24,0.00,0.0,0
1998-11-19,51,23,0.00,0.0,0
1998-11-20,50,20,0.00,0.0,0
1998-11-21,59,29,0.00,0.0,0
1998-11-22,63,28,0.00,0.0,0
1998-11-23,62,34,0.00,0.0,0
1998-11-24,63,29,0.00,0.0,0
1998-11-25,61,29,0.00,0.0,0
1998-11-26,M,M,0.00,0.0,0
1998-11-27,64,29,0.00,0.0,0
1998-11-28,M,36,0.00,0.0,0
1998-11-29,M,41,0.18,0.0,0
1998-11-30,57,30,0.00,0.0,0
1998-12-01,56,30,0.00,0.0,0
1998-12-02,55,33,0.00,0.0,0
1998-12-03,61,29,0.00,0.0,0
1998-12-04,58,24,0.00,0.0,0
1998-12-05,53,28,T,0.0,0
1998-12-06,M,26,T,0.0,0
1998-12-07,35,22,0.00,0.0,0
1998-12-08,40,10,0.00,0.0,0
1998-12-09,35,13,0.00,0.0,0
1998-12-10,40,15,0.00,0.0,0
1998-12-11,43,11,0.00,0.0,0
1998-12-12,52,22,0.00,0.0,0
1998-12-13,54,25,0.00,0.0,0
1998-12-14,53,16,0.00,0.0,0
1998-12-15,52,21,0.00,0.0,0
1998-12-16,58,24,0.00,0.0,0
1998-12-17,55,24,0.00,0.0,0
1998-12-18,55,20,0.00,0.0,0
1998-12-19,M,M,S,S,M
1998-12-20,M,M,M,M,M
1998-12-21,31,M,0.01A,0.1A,M
1998-12-22,30,7,0.00,0.0,M
1998-12-23,41,8,0.00,0.0,M
1998-12-24,42,13,0.00,0.0,M
1998-12-25,48,16,0.00,0.0,0
1998-12-26,M,M,M,M,0
1998-12-27,M,M,M,M,0
1998-12-28,50,M,0.00,0.0,0
1998-12-29,56,23,0.00,0.0,0
1998-12-30,58,22,0.00,0.0,0
1998-12-31,M,22,0.00,0.0,0
1999-01-01,46,30,0.00,0.0,0
1999-01-02,44,20,0.00,0.0,0
1999-01-03,M,24,0.00,0.0,0
1999-01-04,40,13,0.00,0.0,0
1999-01-05,50,14,0.00,0.0,0
1999-01-06,53,21,0.00,0.0,0
1999-01-07,55,17,0.00,0.0,0
1999-01-08,50,16,0.00,0.0,0
1999-01-09,M,16,0.00,0.0,0
1999-01-10,M,M,0.00,0.0,0
1999-01-11,60,21,0.00,0.0,0
1999-01-12,M,19,0.00,0.0,0
1999-01-13,50,19,0.00,0.0,0
1999-01-14,50,16,0.00,0.0,0
1999-01-15,57,11,0.00,0.0,0
1999-01-16,M,29,0.00,0.0,0
1999-01-17,52,35,0.00,0.0,0
1999-01-18,62,26,0.00,0.0,0
1999-01-19,57,30,0.00,0.0,0
1999-01-20,52,27,T,0.0,0
1999-01-21,41,30,0.39,4.0,0
1999-01-22,40,14,T,0.0,0
1999-01-23,51,19,0.00,0.0,0
1999-01-24,50,32,0.00,0.0,0
1999-01-25,52,38,0.00,0.0,0
1999-01-26,45,15,T,0.0,0
1999-01-27,45,16,0.00,0.0,0
1999-01-28,48,13,0.00,0.0,0
1999-01-29,50,22,0.00,0.0,0
1999-01-30,58,28,0.00,0.0,0
1999-01-31,52,24,0.00,0.0,0
1999-02-01,M,26,0.00,0.0,0
1999-02-02,47,15,0.00,0.0,0
1999-02-03,55,21,0.00,0.0,0
1999-02-04,51,24,0.00,0.0,0
1999-02-05,48,33,0.00,0.0,0
1999-02-06,44,31,0.00,0.0,0
1999-02-07,56,24,0.00,0.0,0
1999-02-08,57,30,0.00,0.0,0
1999-02-09,61,28,0.00,0.0,0
1999-02-10,61,22,T,0.0,0
1999-02-11,45,12,T,0.0,0
1999-02-12,51,9,0.00,0.0,0
1999-02-13,62,26,0.00,0.0,0
1999-02-14,62,30,0.00,0.0,0
1999-02-15,54,29,0.00,0.0,0
1999-02-16,60,19,0.00,0.0,0
1999-02-17,54,16,0.00,0.0,0
1999-02-18,55,20,0.00,0.0,0
1999-02-19,56,17,0.00,0.0,0
1999-02-20,55,21,0.00,0.0,0
1999-02-21,55,25,0.00,0.0,0
1999-02-22,M,31,0.00,0.0,0
1999-02-23,54,14,0.00,0.0,0
1999-02-24,61,19,0.00,0.0,0
1999-02-25,62,21,0.00,0.0,0
1999-02-26,60,23,0.00,0.0,0
1999-02-27,62,20,0.00,0.0,0
1999-02-28,63,27,0.00,0.0,0
1999-03-01,66,32,0.00,0.0,0
1999-03-02,61,25,0.00,0.0,0
1999-03-03,64,20,0.00,0.0,0
1999-03-04,62,25,0.00,0.0,0
1999-03-05,59,15,0.00,0.0,0
1999-03-06,51,24,0.00,0.0,0
1999-03-07,50,30,0.00,0.0,0
1999-03-08,45,32,0.08,0.5,T
1999-03-09,58,18,0.00,0.0,0
1999-03-10,59,23,0.00,0.0,0
1999-03-11,57,25,0.00,0.0,0
1999-03-12,49,29,0.38,6.0,M
1999-03-13,48,20,0.00,0.0,M
1999-03-14,60,28,0.00,0.0,M
1999-03-15,63,34,0.00,0.0,0
1999-03-16,66,27,0.00,0.0,0
1999-03-17,65,32,0.00,0.0,0
1999-03-18,48,31,0.03,0.0,0
1999-03-19,45,25,0.22,1.0,1
1999-03-20,62,32,0.00,0.0,0
1999-03-21,68,34,0.00,0.0,0
1999-03-22,M,35,0.00,0.0,0
1999-03-23,63,26,0.00,0.0,0
1999-03-24,64,27,0.00,0.0,0
1999-03-25,68,28,0.00,0.0,0
1999-03-26,60,32,T,0.0,0
1999-03-27,65,36,0.00,0.0,0
1999-03-28,64,33,0.00,0.0,0
1999-03-29,65,34,0.00,0.0,0
1999-03-30,69,30,0.00,0.0,0
1999-03-31,67,26,0.00,0.0,0
1999-04-01,60,26,0.00,0.0,0
1999-04-02,M,30,0.66,3.3,3
1999-04-03,42,26,0.09,0.9,0
1999-04-04,47,29,T,T,0
1999-04-05,47,31,0.00,0.0,0
1999-04-06,62,24,0.00,0.0,0
1999-04-07,67,32,0.00,0.0,0
1999-04-08,65,19,0.00,0.0,0
1999-04-09,60,29,0.00,0.0,0
1999-04-10,52,25,0.00,0.0,0
1999-04-11,61,25,0.00,0.0,0
1999-04-12,68,36,0.00,0.0,0
1999-04-13,66,33,0.00,0.0,0
1999-04-14,61,32,0.25,0.0,0
1999-04-15,60,26,0.00,0.0,0
1999-04-16,55,17,0.00,0.0,0
1999-04-17,62,27,0.00,0.0,0
1999-04-18,72,35,0.00,0.0,0
1999-04-19,73,38,0.00,0.0,0
1999-04-20,74,30,0.00,0.0,0
1999-04-21,70,38,0.04,0.0,0
1999-04-22,62,35,0.52,0.0,0
1999-04-23,65,38,0.00,0.0,0
1999-04-24,M,42,0.03,0.0,0
1999-04-25,M,36,0.19,0.0,0
1999-04-26,60,38,0.01,0.0,0
1999-04-27,70,34,0.00,0.0,0
1999-04-28,M,41,T,0.0,0
1999-04-29,65,26,0.02,0.0,0
1999-04-30,61,40,1.10,0.0,0
1999-05-01,M,36,0.51,0.0,0
1999-05-02,60,36,0.00,0.0,0
1999-05-03,54,38,0.07,0.0,0
1999-05-04,48,33,0.19,0.0,0
1999-05-05,50,27,0.02,0.0,0
1999-05-06,57,21,0.00,0.0,0
1999-05-07,69,31,0.00,0.0,0
1999-05-08,M,M,0.00,0.0,0
1999-05-09,M,M,0.00,0.0,0
1999-05-10,65,M,0.00,0.0,0
1999-05-11,64,35,0.00,0.0,0
1999-05-12,70,31,0.00,0.0,0
1999-05-13,77,27,0.00,0.0,0
1999-05-14,77,51,0.00,0.0,0
1999-05-15,75,45,0.00,0.0,0
1999-05-16,M,45,0.00,0.0,0
1999-05-17,71,38,0.00,0.0,0
1999-05-18,73,36,0.00,0.0,0
1999-05-19,76,43,0.00,0.0,0
1999-05-20,88,44,0.00,0.0,0
1999-05-21,78,43,0.00,0.0,0
1999-05-22,79,49,0.08,0.0,0
1999-05-23,76,46,0.12,0.0,0
1999-05-24,64,43,0.34,0.0,0
1999-05-25,64,38,0.17,0.0,0
1999-05-26,63,36,0.00,0.0,0
1999-05-27,72,39,0.00,0.0,0
1999-05-28,72,41,0.00,0.0,0
1999-05-29,70,43,0.00,0.0,0
1999-05-30,76,43,0.05,0.0,0
1999-05-31,74,43,0.00,0.0,0
1999-06-01,74,42,0.00,0.0,0
1999-06-02,79,36,0.00,0.0,0
1999-06-03,76,40,T,0.0,0
1999-06-04,78,40,0.00,0.0,0
1999-06-05,63,34,0.00,0.0,0
1999-06-06,74,34,0.00,0.0,0
1999-06-07,81,44,0.00,0.0,0
1999-06-08,81,45,0.00,0.0,0
1999-06-09,80,43,0.00,0.0,0
1999-06-10,79,40,0.00,0.0,0
1999-06-11,80,43,0.00,0.0,0
1999-06-12,74,46,0.00,0.0,0
1999-06-13,79,41,0.00,0.0,0
1999-06-14,M,59,0.00,0.0,0
1999-06-15,76,43,0.22,0.0,0
1999-06-16,77,46,0.24,0.0,0
1999-06-17,70,47,0.65,0.0,0
1999-06-18,78,44,0.13,0.0,0
1999-06-19,78,49,0.00,0.0,0
1999-06-20,77,50,0.13,0.0,0
1999-06-21,M,52,0.05,0.0,0
1999-06-22,80,48,0.32,0.0,0
1999-06-23,83,46,0.00,0.0,0
1999-06-24,85,49,0.00,0.0,0
1999-06-25,85,52,0.00,0.0,0
1999-06-26,87,50,0.00,0.0,0
1999-06-27,86,52,0.08,0.0,0
1999-06-28,87,52,0.00,0.0,0
1999-06-29,87,50,0.00,0.0,0
1999-06-30,88,42,0.00,0.0,0
1999-07-01,92,49,0.00,0.0,0
1999-07-02,91,50,0.00,0.0,0
1999-07-03,84,57,0.04,0.0,0
1999-07-04,80,58,0.03,0.0,0
1999-07-05,87,56,0.00,0.0,0
1999-07-06,81,56,0.00,0.0,0
1999-07-07,80,54,0.00,0.0,0
1999-07-08,86,55,T,0.0,0
1999-07-09,78,58,0.05,0.0,0
1999-07-10,81,60,0.00,0.0,0
1999-07-11,M,52,0.00,0.0,0
1999-07-12,82,M,0.00,0.0,0
1999-07-13,86,53,0.00,0.0,0
1999-07-14,82,52,0.09,0.0,0
1999-07-15,86,50,0.00,0.0,0
1999-07-16,87,52,0.00,0.0,0
1999-07-17,M,58,0.47,0.0,0
1999-07-18,78,56,0.01,0.0,0
1999-07-19,79,56,0.00,0.0,0
1999-07-20,79,55,0.07,0.0,0
1999-07-21,82,52,0.00,0.0,0
1999-07-22,80,53,0.09,0.0,0
1999-07-23,85,54,0.00,0.0,0
1999-07-24,86,55,0.58,0.0,0
1999-07-25,86,53,0.00,0.0,0
1999-07-26,89,56,0.00,0.0,0
1999-07-27,87,58,0.00,0.0,0
1999-07-28,87,56,0.11,0.0,0
1999-07-29,87,54,0.00,0.0,0
1999-07-30,86,51,0.00,0.0,0
1999-07-31,M,55,0.00,0.0,0
1999-08-01,79,54,0.00,0.0,0
1999-08-02,76,56,0.68,0.0,0
1999-08-03,73,58,0.01,0.0,0
1999-08-04,70,58,0.62,0.0,0
1999-08-05,69,56,2.55,0.0,0
1999-08-06,70,54,0.02,0.0,0
1999-08-07,M,51,0.00,0.0,0
1999-08-08,M,53,0.00,0.0,0
1999-08-09,79,53,0.00,0.0,0
1999-08-10,78,55,0.07,0.0,0
1999-08-11,79,53,0.08,0.0,0
1999-08-12,79,47,0.00,0.0,0
1999-08-13,84,47,0.00,0.0,0
1999-08-14,M,52,0.00,0.0,0
1999-08-15,70,55,1.44,0.0,0
1999-08-16,80,52,0.00,0.0,0
1999-08-17,83,55,0.17,0.0,0
1999-08-18,84,58,0.00,0.0,0
1999-08-19,82,51,0.00,0.0,0
1999-08-20,83,53,0.02,0.0,0
1999-08-21,79,52,0.00,0.0,0
1999-08-22,83,49,0.00,0.0,0
1999-08-23,83,56,0.00,0.0,0
1999-08-24,83,52,0.00,0.0,0
1999-08-25,84,51,0.00,0.0,0
1999-08-26,83,54,0.00,0.0,0
1999-08-27,85,54,0.00,0.0,0
1999-08-28,M,53,0.01,0.0,0
1999-08-29,81,54,0.01,0.0,0
1999-08-30,83,M,0.00,0.0,0
1999-08-31,83,50,0.00,0.0,0
1999-09-01,83,55,0.00,0.0,0
1999-09-02,78,59,0.12,0.0,0
1999-09-03,71,48,0.10,0.0,0
1999-09-04,M,44,0.00,0.0,0
1999-09-05,82,M,0.00,0.0,0
1999-09-06,M,M,0.01,0.0,0
1999-09-07,81,42,0.00,0.0,0
1999-09-08,82,47,0.00,0.0,0
1999-09-09,79,47,0.14,0.0,0
1999-09-10,78,52,0.00,0.0,0
1999-09-11,78,48,0.00,0.0,0
1999-09-12,77,42,0.00,0.0,0
1999-09-13,73,42,0.00,0.0,0
1999-09-14,75,45,0.34,0.0,0
1999-09-15,68,49,0.03,0.0,0
1999-09-16,69,42,0.35,0.0,0
1999-09-17,70,45,0.28,0.0,0
1999-09-18,71,42,T,0.0,0
1999-09-19,71,42,0.00,0.0,0
1999-09-20,75,40,0.00,0.0,0
1999-09-21,73,42,0.00,0.0,0
1999-09-22,75,39,0.00,0.0,0
1999-09-23,71,46,0.05,0.0,0
1999-09-24,72,46,0.00,0.0,0
1999-09-25,77,40,0.00,0.0,0
1999-09-26,83,44,0.00,0.0,0
1999-09-27,M,37,0.00,0.0,0
1999-09-28,79,28,0.00,0.0,0
1999-09-29,66,26,0.00,0.0,0
1999-09-30,79,33,0.00,0.0,0
1999-10-01,79,38,0.00,0.0,0
1999-10-02,77,38,0.00,0.0,0
1999-10-03,76,34,0.00,0.0,0
1999-10-04,78,36,0.00,0.0,0
1999-10-05,80,38,0.00,0.0,0
1999-10-06,76,48,0.00,0.0,0
1999-10-07,71,42,T,0.0,0
1999-10-08,76,32,0.00,0.0,0
1999-10-09,76,37,0.00,0.0,0
1999-10-10,82,42,0.00,0.0,0
1999-10-11,M,43,0.00,0.0,0
1999-10-12,80,39,0.00,0.0,0
1999-10-13,81,40,0.00,0.0,0
1999-10-14,80,39,0.00,0.0,0
1999-10-15,78,32,0.00,0.0,0
1999-10-16,71,32,0.00,0.0,0
1999-10-17,M,24,0.31,5.0,5
1999-10-18,58,22,0.00,0.0,M
1999-10-19,56,28,0.00,0.0,M
1999-10-20,67,27,0.00,0.0,M
1999-10-21,70,32,0.00,0.0,0
1999-10-22,71,40,0.00,0.0,0
1999-10-23,71,36,0.00,0.0,0
1999-10-24,74,35,0.00,0.0,0
1999-10-25,74,38,0.00,0.0,0
1999-10-26,74,35,0.00,0.0,0
1999-10-27,71,36,0.00,0.0,0
1999-10-28,M,35,0.00,0.0,0
1999-10-29,M,30,0.00,0.0,0
1999-10-30,57,23,0.00,0.0,0
1999-10-31,72,31,0.00,0.0,0
1999-11-01,71,36,0.00,0.0,0
1999-11-02,71,18,0.00,0.0,0
1999-11-03,71,36,0.00,0.0,0
1999-11-04,70,30,0.00,0.0,0
1999-11-05,71,32,0.00,0.0,0
1999-11-06,72,33,0.00,0.0,0
1999-11-07,M,36,0.00,0.0,0
1999-11-08,67,35,0.00,0.0,0
1999-11-09,66,31,0.00,0.0,0
1999-11-10,65,30,0.00,0.0,0
1999-11-11,73,36,0.00,0.0,0
1999-11-12,73,35,0.00,0.0,0
1999-11-13,73,38,0.00,0.0,0
1999-11-14,70,28,0.00,0.0,0
1999-11-15,69,34,0.00,0.0,0
1999-11-16,70,34,0.00,0.0,0
1999-11-17,67,31,0.00,0.0,0
1999-11-18,61,16,0.00,0.0,0
1999-11-19,57,23,0.00,0.0,0
1999-11-20,62,24,0.00,0.0,0
1999-11-21,M,28,0.00,0.0,0
1999-11-22,M,28,T,T,0
1999-11-23,41,12,0.00,0.0,0
1999-11-24,42,17,0.00,0.0,0
1999-11-25,46,14,0.00,0.0,0
1999-11-26,59,20,0.00,0.0,0
1999-11-27,62,26,0.00,0.0,0
1999-11-28,62,28,0.00,0.0,0
1999-11-29,62,33,0.00,0.0,0
1999-11-30,58,29,0.00,0.0,0
1999-12-01,53,26,0.00,0.0,0
1999-12-02,49,17,0.00,0.0,0
1999-12-03,43,17,0.00,0.0,0
1999-12-04,40,21,0.06,2.0,2
1999-12-05,42,14,0.00,0.0,M
1999-12-06,50,18,0.00,0.0,M
1999-12-07,45,12,0.00,0.0,0
1999-12-08,46,18,T,0.0,0
1999-12-09,39,12,T,0.0,0
1999-12-10,42,19,0.00,0.0,0
1999-12-11,44,27,0.00,0.0,0
1999-12-12,44,16,0.00,0.0,0
1999-12-13,42,12,0.00,0.0,0
1999-12-14,38,12,0.00,0.0,0
1999-12-15,36,2,0.00,0.0,0
1999-12-16,47,11,0.00,0.0,0
1999-12-17,51,14,0.00,0.0,0
1999-12-18,46,16,0.00,0.0,0
1999-12-19,44,15,0.00,0.0,0
1999-12-20,47,16,0.00,0.0,0
1999-12-21,47,12,T,0.0,0
1999-12-22,36,7,0.00,0.0,0
1999-12-23,43,11,0.00,0.0,0
1999-12-24,50,14,0.00,0.0,0
1999-12-25,M,22,0.00,0.0,0
1999-12-26,43,12,0.00,0.0,0
1999-12-27,55,14,0.00,0.0,0
1999-12-28,57,20,0.00,0.0,0
1999-12-29,57,23,0.00,0.0,0
1999-12-30,52,17,0.00,0.0,0
1999-12-31,50,15,0.00,0.0,0
2000-01-01,M,22,0.00,0.0,0
2000-01-02,M,M,T,T,0
2000-01-03,26,M,0.29,4.0,4
2000-01-04,32,2,0.00,0.0,M
2000-01-05,42,2,0.00,0.0,M
2000-01-06,41,11,0.00,0.0,M
2000-01-07,39,8,0.00,0.0,0
2000-01-08,38,9,0.00,0.0,0
2000-01-09,34,12,0.00,0.0,0
2000-01-10,47,22,0.00,0.0,0
2000-01-11,57,15,0.00,0.0,0
2000-01-12,54,18,0.00,0.0,0
2000-01-13,55,25,0.00,0.0,0
2000-01-14,53,23,0.00,0.0,0
2000-01-15,58,19,0.00,0.0,0
2000-01-16,58,29,0.00,0.0,0
2000-01-17,58,26,0.00,0.0,0
2000-01-18,62,29,0.00,0.0,0
2000-01-19,61,24,0.00,0.0,0
2000-01-20,57,25,0.00,0.0,0
2000-01-21,57,25,T,0.0,0
2000-01-22,49,24,0.00,0.0,0
2000-01-23,49,24,0.00,0.0,0
2000-01-24,48,18,0.00,0.0,0
2000-01-25,46,33,0.08,0.0,0
2000-01-26,47,35,0.28,0.0,0
2000-01-27,47,27,T,0.0,0
2000-01-28,38,15,0.00,0.0,0
2000-01-29,37,10,0.00,0.0,0
2000-01-30,42,10,0.00,0.0,0
2000-01-31,42,20,0.00,0.0,0
2000-02-01,47,20,0.00,0.0,0
2000-02-02,59,17,0.00,0.0,0
2000-02-03,65,23,0.00,0.0,0
2000-02-04,61,24,0.00,0.0,0
2000-02-05,54,20,0.00,0.0,0
2000-02-06,53,25,0.00,0.0,0
2000-02-07,58,26,0.00,0.0,0
2000-02-08,59,26,0.00,0.0,0
2000-02-09,58,25,0.00,0.0,0
2000-02-10,53,25,0.00,0.0,0
2000-02-11,50,19,0.00,0.0,0
2000-02-12,M,M,0.05,0.0,0
2000-02-13,37,M,0.00,0.0,0
2000-02-14,53,30,0.00,0.0,0
2000-02-15,M,M,0.00,0.0,0
2000-02-16,59,M,0.00,0.0,0
2000-02-17,53,21,T,0.0,0
2000-02-18,48,24,0.00,0.0,0
2000-02-19,53,21,0.00,0.0,0
2000-02-20,56,26,0.00,0.0,0
2000-02-21,60,33,0.00,0.0,0
2000-02-22,M,32,0.00,0.0,0
2000-02-23,59,17,0.00,0.0,0
2000-02-24,53,29,0.00,0.0,0
2000-02-25,40,16,0.13,1.0,0
2000-02-26,44,14,0.00,0.0,0
2000-02-27,56,18,0.00,0.0,0
2000-02-28,60,28,0.00,0.0,0
2000-02-29,53,25,T,0.5,0
2000-03-01,51,29,0.00,0.0,0
2000-03-02,48,26,0.01,1.0,1
2000-03-03,59,23,0.00,0.0,0
2000-03-04,61,26,0.00,0.0,0
2000-03-05,M,30,0.09,1.0,1
2000-03-06,50,26,0.00,0.0,0
2000-03-07,51,32,0.13,1.0,1
2000-03-08,47,26,0.00,0.0,0
2000-03-09,50,14,0.00,0.0,0
2000-03-10,47,20,0.00,0.0,0
2000-03-11,53,16,0.00,0.0,0
2000-03-12,58,20,0.00,0.0,0
2000-03-13,62,25,0.00,0.0,0
2000-03-14,65,23,0.00,0.0,0
2000-03-15,63,22,0.00,0.0,0
2000-03-16,54,28,0.02,0.0,0
2000-03-17,62,18,0.00,0.0,0
2000-03-18,M,20,0.00,0.0,0
2000-03-19,58,15,0.00,0.0,0
2000-03-20,M,26,0.00,0.0,0
2000-03-21,53,31,0.00,0.0,0
2000-03-22,58,33,0.21,0.0,0
2000-03-23,54,27,0.00,0.0,0
2000-03-24,63,26,0.00,0.0,0
2000-03-25,64,31,0.00,0.0,0
2000-03-26,64,32,0.00,0.0,0
2000-03-27,69,30,0.00,0.0,0
2000-03-28,66,36,0.06,0.0,0
2000-03-29,59,29,0.00,0.0,0
2000-03-30,57,32,0.07,0.0,0
2000-03-31,48,33,0.33,0.0,0
2000-04-01,38,28,0.04,0.0,0
2000-04-02,50,22,0.00,0.0,0
2000-04-03,47,28,0.00,0.0,0
2000-04-04,73,27,0.00,0.0,0
2000-04-05,72,35,0.00,0.0,0
2000-04-06,70,32,0.00,0.0,0
2000-04-07,73,31,0.00,0.0,0
2000-04-08,M,30,0.00,0.0,0
2000-04-09,69,34,0.00,0.0,0
2000-04-10,73,23,0.00,0.0,0
2000-04-11,70,38,0.05,0.0,0
2000-04-12,69,33,0.00,0.0,0
2000-04-13,73,33,0.00,0.0,0
2000-04-14,73,27,0.00,0.0,0
2000-04-15,M,36,0.00,0.0,0
2000-04-16,68,30,0.00,0.0,0
2000-04-17,75,32,0.00,0.0,0
2000-04-18,77,29,0.00,0.0,0
2000-04-19,72,26,0.00,0.0,0
2000-04-20,72,17,0.00,0.0,0
2000-04-21,71,40,0.00,0.0,0
2000-04-22,M,38,0.00,0.0,0
2000-04-23,70,42,0.00,0.0,0
2000-04-24,72,34,0.00,0.0,0
2000-04-25,76,33,0.00,0.0,0
2000-04-26,80,38,0.00,0.0,0
2000-04-27,81,41,0.00,0.0,0
2000-04-28,M,43,0.00,0.0,0
2000-04-29,80,43,T,0.0,0
2000-04-30,M,41,T,0.0,0
2000-05-01,66,37,0.00,0.0,0
2000-05-02,77,34,0.00,0.0,0
2000-05-03,83,41,0.00,0.0,0
2000-05-04,85,44,0.00,0.0,0
2000-05-05,85,38,0.00,0.0,0
2000-05-06,M,42,0.00,0.0,0
2000-05-07,80,42,0.00,0.0,0
2000-05-08,M,48,T,0.0,0
2000-05-09,77,33,0.00,0.0,0
2000-05-10,84,38,0.00,0.0,0
2000-05-11,83,54,0.00,0.0,0
2000-05-12,77,34,0.00,0.0,0
2000-05-13,64,32,0.00,0.0,0
2000-05-14,77,38,0.00,0.0,0
2000-05-15,84,42,0.00,0.0,0
2000-05-16,82,52,0.00,0.0,0
2000-05-17,72,32,0.00,0.0,0
2000-05-18,69,31,0.00,0.0,0
2000-05-19,68,38,0.30,0.0,0
2000-05-20,74,38,T,0.0,0
2000-05-21,80,40,0.00,0.0,0
2000-05-22,86,47,0.00,0.0,0
2000-05-23,90,47,0.00,0.0,0
2000-05-24,89,58,0.00,0.0,0
2000-05-25,87,56,0.00,0.0,0
2000-05-26,79,44,0.00,0.0,0
2000-05-27,82,44,0.00,0.0,0
2000-05-28,91,48,0.00,0.0,0
2000-05-29,94,54,0.00,0.0,0
2000-05-30,92,45,0.00,0.0,0
2000-05-31,90,45,0.00,0.0,0
2000-06-01,90,52,0.00,0.0,0
2000-06-02,85,50,0.00,0.0,0
2000-06-03,82,48,0.00,0.0,0
2000-06-04,85,49,0.00,0.0,0
2000-06-05,80,49,T,0.0,0
2000-06-06,85,47,0.10,0.0,0
2000-06-07,90,57,0.01,0.0,0
2000-06-08,84,50,T,0.0,0
2000-06-09,83,53,0.01,0.0,0
2000-06-10,82,45,0.00,0.0,0
2000-06-11,84,50,0.00,0.0,0
2000-06-12,87,54,0.00,0.0,0
2000-06-13,87,46,0.00,0.0,0
2000-06-14,85,48,0.00,0.0,0
2000-06-15,90,51,0.00,0.0,0
2000-06-16,90,50,0.00,0.0,0
2000-06-17,M,M,M,0.0,0
2000-06-18,M,M,M,0.0,0
2000-06-19,82,50,0.02,0.0,0
2000-06-20,85,50,T,0.0,0
2000-06-21,89,44,0.00,0.0,0
2000-06-22,88,53,0.00,0.0,0
2000-06-23,86,53,0.00,0.0,0
2000-06-24,88,52,0.00,0.0,0
2000-06-25,90,52,0.00,0.0,0
2000-06-26,M,56,T,0.0,0
2000-06-27,79,56,T,0.0,0
2000-06-28,76,50,0.10,0.0,0
2000-06-29,80,52,0.07,0.0,0
2000-06-30,85,59,0.09,0.0,0
2000-07-01,89,51,0.00,0.0,0
2000-07-02,91,52,0.00,0.0,0
2000-07-03,87,59,0.06,0.0,0
2000-07-04,88,52,0.00,0.0,0
2000-07-05,92,53,0.00,0.0,0
2000-07-06,93,58,0.00,0.0,0
2000-07-07,92,57,0.00,0.0,0
2000-07-08,86,53,0.00,0.0,0
2000-07-09,87,54,0.06,0.0,0
2000-07-10,88,60,0.00,0.0,0
2000-07-11,93,55,0.00,0.0,0
2000-07-12,86,60,0.00,0.0,0
2000-07-13,89,54,0.06,0.0,0
2000-07-14,85,53,0.03,0.0,0
2000-07-15,M,M,M,M,M
2000-07-16,M,M,M,M,M
2000-07-17,83,60,0.25,0.0,0
2000-07-18,84,56,0.02,0.0,0
2000-07-19,93,53,0.00,0.0,0
2000-07-20,92,54,0.00,0.0,0
2000-07-21,90,53,0.00,0.0,0
2000-07-22,90,52,0.00,0.0,0
2000-07-23,87,58,0.00,0.0,0
2000-07-24,91,53,0.00,0.0,0
2000-07-25,92,60,0.15,0.0,0
2000-07-26,93,50,0.05,0.0,0
2000-07-27,90,53,0.20,0.0,0
2000-07-28,90,43,0.00,0.0,0
2000-07-29,M,M,M,M,M
2000-07-30,M,M,0.02,M,M
2000-07-31,85,M,0.20,0.0,0
2000-08-01,90,53,0.00,0.0,0
2000-08-02,93,54,0.00,0.0,0
2000-08-03,92,58,0.00,0.0,0
2000-08-04,91,58,0.00,0.0,0
2000-08-05,98,59,0.00,0.0,0
2000-08-06,94,60,0.00,0.0,0
2000-08-07,87,56,0.00,0.0,0
2000-08-08,92,52,0.00,0.0,0
2000-08-09,92,59,0.00,0.0,0
2000-08-10,88,53,0.00,0.0,0
2000-08-11,90,56,0.00,0.0,0
2000-08-12,90,56,0.21,0.0,0
2000-08-13,88,56,0.00,0.0,0
2000-08-14,89,58,0.08,0.0,0
2000-08-15,92,56,0.12,0.0,0
2000-08-16,93,56,0.06,0.0,0
2000-08-17,84,57,0.01,0.0,0
2000-08-18,69,55,0.46,0.0,0
2000-08-19,89,56,0.39,0.0,0
2000-08-20,82,54,0.00,0.0,0
2000-08-21,88,M,0.00,0.0,0
2000-08-22,88,55,0.08,0.0,0
2000-08-23,85,52,0.00,0.0,0
2000-08-24,86,55,0.00,0.0,0
2000-08-25,87,55,0.00,0.0,0
2000-08-26,89,57,0.00,0.0,0
2000-08-27,90,59,0.00,0.0,0
2000-08-28,88,56,0.05,0.0,0
2000-08-29,87,53,0.08,0.0,0
2000-08-30,80,57,T,0.0,0
2000-08-31,81,53,0.00,0.0,0
2000-09-01,83,51,0.00,0.0,0
2000-09-02,M,M,0.00,0.0,0
2000-09-03,M,M,0.00,0.0,0
2000-09-04,M,M,0.00,0.0,0
2000-09-05,89,58,0.00,0.0,0
2000-09-06,89,54,0.00,0.0,0
2000-09-07,87,53,0.00,0.0,0
2000-09-08,82,54,0.01,0.0,0
2000-09-09,84,49,0.00,0.0,0
2000-09-10,88,50,0.00,0.0,0
2000-09-11,M,52,0.00,0.0,0
2000-09-12,89,52,0.00,0.0,0
2000-09-13,89,51,0.00,0.0,0
2000-09-14,89,50,0.00,0.0,0
2000-09-15,89,52,0.00,0.0,0
2000-09-16,94,54,0.00,0.0,0
2000-09-17,M,57,0.00,0.0,0
2000-09-18,M,58,0.00,0.0,0
2000-09-19,83,43,0.00,0.0,0
2000-09-20,83,50,0.00,0.0,0
2000-09-21,81,43,0.00,0.0,0
2000-09-22,80,47,0.07,0.0,0
2000-09-23,M,M,0.00,0.0,0
2000-09-24,M,M,0.00,0.0,0
2000-09-25,80,30,0.00,0.0,0
2000-09-26,79,36,0.00,0.0,0
2000-09-27,82,47,0.00,0.0,0
2000-09-28,80,47,0.00,0.0,0
2000-09-29,80,48,T,0.0,0
2000-09-30,M,M,0.00,0.0,0
2000-10-01,M,M,0.00,0.0,0
2000-10-02,83,44,0.00,0.0,0
2000-10-03,82,44,0.00,0.0,0
2000-10-04,81,52,0.05,0.0,0
2000-10-05,73,37,0.02,0.0,0
2000-10-06,72,40,0.00,0.0,0
2000-10-07,M,39,0.00,0.0,0
2000-10-08,M,36,0.00,0.0,0
2000-10-09,54,34,0.00,0.0,0
2000-10-10,54,40,0.02,0.0,0
2000-10-11,60,40,0.01,0.0,0
2000-10-12,62,46,0.48,0.0,0
2000-10-13,63,39,0.01,0.0,0
2000-10-14,67,31,0.00,0.0,0
2000-10-15,66,36,0.00,0.0,0
2000-10-16,67,37,0.00,0.0,0
2000-10-17,70,30,0.00,0.0,0
2000-10-18,70,36,0.00,0.0,0
2000-10-19,68,36,0.00,0.0,0
2000-10-20,71,37,0.00,0.0,0
2000-10-21,M,37,0.00,0.0,0
2000-10-22,58,38,0.00,0.0,0
2000-10-23,M,M,0.55,0.0,0
2000-10-24,55,38,0.75,0.0,0
2000-10-25,56,36,T,0.0,0
2000-10-26,58,28,0.00,0.0,0
2000-10-27,60,36,0.00,0.0,0
2000-10-28,M,40,0.60,0.0,0
2000-10-29,52,36,0.00,0.0,0
2000-10-30,55,29,0.00,0.0,0
2000-10-31,52,32,T,0.0,0
2000-11-01,45,26,0.00,0.0,0
2000-11-02,52,20,0.00,0.0,0
2000-11-03,46,31,0.17,T,0
2000-11-04,39,30,0.12,T,0
2000-11-05,42,32,0.00,0.0,0
2000-11-06,38,26,0.00,0.0,0
2000-11-07,40,21,0.00,0.0,0
2000-11-08,42,20,0.01,0.0,0
2000-11-09,45,16,0.00,0.0,0
2000-11-10,46,21,0.00,0.0,0
2000-11-11,M,28,0.00,0.0,0
2000-11-12,32,21,0.10,1.0,0
2000-11-13,34,11,0.00,0.0,0
2000-11-14,37,12,0.00,0.0,0
2000-11-15,39,24,T,0.0,0
2000-11-16,40,12,0.00,0.0,0
2000-11-17,38,11,0.00,0.0,0
2000-11-18,37,12,0.00,0.0,0
2000-11-19,48,14,0.00,0.0,0
2000-11-20,54,15,0.00,0.0,0
2000-11-21,54,17,0.00,0.0,0
2000-11-22,52,30,0.00,0.0,0
2000-11-23,M,30,0.20,M,M
2000-11-24,54,20,0.00,0.0,0
2000-11-25,42,18,0.00,0.0,0
2000-11-26,46,18,0.00,0.0,0
2000-11-27,53,22,0.00,0.0,0
2000-11-28,55,24,0.00,0.0,0
2000-11-29,52,22,0.00,0.0,0
2000-11-30,55,23,0.00,0.0,0
2000-12-01,49,22,0.00,0.0,0
2000-12-02,M,22,0.00,0.0,0
2000-12-03,50,18,0.00,0.0,0
2000-12-04,57,24,0.00,0.0,0
2000-12-05,50,21,0.00,0.0,0
2000-12-06,48,21,0.00,0.0,0
2000-12-07,50,22,0.00,0.0,0
2000-12-08,M,27,0.00,0.0,0
2000-12-09,39,26,0.00,0.0,0
2000-12-10,40,22,T,0.0,0
2000-12-11,39,30,0.06,0.0,0
2000-12-12,36,16,T,0.0,0
2000-12-13,35,27,0.04,0.4,0
2000-12-14,42,16,0.00,0.0,0
2000-12-15,43,21,0.00,0.0,0
2000-12-16,M,17,0.00,0.0,0
2000-12-17,50,M,0.00,0.0,0
2000-12-18,M,9,0.00,0.0,0
2000-12-19,42,8,0.00,0.0,0
2000-12-20,43,11,0.00,0.0,0
2000-12-21,44,11,0.00,0.0,0
2000-12-22,45,13,T,0.0,0
2000-12-23,46,18,0.00,0.0,0
2000-12-24,46,20,0.00,0.0,0
2000-12-25,M,26,0.00,0.0,0
2000-12-26,34,24,0.20,2.0,2
2000-12-27,41,M,0.00,0.0,M
2000-12-28,53,15,0.00,0.0,M
2000-12-29,45,16,0.00,0.0,0
2000-12-30,44,17,0.00,0.0,0
2000-12-31,47,16,0.00,0.0,0
2001-01-01,45,12,0.00,0.0,M
2001-01-02,46,15,0.00,0.0,M
2001-01-03,53,17,0.00,0.0,M
2001-01-04,52,20,0.00,0.0,M
2001-01-05,55,20,0.00,0.0,M
2001-01-06,52,25,0.00,0.0,M
2001-01-07,M,22,0.00,0.0,M
2001-01-08,48,15,0.00,0.0,M
2001-01-09,M,16,0.00,0.0,M
2001-01-10,44,24,0.09,0.0,M
2001-01-11,45,14,0.00,0.0,M
2001-01-12,46,19,0.00,0.0,M
2001-01-13,44,M,0.00,0.0,M
2001-01-14,M,20,0.00,0.0,M
2001-01-15,36,8,0.00,0.0,M
2001-01-16,36,1,0.27,2.7,M
2001-01-17,30,7,0.08,0.8,M
2001-01-18,32,-1,0.00,0.0,M
2001-01-19,33,6,0.00,0.0,M
2001-01-20,35,8,0.00,0.0,M
2001-01-21,37,8,0.00,0.0,M
2001-01-22,41,11,0.00,0.0,M
2001-01-23,40,23,0.00,0.0,M
2001-01-24,47,18,0.00,0.0,M
2001-01-25,43,21,0.06,0.0,M
2001-01-26,41,9,0.00,0.0,M
2001-01-27,36,12,M,M,M
2001-01-28,39,16,0.00,0.0,M
2001-01-29,36,M,0.50,10.0,M
2001-01-30,35,12,0.00,0.0,M
2001-01-31,32,8,0.00,0.0,M
2001-02-01,35,4,0.00,0.0,0
2001-02-02,45,10,0.00,0.0,0
2001-02-03,48,16,0.00,0.0,0
2001-02-04,50,20,0.00,0.0,0
2001-02-05,53,15,0.00,0.0,0
2001-02-06,53,26,0.00,0.0,0
2001-02-07,49,28,0.00,0.0,0
2001-02-08,45,30,0.13,0.0,0
2001-02-09,39,14,0.17,0.0,0
2001-02-10,42,14,0.00,0.0,0
2001-02-11,43,20,0.00,0.0,0
2001-02-12,51,25,0.00,0.0,0
2001-02-13,55,26,0.00,0.0,0
2001-02-14,50,29,T,0.0,0
2001-02-15,42,15,0.00,0.0,0
2001-02-16,44,17,0.00,0.0,0
2001-02-17,50,18,0.00,0.0,0
2001-02-18,51,30,0.00,0.0,0
2001-02-19,53,23,0.00,0.0,0
2001-02-20,55,23,0.00,0.0,0
2001-02-21,55,23,0.00,0.0,0
2001-02-22,57,25,0.00,0.0,0
2001-02-23,55,31,0.00,0.0,0
2001-02-24,M,17,0.00,0.0,0
2001-02-25,M,17,T,0.0,0
2001-02-26,48,32,0.05,0.0,0
2001-02-27,46,31,0.00,0.0,0
2001-02-28,45,37,0.21,0.0,0
2001-03-01,45,21,0.00,0.0,0
2001-03-02,47,20,0.00,0.0,0
2001-03-03,M,M,0.00,0.0,0
2001-03-04,M,20,0.00,0.0,0
2001-03-05,59,20,0.00,0.0,0
2001-03-06,59,33,0.00,0.0,0
2001-03-07,53,33,0.07,0.0,0
2001-03-08,52,35,0.15,0.0,0
2001-03-09,52,36,0.00,0.0,0
2001-03-10,M,M,M,0.0,0
2001-03-11,M,M,M,0.0,0
2001-03-12,48,20,0.05,0.0,0
2001-03-13,57,22,0.00,0.0,0
2001-03-14,57,21,0.00,0.0,0
2001-03-15,M,30,0.00,0.0,0
2001-03-16,51,28,0.00,0.0,0
2001-03-17,M,25,0.05,0.0,0
2001-03-18,46,19,0.00,0.0,0
2001-03-19,58,26,0.00,0.0,0
2001-03-20,68,34,0.00,0.0,0
2001-03-21,72,36,0.00,0.0,0
2001-03-22,67,34,0.00,0.0,0
2001-03-23,65,32,0.00,0.0,0
2001-03-24,M,31,0.00,0.0,0
2001-03-25,62,30,0.00,0.0,0
2001-03-26,60,31,0.00,0.0,0
2001-03-27,62,38,0.00,0.0,0
2001-03-28,60,32,0.00,0.0,0
2001-03-29,55,28,0.00,0.0,0
2001-03-30,59,21,0.00,0.0,0
2001-03-31,60,27,0.00,0.0,0
2001-04-01,60,27,0.00,0.0,0
2001-04-02,69,35,0.00,0.0,0
2001-04-03,67,35,0.00,0.0,0
2001-04-04,70,35,0.00,0.0,0
2001-04-05,70,35,0.00,0.0,0
2001-04-06,65,42,0.00,0.0,0
2001-04-07,53,36,0.24,0.0,0
2001-04-08,65,M,0.00,0.0,0
2001-04-09,65,26,0.00,0.0,0
2001-04-10,58,26,0.00,0.0,0
2001-04-11,48,25,0.00,0.0,0
2001-04-12,50,24,0.00,0.0,0
2001-04-13,63,20,0.00,0.0,0
2001-04-14,M,M,0.00,0.0,0
2001-04-15,70,M,0.00,0.0,0
2001-04-16,75,35,0.00,0.0,0
2001-04-17,M,33,0.00,0.0,0
2001-04-18,75,32,0.00,0.0,0
2001-04-19,75,32,0.00,0.0,0
2001-04-20,67,23,0.00,0.0,0
2001-04-21,62,32,0.00,0.0,0
2001-04-22,M,30,0.00,0.0,0
2001-04-23,61,33,0.00,0.0,0
2001-04-24,68,32,0.00,0.0,0
2001-04-25,74,35,0.00,0.0,0
2001-04-26,76,39,0.00,0.0,0
2001-04-27,76,40,0.10,0.0,0
2001-04-28,M,M,0.00,0.0,0
2001-04-29,73,38,0.00,0.0,0
2001-04-30,77,M,0.00,0.0,0
2001-05-01,80,39,0.00,0.0,0
2001-05-02,78,39,0.00,0.0,0
2001-05-03,73,45,0.00,0.0,0
2001-05-04,M,M,0.36,0.0,0
2001-05-05,M,M,0.05,0.0,0
2001-05-06,M,M,0.00,0.0,0
2001-05-07,75,51,0.00,0.0,0
2001-05-08,76,40,0.00,0.0,0
2001-05-09,75,45,0.00,0.0,0
2001-05-10,81,42,0.00,0.0,0
2001-05-11,80,46,0.00,0.0,0
2001-05-12,77,45,0.00,0.0,0
2001-05-13,74,45,0.00,0.0,0
2001-05-14,77,52,0.00,0.0,0
2001-05-15,78,44,0.00,0.0,0
2001-05-16,86,46,0.00,0.0,0
2001-05-17,85,50,0.00,0.0,0
2001-05-18,80,42,0.00,0.0,0
2001-05-19,M,52,0.00,0.0,0
2001-05-20,75,48,0.00,0.0,0
2001-05-21,M,44,0.17,0.0,0
2001-05-22,76,35,0.00,0.0,0
2001-05-23,81,40,0.00,0.0,0
2001-05-24,84,43,0.00,0.0,0
2001-05-25,82,44,0.00,0.0,0
2001-05-26,89,49,0.00,0.0,0
2001-05-27,88,49,0.00,0.0,0
2001-05-28,83,54,0.00,0.0,0
2001-05-29,79,41,0.00,0.0,0
2001-05-30,83,46,0.00,0.0,0
2001-05-31,83,42,0.00,0.0,0
2001-06-01,85,47,0.00,0.0,0
2001-06-02,88,46,0.00,0.0,0
2001-06-03,M,48,0.00,0.0,0
2001-06-04,M,M,0.00,0.0,0
2001-06-05,80,38,0.00,0.0,0
2001-06-06,87,42,0.00,0.0,0
2001-06-07,87,51,0.00,0.0,0
2001-06-08,82,51,0.07,0.0,0
2001-06-09,89,48,0.00,0.0,0
2001-06-10,91,48,0.00,0.0,0
2001-06-11,90,53,0.03,0.0,0
2001-06-12,87,46,0.00,0.0,0
2001-06-13,83,47,0.00,0.0,0
2001-06-14,M,32,0.00,0.0,0
2001-06-15,73,35,0.00,0.0,0
2001-06-16,89,47,0.00,0.0,0
2001-06-17,90,53,0.00,0.0,0
2001-06-18,89,M,0.00,0.0,0
2001-06-19,90,46,0.00,0.0,0
2001-06-20,88,52,0.00,0.0,0
2001-06-21,88,48,0.02,0.0,0
2001-06-22,89,50,0.05,0.0,0
2001-06-23,M,53,0.12,M,0
2001-06-24,M,M,0.00,0.0,0
2001-06-25,85,50,0.00,0.0,0
2001-06-26,85,50,0.04,0.0,0
2001-06-27,85,42,0.00,0.0,0
2001-06-28,89,50,0.00,0.0,0
2001-06-29,92,55,0.10,0.0,0
2001-06-30,93,M,0.00,0.0,0
2001-07-01,M,M,0.69,M,M
2001-07-02,87,56,0.05,0.0,M
2001-07-03,88,52,0.00,0.0,M
2001-07-04,90,56,0.00,0.0,M
2001-07-05,91,55,0.00,0.0,M
2001-07-06,92,56,0.00,0.0,M
2001-07-07,94,56,0.00,0.0,0
2001-07-08,98,53,0.04,0.0,0
2001-07-09,91,54,0.00,0.0,0
2001-07-10,88,53,0.20,0.0,0
2001-07-11,87,54,0.00,0.0,0
2001-07-12,90,52,0.03,0.0,0
2001-07-13,87,58,0.00,0.0,0
2001-07-14,86,53,0.45,0.0,0
2001-07-15,M,53,0.00,0.0,0
2001-07-16,87,M,0.00,0.0,0
2001-07-17,86,59,0.00,0.0,0
2001-07-18,84,48,0.06,0.0,0
2001-07-19,85,56,0.00,0.0,0
2001-07-20,85,55,0.00,0.0,0
2001-07-21,84,57,0.32,0.0,0
2001-07-22,86,54,0.00,0.0,0
2001-07-23,87,61,0.00,0.0,0
2001-07-24,85,59,0.05,0.0,0
2001-07-25,84,57,0.04,0.0,0
2001-07-26,82,55,0.17,0.0,0
2001-07-27,80,55,0.42,0.0,0
2001-07-28,89,54,0.00,0.0,0
2001-07-29,92,58,0.00,0.0,0
2001-07-30,M,58,0.01,0.0,0
2001-07-31,88,56,0.12,0.0,0
2001-08-01,88,56,0.19,0.0,0
2001-08-02,82,54,0.00,0.0,0
2001-08-03,83,57,0.00,0.0,0
2001-08-04,91,54,0.00,0.0,0
2001-08-05,92,56,0.00,0.0,0
2001-08-06,90,54,0.01,0.0,0
2001-08-07,85,52,0.00,0.0,0
2001-08-08,82,48,0.11,0.0,0
2001-08-09,80,50,0.17,0.0,0
2001-08-10,82,51,0.15,0.0,0
2001-08-11,85,54,0.00,0.0,0
2001-08-12,84,54,0.00,0.0,0
2001-08-13,83,57,0.29,0.0,0
2001-08-14,82,54,0.00,0.0,0
2001-08-15,84,54,0.00,0.0,0
2001-08-16,81,52,0.23,0.0,0
2001-08-17,85,48,0.07,0.0,0
2001-08-18,88,50,0.00,0.0,0
2001-08-19,88,54,0.00,0.0,0
2001-08-20,87,48,0.00,0.0,0
2001-08-21,86,51,0.00,0.0,0
2001-08-22,82,52,0.00,0.0,0
2001-08-23,85,47,0.00,0.0,0
2001-08-24,89,48,0.00,0.0,0
2001-08-25,89,52,0.00,0.0,0
2001-08-26,88,58,0.00,0.0,0
2001-08-27,88,47,0.00,0.0,0
2001-08-28,86,55,0.06,0.0,0
2001-08-29,87,49,0.00,0.0,0
2001-08-30,81,48,0.02,0.0,0
2001-08-31,70,50,0.09,0.0,0
2001-09-01,M,M,0.00,0.0,0
2001-09-02,M,M,0.00,0.0,0
2001-09-03,M,M,0.00,0.0,0
2001-09-04,85,45,T,0.0,0
2001-09-05,87,49,T,0.0,0
2001-09-06,87,45,T,0.0,0
2001-09-07,82,44,T,0.0,0
2001-09-08,M,35,0.00,0.0,0
2001-09-09,M,34,0.00,0.0,0
2001-09-10,82,M,0.00,0.0,0
2001-09-11,M,M,0.00,0.0,0
2001-09-12,86,45,T,0.0,0
2001-09-13,95,58,1.10,0.0,0
2001-09-14,81,53,0.02,0.0,0
2001-09-15,87,50,0.00,0.0,0
2001-09-16,88,49,0.00,0.0,0
2001-09-17,86,47,0.08,0.0,0
2001-09-18,79,44,0.04,0.0,0
2001-09-19,82,44,0.00,0.0,0
2001-09-20,85,49,T,0.0,0
2001-09-21,82,47,T,0.0,0
2001-09-22,82,52,0.00,0.0,0
2001-09-23,90,44,0.00,0.0,0
2001-09-24,91,44,T,0.0,0
2001-09-25,90,48,T,0.0,0
2001-09-26,85,47,T,0.0,0
2001-09-27,90,48,T,0.0,0
2001-09-28,87,49,T,0.0,0
2001-09-29,86,51,0.00,0.0,0
2001-09-30,80,48,0.00,0.0,0
2001-10-01,75,45,0.00,0.0,0
2001-10-02,79,40,0.00,0.0,0
2001-10-03,78,46,0.00,0.0,0
2001-10-04,79,42,0.00,0.0,0
2001-10-05,78,42,0.00,0.0,0
2001-10-06,76,41,0.00,0.0,0
2001-10-07,73,44,0.00,0.0,0
2001-10-08,75,M,0.00,0.0,0
2001-10-09,70,31,0.02,0.0,0
2001-10-10,70,33,0.02,0.0,0
2001-10-11,72,24,0.00,0.0,0
2001-10-12,64,30,0.00,0.0,0
2001-10-13,66,25,0.00,0.0,0
2001-10-14,72,32,0.00,0.0,0
2001-10-15,70,23,0.00,0.0,0
2001-10-16,71,22,0.00,0.0,0
2001-10-17,M,35,0.00,0.0,0
2001-10-18,75,36,0.00,0.0,0
2001-10-19,80,35,0.00,0.0,0
2001-10-20,75,36,0.00,0.0,0
2001-10-21,68,35,0.00,0.0,0
2001-10-22,78,34,0.00,0.0,0
2001-10-23,70,25,0.00,0.0,0
2001-10-24,69,31,0.00,0.0,0
2001-10-25,70,29,0.00,0.0,0
2001-10-26,M,29,0.00,0.0,0
2001-10-27,M,M,M,0.0,0
2001-10-28,M,M,M,0.0,0
2001-10-29,75,34,0.05,0.0,0
2001-10-30,77,40,T,0.0,0
2001-10-31,80,41,T,0.0,0
2001-11-01,72,43,T,0.0,0
2001-11-02,70,35,T,0.0,0
2001-11-03,70,26,T,0.0,0
2001-11-04,69,41,T,0.0,0
2001-11-05,70,36,T,0.0,0
2001-11-06,67,37,T,0.0,0
2001-11-07,67,34,0.00,0.0,0
2001-11-08,60,36,0.51,0.0,0
2001-11-09,58,35,0.10,0.0,0
2001-11-10,M,M,0.00,0.0,0
2001-11-11,M,M,0.00,0.0,0
2001-11-12,M,M,0.00,0.0,0
2001-11-13,60,31,T,0.0,0
2001-11-14,60,34,0.00,0.0,0
2001-11-15,60,38,T,0.0,0
2001-11-16,60,37,0.00,0.0,0
2001-11-17,M,M,0.00,0.0,0
2001-11-18,M,M,0.00,0.0,0
2001-11-19,60,24,T,0.0,0
2001-11-20,64,24,0.00,0.0,0
2001-11-21,59,25,0.00,0.0,0
2001-11-22,M,M,M,0.0,0
2001-11-23,39,25,0.20,0.0,0
2001-11-24,44,29,0.00,0.0,0
2001-11-25,32,28,0.00,0.0,0
2001-11-26,46,18,0.11,0.0,0
2001-11-27,35,14,0.03,0.3,0
2001-11-28,33,2,T,T,T
2001-11-29,37,10,0.00,0.0,0
2001-11-30,38,26,0.00,0.0,0
2001-12-01,48,24,0.00,0.0,0
2001-12-02,50,32,0.00,0.0,0
2001-12-03,50,13,T,0.0,0
2001-12-04,55,28,T,0.0,0
2001-12-05,50,26,T,0.0,0
2001-12-06,48,16,0.00,0.0,0
2001-12-07,41,17,0.00,0.0,0
2001-12-08,M,M,0.00,0.0,0
2001-12-09,M,M,0.00,0.0,0
2001-12-10,47,13,T,0.0,0
2001-12-11,47,16,0.00,0.0,0
2001-12-12,34,19,0.00,0.0,0
2001-12-13,31,M,0.00,0.0,0
2001-12-14,41,16,0.00,0.0,0
2001-12-15,M,M,0.00,0.0,0
2001-12-16,M,M,0.00,0.0,0
2001-12-17,42,11,T,0.0,0
2001-12-18,49,13,0.00,0.0,0
2001-12-19,51,14,0.00,0.0,0
2001-12-20,50,19,0.00,0.0,0
2001-12-21,54,16,0.00,0.0,0
2001-12-22,M,M,0.00,0.0,0
2001-12-23,M,M,0.00,0.0,0
2001-12-24,M,M,0.00,0.0,0
2001-12-25,M,M,0.00,0.0,0
2001-12-26,49,11,0.00,0.0,0
2001-12-27,M,22,0.00,0.0,0
2001-12-28,46,14,0.00,0.0,0
2001-12-29,M,M,M,0.0,0
2001-12-30,M,M,M,0.0,0
2001-12-31,45,16,0.35,0.0,0
2002-01-01,M,M,0.00,0.0,0
2002-01-02,37,13,0.00,0.0,0
2002-01-03,40,10,0.00,0.0,0
2002-01-04,39,16,0.00,0.0,0
2002-01-05,53,19,0.00,0.0,0
2002-01-06,M,M,0.00,0.0,0
2002-01-07,M,M,0.00,0.0,0
2002-01-08,61,26,0.00,0.0,0
2002-01-09,59,25,0.00,0.0,0
2002-01-10,M,30,0.20,2.0,M
2002-01-11,43,12,0.00,0.0,M
2002-01-12,M,M,0.00,0.0,0
2002-01-13,M,M,0.00,0.0,0
2002-01-14,46,13,0.00,0.0,0
2002-01-15,39,21,0.00,0.0,0
2002-01-16,43,27,0.00,0.0,0
2002-01-17,42,23,0.00,0.0,0
2002-01-18,40,14,0.00,0.0,0
2002-01-19,M,M,0.00,0.0,0
2002-01-20,M,M,0.00,0.0,0
2002-01-21,48,2,0.00,0.0,0
2002-01-22,50,16,0.00,0.0,0
2002-01-23,41,8,0.00,0.0,0
2002-01-24,54,19,0.00,0.0,0
2002-01-25,52,24,0.00,0.0,0
2002-01-26,52,30,0.00,0.0,0
2002-01-27,54,19,0.00,0.0,0
2002-01-28,45,28,0.00,0.0,0
2002-01-29,40,M,0.00,0.0,0
2002-01-30,M,M,M,M,M
2002-01-31,61,14,0.58,7.0,7
2002-02-01,33,1,0.00,0.0,0
2002-02-02,M,16,0.00,0.0,0
2002-02-03,43,18,0.00,0.0,0
2002-02-04,40,18,0.00,0.0,0
2002-02-05,38,11,T,T,0
2002-02-06,42,4,0.00,0.0,0
2002-02-07,48,9,0.00,0.0,0
2002-02-08,48,M,0.00,0.0,0
2002-02-09,M,M,0.00,0.0,0
2002-02-10,M,M,0.00,0.0,0
2002-02-11,M,M,0.00,0.0,0
2002-02-12,51,21,0.00,0.0,0
2002-02-13,42,18,0.00,0.0,0
2002-02-14,M,18,0.00,0.0,0
2002-02-15,47,19,0.00,0.0,0
2002-02-16,M,M,0.00,0.0,0
2002-02-17,M,M,0.00,0.0,0
2002-02-18,M,M,0.00,0.0,0
2002-02-19,M,M,0.00,0.0,0
2002-02-20,57,19,0.00,0.0,0
2002-02-21,50,26,0.00,0.0,0
2002-02-22,50,20,0.14,1.4,0
2002-02-23,55,20,0.00,0.0,0
2002-02-24,M,M,0.00,0.0,0
2002-02-25,63,24,0.00,0.0,0
2002-02-26,46,14,0.00,0.0,0
2002-02-27,49,9,0.00,0.0,0
2002-02-28,52,10,0.00,0.0,0
2002-03-01,53,21,0.00,0.0,0
2002-03-02,M,M,0.00,0.0,0
2002-03-03,M,M,0.00,0.0,0
2002-03-04,43,-0,0.00,0.0,0
2002-03-05,50,16,0.00,0.0,0
2002-03-06,62,21,0.00,0.0,0
2002-03-07,59,27,0.00,0.0,0
2002-03-08,55,26,0.00,0.0,0
2002-03-09,M,M,0.00,0.0,0
2002-03-10,M,M,0.00,0.0,0
2002-03-11,60,10,0.00,0.0,0
2002-03-12,65,20,0.00,0.0,0
2002-03-13,70,22,0.00,0.0,0
2002-03-14,68,14,0.00,0.0,0
2002-03-15,47,14,0.00,0.0,0
2002-03-16,46,22,0.00,0.0,0
2002-03-17,48,24,0.00,0.0,0
2002-03-18,48,18,0.00,0.0,0
2002-03-19,59,20,0.00,0.0,0
2002-03-20,65,23,0.00,0.0,0
2002-03-21,69,29,0.00,0.0,0
2002-03-22,67,28,0.00,0.0,0
2002-03-23,64,22,0.00,0.0,0
2002-03-24,68,34,0.00,0.0,0
2002-03-25,68,29,0.00,0.0,0
2002-03-26,62,32,0.00,0.0,0
2002-03-27,70,24,0.00,0.0,0
2002-03-28,70,20,0.00,0.0,0
2002-03-29,74,36,0.00,0.0,0
2002-03-30,73,31,0.00,0.0,0
2002-03-31,71,38,0.00,0.0,0
2002-04-01,71,27,0.00,0.0,0
2002-04-02,72,34,0.00,0.0,0
2002-04-03,73,27,0.00,0.0,0
2002-04-04,75,26,0.00,0.0,0
2002-04-05,M,40,0.00,0.0,0
2002-04-06,58,36,0.00,0.0,0
2002-04-07,74,32,0.41,0.0,0
2002-04-08,70,35,0.00,0.0,0
2002-04-09,73,36,0.00,0.0,0
2002-04-10,M,M,0.00,0.0,0
2002-04-11,70,33,0.00,0.0,0
2002-04-12,70,40,0.00,0.0,0
2002-04-13,73,39,0.00,0.0,0
2002-04-14,80,41,0.00,0.0,0
2002-04-15,M,35,0.00,0.0,0
2002-04-16,77,38,0.00,0.0,0
2002-04-17,70,36,0.00,0.0,0
2002-04-18,72,30,0.00,0.0,0
2002-04-19,73,37,0.00,0.0,0
2002-04-20,M,22,0.00,0.0,0
2002-04-21,M,M,0.00,0.0,0
2002-04-22,78,M,0.00,0.0,0
2002-04-23,78,30,0.00,0.0,0
2002-04-24,78,30,0.00,0.0,0
2002-04-25,76,44,0.00,0.0,0
2002-04-26,69,38,0.00,0.0,0
2002-04-27,M,M,0.00,0.0,0
2002-04-28,M,M,0.00,0.0,0
2002-04-29,72,29,0.00,0.0,0
2002-04-30,77,36,0.00,0.0,0
2002-05-01,77,34,0.00,0.0,0
2002-05-02,67,32,0.00,0.0,0
2002-05-03,71,25,0.00,0.0,0
2002-05-04,M,M,0.00,0.0,0
2002-05-05,M,M,0.00,0.0,0
2002-05-06,77,55,0.00,0.0,0
2002-05-07,78,37,0.00,0.0,0
2002-05-08,M,38,0.00,0.0,0
2002-05-09,74,35,0.00,0.0,0
2002-05-10,79,39,0.00,0.0,0
2002-05-11,M,31,0.00,0.0,0
2002-05-12,M,M,0.00,0.0,0
2002-05-13,76,48,0.00,0.0,0
2002-05-14,74,42,0.00,0.0,0
2002-05-15,82,40,0.00,0.0,0
2002-05-16,82,43,0.00,0.0,0
2002-05-17,79,42,0.00,0.0,0
2002-05-18,80,45,0.00,0.0,0
2002-05-19,75,45,0.00,0.0,0
2002-05-20,78,M,0.00,0.0,0
2002-05-21,81,44,0.00,0.0,0
2002-05-22,79,23,0.00,0.0,0
2002-05-23,76,37,0.00,0.0,0
2002-05-24,71,33,0.00,0.0,0
2002-05-25,75,36,0.00,0.0,0
2002-05-26,78,45,0.00,0.0,0
2002-05-27,73,51,0.00,0.0,0
2002-05-28,82,36,0.00,0.0,0
2002-05-29,88,48,0.00,0.0,0
2002-05-30,92,50,0.00,0.0,0
2002-05-31,95,50,0.00,0.0,0
2002-06-01,M,50,0.00,0.0,0
2002-06-02,84,69,0.00,0.0,0
2002-06-03,77,46,0.00,0.0,0
2002-06-04,79,48,0.00,0.0,0
2002-06-05,79,46,0.00,0.0,0
2002-06-06,88,47,0.00,0.0,0
2002-06-07,89,52,0.00,0.0,0
2002-06-08,89,51,0.00,0.0,0
2002-06-09,88,58,0.00,0.0,0
2002-06-10,88,55,0.00,0.0,0
2002-06-11,89,42,0.00,0.0,0
2002-06-12,90,52,0.00,0.0,0
2002-06-13,92,51,0.00,0.0,0
2002-06-14,90,45,0.09,0.0,0
2002-06-15,87,49,0.00,0.0,0
2002-06-16,88,49,0.00,0.0,0
2002-06-17,95,52,0.00,0.0,0
2002-06-18,94,50,0.00,0.0,0
2002-06-19,94,42,0.00,0.0,0
2002-06-20,92,55,0.00,0.0,0
2002-06-21,88,54,0.00,0.0,0
2002-06-22,M,47,0.90,0.0,0
2002-06-23,84,48,1.26,0.0,0
2002-06-24,94,51,0.00,0.0,0
2002-06-25,91,55,0.00,0.0,0
2002-06-26,92,54,0.00,0.0,0
2002-06-27,89,56,0.00,0.0,0
2002-06-28,87,53,0.03,0.0,0
2002-06-29,88,53,0.00,0.0,0
2002-06-30,90,56,T,0.0,0
2002-07-01,94,M,0.02,0.0,0
2002-07-02,95,58,0.00,0.0,0
2002-07-03,90,59,0.00,0.0,0
2002-07-04,85,58,0.00,0.0,0
2002-07-05,86,54,0.00,0.0,0
2002-07-06,79,57,0.00,0.0,0
2002-07-07,81,56,0.28,0.0,0
2002-07-08,87,66,0.00,0.0,0
2002-07-09,90,55,0.04,0.0,0
2002-07-10,87,52,0.00,0.0,0
2002-07-11,90,52,0.00,0.0,0
2002-07-12,91,50,0.00,0.0,0
2002-07-13,91,53,0.00,0.0,0
2002-07-14,83,56,0.07,0.0,0
2002-07-15,93,52,0.00,0.0,0
2002-07-16,86,51,0.00,0.0,0
2002-07-17,88,51,0.00,0.0,0
2002-07-18,91,56,0.00,0.0,0
2002-07-19,89,55,0.00,0.0,0
2002-07-20,M,58,0.00,0.0,0
2002-07-21,87,53,0.00,0.0,0
2002-07-22,89,M,0.00,0.0,0
2002-07-23,82,54,0.35,0.0,0
2002-07-24,89,54,0.00,0.0,0
2002-07-25,90,55,0.12,0.0,0
2002-07-26,91,56,0.15,0.0,0
2002-07-27,M,55,0.00,0.0,0
2002-07-28,88,59,0.00,0.0,0
2002-07-29,90,M,0.00,0.0,0
2002-07-30,91,53,0.00,0.0,0
2002-07-31,93,56,0.00,0.0,0
2002-08-01,91,57,0.00,0.0,0
2002-08-02,88,55,0.00,0.0,0
2002-08-03,79,57,0.00,0.0,0
2002-08-04,78,58,0.00,0.0,0
2002-08-05,84,63,0.31,0.0,0
2002-08-06,M,53,0.25,0.0,0
2002-08-07,80,52,0.00,0.0,0
2002-08-08,81,52,0.00,0.0,0
2002-08-09,90,54,0.00,0.0,0
2002-08-10,87,55,0.00,0.0,0
2002-08-11,91,55,0.00,0.0,0
2002-08-12,93,M,0.00,0.0,0
2002-08-13,91,53,0.00,0.0,0
2002-08-14,91,50,0.00,0.0,0
2002-08-15,92,56,0.00,0.0,0
2002-08-16,95,56,0.00,0.0,0
2002-08-17,91,55,0.00,0.0,0
2002-08-18,89,56,0.00,0.0,0
2002-08-19,93,52,0.00,0.0,0
2002-08-20,86,56,0.03,0.0,0
2002-08-21,89,48,0.00,0.0,0
2002-08-22,86,51,0.00,0.0,0
2002-08-23,86,55,0.00,0.0,0
2002-08-24,85,49,0.00,0.0,0
2002-08-25,88,50,0.00,0.0,0
2002-08-26,91,M,0.00,0.0,0
2002-08-27,92,49,0.00,0.0,0
2002-08-28,88,56,0.27,0.0,0
2002-08-29,81,53,0.32,0.0,0
2002-08-30,83,45,0.02,0.0,0
2002-08-31,85,52,0.00,0.0,0
2002-09-01,M,M,0.00,0.0,0
2002-09-02,M,M,0.00,0.0,0
2002-09-03,82,52,0.00,0.0,0
2002-09-04,83,51,0.00,0.0,0
2002-09-05,90,50,0.00,0.0,0
2002-09-06,88,51,0.00,0.0,0
2002-09-07,M,M,M,M,M
2002-09-08,M,M,0.38,M,M
2002-09-09,81,M,0.00,0.0,M
2002-09-10,80,55,0.63,0.0,M
2002-09-11,62,53,0.39,0.0,M
2002-09-12,74,48,0.37,0.0,0
2002-09-13,70,39,0.06,0.0,0
2002-09-14,70,45,0.00,0.0,0
2002-09-15,M,M,0.00,0.0,0
2002-09-16,75,42,0.00,0.0,0
2002-09-17,78,42,0.00,0.0,0
2002-09-18,76,48,0.33,0.0,0
2002-09-19,65,42,0.22,0.0,0
2002-09-20,71,38,0.00,0.0,0
2002-09-21,76,42,0.00,0.0,0
2002-09-22,M,43,0.00,0.0,0
2002-09-23,77,M,0.00,0.0,0
2002-09-24,76,46,0.00,0.0,0
2002-09-25,77,47,0.00,0.0,0
2002-09-26,76,45,0.00,0.0,0
2002-09-27,75,45,0.00,0.0,0
2002-09-28,M,M,0.36,M,M
2002-09-29,69,M,0.00,0.0,M
2002-09-30,72,39,0.00,0.0,M
2002-10-01,71,37,0.00,0.0,0
2002-10-02,68,46,0.25,0.0,0
2002-10-03,67,40,0.00,0.0,0
2002-10-04,64,27,0.00,0.0,0
2002-10-05,M,M,M,0.0,0
2002-10-06,87,M,0.02,0.0,0
2002-10-07,74,35,0.00,0.0,0
2002-10-08,75,38,0.00,0.0,0
2002-10-09,74,38,0.00,0.0,0
2002-10-10,73,37,0.00,0.0,0
2002-10-11,75,38,0.00,0.0,0
2002-10-12,M,41,0.00,0.0,0
2002-10-13,57,34,0.00,0.0,0
2002-10-14,65,35,0.00,0.0,0
2002-10-15,72,32,0.00,0.0,0
2002-10-16,72,32,0.00,0.0,0
2002-10-17,70,34,0.00,0.0,0
2002-10-18,62,36,0.00,0.0,0
2002-10-19,M,M,M,M,M
2002-10-20,M,M,0.11,M,M
2002-10-21,65,37,0.00,0.0,M
2002-10-22,63,36,0.00,0.0,M
2002-10-23,57,35,0.15,0.0,0
2002-10-24,56,40,0.35,0.0,0
2002-10-25,62,30,0.01,0.0,0
2002-10-26,M,M,M,M,M
2002-10-27,M,M,0.61,M,M
2002-10-28,52,39,0.00,0.0,M
2002-10-29,46,29,0.11,0.0,M
2002-10-30,53,30,0.01,0.0,M
2002-10-31,59,26,0.00,0.0,M
2002-11-01,53,29,0.00,0.0,0
2002-11-02,M,M,M,M,M
2002-11-03,M,M,M,M,M
2002-11-04,37,29,0.56,1.4,0
2002-11-05,47,17,0.02,0.2,0
2002-11-06,55,26,0.00,0.0,0
2002-11-07,55,27,0.00,0.0,0
2002-11-08,74,31,0.00,0.0,0
2002-11-09,M,M,0.50,0.0,0
2002-11-10,M,M,0.87,0.0,0
2002-11-11,M,M,M,M,M
2002-11-12,46,27,0.00,0.0,0
2002-11-13,50,26,0.00,0.0,0
2002-11-14,50,26,0.00,0.0,0
2002-11-15,46,26,0.00,0.0,0
2002-11-16,M,M,M,M,M
2002-11-17,M,M,M,M,M
2002-11-18,54,19,0.00,0.0,0
2002-11-19,54,19,0.00,0.0,0
2002-11-20,59,24,0.00,0.0,0
2002-11-21,M,29,0.00,0.0,0
2002-11-22,60,29,0.00,0.0,0
2002-11-23,M,M,M,M,M
2002-11-24,M,M,M,M,M
2002-11-25,55,24,0.00,0.0,0
2002-11-26,40,16,0.00,0.0,0
2002-11-27,48,13,0.00,0.0,0
2002-11-28,M,M,M,M,M
2002-11-29,56,21,0.00,0.0,0
2002-11-30,M,M,M,M,M
2002-12-01,M,M,0.00,0.0,M
2002-12-02,45,19,0.00,0.0,0
2002-12-03,41,32,0.35,1.8,M
2002-12-04,41,29,0.00,0.0,M
2002-12-05,50,19,0.00,0.0,0
2002-12-06,M,18,0.00,0.0,0
2002-12-07,M,M,0.00,0.0,0
2002-12-08,M,M,0.00,0.0,0
2002-12-09,46,17,0.00,0.0,0
2002-12-10,45,20,0.00,0.0,0
2002-12-11,42,18,0.00,0.0,0
2002-12-12,43,18,0.00,0.0,0
2002-12-13,48,20,0.00,0.0,0
2002-12-14,M,M,0.00,0.0,0
2002-12-15,M,M,0.00,0.0,0
2002-12-16,55,21,0.00,0.0,0
2002-12-17,44,30,0.26,1.3,0
2002-12-18,35,19,0.08,0.8,M
2002-12-19,35,11,0.03,0.3,M
2002-12-20,38,7,0.00,0.0,M
2002-12-21,M,11,0.00,0.0,M
2002-12-22,M,M,0.00,0.0,M
2002-12-23,35,11,0.00,0.0,M
2002-12-24,31,12,0.11,1.1,M
2002-12-25,M,M,0.00,0.0,M
2002-12-26,33,4,0.00,0.0,M
2002-12-27,41,16,0.00,0.0,M
2002-12-28,36,19,0.00,0.0,M
2002-12-29,41,9,0.00,0.0,M
2002-12-30,45,19,0.00,0.0,0
2002-12-31,50,12,0.00,0.0,0
2003-01-01,M,M,0.00,0.0,0
2003-01-02,51,15,0.00,0.0,0
2003-01-03,50,19,0.00,0.0,0
2003-01-04,M,M,0.00,0.0,0
2003-01-05,M,M,0.00,0.0,0
2003-01-06,55,26,0.00,0.0,0
2003-01-07,53,24,0.00,0.0,0
2003-01-08,54,24,0.00,0.0,0
2003-01-09,51,24,0.00,0.0,0
2003-01-10,50,29,0.00,0.0,0
2003-01-11,50,23,0.00,0.0,0
2003-01-12,49,22,0.00,0.0,0
2003-01-13,54,21,0.00,0.0,0
2003-01-14,51,24,0.00,0.0,0
2003-01-15,50,24,0.00,0.0,0
2003-01-16,47,20,0.00,0.0,0
2003-01-17,48,17,0.00,0.0,0
2003-01-18,47,19,0.00,0.0,0
2003-01-19,53,21,0.00,0.0,0
2003-01-20,52,22,0.00,0.0,0
2003-01-21,53,22,0.00,0.0,0
2003-01-22,54,22,0.00,0.0,0
2003-01-23,59,25,0.00,0.0,0
2003-01-24,57,31,T,0.0,0
2003-01-25,M,22,0.00,0.0,0
2003-01-26,54,26,0.00,0.0,0
2003-01-27,61,26,0.00,0.0,0
2003-01-28,59,23,0.00,0.0,0
2003-01-29,56,23,0.00,0.0,0
2003-01-30,56,25,0.00,0.0,0
2003-01-31,64,27,0.00,0.0,0
2003-02-01,M,26,0.00,0.0,0
2003-02-02,58,26,0.00,0.0,0
2003-02-03,40,25,0.00,0.0,0
2003-02-04,46,10,0.00,0.0,0
2003-02-05,46,20,0.00,0.0,0
2003-02-06,60,10,0.00,0.0,0
2003-02-07,35,15,0.00,0.0,0
2003-02-08,40,12,0.02,0.0,0
2003-02-09,35,10,0.00,0.0,0
2003-02-10,47,7,0.00,0.0,0
2003-02-11,50,12,0.00,0.0,0
2003-02-12,58,23,0.00,0.0,0
2003-02-13,62,36,0.21,0.0,0
2003-02-14,50,33,0.16,0.0,0
2003-02-15,46,27,0.00,0.0,0
2003-02-16,45,24,0.00,0.0,0
2003-02-17,52,30,0.03,0.0,0
2003-02-18,55,25,0.03,0.0,0
2003-02-19,48,21,0.01,0.0,0
2003-02-20,47,25,0.02,0.0,0
2003-02-21,50,21,0.00,0.0,0
2003-02-22,M,18,0.00,0.0,0
2003-02-23,43,15,0.00,0.0,0
2003-02-24,46,16,0.06,0.3,0
2003-02-25,43,23,0.12,1.2,M
2003-02-26,43,26,0.41,4.1,M
2003-02-27,42,28,0.08,0.8,M
2003-02-28,40,20,0.22,2.2,M
2003-03-01,39,20,0.00,0.0,M
2003-03-02,41,17,0.00,0.0,M
2003-03-03,49,16,0.00,0.0,M
2003-03-04,44,31,0.00,0.0,0
2003-03-05,40,27,0.07,0.5,M
2003-03-06,48,16,0.00,0.0,M
2003-03-07,58,25,0.00,0.0,0
2003-03-08,55,26,0.00,0.0,0
2003-03-09,57,24,0.00,0.0,0
2003-03-10,64,M,0.00,0.0,0
2003-03-11,64,30,0.00,0.0,0
2003-03-12,61,29,0.00,0.0,0
2003-03-13,65,31,0.00,0.0,0
2003-03-14,64,31,0.00,0.0,0
2003-03-15,62,29,0.00,0.0,0
2003-03-16,51,34,0.16,0.0,0
2003-03-17,47,32,0.11,0.0,0
2003-03-18,45,31,0.06,0.0,0
2003-03-19,45,27,0.08,1.0,M
2003-03-20,57,27,0.00,0.0,M
2003-03-21,53,33,0.02,0.0,0
2003-03-22,52,28,0.00,0.0,0
2003-03-23,60,30,0.00,0.0,0
2003-03-24,64,26,0.00,0.0,0
2003-03-25,M,33,0.12,0.0,0
2003-03-26,62,26,T,0.0,0
2003-03-27,60,32,0.07,0.0,0
2003-03-28,45,22,0.01,0.0,0
2003-03-29,42,18,0.00,0.0,0
2003-03-30,60,29,0.02,0.0,0
2003-03-31,68,15,0.00,0.0,0
2003-04-01,72,32,0.00,0.0,0
2003-04-02,69,34,0.00,0.0,0
2003-04-03,58,24,0.00,0.0,0
2003-04-04,54,22,0.00,0.0,0
2003-04-05,48,25,0.00,0.0,0
2003-04-06,55,18,0.00,0.0,0
2003-04-07,59,19,0.00,0.0,0
2003-04-08,58,19,0.05,0.0,0
2003-04-09,67,27,0.00,0.0,0
2003-04-10,73,32,0.00,0.0,0
2003-04-11,73,39,0.00,0.0,0
2003-04-12,68,36,0.00,0.0,0
2003-04-13,69,32,0.00,0.0,0
2003-04-14,70,34,0.00,0.0,0
2003-04-15,68,33,0.11,0.0,0
2003-04-16,66,34,0.00,0.0,0
2003-04-17,70,37,0.00,0.0,0
2003-04-18,67,35,0.00,0.0,0
2003-04-19,M,32,0.00,0.0,0
2003-04-20,57,26,0.00,0.0,0
2003-04-21,64,27,0.00,0.0,0
2003-04-22,67,39,0.00,0.0,0
2003-04-23,M,33,0.00,0.0,0
2003-04-24,65,39,0.03,0.0,0
2003-04-25,71,32,0.00,0.0,0
2003-04-26,M,36,0.00,0.0,0
2003-04-27,70,32,0.00,0.0,0
2003-04-28,73,35,0.00,0.0,0
2003-04-29,72,47,0.00,0.0,0
2003-04-30,68,45,0.00,0.0,0
2003-05-01,67,34,0.00,0.0,0
2003-05-02,73,38,0.00,0.0,0
2003-05-03,M,42,0.00,0.0,0
2003-05-04,57,37,0.00,0.0,0
2003-05-05,60,30,0.00,0.0,0
2003-05-06,63,34,0.00,0.0,0
2003-05-07,70,36,0.00,0.0,0
2003-05-08,70,36,0.00,0.0,0
2003-05-09,73,37,0.00,0.0,0
2003-05-10,M,51,0.00,0.0,0
2003-05-11,M,57,0.00,0.0,0
2003-05-12,78,24,0.00,0.0,0
2003-05-13,78,42,0.00,0.0,0
2003-05-14,86,47,0.00,0.0,0
2003-05-15,75,57,0.01,0.0,0
2003-05-16,81,41,0.00,0.0,0
2003-05-17,M,40,0.00,0.0,0
2003-05-18,72,44,0.00,0.0,0
2003-05-19,78,38,0.00,0.0,0
2003-05-20,75,45,0.00,0.0,0
2003-05-21,81,37,0.00,0.0,0
2003-05-22,83,47,0.00,0.0,0
2003-05-23,86,49,0.00,0.0,0
2003-05-24,M,50,0.00,0.0,0
2003-05-25,79,42,0.00,0.0,0
2003-05-26,83,48,0.12,0.0,0
2003-05-27,87,50,0.03,0.0,0
2003-05-28,86,49,T,0.0,0
2003-05-29,89,51,0.00,0.0,0
2003-05-30,86,51,0.00,0.0,0
2003-05-31,80,51,0.00,0.0,0
2003-06-01,78,51,0.03,0.0,0
2003-06-02,85,42,0.00,0.0,0
2003-06-03,85,54,0.00,0.0,0
2003-06-04,84,49,0.00,0.0,0
2003-06-05,83,47,0.00,0.0,0
2003-06-06,M,37,0.00,0.0,0
2003-06-07,79,M,0.00,0.0,0
2003-06-08,78,41,0.00,0.0,0
2003-06-09,80,49,0.00,0.0,0
2003-06-10,85,51,0.00,0.0,0
2003-06-11,82,44,0.00,0.0,0
2003-06-12,81,39,0.00,0.0,0
2003-06-13,79,49,0.05,0.0,0
2003-06-14,79,45,0.00,0.0,0
2003-06-15,84,48,0.01,0.0,0
2003-06-16,85,46,0.05,0.0,0
2003-06-17,79,46,0.02,0.0,0
2003-06-18,74,45,T,0.0,0
2003-06-19,72,49,0.02,0.0,0
2003-06-20,75,45,0.20,0.0,0
2003-06-21,79,38,0.00,0.0,0
2003-06-22,82,49,0.00,0.0,0
2003-06-23,87,40,0.00,0.0,0
2003-06-24,85,48,0.00,0.0,0
2003-06-25,85,44,0.00,0.0,0
2003-06-26,80,48,0.00,0.0,0
2003-06-27,87,46,0.00,0.0,0
2003-06-28,88,50,0.00,0.0,0
2003-06-29,M,51,0.00,0.0,0
2003-06-30,88,46,0.00,0.0,0
2003-07-01,89,55,0.02,0.0,0
2003-07-02,93,53,0.00,0.0,0
2003-07-03,95,55,0.00,0.0,0
2003-07-04,96,58,0.00,0.0,0
2003-07-05,M,59,0.00,0.0,0
2003-07-06,96,57,0.00,0.0,0
2003-07-07,95,55,0.00,0.0,0
2003-07-08,96,55,0.00,0.0,0
2003-07-09,100,56,0.00,0.0,0
2003-07-10,97,52,0.00,0.0,0
2003-07-11,95,59,0.00,0.0,0
2003-07-12,97,60,0.00,0.0,0
2003-07-13,99,61,0.00,0.0,0
2003-07-14,97,57,0.00,0.0,0
2003-07-15,104,69,0.00,0.0,0
2003-07-16,92,63,0.00,0.0,0
2003-07-17,91,56,0.00,0.0,0
2003-07-18,94,57,0.00,0.0,0
2003-07-19,96,60,0.00,0.0,0
2003-07-20,M,60,0.00,0.0,0
2003-07-21,93,56,0.00,0.0,0
2003-07-22,95,59,0.00,0.0,0
2003-07-23,92,64,0.22,0.0,0
2003-07-24,93,54,T,0.0,0
2003-07-25,96,57,0.00,0.0,0
2003-07-26,94,63,0.00,0.0,0
2003-07-27,82,56,0.62,0.0,0
2003-07-28,95,54,0.05,0.0,0
2003-07-29,85,56,0.02,0.0,0
2003-07-30,85,57,0.08,0.0,0
2003-07-31,87,M,0.03,0.0,0
2003-08-01,87,M,0.11,0.0,0
2003-08-02,90,61,0.00,0.0,0
2003-08-03,84,57,0.05,0.0,0
2003-08-04,90,55,0.00,0.0,0
2003-08-05,92,58,0.00,0.0,0
2003-08-06,91,57,0.00,0.0,0
2003-08-07,90,56,0.00,0.0,0
2003-08-08,92,69,0.03,0.0,0
2003-08-09,M,56,0.00,0.0,0
2003-08-10,87,57,0.48,0.0,0
2003-08-11,92,56,0.00,0.0,0
2003-08-12,90,55,0.00,0.0,0
2003-08-13,85,55,0.00,0.0,0
2003-08-14,83,53,0.00,0.0,0
2003-08-15,78,48,0.00,0.0,0
2003-08-16,74,51,0.00,0.0,0
2003-08-17,82,48,0.03,0.0,0
2003-08-18,87,52,0.00,0.0,0
2003-08-19,92,55,0.00,0.0,0
2003-08-20,88,57,0.00,0.0,0
2003-08-21,91,55,0.00,0.0,0
2003-08-22,85,62,0.00,0.0,0
2003-08-23,80,58,0.00,0.0,0
2003-08-24,82,54,0.01,0.0,0
2003-08-25,82,56,0.00,0.0,0
2003-08-26,85,65,0.03,0.0,0
2003-08-27,85,54,T,0.0,0
2003-08-28,75,54,T,0.0,0
2003-08-29,77,58,0.00,0.0,0
2003-08-30,78,57,0.29,0.0,0
2003-08-31,79,49,0.00,0.0,0
2003-09-01,81,53,0.00,0.0,0
2003-09-02,86,49,0.00,0.0,0
2003-09-03,M,M,0.10,0.0,0
2003-09-04,75,55,0.30,0.0,0
2003-09-05,80,47,0.01,0.0,0
2003-09-06,74,50,0.01,0.0,0
2003-09-07,73,48,0.00,0.0,0
2003-09-08,82,44,0.00,0.0,0
2003-09-09,78,48,0.05,0.0,0
2003-09-10,70,50,1.80,0.0,0
2003-09-11,67,38,0.01,0.0,0
2003-09-12,74,M,M,M,M
2003-09-13,M,M,M,M,M
2003-09-14,M,M,M,M,M
2003-09-15,78,39,0.00,0.0,0
2003-09-16,80,45,0.00,0.0,0
2003-09-17,79,41,0.00,0.0,0
2003-09-18,77,39,0.00,0.0,0
2003-09-19,76,34,0.00,0.0,0
2003-09-20,77,37,0.00,0.0,0
2003-09-21,76,44,0.00,0.0,0
2003-09-22,81,36,0.00,0.0,0
2003-09-23,M,M,M,M,M
2003-09-24,84,45,0.00,0.0,0
2003-09-25,91,47,0.00,0.0,0
2003-09-26,83,45,0.00,0.0,0
2003-09-27,M,48,0.00,0.0,0
2003-09-28,75,46,0.00,0.0,0
2003-09-29,85,M,0.00,0.0,0
2003-09-30,84,46,0.00,0.0,0
2003-10-01,81,42,0.00,0.0,0
2003-10-02,81,49,0.02,0.0,0
2003-10-03,64,46,0.15,0.0,0
2003-10-04,59,43,0.41,0.0,0
2003-10-05,67,39,0.02,0.0,0
2003-10-06,73,M,0.00,0.0,0
2003-10-07,76,54,0.09,0.0,0
2003-10-08,72,46,0.15,0.0,0
2003-10-09,77,46,0.00,0.0,0
2003-10-10,M,45,0.00,0.0,0
2003-10-11,72,35,0.00,0.0,0
2003-10-12,63,38,0.00,0.0,0
2003-10-13,70,50,0.00,0.0,0
2003-10-14,74,27,0.00,0.0,0
2003-10-15,79,31,0.00,0.0,0
2003-10-16,77,32,0.00,0.0,0
2003-10-17,72,40,0.00,0.0,0
2003-10-18,79,40,0.00,0.0,0
2003-10-19,82,44,0.00,0.0,0
2003-10-20,82,39,0.00,0.0,0
2003-10-21,82,42,0.00,0.0,0
2003-10-22,81,43,0.00,0.0,0
2003-10-23,80,43,0.00,0.0,0
2003-10-24,77,39,0.00,0.0,0
2003-10-25,M,20,0.00,0.0,0
2003-10-26,55,27,0.00,0.0,0
2003-10-27,71,19,0.00,0.0,0
2003-10-28,70,31,0.00,0.0,0
2003-10-29,79,34,0.00,0.0,0
2003-10-30,69,38,0.00,0.0,0
2003-10-31,60,35,0.00,0.0,0
2003-11-01,M,24,0.00,0.0,0
2003-11-02,42,20,0.00,0.0,0
2003-11-03,M,39,0.00,0.0,0
2003-11-04,50,21,0.00,0.0,0
2003-11-05,54,18,0.00,0.0,0
2003-11-06,52,19,0.00,0.0,0
2003-11-07,58,19,0.00,0.0,0
2003-11-08,M,M,M,0.0,0
2003-11-09,M,M,M,0.0,0
2003-11-10,50,32,0.00,0.0,0
2003-11-11,38,10,0.00,0.0,0
2003-11-12,66,26,0.30,0.0,0
2003-11-13,40,27,0.72,0.0,0
2003-11-14,44,29,0.13,0.0,0
2003-11-15,M,5,0.00,0.0,0
2003-11-16,32,18,0.00,0.0,0
2003-11-17,M,M,M,0.0,0
2003-11-18,58,15,0.00,0.0,0
2003-11-19,M,M,M,0.0,0
2003-11-20,58,22,0.00,0.0,0
2003-11-21,42,-0,0.00,0.0,0
2003-11-22,36,16,0.00,0.0,0
2003-11-23,16,-0,0.00,0.0,0
2003-11-24,54,9,0.00,0.0,0
2003-11-25,45,10,0.00,0.0,0
2003-11-26,44,24,0.00,0.0,0
2003-11-27,59,21,0.00,0.0,0
2003-11-28,54,21,0.00,0.0,0
2003-11-29,44,M,0.00,0.0,0
2003-11-30,47,15,0.00,0.0,0
2003-12-01,57,32,0.00,0.0,0
2003-12-02,56,32,0.00,0.0,0
2003-12-03,52,24,0.00,0.0,0
2003-12-04,40,21,0.00,0.0,0
2003-12-05,22,-0,0.00,0.0,0
2003-12-06,32,5,0.00,0.0,0
2003-12-07,36,10,0.00,0.0,0
2003-12-08,56,22,0.00,0.0,0
2003-12-09,44,M,0.00,0.0,0
2003-12-10,46,15,0.00,0.0,0
2003-12-11,43,17,0.00,0.0,0
2003-12-12,39,26,0.18,1.8,2
2003-12-13,M,M,M,M,M
2003-12-14,M,M,M,M,M
2003-12-15,46,11,0.00,0.0,0
2003-12-16,34,7,0.00,0.0,0
2003-12-17,47,7,0.00,0.0,0
2003-12-18,47,7,0.00,0.0,0
2003-12-19,55,6,0.00,0.0,0
2003-12-20,55,24,0.00,0.0,0
2003-12-21,49,16,0.00,0.0,0
2003-12-22,54,19,0.00,0.0,0
2003-12-23,45,15,0.00,0.0,0
2003-12-24,M,M,M,M,M
2003-12-25,M,M,M,M,M
2003-12-26,M,M,M,M,M
2003-12-27,M,M,M,M,M
2003-12-28,M,M,M,M,M
2003-12-29,31,-3,0.00,0.0,0
2003-12-30,42,-8,0.00,0.0,0
2003-12-31,42,19,0.00,0.0,0
2004-01-01,M,M,M,M,M
2004-01-02,47,-0,0.00,0.0,0
2004-01-03,M,M,S,S,M
2004-01-04,M,M,M,M,M
2004-01-05,31,11,0.06A,0.6A,M
2004-01-06,43,3,0.00,0.0,M
2004-01-07,49,19,0.00,0.0,0
2004-01-08,51,24,0.00,0.0,0
2004-01-09,58,23,0.00,0.0,0
2004-01-10,M,M,M,M,M
2004-01-11,M,M,M,M,M
2004-01-12,58,22,0.00,0.0,0
2004-01-13,55,28,0.00,0.0,0
2004-01-14,M,M,M,M,M
2004-01-15,57,19,0.00,0.0,0
2004-01-16,M,M,S,M,M
2004-01-17,M,M,M,M,M
2004-01-18,M,M,M,M,M
2004-01-19,M,M,M,M,M
2004-01-20,39,23,0.06A,0.6,M
2004-01-21,39,25,0.19,1.9,M
2004-01-22,40,12,0.00,0.0,M
2004-01-23,46,12,0.00,0.0,0
2004-01-24,M,M,S,S,M
2004-01-25,M,M,M,M,M
2004-01-26,M,M,0.08A,0.8A,M
2004-01-27,38,-8,0.01,0.1,M
2004-01-28,44,1,0.00,0.0,M
2004-01-29,48,3,0.00,0.0,0
2004-01-30,52,15,0.00,0.0,0
2004-01-31,M,M,M,M,M
2004-02-01,45,4,0.03,0.5,1
2004-02-02,46,3,0.00,0.0,0
2004-02-03,36,7,0.00,0.0,0
2004-02-04,35,7,0.50,1.5,2
2004-02-05,31,11,0.00,0.0,1
2004-02-06,35,4,0.11,1.0,2
2004-02-07,38,8,0.00,0.0,1
2004-02-08,40,-4,0.00,0.0,0
2004-02-09,39,9,0.00,0.0,0
2004-02-10,42,9,0.00,0.0,0
2004-02-11,40,-2,0.00,0.0,0
2004-02-12,41,10,0.61,11.0,11
2004-02-13,29,16,0.00,0.0,11
2004-02-14,29,8,0.00,0.0,10
2004-02-15,42,13,0.00,0.0,9
2004-02-16,49,10,0.00,0.0,7
2004-02-17,51,3,0.00,0.0,5
2004-02-18,54,20,0.00,0.0,3
2004-02-19,55,35,0.00,0.0,1
2004-02-20,42,23,0.00,0.0,0
2004-02-21,M,M,0.00,0.0,M
2004-02-22,M,M,M,0.0,M
2004-02-23,51,24,0.00,0.0,M
2004-02-24,51,25,0.10,T,M
2004-02-25,42,13,0.06,0.1,M
2004-02-26,52,23,0.00,0.0,M
2004-02-27,56,8,0.00,0.0,M
2004-02-28,M,M,M,M,M
2004-02-29,M,M,M,M,M
2004-03-01,M,M,M,M,M
2004-03-02,41,14,0.00,0.0,0
2004-03-03,52,12,0.00,0.0,0
2004-03-04,M,M,M,M,M
2004-03-05,M,M,M,M,M
2004-03-06,M,M,M,M,M
2004-03-07,M,M,M,M,M
2004-03-08,65,11,0.00,0.0,0
2004-03-09,67,11,0.00,0.0,0
2004-03-10,67,12,0.00,0.0,0
2004-03-11,63,29,0.00,0.0,0
2004-03-12,56,13,0.00,0.0,0
2004-03-13,61,16,0.00,0.0,0
2004-03-14,62,18,0.00,0.0,0
2004-03-15,64,20,0.00,0.0,0
2004-03-16,62,24,0.00,0.0,0
2004-03-17,65,24,0.00,0.0,0
2004-03-18,70,26,0.00,0.0,0
2004-03-19,M,M,M,M,M
2004-03-20,M,M,M,M,M
2004-03-21,M,M,M,M,M
2004-03-22,M,M,M,M,M
2004-03-23,71,37,0.00,0.0,0
2004-03-24,73,39,0.00,0.0,0
2004-03-25,76,28,0.00,0.0,0
2004-03-26,74,19,0.00,0.0,0
2004-03-27,M,M,M,M,M
2004-03-28,M,M,M,M,M
2004-03-29,80,24,0.00,0.0,0
2004-03-30,79,29,0.00,0.0,0
2004-03-31,80,M,0.00,0.0,0
2004-04-01,79,22,0.00,0.0,0
2004-04-02,77,27,0.60,0.0,0
2004-04-03,77,23,M,M,0
2004-04-04,72,20,0.00,0.0,0
2004-04-05,70,21,0.00,0.0,0
2004-04-06,65,22,0.00,0.0,0
2004-04-07,60,33,0.50,0.0,0
2004-04-08,54,35,1.47,0.0,0
2004-04-09,52,30,0.07,0.0,0
2004-04-10,53,30,0.00,0.0,0
2004-04-11,53,29,0.00,0.0,0
2004-04-12,54,28,0.96,0.0,0
2004-04-13,59,29,0.00,0.0,0
2004-04-14,62,35,0.00,0.0,0
2004-04-15,66,38,0.00,0.0,0
2004-04-16,67,34,0.00,0.0,0
2004-04-17,66,35,0.00,0.0,0
2004-04-18,64,40,0.00,0.0,0
2004-04-19,62,25,0.00,0.0,0
2004-04-20,60,20,0.00,0.0,0
2004-04-21,M,38,0.00,0.0,0
2004-04-22,53,34,0.00,0.0,0
2004-04-23,49,32,0.19,0.0,0
2004-04-24,55,39,0.00,0.0,0
2004-04-25,50,37,0.00,0.0,0
2004-04-26,72,31,0.00,0.0,0
2004-04-27,71,32,0.00,0.0,0
2004-04-28,67,42,0.00,0.0,0
2004-04-29,49,36,0.00,0.0,0
2004-04-30,49,35,0.00,0.0,0
2004-05-01,60,32,0.00,0.0,0
2004-05-02,64,30,0.00,0.0,0
2004-05-03,75,20,0.00,0.0,0
2004-05-04,75,24,0.00,0.0,0
2004-05-05,78,24,0.00,0.0,0
2004-05-06,81,30,0.00,0.0,0
2004-05-07,81,35,0.00,0.0,0
2004-05-08,83,39,0.00,0.0,0
2004-05-09,M,52,0.00,0.0,0
2004-05-10,92,37,0.00,0.0,0
2004-05-11,79,36,0.00,0.0,0
2004-05-12,78,37,0.00,0.0,0
2004-05-13,70,57,0.00,0.0,0
2004-05-14,71,28,0.00,0.0,0
2004-05-15,76,47,0.00,0.0,0
2004-05-16,77,40,0.00,0.0,0
2004-05-17,79,59,0.00,0.0,0
2004-05-18,91,37,0.00,0.0,0
2004-05-19,89,36,0.00,0.0,0
2004-05-20,87,37,0.00,0.0,0
2004-05-21,90,37,0.00,0.0,0
2004-05-22,M,34,0.00,0.0,0
2004-05-23,74,39,0.00,0.0,0
2004-05-24,79,39,0.00,0.0,0
2004-05-25,73,32,0.00,0.0,0
2004-05-26,80,42,0.00,0.0,0
2004-05-27,88,35,0.00,0.0,0
2004-05-28,83,31,0.00,0.0,0
2004-05-29,80,34,0.00,0.0,0
2004-05-30,72,36,0.00,0.0,0
2004-05-31,79,40,0.00,0.0,0
2004-06-01,84,36,0.00,0.0,0
2004-06-02,87,36,0.00,0.0,0
2004-06-03,87,36,0.00,0.0,0
2004-06-04,88,50,0.00,0.0,0
2004-06-05,89,50,0.00,0.0,0
2004-06-06,88,48,0.00,0.0,0
2004-06-07,89,46,0.00,0.0,0
2004-06-08,89,67,0.00,0.0,0
2004-06-09,89,45,0.00,0.0,0
2004-06-10,89,41,0.00,0.0,0
2004-06-11,88,41,0.00,0.0,0
2004-06-12,90,42,0.00,0.0,0
2004-06-13,92,35,0.00,0.0,0
2004-06-14,92,34,0.00,0.0,0
2004-06-15,91,33,0.00,0.0,0
2004-06-16,87,42,0.00,0.0,0
2004-06-17,87,33,0.00,0.0,0
2004-06-18,83,46,0.00,0.0,0
2004-06-19,81,35,0.00,0.0,0
2004-06-20,83,44,0.00,0.0,0
2004-06-21,85,33,0.00,0.0,0
2004-06-22,84,44,0.00,0.0,0
2004-06-23,87,34,0.00,0.0,0
2004-06-24,M,44,0.00,0.0,0
2004-06-25,83,42,0.00,0.0,0
2004-06-26,84,44,0.00,0.0,0
2004-06-27,80,43,0.00,0.0,0
2004-06-28,83,46,0.00,0.0,0
2004-06-29,91,33,0.10,0.0,0
2004-06-30,M,46,0.00,0.0,0
2004-07-01,86,46,0.00,0.0,0
2004-07-02,86,45,0.00,0.0,0
2004-07-03,88,47,0.00,0.0,0
2004-07-04,92,47,0.00,0.0,0
2004-07-05,93,46,0.00,0.0,0
2004-07-06,96,45,0.00,0.0,0
2004-07-07,82,56,0.00,0.0,0
2004-07-08,89,49,0.00,0.0,0
2004-07-09,92,54,0.00,0.0,0
2004-07-10,92,53,0.00,0.0,0
2004-07-11,93,55,0.00,0.0,0
2004-07-12,90,58,0.00,0.0,0
2004-07-13,89,54,0.00,0.0,0
2004-07-14,94,56,0.00,0.0,0
2004-07-15,93,54,0.39,0.0,0
2004-07-16,89,56,0.00,0.0,0
2004-07-17,87,57,0.00,0.0,0
2004-07-18,88,57,0.00,0.0,0
2004-07-19,100,57,0.13,0.0,0
2004-07-20,100,55,0.18,0.0,0
2004-07-21,99,58,0.25,0.0,0
2004-07-22,86,53,0.00,0.0,0
2004-07-23,79,57,0.50,0.0,0
2004-07-24,M,M,S,0.0,0
2004-07-25,80,50,0.40A,0.0,0
2004-07-26,79,50,0.00,0.0,0
2004-07-27,80,49,0.00,0.0,0
2004-07-28,75,46,0.12,0.0,0
2004-07-29,78,50,0.00,0.0,0
2004-07-30,86,49,0.00,0.0,0
2004-07-31,88,51,0.00,0.0,0
2004-08-01,98,49,0.00,0.0,0
2004-08-02,99,49,0.00,0.0,0
2004-08-03,88,49,0.00,0.0,0
2004-08-04,90,50,0.00,0.0,0
2004-08-05,M,M,S,0.0,0
2004-08-06,92,49,0.12A,0.0,0
2004-08-07,94,54,0.00,0.0,0
2004-08-08,89,43,0.00,0.0,0
2004-08-09,83,48,0.00,0.0,0
2004-08-10,85,48,0.00,0.0,0
2004-08-11,85,49,0.20,0.0,0
2004-08-12,M,M,0.00,0.0,0
2004-08-13,85,49,0.00,0.0,0
2004-08-14,M,M,0.00,0.0,0
2004-08-15,M,M,0.00,0.0,0
2004-08-16,82,43,0.00,0.0,0
2004-08-17,84,41,0.00,0.0,0
2004-08-18,82,41,0.00,0.0,0
2004-08-19,85,42,0.00,0.0,0
2004-08-20,90,43,0.17,0.0,0
2004-08-21,M,M,S,0.0,0
2004-08-22,87,42,0.13A,0.0,0
2004-08-23,78,44,0.00,0.0,0
2004-08-24,M,M,0.00,0.0,0
2004-08-25,78,43,0.00,0.0,0
2004-08-26,89,44,0.00,0.0,0
2004-08-27,84,44,0.00,0.0,0
2004-08-28,84,42,0.00,0.0,0
2004-08-29,85,42,0.00,0.0,0
2004-08-30,85,45,0.00,0.0,0
2004-08-31,81,44,0.10,0.0,0
2004-09-01,81,42,0.00,M,M
2004-09-02,M,M,M,M,M
2004-09-03,M,M,M,M,M
2004-09-04,M,M,M,M,M
2004-09-05,M,M,M,M,M
2004-09-06,M,M,M,M,M
2004-09-07,M,M,M,M,M
2004-09-08,M,M,M,M,M
2004-09-09,M,M,M,M,M
2004-09-10,78,46,0.00,M,M
2004-09-11,M,M,M,M,M
2004-09-12,M,M,M,M,M
2004-09-13,M,M,M,M,M
2004-09-14,M,M,M,M,M
2004-09-15,86,45,0.00,M,M
2004-09-16,M,M,M,M,M
2004-09-17,M,M,M,M,M
2004-09-18,M,M,M,M,M
2004-09-19,M,M,M,M,M
2004-09-20,M,M,M,M,M
2004-09-21,M,M,M,M,M
2004-09-22,M,M,M,M,M
2004-09-23,M,M,M,M,M
2004-09-24,M,M,M,M,M
2004-09-25,M,M,M,M,M
2004-09-26,M,M,M,M,M
2004-09-27,76,31,0.00,M,M
2004-09-28,M,M,M,M,M
2004-09-29,M,M,M,M,M
2004-09-30,M,M,M,M,M
2004-10-01,78,34,0.00,0.0,0
2004-10-02,80,42,0.00,0.0,0
2004-10-03,81,40,0.00,0.0,0
2004-10-04,76,32,0.00,0.0,0
2004-10-05,75,33,0.17,0.0,0
2004-10-06,75,32,0.13,0.0,0
2004-10-07,76,33,0.00,0.0,0
2004-10-08,74,32,0.00,0.0,0
2004-10-09,75,34,0.00,0.0,0
2004-10-10,72,33,0.00,0.0,0
2004-10-11,73,33,0.00,0.0,0
2004-10-12,70,32,0.00,0.0,0
2004-10-13,71,34,0.25,0.0,0
2004-10-14,55,24,0.00,0.0,0
2004-10-15,72,25,0.00,0.0,0
2004-10-16,M,M,0.00,0.0,0
2004-10-17,M,M,0.05,0.0,0
2004-10-18,57,34,0.00,0.0,0
2004-10-19,M,31,0.00,0.0,0
2004-10-20,63,31,0.00,0.0,0
2004-10-21,65,39,0.00,0.0,0
2004-10-22,79,37,0.00,0.0,0
2004-10-23,M,M,M,M,M
2004-10-24,M,M,M,M,M
2004-10-25,60,26,0.00,0.0,0
2004-10-26,59,26,0.00,0.0,0
2004-10-27,M,M,M,M,M
2004-10-28,M,M,M,M,M
2004-10-29,M,M,M,M,M
2004-10-30,M,M,M,M,M
2004-10-31,M,M,M,M,M
2004-11-01,47,22,0.00,0.0,M
2004-11-02,50,12,0.00,0.0,0
2004-11-03,58,12,0.00,0.0,0
2004-11-04,59,27,0.00,0.0,0
2004-11-05,60,29,0.00,0.0,0
2004-11-06,M,M,0.00,0.0,0
2004-11-07,M,M,0.00,0.0,0
2004-11-08,66,29,T,0.0,0
2004-11-09,50,27,0.00,0.0,0
2004-11-10,M,M,S,0.0,0
2004-11-11,M,M,M,0.0,0
2004-11-12,M,M,M,0.0,0
2004-11-13,M,M,0.13A,0.0,0
2004-11-14,M,M,0.00,0.0,0
2004-11-15,51,20,0.00,0.0,0
2004-11-16,50,29,0.00,0.0,0
2004-11-17,59,29,0.00,0.0,0
2004-11-18,55,27,0.00,0.0,0
2004-11-19,54,22,0.00,0.0,0
2004-11-20,M,M,S,0.0,0
2004-11-21,M,M,M,0.0,0
2004-11-22,48,28,0.35A,0.0,0
2004-11-23,41,29,0.05,0.0,0
2004-11-24,39,22,0.07,0.0,0
2004-11-25,M,M,S,0.0,0
2004-11-26,40,M,0.01A,0.0,0
2004-11-27,M,M,S,S,M
2004-11-28,M,M,M,M,M
2004-11-29,35,15,0.15A,2.0A,2
2004-11-30,30,2,0.20,2.1,3
2004-12-01,36,3,0.00,0.0,M
2004-12-02,M,M,M,M,M
2004-12-03,M,M,M,M,M
2004-12-04,M,M,M,M,M
2004-12-05,M,M,M,M,M
2004-12-06,34,3,0.00,0.0,M
2004-12-07,32,2,0.00,0.0,M
2004-12-08,M,M,M,M,M
2004-12-09,M,M,M,M,M
2004-12-10,51,4,0.00,0.0,M
2004-12-11,46,23,0.00,0.0,M
2004-12-12,38,17,0.00,0.0,M
2004-12-13,46,23,0.00,0.0,M
2004-12-14,38,17,0.00,0.0,0
2004-12-15,47,10,0.00,0.0,0
2004-12-16,44,15,M,M,M
2004-12-17,42,13,0.00,0.0,M
2004-12-18,M,M,S,S,M
2004-12-19,M,M,M,M,M
2004-12-20,M,M,M,M,M
2004-12-21,M,M,M,M,M
2004-12-22,35,14,0.19A,1.0A,M
2004-12-23,M,M,M,0.0,M
2004-12-24,M,M,M,0.0,M
2004-12-25,M,M,M,0.0,M
2004-12-26,M,M,M,0.0,M
2004-12-27,37,-1,0.00,0.0,M
2004-12-28,51,-0,0.00,0.0,M
2004-12-29,M,M,S,M,M
2004-12-30,M,M,0.18A,M,M
2004-12-31,M,M,M,M,M
2005-01-01,M,M,0.00,0.0,0
2005-01-02,49,26,0.05,0.0,0
2005-01-03,39,30,0.16,0.5,T
2005-01-04,37,28,0.00,0.0,0
2005-01-05,47,28,0.00,0.0,0
2005-01-06,M,M,0.00,0.0,0
2005-01-07,31,11,0.00,0.0,0
2005-01-08,M,M,0.20,2.5,3
2005-01-09,M,M,0.00,0.0,2
2005-01-10,M,M,0.13,0.0,1
2005-01-11,45,31,0.07,0.3,T
2005-01-12,M,22,0.02,0.0,0
2005-01-13,M,M,0.01,0.1,0
2005-01-14,41,11,0.00,0.0,0
2005-01-15,M,M,0.00,0.0,0
2005-01-16,M,M,0.00,0.0,0
2005-01-17,M,M,0.00,0.0,0
2005-01-18,M,M,0.00,0.0,0
2005-01-19,42,26,0.00,0.0,0
2005-01-20,44,27,0.00,0.0,0
2005-01-21,M,M,0.00,0.0,0
2005-01-22,M,M,0.00,0.0,0
2005-01-23,M,M,0.00,0.0,0
2005-01-24,53,24,0.00,0.0,0
2005-01-25,45,24,0.00,0.0,0
2005-01-26,37,26,0.19,0.0,0
2005-01-27,33,17,0.20,1.0,1
2005-01-28,39,26,0.22,0.0,T
2005-01-29,M,M,0.00,0.0,0
2005-01-30,M,M,0.64,7.0,7
2005-01-31,22,8,0.24,3.0,9
2005-02-01,36,M,0.00,0.0,M
2005-02-02,24,8,0.00,0.0,M
2005-02-03,42,12,0.00,0.0,M
2005-02-04,33,15,0.00,0.0,M
2005-02-05,M,M,0.00,0.0,M
2005-02-06,M,M,M,M,M
2005-02-07,36,21,0.18A,1.0A,M
2005-02-08,36,22,0.16,0.5,M
2005-02-09,28,12,0.00,0.0,M
2005-02-10,M,22,0.00,0.0,M
2005-02-11,45,M,M,M,M
2005-02-12,M,M,0.00,0.0,M
2005-02-13,M,M,0.00,0.0,M
2005-02-14,50,26,0.20,0.0,M
2005-02-15,49,24,0.00,0.0,M
2005-02-16,M,M,0.20,0.0,M
2005-02-17,48,28,0.00,0.0,M
2005-02-18,M,M,0.15,M,M
2005-02-19,M,M,0.00,0.0,M
2005-02-20,M,M,0.00,0.0,M
2005-02-21,M,M,0.00,0.0,M
2005-02-22,M,M,0.41,0.0,M
2005-02-23,35,M,0.07,0.5,M
2005-02-24,37,29,0.02,0.5,M
2005-02-25,32,20,0.01,0.0,M
2005-02-26,M,M,0.00,0.0,M
2005-02-27,M,M,0.00,0.0,M
2005-02-28,35,21,0.00,0.0,M
2005-03-01,40,22,0.01,0.0,0
2005-03-02,52,25,0.00,0.0,0
2005-03-03,M,26,0.10,0.0,0
2005-03-04,42,23,0.06,0.0,0
2005-03-05,M,M,0.00,0.0,0
2005-03-06,M,M,0.00,0.0,0
2005-03-07,53,28,0.04,0.0,0
2005-03-08,51,27,0.00,0.0,0
2005-03-09,64,25,0.00,0.0,0
2005-03-10,57,29,0.00,0.0,0
2005-03-11,60,40,0.00,0.0,0
2005-03-12,M,M,0.00,0.0,0
2005-03-13,M,M,0.00,0.0,0
2005-03-14,40,15,0.35,0.5,0
2005-03-15,24,19,0.43,6.0,6
2005-03-16,35,5,0.05,1.0,1
2005-03-17,46,16,0.00,0.0,0
2005-03-18,52,18,0.00,0.0,0
2005-03-19,M,M,0.00,0.0,0
2005-03-20,M,M,0.00,0.0,0
2005-03-21,39,14,0.27,0.5,0
2005-03-22,59,22,0.00,0.0,0
2005-03-23,51,20,0.10,0.0,0
2005-03-24,54,16,0.00,0.0,0
2005-03-25,41,M,0.18,1.0,0
2005-03-26,M,M,M,M,M
2005-03-27,M,M,0.00,0.0,M
2005-03-28,52,33,0.05,0.0,M
2005-03-29,43,21,0.06,0.0,M
2005-03-30,40,18,0.07,0.0,M
2005-03-31,31,18,0.00,0.0,M
2005-04-01,57,19,0.00,0.0,0
2005-04-02,M,M,0.00,0.0,0
2005-04-03,M,M,0.00,0.0,0
2005-04-04,60,26,0.00,0.0,0
2005-04-05,65,34,0.00,0.0,0
2005-04-06,71,M,0.00,0.0,0
2005-04-07,75,53,0.00,0.0,0
2005-04-08,77,45,0.00,0.0,0
2005-04-09,M,M,0.00,0.0,0
2005-04-10,M,M,M,0.0,0
2005-04-11,72,56,0.00,0.0,0
2005-04-12,71,M,0.00,0.0,0
2005-04-13,72,M,0.00,0.0,0
2005-04-14,65,57,0.00,0.0,0
2005-04-15,63,M,0.02,0.0,0
2005-04-16,M,M,M,0.0,0
2005-04-17,M,M,M,0.0,0
2005-04-18,68,30,0.39A,0.0,0
2005-04-19,70,42,0.00,0.0,0
2005-04-20,67,39,0.00,0.0,0
2005-04-21,67,28,0.00,0.0,0
2005-04-22,68,26,0.00,0.0,0
2005-04-23,M,M,M,M,M
2005-04-24,M,M,M,M,M
2005-04-25,51,29,0.59A,T,0
2005-04-26,M,M,0.04,0.0,0
2005-04-27,46,32,0.65,0.0,0
2005-04-28,47,26,0.01,0.0,0
2005-04-29,51,36,0.09,0.0,0
2005-04-30,M,M,0.09,0.0,0
2005-05-01,M,M,M,0.0,0
2005-05-02,42,26,0.01A,0.0,0
2005-05-03,47,33,0.39,0.0,0
2005-05-04,51,27,0.02,0.0,0
2005-05-05,54,23,0.00,0.0,0
2005-05-06,66,37,0.02,0.0,0
2005-05-07,M,M,M,M,M
2005-05-08,M,M,M,M,M
2005-05-09,72,30,0.02A,T,0
2005-05-10,70,37,0.00,0.0,0
2005-05-11,67,34,0.00,0.0,0
2005-05-12,62,29,0.00,0.0,0
2005-05-13,72,32,0.00,0.0,0
2005-05-14,70,28,0.00,0.0,0
2005-05-15,69,25,0.00,0.0,0
2005-05-16,74,41,0.00,0.0,0
2005-05-17,M,M,0.00,0.0,0
2005-05-18,M,M,0.00,0.0,0
2005-05-19,M,M,0.00,0.0,0
2005-05-20,73,41,0.00,0.0,0
2005-05-21,87,69,0.00,0.0,0
2005-05-22,99,50,0.00,0.0,0
2005-05-23,M,51,0.00,0.0,0
2005-05-24,M,M,0.00,0.0,0
2005-05-25,M,M,0.00,0.0,0
2005-05-26,70,52,0.00,0.0,0
2005-05-27,77,46,0.00,0.0,0
2005-05-28,M,M,M,0.0,0
2005-05-29,M,M,M,0.0,0
2005-05-30,M,M,M,0.0,0
2005-05-31,M,41,0.15A,0.0,0
2005-06-01,81,39,0.00,0.0,0
2005-06-02,75,46,0.00,0.0,0
2005-06-03,73,47,0.00,0.0,0
2005-06-04,70,45,0.00,0.0,0
2005-06-05,72,46,0.00,0.0,0
2005-06-06,80,48,0.00,0.0,0
2005-06-07,81,49,0.00,0.0,0
2005-06-08,M,M,0.00,0.0,0
2005-06-09,M,M,0.00,0.0,0
2005-06-10,M,M,0.00,0.0,0
2005-06-11,M,M,0.00,0.0,0
2005-06-12,M,M,0.05,0.0,0
2005-06-13,M,M,0.03,0.0,0
2005-06-14,M,M,0.00,0.0,0
2005-06-15,M,M,0.00,0.0,0
2005-06-16,M,M,0.00,0.0,0
2005-06-17,M,M,0.00,0.0,0
2005-06-18,M,M,0.00,0.0,0
2005-06-19,M,M,0.00,0.0,0
2005-06-20,M,M,0.00,0.0,0
2005-06-21,M,M,0.00,0.0,0
2005-06-22,M,M,0.00,0.0,0
2005-06-23,M,M,0.00,0.0,0
2005-06-24,M,M,0.00,0.0,0
2005-06-25,M,M,0.00,0.0,0
2005-06-26,M,M,0.20,0.0,0
2005-06-27,M,M,0.02,0.0,0
2005-06-28,M,M,0.00,0.0,0
2005-06-29,M,M,0.00,0.0,0
2005-06-30,M,M,0.00,0.0,0
2005-07-01,M,M,0.00,0.0,0
2005-07-02,M,M,0.00,0.0,0
2005-07-03,M,M,0.00,0.0,0
2005-07-04,M,M,0.00,0.0,0
2005-07-05,M,M,0.00,0.0,0
2005-07-06,M,M,0.00,0.0,0
2005-07-07,M,M,0.00,0.0,0
2005-07-08,M,M,0.00,0.0,0
2005-07-09,M,M,0.00,0.0,0
2005-07-10,M,M,0.00,0.0,0
2005-07-11,M,M,0.00,0.0,0
2005-07-12,95,36,T,0.0,0
2005-07-13,91,38,0.02,0.0,0
2005-07-14,95,56,0.00,0.0,0
2005-07-15,M,M,0.00,0.0,0
2005-07-16,M,M,0.10,0.0,0
2005-07-17,M,M,T,0.0,0
2005-07-18,M,M,0.16,0.0,0
2005-07-19,98,53,0.00,0.0,0
2005-07-20,M,M,0.00,0.0,0
2005-07-21,M,M,0.00,0.0,0
2005-07-22,M,M,M,0.0,0
2005-07-23,M,M,0.00,0.0,0
2005-07-24,M,M,0.00,0.0,0
2005-07-25,82,M,M,0.0,0
2005-07-26,86,57,0.00,0.0,0
2005-07-27,86,53,0.00,0.0,0
2005-07-28,88,50,0.08,0.0,0
2005-07-29,M,M,0.00,0.0,0
2005-07-30,M,M,0.00,0.0,0
2005-07-31,M,M,0.00,0.0,0
2005-08-01,91,50,0.00,0.0,0
2005-08-02,92,56,0.00,0.0,0
2005-08-03,M,54,0.00,0.0,0
2005-08-04,M,M,T,0.0,0
2005-08-05,M,M,0.00,0.0,0
2005-08-06,M,M,0.00,0.0,0
2005-08-07,M,M,0.00,0.0,0
2005-08-08,M,M,0.22,0.0,0
2005-08-09,90,54,0.00,0.0,0
2005-08-10,90,56,0.00,0.0,0
2005-08-11,M,M,0.00,0.0,0
2005-08-12,79,57,0.79,0.0,0
2005-08-13,M,M,0.00,0.0,0
2005-08-14,M,M,0.00,0.0,0
2005-08-15,78,M,0.37,0.0,0
2005-08-16,80,56,T,0.0,0
2005-08-17,84,49,0.00,0.0,0
2005-08-18,85,52,0.00,0.0,0
2005-08-19,86,50,0.00,0.0,0
2005-08-20,82,50,0.00,0.0,0
2005-08-21,M,M,0.00,0.0,0
2005-08-22,M,M,0.05,0.0,0
2005-08-23,79,52,0.08,0.0,0
2005-08-24,81,49,0.00,0.0,0
2005-08-25,85,51,0.00,0.0,0
2005-08-26,88,52,0.00,0.0,0
2005-08-27,M,M,0.00,0.0,0
2005-08-28,M,M,0.00,0.0,0
2005-08-29,M,M,0.00,0.0,0
2005-08-30,M,M,0.00,0.0,0
2005-08-31,M,M,0.00,0.0,0
2005-09-01,M,M,0.00,0.0,0
2005-09-02,M,M,0.15,0.0,0
2005-09-03,M,M,0.05,0.0,0
2005-09-04,M,M,0.00,0.0,0
2005-09-05,M,M,0.00,0.0,0
2005-09-06,M,M,0.00,0.0,0
2005-09-07,M,M,0.15,0.0,0
2005-09-08,M,M,0.00,0.0,0
2005-09-09,M,M,0.00,0.0,0
2005-09-10,M,M,M,0.0,0
2005-09-11,M,M,0.00,0.0,0
2005-09-12,M,M,0.19,0.0,0
2005-09-13,78,41,0.00,0.0,0
2005-09-14,77,37,0.00,0.0,0
2005-09-15,76,38,0.00,0.0,0
2005-09-16,82,42,0.00,0.0,0
2005-09-17,M,M,0.00,0.0,0
2005-09-18,M,M,0.00,0.0,0
2005-09-19,M,M,0.00,0.0,0
2005-09-20,M,M,0.00,0.0,0
2005-09-21,M,M,0.00,0.0,0
2005-09-22,M,M,0.00,0.0,0
2005-09-23,M,M,M,0.0,0
2005-09-24,M,M,0.00,0.0,0
2005-09-25,M,M,0.04,0.0,0
2005-09-26,M,M,0.28,0.0,0
2005-09-27,M,M,0.00,0.0,0
2005-09-28,M,M,0.17,0.0,0
2005-09-29,M,M,0.52,0.0,0
2005-09-30,M,M,0.49,0.0,0
2005-10-01,M,M,0.00,0.0,0
2005-10-02,M,M,0.00,0.0,0
2005-10-03,M,M,0.00,0.0,0
2005-10-04,76,51,0.30,0.0,0
2005-10-05,72,39,0.10,0.0,0
2005-10-06,M,40,0.02,0.0,0
2005-10-07,73,39,0.00,0.0,0
2005-10-08,M,M,M,0.0,0
2005-10-09,M,M,M,0.0,0
2005-10-10,M,M,M,0.0,0
2005-10-11,M,M,0.65A,0.0,0
2005-10-12,61,32,0.00,0.0,0
2005-10-13,65,35,0.00,0.0,0
2005-10-14,69,37,0.00,0.0,0
2005-10-15,M,M,M,0.0,0
2005-10-16,M,M,M,0.0,0
2005-10-17,M,M,0.40A,0.0,0
2005-10-18,70,38,0.00,0.0,0
2005-10-19,65,42,0.16,0.0,0
2005-10-20,66,32,0.00,0.0,0
2005-10-21,67,38,0.00,0.0,0
2005-10-22,M,M,0.00,0.0,0
2005-10-23,M,M,0.00,0.0,0
2005-10-24,M,M,0.00,0.0,0
2005-10-25,67,34,0.00,0.0,0
2005-10-26,65,34,0.01,0.0,0
2005-10-27,62,32,0.02,0.0,0
2005-10-28,M,M,M,0.0,0
2005-10-29,M,M,M,0.0,0
2005-10-30,M,M,M,0.0,0
2005-10-31,M,M,0.08A,0.0,0
2005-11-01,66,29,0.00,0.0,0
2005-11-02,64,32,0.00,0.0,0
2005-11-03,62,33,0.00,0.0,0
2005-11-04,63,32,0.00,0.0,0
2005-11-05,M,M,0.00,0.0,0
2005-11-06,M,M,0.00,0.0,0
2005-11-07,M,M,0.00,0.0,0
2005-11-08,70,30,0.00,0.0,0
2005-11-09,69,38,0.00,0.0,0
2005-11-10,M,M,M,0.0,0
2005-11-11,M,M,M,0.0,0
2005-11-12,M,M,M,0.0,0
2005-11-13,M,M,M,0.0,0
2005-11-14,M,M,0.19A,0.0,0
2005-11-15,53,22,0.00,0.0,0
2005-11-16,51,16,0.00,0.0,0
2005-11-17,57,19,0.00,0.0,0
2005-11-18,53,24,0.00,0.0,0
2005-11-19,M,M,0.00,0.0,0
2005-11-20,M,M,0.00,0.0,0
2005-11-21,M,M,0.00,0.0,0
2005-11-22,M,M,0.00,0.0,0
2005-11-23,M,M,0.00,0.0,0
2005-11-24,M,M,0.00,0.0,0
2005-11-25,M,M,0.00,0.0,0
2005-11-26,M,M,0.00,0.0,0
2005-11-27,M,M,0.00,0.0,0
2005-11-28,M,M,0.00,0.0,0
2005-11-29,42,10,0.00,0.0,0
2005-11-30,49,20,0.00,0.0,0
2005-12-01,52,19,0.00,0.0,0
2005-12-02,M,M,0.00,0.0,0
2005-12-03,M,M,M,M,M
2005-12-04,M,M,0.00,0.0,0
2005-12-05,M,M,0.00,0.0,0
2005-12-06,39,6,0.00,0.0,0
2005-12-07,34,14,0.00,0.0,0
2005-12-08,M,-0,0.00,0.0,0
2005-12-09,M,M,0.00,0.0,0
2005-12-10,M,M,0.00,0.0,0
2005-12-11,M,M,0.00,0.0,0
2005-12-12,M,M,0.00,0.0,0
2005-12-13,M,M,M,M,M
2005-12-14,M,M,0.13A,0.0,0
2005-12-15,37,6,0.00,0.0,0
2005-12-16,35,9,0.00,0.0,0
2005-12-17,M,M,0.00,0.0,0
2005-12-18,M,M,0.00,0.0,0
2005-12-19,M,M,0.00,0.0,0
2005-12-20,M,M,0.00,0.0,0
2005-12-21,52,24,0.00,0.0,0
2005-12-22,60,27,0.00,0.0,0
2005-12-23,M,M,M,0.0,0
2005-12-24,M,M,M,0.0,0
2005-12-25,M,M,M,0.0,0
2005-12-26,M,M,M,0.0,0
2005-12-27,44,M,0.02A,0.0,0
2005-12-28,54,21,0.00,0.0,0
2005-12-29,52,28,0.00,0.0,0
2005-12-30,48,16,0.00,0.0,0
2005-12-31,M,M,M,M,M
2006-01-01,M,M,0.00,0.0,0
2006-01-02,M,M,0.00,0.0,0
2006-01-03,M,M,0.00,0.0,0
2006-01-04,50,19,0.00,0.0,0
2006-01-05,50,17,0.00,0.0,0
2006-01-06,57,24,0.00,0.0,0
2006-01-07,M,M,0.00,0.0,0
2006-01-08,M,M,0.00,0.0,0
2006-01-09,M,M,0.00,0.0,0
2006-01-10,49,13,0.00,0.0,0
2006-01-11,55,15,0.00,0.0,0
2006-01-12,51,19,0.00,0.0,0
2006-01-13,M,M,0.00,0.0,0
2006-01-14,M,M,0.00,0.0,0
2006-01-15,M,M,0.00,0.0,0
2006-01-16,M,M,0.00,0.0,0
2006-01-17,M,M,0.00,0.0,0
2006-01-18,49,M,0.00,0.0,0
2006-01-19,46,25,0.04,0.8,0
2006-01-20,38,12,0.08,1.4,M
2006-01-21,50,14,0.00,0.0,0
2006-01-22,M,M,M,M,M
2006-01-23,M,M,M,M,M
2006-01-24,M,M,M,M,M
2006-01-25,M,M,0.06A,1.0A,M
2006-01-26,44,25,0.04,0.6,0
2006-01-27,47,18,0.00,0.0,0
2006-01-28,M,M,0.00,0.0,0
2006-01-29,M,M,0.00,0.0,0
2006-01-30,M,M,0.00,0.0,0
2006-01-31,57,19,0.00,0.0,0
2006-02-01,51,22,0.00,0.0,0
2006-02-02,54,25,0.00,0.0,0
2006-02-03,M,M,0.00,0.0,0
2006-02-04,M,M,0.00,0.0,0
2006-02-05,M,M,0.00,0.0,0
2006-02-06,M,M,0.00,0.0,0
2006-02-07,M,M,0.00,0.0,0
2006-02-08,62,20,0.00,0.0,0
2006-02-09,60,23,0.00,0.0,0
2006-02-10,M,M,0.00,0.0,0
2006-02-11,M,M,0.00,0.0,0
2006-02-12,M,M,0.00,0.0,0
2006-02-13,M,M,0.00,0.0,0
2006-02-14,M,M,0.00,0.0,0
2006-02-15,M,M,0.00,0.0,0
2006-02-16,M,M,0.00,0.0,0
2006-02-17,30,20,0.00,0.0,0
2006-02-18,M,M,0.03,0.5,T
2006-02-19,M,M,0.00,0.0,0
2006-02-20,M,M,0.00,0.0,0
2006-02-21,M,M,0.00,0.0,0
2006-02-22,50,14,0.00,0.0,0
2006-02-23,58,19,0.00,0.0,0
2006-02-24,59,17,0.00,0.0,0
2006-02-25,M,M,0.00,0.0,0
2006-02-26,M,M,0.00,0.0,0
2006-02-27,M,M,0.00,0.0,0
2006-02-28,70,32,0.00,0.0,0
2006-03-01,65,30,0.00,0.0,0
2006-03-02,60,29,0.00,0.0,0
2006-03-03,59,30,0.00,0.0,0
2006-03-04,56,29,0.00,0.0,0
2006-03-05,64,29,0.00,0.0,0
2006-03-06,65,28,0.00,0.0,0
2006-03-07,61,39,0.00,0.0,0
2006-03-08,45,31,0.00,0.0,0
2006-03-09,43,24,0.00,0.0,0
2006-03-10,47,27,0.00,0.0,0
2006-03-11,42,20,0.00,0.0,0
2006-03-12,32,23,0.10,3.0,3
2006-03-13,38,19,0.00,0.0,1
2006-03-14,51,13,0.00,0.0,0
2006-03-15,59,31,0.00,0.0,0
2006-03-16,60,22,0.00,0.0,0
2006-03-17,62,36,0.00,0.0,0
2006-03-18,58,31,0.00,0.0,0
2006-03-19,45,29,0.00,0.0,0
2006-03-20,47,28,0.00,0.0,0
2006-03-21,48,20,0.40,0.0,0
2006-03-22,48,29,0.00,0.0,0
2006-03-23,58,22,0.00,0.0,0
2006-03-24,62,24,0.00,0.0,0
2006-03-25,63,30,0.00,0.0,0
2006-03-26,62,37,0.00,0.0,0
2006-03-27,60,26,0.00,0.0,0
2006-03-28,59,36,0.09,0.0,0
2006-03-29,63,33,0.00,0.0,0
2006-03-30,56,32,0.11,0.0,0
2006-03-31,63,24,0.00,0.0,0
2006-04-01,M,M,0.00,0.0,0
2006-04-02,M,M,0.00,0.0,0
2006-04-03,M,M,0.12,0.0,0
2006-04-04,M,M,0.00,0.0,0
2006-04-05,M,M,0.00,0.0,0
2006-04-06,M,M,0.03,0.0,0
2006-04-07,63,33,0.00,0.0,0
2006-04-08,M,M,0.00,0.0,0
2006-04-09,M,M,0.00,0.0,0
2006-04-10,66,M,0.00,0.0,0
2006-04-11,65,38,0.04,0.0,0
2006-04-12,76,37,0.00,0.0,0
2006-04-13,80,M,0.00,0.0,0
2006-04-14,M,M,0.00,0.0,0
2006-04-15,M,M,0.00,0.0,0
2006-04-16,M,M,0.00,0.0,0
2006-04-17,M,M,0.00,0.0,0
2006-04-18,M,33,0.00,0.0,0
2006-04-19,66,23,0.00,0.0,0
2006-04-20,M,M,0.00,0.0,0
2006-04-21,M,M,0.00,0.0,0
2006-04-22,M,M,0.00,0.0,0
2006-04-23,M,M,0.00,0.0,0
2006-04-24,67,M,0.00,0.0,0
2006-04-25,68,30,0.00,0.0,0
2006-04-26,72,34,0.00,0.0,0
2006-04-27,76,41,0.00,0.0,0
2006-04-28,72,42,0.00,0.0,0
2006-04-29,M,M,0.00,0.0,0
2006-04-30,M,M,0.00,0.0,0
2006-05-01,77,51,0.00,0.0,0
2006-05-02,85,43,0.00,0.0,0
2006-05-03,85,43,0.00,0.0,0
2006-05-04,74,42,0.00,0.0,0
2006-05-05,66,42,0.00,0.0,0
2006-05-06,71,36,0.00,0.0,0
2006-05-07,75,40,0.00,0.0,0
2006-05-08,79,40,0.00,0.0,0
2006-05-09,77,45,0.00,0.0,0
2006-05-10,70,29,0.00,0.0,0
2006-05-11,69,33,0.00,0.0,0
2006-05-12,83,35,0.00,0.0,0
2006-05-13,85,46,0.00,0.0,0
2006-05-14,78,54,0.00,0.0,0
2006-05-15,67,47,0.15,0.0,0
2006-05-16,75,42,0.35,0.0,0
2006-05-17,77,45,0.00,0.0,0
2006-05-18,78,48,0.00,0.0,0
2006-05-19,86,48,0.00,0.0,0
2006-05-20,88,50,0.00,0.0,0
2006-05-21,87,45,0.00,0.0,0
2006-05-22,78,53,0.09,0.0,0
2006-05-23,78,41,0.16,0.0,0
2006-05-24,85,44,0.00,0.0,0
2006-05-25,87,50,0.00,0.0,0
2006-05-26,87,48,0.00,0.0,0
2006-05-27,M,44,0.00,0.0,0
2006-05-28,74,36,0.00,0.0,0
2006-05-29,M,43,0.00,0.0,0
2006-05-30,M,M,0.00,0.0,0
2006-05-31,82,50,0.00,0.0,0
2006-06-01,79,50,0.00,0.0,0
2006-06-02,M,M,0.00,0.0,0
2006-06-03,M,M,0.00,0.0,0
2006-06-04,M,M,0.00,0.0,0
2006-06-05,M,M,0.00,0.0,0
2006-06-06,M,M,0.00,0.0,0
2006-06-07,M,M,0.00,0.0,0
2006-06-08,82,54,0.12,0.0,0
2006-06-09,M,M,0.17,0.0,0
2006-06-10,M,M,0.00,0.0,0
2006-06-11,M,M,0.00,0.0,0
2006-06-12,92,M,0.00,0.0,0
2006-06-13,M,M,0.00,0.0,0
2006-06-14,92,52,0.00,0.0,0
2006-06-15,87,55,0.00,0.0,0
2006-06-16,M,M,0.00,0.0,0
2006-06-17,M,M,0.00,0.0,0
2006-06-18,M,M,0.00,0.0,0
2006-06-19,M,M,0.00,0.0,0
2006-06-20,91,M,0.00,0.0,0
2006-06-21,93,54,0.00,0.0,0
2006-06-22,90,58,0.00,0.0,0
2006-06-23,89,56,0.00,0.0,0
2006-06-24,M,M,M,0.0,0
2006-06-25,M,M,M,0.0,0
2006-06-26,M,M,M,0.0,0
2006-06-27,M,M,0.44A,0.0,0
2006-06-28,M,M,0.25,0.0,0
2006-06-29,87,49,0.00,0.0,0
2006-06-30,90,53,0.00,0.0,0
2006-07-01,M,M,M,0.0,0
2006-07-02,M,M,M,0.0,0
2006-07-03,85,M,0.84A,0.0,0
2006-07-04,M,M,0.13,0.0,0
2006-07-05,87,55,T,0.0,0
2006-07-06,78,58,0.72,0.0,0
2006-07-07,77,54,0.00,0.0,0
2006-07-08,M,M,M,0.0,0
2006-07-09,M,M,M,0.0,0
2006-07-10,80,52,0.46A,0.0,0
2006-07-11,85,51,T,0.0,0
2006-07-12,90,54,0.00,0.0,0
2006-07-13,92,56,0.00,0.0,0
2006-07-14,M,M,M,0.0,0
2006-07-15,M,M,M,0.0,0
2006-07-16,M,M,0.23A,0.0,0
2006-07-17,95,52,0.00,0.0,0
2006-07-18,94,64,0.00,0.0,0
2006-07-19,M,M,M,0.0,0
2006-07-20,M,M,M,0.0,0
2006-07-21,M,M,M,0.0,0
2006-07-22,M,M,M,0.0,0
2006-07-23,M,M,M,0.0,0
2006-07-24,M,M,0.70A,0.0,0
2006-07-25,91,54,0.02,0.0,0
2006-07-26,86,56,0.00,0.0,0
2006-07-27,85,56,0.02,0.0,0
2006-07-28,78,56,0.08,0.0,0
2006-07-29,M,M,0.00,0.0,0
2006-07-30,M,M,0.00,0.0,0
2006-07-31,M,54,0.00,0.0,0
2006-08-01,83,59,0.12,0.0,0
2006-08-02,86,52,0.05,0.0,0
2006-08-03,83,53,0.08,0.0,0
2006-08-04,M,M,M,0.0,0
2006-08-05,M,M,M,0.0,0
2006-08-06,M,M,M,0.0,0
2006-08-07,M,M,0.64A,0.0,0
2006-08-08,85,56,0.01,0.0,0
2006-08-09,85,56,0.00,0.0,0
2006-08-10,M,M,M,0.0,0
2006-08-11,87,53,0.25A,0.0,0
2006-08-12,M,M,M,0.0,0
2006-08-13,M,M,M,0.0,0
2006-08-14,M,M,0.48A,0.0,0
2006-08-15,76,54,T,0.0,0
2006-08-16,M,M,0.30,0.0,0
2006-08-17,87,52,0.00,0.0,0
2006-08-18,M,M,M,0.0,0
2006-08-19,M,M,M,0.0,0
2006-08-20,M,M,M,0.0,0
2006-08-21,M,M,0.13A,0.0,0
2006-08-22,80,52,0.03,0.0,0
2006-08-23,M,M,0.00,0.0,0
2006-08-24,M,M,M,0.0,0
2006-08-25,M,M,M,0.0,0
2006-08-26,M,M,M,0.0,0
2006-08-27,M,M,M,0.0,0
2006-08-28,81,42,0.05A,0.0,0
2006-08-29,81,47,0.00,0.0,0
2006-08-30,86,50,0.00,0.0,0
2006-08-31,M,M,0.00,0.0,0
2006-09-01,M,M,M,0.0,0
2006-09-02,M,M,M,0.0,0
2006-09-03,M,M,M,0.0,0
2006-09-04,M,M,M,0.0,0
2006-09-05,M,M,0.12A,0.0,0
2006-09-06,82,48,T,0.0,0
2006-09-07,70,47,T,0.0,0
2006-09-08,63,50,0.03,0.0,0
2006-09-09,M,M,0.00,0.0,0
2006-09-10,M,M,0.00,0.0,0
2006-09-11,80,M,0.00,0.0,0
2006-09-12,80,49,0.00,0.0,0
2006-09-13,M,M,T,0.0,0
2006-09-14,M,M,M,0.0,0
2006-09-15,81,48,0.15A,0.0,0
2006-09-16,M,M,0.00,0.0,0
2006-09-17,M,M,0.00,0.0,0
2006-09-18,72,32,0.00,0.0,0
2006-09-19,76,36,0.00,0.0,0
2006-09-20,76,38,0.27,0.0,0
2006-09-21,61,38,0.00,0.0,0
2006-09-22,60,34,0.00,0.0,0
2006-09-23,M,M,0.00,0.0,0
2006-09-24,M,M,0.00,0.0,0
2006-09-25,M,M,0.00,0.0,0
2006-09-26,78,40,0.00,0.0,0
2006-09-27,77,42,0.00,0.0,0
2006-09-28,77,42,0.00,0.0,0
2006-09-29,81,41,0.00,0.0,0
2006-09-30,M,M,0.00,0.0,0
2006-10-01,M,M,0.00,0.0,0
2006-10-02,82,40,0.00,0.0,0
2006-10-03,80,49,0.00,0.0,0
2006-10-04,M,M,0.00,0.0,0
2006-10-05,78,47,0.00,0.0,0
2006-10-06,79,51,0.00,0.0,0
2006-10-07,M,M,M,0.0,0
2006-10-08,M,M,M,0.0,0
2006-10-09,M,M,M,0.0,0
2006-10-10,60,40,1.03A,0.0,0
2006-10-11,64,34,0.00,0.0,0
2006-10-12,67,33,0.00,0.0,0
2006-10-13,69,36,0.00,0.0,0
2006-10-14,M,M,M,0.0,0
2006-10-15,M,M,M,0.0,0
2006-10-16,64,34,0.15A,0.0,0
2006-10-17,62,37,0.07,0.0,0
2006-10-18,55,29,0.00,0.0,0
2006-10-19,58,26,0.00,0.0,0
2006-10-20,62,27,0.00,0.0,0
2006-10-21,M,M,0.00,0.0,0
2006-10-22,M,M,0.00,0.0,0
2006-10-23,66,M,0.00,0.0,0
2006-10-24,65,35,0.00,0.0,0
2006-10-25,62,M,T,0.0,0
2006-10-26,46,25,0.00,0.0,0
2006-10-27,59,20,0.00,0.0,0
2006-10-28,M,M,0.00,0.0,0
2006-10-29,M,M,0.00,0.0,0
2006-10-30,61,M,0.00,0.0,0
2006-10-31,61,27,0.00,0.0,0
2006-11-01,M,M,M,M,M
2006-11-02,M,M,M,M,M
2006-11-03,M,M,M,M,M
2006-11-04,M,M,M,M,M
2006-11-05,M,M,M,M,M
2006-11-06,64,24,0.00,0.0,0
2006-11-07,63,38,0.00,0.0,0
2006-11-08,M,M,M,M,M
2006-11-09,M,M,M,M,M
2006-11-10,M,M,M,M,M
2006-11-11,M,M,M,M,M
2006-11-12,M,M,M,M,M
2006-11-13,45,21,0.00,0.0,0
2006-11-14,49,22,0.00,0.0,0
2006-11-15,48,17,0.00,0.0,0
2006-11-16,M,M,M,M,M
2006-11-17,M,M,M,M,M
2006-11-18,M,M,M,M,M
2006-11-19,M,M,M,M,M
2006-11-20,M,M,M,M,M
2006-11-21,M,M,M,M,M
2006-11-22,M,M,M,M,M
2006-11-23,M,M,M,M,M
2006-11-24,M,M,M,M,M
2006-11-25,M,M,M,M,M
2006-11-26,M,M,M,M,M
2006-11-27,M,M,M,M,M
2006-11-28,M,M,M,M,M
2006-11-29,M,M,M,M,M
2006-11-30,M,M,M,M,M
2006-12-01,M,M,0.00,0.0,M
2006-12-02,M,M,0.00,0.0,0
2006-12-03,M,M,0.00,0.0,0
2006-12-04,51,M,0.00,0.0,0
2006-12-05,55,18,0.00,0.0,0
2006-12-06,M,M,0.00,0.0,0
2006-12-07,M,M,0.00,0.0,0
2006-12-08,M,M,0.00,0.0,0
2006-12-09,M,M,0.00,0.0,0
2006-12-10,M,M,0.00,0.0,0
2006-12-11,54,17,T,T,T
2006-12-12,46,12,0.00,0.0,0
2006-12-13,M,M,M,M,M
2006-12-14,M,M,M,M,M
2006-12-15,M,M,M,M,M
2006-12-16,M,M,M,M,M
2006-12-17,M,M,M,M,M
2006-12-18,M,M,M,M,M
2006-12-19,35,M,0.37A,1.5A,2
2006-12-20,30,M,0.05,1.0,3
2006-12-21,36,9,0.00,0.0,2
2006-12-22,37,10,0.00,0.0,2
2006-12-23,M,M,0.00,0.0,1
2006-12-24,M,M,0.00,0.0,0
2006-12-25,40,10,0.00,0.0,0
2006-12-26,52,20,0.00,0.0,0
2006-12-27,48,24,0.00,0.0,0
2006-12-28,48,31,0.00,0.0,0
2006-12-29,38,27,0.21,3.0,3
2006-12-30,M,M,0.40,5.0,8
2006-12-31,M,M,0.00,0.0,8
2007-01-01,M,M,0.00,0.0,8
2007-01-02,M,M,0.00,0.0,7
2007-01-03,M,M,0.00,0.0,6
2007-01-04,47,M,T,T,5
2007-01-05,43,28,0.25,1.5,6
2007-01-06,M,M,0.00,0.0,6
2007-01-07,M,M,0.00,0.0,5
2007-01-08,44,9,0.02,0.4,4
2007-01-09,47,12,0.00,0.0,4
2007-01-10,40,17,0.00,0.0,4
2007-01-11,47,21,0.00,0.0,3
2007-01-12,43,28,T,0.0,2
2007-01-13,M,M,0.02,T,1
2007-01-14,M,M,0.30,4.0,5
2007-01-15,M,M,0.00,0.0,4
2007-01-16,29,M,0.02,0.2,2
2007-01-17,M,M,0.00,0.0,2
2007-01-18,M,M,0.00,0.0,2
2007-01-19,40,15,0.00,0.0,1
2007-01-20,M,M,0.18,2.0,2
2007-01-21,M,M,0.00,0.0,2
2007-01-22,35,8,0.00,0.0,1
2007-01-23,40,9,0.00,0.0,1
2007-01-24,47,13,0.00,0.0,0
2007-01-25,48,20,0.00,0.0,0
2007-01-26,47,19,0.00,0.0,0
2007-01-27,M,M,0.00,0.0,0
2007-01-28,M,M,0.00,0.0,0
2007-01-29,45,M,0.00,0.0,0
2007-01-30,40,15,0.00,0.0,0
2007-01-31,38,22,0.35,4.0,4
2007-02-01,32,6,0.08,0.5,3
2007-02-02,28,-3,0.00,0.0,3
2007-02-03,M,M,0.00,0.0,2
2007-02-04,M,M,0.00,0.0,1
2007-02-05,55,M,0.02,0.0,0
2007-02-06,55,27,0.00,0.0,0
2007-02-07,M,M,0.00,0.0,0
2007-02-08,M,M,0.00,0.0,0
2007-02-09,M,M,0.00,0.0,0
2007-02-10,M,M,0.00,0.0,0
2007-02-11,M,M,0.00,0.0,0
2007-02-12,52,M,0.13,0.0,0
2007-02-13,M,32,0.00,0.0,0
2007-02-14,M,M,0.00,0.0,0
2007-02-15,M,M,0.30,5.0,5
2007-02-16,M,M,0.00,0.0,3
2007-02-17,M,M,0.00,0.0,1
2007-02-18,M,M,0.00,0.0,0
2007-02-19,M,M,0.00,0.0,0
2007-02-20,50,M,0.00,0.0,0
2007-02-21,58,23,0.00,0.0,0
2007-02-22,55,27,0.00,0.0,0
2007-02-23,54,28,0.00,0.0,0
2007-02-24,M,M,0.00,0.0,0
2007-02-25,M,M,0.00,0.0,0
2007-02-26,53,M,0.03,0.0,0
2007-02-27,56,21,0.00,0.0,0
2007-02-28,M,24,0.00,0.0,0
2007-03-01,34,18,0.00,0.0,0
2007-03-02,38,16,0.00,0.0,0
2007-03-03,M,M,0.00,0.0,0
2007-03-04,M,M,0.00,0.0,0
2007-03-05,62,M,0.00,0.0,0
2007-03-06,69,28,0.00,0.0,0
2007-03-07,63,31,0.00,0.0,0
2007-03-08,59,32,0.00,0.0,0
2007-03-09,64,26,0.00,0.0,0
2007-03-10,M,M,0.00,0.0,0
2007-03-11,M,M,0.00,0.0,0
2007-03-12,69,M,0.00,0.0,0
2007-03-13,72,30,0.00,0.0,0
2007-03-14,72,37,0.00,0.0,0
2007-03-15,70,39,0.00,0.0,0
2007-03-16,71,29,0.00,0.0,0
2007-03-17,M,M,0.00,0.0,0
2007-03-18,M,M,0.00,0.0,0
2007-03-19,69,M,0.00,0.0,0
2007-03-20,69,35,0.00,0.0,0
2007-03-21,68,37,T,0.0,0
2007-03-22,60,40,0.17,0.0,0
2007-03-23,58,38,0.54,0.0,0
2007-03-24,M,M,M,0.0,0
2007-03-25,M,M,M,0.0,0
2007-03-26,67,M,0.66A,0.0,0
2007-03-27,67,38,0.00,0.0,0
2007-03-28,65,34,0.00,0.0,0
2007-03-29,46,22,0.00,0.0,0
2007-03-30,48,27,0.00,0.0,0
2007-03-31,M,M,0.00,0.0,0
2007-04-01,M,M,M,0.0,0
2007-04-02,70,M,0.01A,0.0,0
2007-04-03,71,32,0.00,0.0,0
2007-04-04,67,36,0.00,0.0,0
2007-04-05,70,34,0.00,0.0,0
2007-04-06,M,35,0.00,0.0,0
2007-04-07,M,M,M,0.0,0
2007-04-08,M,M,M,0.0,0
2007-04-09,62,M,0.30A,0.0,0
2007-04-10,59,34,0.05,0.0,0
2007-04-11,52,24,0.00,0.0,0
2007-04-12,54,30,0.00,0.0,0
2007-04-13,M,32,0.45,0.0,0
2007-04-14,M,M,0.00,0.0,0
2007-04-15,M,M,0.00,0.0,0
2007-04-16,66,M,0.00,0.0,0
2007-04-17,63,30,T,0.0,0
2007-04-18,70,32,0.00,0.0,0
2007-04-19,M,29,0.00,0.0,0
2007-04-20,69,31,0.00,0.0,0
2007-04-21,M,M,M,0.0,0
2007-04-22,M,M,M,0.0,0
2007-04-23,65,M,0.02A,0.0,0
2007-04-24,62,32,0.10,0.0,0
2007-04-25,M,29,0.10,0.0,0
2007-04-26,70,33,0.00,0.0,0
2007-04-27,75,35,0.00,0.0,0
2007-04-28,M,M,0.00,0.0,0
2007-04-29,M,M,0.00,0.0,0
2007-04-30,80,M,0.00,0.0,0
2007-05-01,78,43,T,0.0,0
2007-05-02,66,42,0.80,0.0,0
2007-05-03,70,40,0.01,0.0,0
2007-05-04,70,37,0.01,0.0,0
2007-05-05,M,M,0.00,0.0,0
2007-05-06,M,M,0.00,0.0,0
2007-05-07,M,M,T,0.0,0
2007-05-08,67,39,0.00,0.0,0
2007-05-09,65,35,0.59,0.0,0
2007-05-10,77,40,0.00,0.0,0
2007-05-11,80,45,0.00,0.0,0
2007-05-12,M,M,0.00,0.0,0
2007-05-13,M,M,0.00,0.0,0
2007-05-14,M,M,0.09,0.0,0
2007-05-15,71,46,0.00,0.0,0
2007-05-16,67,41,0.50,0.0,0
2007-05-17,66,41,0.21,0.0,0
2007-05-18,73,42,0.05,0.0,0
2007-05-19,M,M,0.00,0.0,0
2007-05-20,M,M,0.00,0.0,0
2007-05-21,74,M,0.22,0.0,0
2007-05-22,72,38,0.00,0.0,0
2007-05-23,M,36,0.12,0.0,0
2007-05-24,67,32,0.00,0.0,0
2007-05-25,68,47,0.10,M,M
2007-05-26,M,M,0.00,0.0,0
2007-05-27,M,M,0.00,0.0,0
2007-05-28,M,M,0.00,0.0,0
2007-05-29,78,M,0.00,0.0,0
2007-05-30,76,37,0.00,0.0,0
2007-05-31,80,41,0.00,0.0,0
2007-06-01,82,43,0.00,0.0,0
2007-06-02,M,M,0.00,0.0,0
2007-06-03,M,M,0.00,0.0,0
2007-06-04,74,M,0.02,0.0,0
2007-06-05,84,46,0.00,0.0,0
2007-06-06,80,55,0.00,0.0,0
2007-06-07,79,32,0.00,0.0,0
2007-06-08,75,36,0.00,0.0,0
2007-06-09,M,M,0.00,0.0,0
2007-06-10,M,M,0.00,0.0,0
2007-06-11,86,M,T,0.0,0
2007-06-12,71,51,0.32,0.0,0
2007-06-13,74,48,0.00,0.0,0
2007-06-14,83,44,0.00,0.0,0
2007-06-15,86,50,0.00,0.0,0
2007-06-16,M,M,0.00,0.0,0
2007-06-17,M,M,0.00,0.0,0
2007-06-18,90,M,0.00,0.0,0
2007-06-19,90,52,0.00,0.0,0
2007-06-20,90,54,0.00,0.0,0
2007-06-21,90,58,0.01,0.0,0
2007-06-22,88,53,0.02,0.0,0
2007-06-23,M,M,0.00,0.0,0
2007-06-24,M,M,0.00,0.0,0
2007-06-25,91,M,0.00,0.0,0
2007-06-26,97,47,0.00,0.0,0
2007-06-27,92,52,0.00,0.0,0
2007-06-28,85,54,0.00,0.0,0
2007-06-29,87,53,0.00,0.0,0
2007-06-30,M,M,0.00,0.0,0
2007-07-01,M,M,0.00,0.0,0
2007-07-02,92,M,0.00,0.0,0
2007-07-03,94,56,0.00,0.0,0
2007-07-04,M,M,M,0.0,0
2007-07-05,90,56,0.02A,0.0,0
2007-07-06,85,52,0.00,0.0,0
2007-07-07,M,M,M,0.0,0
2007-07-08,M,M,M,0.0,0
2007-07-09,94,M,0.04A,0.0,0
2007-07-10,91,56,0.00,0.0,0
2007-07-11,87,55,0.00,0.0,0
2007-07-12,88,58,0.00,0.0,0
2007-07-13,86,56,0.18,0.0,0
2007-07-14,M,M,M,0.0,0
2007-07-15,M,M,M,0.0,0
2007-07-16,95,M,0.53A,0.0,0
2007-07-17,92,56,0.00,0.0,0
2007-07-18,93,59,0.00,0.0,0
2007-07-19,M,57,0.00,0.0,0
2007-07-20,84,55,0.00,0.0,0
2007-07-21,M,M,0.00,0.0,0
2007-07-22,M,M,0.00,0.0,0
2007-07-23,M,M,0.00,0.0,0
2007-07-24,85,52,0.00,0.0,0
2007-07-25,84,54,0.00,0.0,0
2007-07-26,89,M,0.60,0.0,0
2007-07-27,81,48,0.05,0.0,0
2007-07-28,M,M,M,0.0,0
2007-07-29,M,M,M,0.0,0
2007-07-30,84,M,0.01A,0.0,0
2007-07-31,82,56,0.00,0.0,0
2007-08-01,87,55,0.28,0.0,0
2007-08-02,87,62,0.00,0.0,0
2007-08-03,87,58,0.00,0.0,0
2007-08-04,M,M,M,0.0,0
2007-08-05,M,M,M,0.0,0
2007-08-06,85,M,0.01A,0.0,0
2007-08-07,80,53,0.47,0.0,0
2007-08-08,82,50,0.08,0.0,0
2007-08-09,88,55,0.00,0.0,0
2007-08-10,M,56,0.00,0.0,0
2007-08-11,86,56,0.00,0.0,0
2007-08-12,87,52,0.00,0.0,0
2007-08-13,89,M,0.00,0.0,0
2007-08-14,87,54,0.18,0.0,0
2007-08-15,89,55,0.01,0.0,0
2007-08-16,90,57,0.00,0.0,0
2007-08-17,86,54,0.00,0.0,0
2007-08-18,86,57,0.00,0.0,0
2007-08-19,86,55,0.00,0.0,0
2007-08-20,88,M,0.00,0.0,0
2007-08-21,92,54,0.00,0.0,0
2007-08-22,M,55,0.00,0.0,0
2007-08-23,M,52,0.00,0.0,0
2007-08-24,87,56,0.02,0.0,0
2007-08-25,90,54,0.00,0.0,0
2007-08-26,89,58,0.00,0.0,0
2007-08-27,83,M,T,0.0,0
2007-08-28,84,47,0.03,0.0,0
2007-08-29,86,57,0.00,0.0,0
2007-08-30,82,51,0.25,0.0,0
2007-08-31,78,53,0.00,0.0,0
2007-09-01,82,54,0.00,0.0,0
2007-09-02,79,52,0.28,0.0,0
2007-09-03,80,51,0.00,0.0,0
2007-09-04,82,50,0.00,0.0,0
2007-09-05,84,51,0.01,0.0,0
2007-09-06,83,53,0.00,0.0,0
2007-09-07,80,49,0.00,0.0,0
2007-09-08,81,49,0.00,0.0,0
2007-09-09,82,55,0.00,0.0,0
2007-09-10,83,55,0.05,0.0,0
2007-09-11,81,47,0.00,0.0,0
2007-09-12,78,45,0.00,0.0,0
2007-09-13,83,48,0.00,0.0,0
2007-09-14,85,50,0.00,0.0,0
2007-09-15,85,52,0.00,0.0,0
2007-09-16,83,51,0.00,0.0,0
2007-09-17,72,52,0.00,0.0,0
2007-09-18,73,43,0.29,0.0,0
2007-09-19,78,43,T,0.0,0
2007-09-20,78,53,0.57,0.0,0
2007-09-21,75,49,0.13,0.0,0
2007-09-22,78,49,0.00,0.0,0
2007-09-23,77,53,0.00,0.0,0
2007-09-24,65,43,0.34,0.0,0
2007-09-25,68,38,0.00,0.0,0
2007-09-26,72,35,0.00,0.0,0
2007-09-27,74,40,0.00,0.0,0
2007-09-28,73,45,0.00,0.0,0
2007-09-29,67,47,0.40,0.0,0
2007-09-30,70,35,0.00,0.0,0
2007-10-01,67,38,T,0.0,0
2007-10-02,66,47,0.33,0.0,0
2007-10-03,71,35,0.00,0.0,0
2007-10-04,73,44,0.00,0.0,0
2007-10-05,75,46,0.00,0.0,0
2007-10-06,73,43,0.00,0.0,0
2007-10-07,73,30,0.00,0.0,0
2007-10-08,71,27,0.00,0.0,0
2007-10-09,70,36,0.00,0.0,0
2007-10-10,74,47,0.00,0.0,0
2007-10-11,77,39,0.00,0.0,0
2007-10-12,77,41,0.00,0.0,0
2007-10-13,75,49,0.00,0.0,0
2007-10-14,62,35,0.00,0.0,0
2007-10-15,63,35,0.00,0.0,0
2007-10-16,65,34,0.00,0.0,0
2007-10-17,65,32,0.00,0.0,0
2007-10-18,53,29,0.00,0.0,0
2007-10-19,69,26,0.00,0.0,0
2007-10-20,73,35,0.00,0.0,0
2007-10-21,75,32,0.00,0.0,0
2007-10-22,50,16,0.00,0.0,0
2007-10-23,69,36,0.00,0.0,0
2007-10-24,72,38,0.00,0.0,0
2007-10-25,75,37,0.00,0.0,0
2007-10-26,74,M,0.00,0.0,0
2007-10-27,74,37,0.00,0.0,0
2007-10-28,71,40,0.00,0.0,0
2007-10-29,69,36,0.00,0.0,0
2007-10-30,68,34,0.00,0.0,0
2007-10-31,67,33,0.00,0.0,0
2007-11-01,62,29,0.00,0.0,0
2007-11-02,63,29,0.00,0.0,0
2007-11-03,64,24,0.00,0.0,0
2007-11-04,68,32,0.00,0.0,0
2007-11-05,70,34,0.00,0.0,0
2007-11-06,65,29,0.00,0.0,0
2007-11-07,68,28,0.00,0.0,0
2007-11-08,68,32,0.00,0.0,0
2007-11-09,68,34,0.00,0.0,0
2007-11-10,68,30,0.00,0.0,0
2007-11-11,66,30,0.00,0.0,0
2007-11-12,66,35,0.00,0.0,0
2007-11-13,65,31,0.00,0.0,0
2007-11-14,62,30,0.00,0.0,0
2007-11-15,57,24,0.00,0.0,0
2007-11-16,64,27,0.00,0.0,0
2007-11-17,63,33,0.00,0.0,0
2007-11-18,66,34,0.00,0.0,0
2007-11-19,70,33,0.00,0.0,0
2007-11-20,65,29,0.00,0.0,0
2007-11-21,58,31,0.00,0.0,0
2007-11-22,43,14,0.00,0.0,0
2007-11-23,37,22,0.24,1.0,1
2007-11-24,38,17,0.00,0.0,M
2007-11-25,44,12,0.00,0.0,M
2007-11-26,41,20,0.00,0.0,M
2007-11-27,46,15,0.00,0.0,0
2007-11-28,44,25,0.00,0.0,0
2007-11-29,45,9,0.00,0.0,0
2007-11-30,41,21,0.17,0.0,0
2007-12-01,54,39,0.00,0.0,0
2007-12-02,49,26,0.00,0.0,0
2007-12-03,50,20,0.40,0.0,0
2007-12-04,59,27,0.00,0.0,0
2007-12-05,55,31,0.00,0.0,0
2007-12-06,52,31,0.00,0.0,0
2007-12-07,56,32,0.08,0.0,0
2007-12-08,50,35,0.56,0.0,0
2007-12-09,38,19,0.63,0.0,0
2007-12-10,38,23,0.00,0.0,0
2007-12-11,34,29,0.90,4.0,4
2007-12-12,35,14,0.00,0.0,3
2007-12-13,32,12,0.00,0.0,3
2007-12-14,31,14,0.00,0.0,3
2007-12-15,28,7,0.00,0.0,3
2007-12-16,34,7,0.00,0.0,3
2007-12-17,34,10,0.02,0.0,3
2007-12-18,43,15,0.00,0.0,2
2007-12-19,M,16,0.00,0.0,1
2007-12-20,M,M,0.00,0.0,1
2007-12-21,M,M,0.00,0.0,1
2007-12-22,M,M,0.02,0.5,2
2007-12-23,M,M,0.00,0.0,2
2007-12-24,M,M,0.00,0.0,2
2007-12-25,M,M,0.00,0.0,1
2007-12-26,M,12,0.00,0.0,1
2007-12-27,M,M,0.00,0.0,1
2007-12-28,M,3,0.07,1.0,2
2007-12-29,M,M,0.00,0.0,2
2007-12-30,M,M,0.00,0.0,1
2007-12-31,M,M,0.00,0.0,1
2008-01-01,30,-0,0.00,0.0,M
2008-01-02,29,-0,0.00,0.0,2
2008-01-03,39,12,0.00,0.0,2
2008-01-04,47,18,0.00,0.0,2
2008-01-05,45,31,0.00,0.0,M
2008-01-06,41,33,0.00,0.0,M
2008-01-07,37,29,0.52,0.0,0
2008-01-08,35,10,0.34,3.0,3
2008-01-09,32,11,T,0.0,3
2008-01-10,33,8,0.00,0.0,3
2008-01-11,36,8,0.00,0.0,2
2008-01-12,36,10,0.00,0.0,M
2008-01-13,35,6,0.00,0.0,M
2008-01-14,37,10,0.03,0.0,2
2008-01-15,36,11,0.00,0.0,2
2008-01-16,36,8,0.00,0.0,2
2008-01-17,24,-5,0.00,0.0,2
2008-01-18,27,-0,0.00,0.0,2
2008-01-19,32,-0,0.00,0.0,M
2008-01-20,37,7,0.00,0.0,M
2008-01-21,39,9,0.00,0.0,M
2008-01-22,41,10,0.00,0.0,1
2008-01-23,43,12,0.00,0.0,M
2008-01-24,41,23,0.00,0.0,0
2008-01-25,41,17,0.10,2.0,0
2008-01-26,46,17,0.00,0.0,0
2008-01-27,42,17,0.00,0.0,0
2008-01-28,39,32,0.17,0.0,0
2008-01-29,35,10,0.11,0.0,0
2008-01-30,30,9,0.01,0.0,0
2008-01-31,27,2,0.00,0.0,0
2008-02-01,40,6,T,0.0,0
2008-02-02,39,18,0.00,0.0,0
2008-02-03,34,24,0.17,2.5,3
2008-02-04,37,23,0.03,1.0,3
2008-02-05,32,15,0.19,2.0,5
2008-02-06,36,1,0.00,0.0,4
2008-02-07,37,4,0.00,0.0,3
2008-02-08,39,23,0.00,0.0,3
2008-02-09,47,14,0.00,0.0,2
2008-02-10,48,20,0.00,0.0,0
2008-02-11,48,23,0.00,0.0,0
2008-02-12,45,21,0.00,0.0,0
2008-02-13,49,20,0.00,0.0,0
2008-02-14,49,32,0.00,0.0,0
2008-02-15,48,31,0.00,0.0,0
2008-02-16,M,M,0.00,0.0,0
2008-02-17,M,M,0.00,0.0,0
2008-02-18,M,M,0.00,0.0,0
2008-02-19,51,M,0.00,0.0,0
2008-02-20,51,26,0.00,0.0,0
2008-02-21,42,27,0.08,1.5,0
2008-02-22,43,27,0.00,0.0,0
2008-02-23,42,27,0.10,1.0,0
2008-02-24,43,23,0.08,1.0,0
2008-02-25,45,31,0.72,2.0,0
2008-02-26,47,22,0.00,0.0,0
2008-02-27,56,23,0.00,0.0,0
2008-02-28,60,22,0.00,0.0,0
2008-02-29,61,29,0.00,0.0,0
2008-03-01,63,30,0.00,0.0,0
2008-03-02,62,32,0.00,0.0,0
2008-03-03,38,14,0.10,0.0,0
2008-03-04,48,17,0.00,0.0,0
2008-03-05,48,18,0.00,0.0,0
2008-03-06,37,12,0.00,0.0,0
2008-03-07,45,8,0.00,0.0,0
2008-03-08,47,21,0.00,0.0,0
2008-03-09,48,30,0.00,0.0,0
2008-03-10,49,23,0.02,0.0,0
2008-03-11,57,21,0.00,0.0,0
2008-03-12,59,26,0.00,0.0,0
2008-03-13,58,24,0.00,0.0,0
2008-03-14,53,33,0.03,0.0,0
2008-03-15,54,23,0.00,0.0,0
2008-03-16,57,20,0.00,0.0,0
2008-03-17,55,18,0.00,0.0,0
2008-03-18,52,17,0.00,0.0,0
2008-03-19,58,22,0.00,0.0,0
2008-03-20,64,24,0.00,0.0,0
2008-03-21,64,24,0.00,0.0,0
2008-03-22,59,29,0.00,0.0,0
2008-03-23,57,19,0.00,0.0,0
2008-03-24,63,24,0.00,0.0,0
2008-03-25,66,30,0.00,0.0,0
2008-03-26,65,24,0.00,0.0,0
2008-03-27,65,32,0.00,0.0,0
2008-03-28,63,30,0.00,0.0,0
2008-03-29,65,25,0.00,0.0,0
2008-03-30,64,29,0.00,0.0,0
2008-03-31,64,33,0.00,0.0,0
2008-04-01,56,26,0.00,0.0,0
2008-04-02,67,30,0.00,0.0,0
2008-04-03,66,35,0.00,0.0,0
2008-04-04,59,24,0.00,0.0,0
2008-04-05,60,22,0.00,0.0,0
2008-04-06,62,32,0.00,0.0,0
2008-04-07,62,31,0.00,0.0,0
2008-04-08,62,29,0.00,0.0,0
2008-04-09,58,40,0.00,0.0,0
2008-04-10,M,28,0.00,0.0,0
2008-04-11,43,24,0.09,0.0,0
2008-04-12,53,20,0.00,0.0,0
2008-04-13,62,26,0.00,0.0,0
2008-04-14,71,31,0.08,0.0,0
2008-04-15,74,31,0.00,0.0,0
2008-04-16,73,33,0.00,0.0,0
2008-04-17,64,26,0.08,0.0,0
2008-04-18,64,23,0.00,0.0,0
2008-04-19,68,32,0.00,0.0,0
2008-04-20,67,31,0.00,0.0,0
2008-04-21,67,32,0.00,0.0,0
2008-04-22,71,34,0.00,0.0,0
2008-04-23,74,38,0.00,0.0,0
2008-04-24,72,33,0.00,0.0,0
2008-04-25,67,26,0.00,0.0,0
2008-04-26,M,27,0.00,0.0,0
2008-04-27,61,21,0.00,0.0,0
2008-04-28,71,29,0.00,0.0,0
2008-04-29,72,34,0.00,0.0,0
2008-04-30,75,44,0.00,0.0,0
2008-05-01,74,42,0.00,0.0,0
2008-05-02,55,29,0.00,0.0,0
2008-05-03,63,26,0.00,0.0,0
2008-05-04,72,33,0.00,0.0,0
2008-05-05,77,40,0.00,0.0,0
2008-05-06,74,43,0.00,0.0,0
2008-05-07,72,45,0.00,0.0,0
2008-05-08,72,44,0.00,0.0,0
2008-05-09,72,36,0.00,0.0,0
2008-05-10,72,45,0.00,0.0,0
2008-05-11,72,31,0.00,0.0,0
2008-05-12,74,40,0.00,0.0,0
2008-05-13,73,36,0.00,0.0,0
2008-05-14,63,36,0.01,0.0,0
2008-05-15,56,38,0.61,0.0,0
2008-05-16,63,33,0.00,0.0,0
2008-05-17,72,43,0.00,0.0,0
2008-05-18,78,42,0.00,0.0,0
2008-05-19,83,45,0.00,0.0,0
2008-05-20,86,46,0.14,0.0,0
2008-05-21,86,50,0.14,0.0,0
2008-05-22,78,35,0.42,0.0,0
2008-05-23,48,38,0.12,0.0,0
2008-05-24,58,34,0.18,0.0,0
2008-05-25,75,38,0.00,0.0,0
2008-05-26,75,43,0.00,0.0,0
2008-05-27,76,34,0.00,0.0,0
2008-05-28,74,45,0.00,0.0,0
2008-05-29,76,48,0.00,0.0,0
2008-05-30,78,38,0.00,0.0,0
2008-05-31,M,M,0.00,0.0,0
2008-06-01,M,M,0.00,0.0,0
2008-06-02,M,M,0.00,0.0,0
2008-06-03,82,46,0.00,0.0,0
2008-06-04,77,43,0.00,0.0,0
2008-06-05,75,37,0.10,0.0,0
2008-06-06,74,37,0.01,0.0,0
2008-06-07,76,42,0.00,0.0,0
2008-06-08,84,49,0.00,0.0,0
2008-06-09,75,39,0.00,0.0,0
2008-06-10,83,43,0.00,0.0,0
2008-06-11,M,37,0.00,0.0,0
2008-06-12,M,40,0.00,0.0,0
2008-06-13,87,53,0.00,0.0,0
2008-06-14,89,54,0.00,0.0,0
2008-06-15,84,46,0.00,0.0,0
2008-06-16,87,53,0.00,0.0,0
2008-06-17,88,54,0.00,0.0,0
2008-06-18,87,47,0.00,0.0,0
2008-06-19,87,53,0.00,0.0,0
2008-06-20,87,50,0.03,0.0,0
2008-06-21,80,48,0.00,0.0,0
2008-06-22,77,51,0.00,0.0,0
2008-06-23,86,54,0.00,0.0,0
2008-06-24,84,53,0.45,0.0,0
2008-06-25,82,51,0.00,0.0,0
2008-06-26,85,52,0.00,0.0,0
2008-06-27,M,47,0.00,0.0,0
2008-06-28,86,56,0.00,0.0,0
2008-06-29,85,47,0.00,0.0,0
2008-06-30,80,49,0.61,0.0,0
2008-07-01,82,49,0.00,0.0,0
2008-07-02,M,M,0.00,0.0,0
2008-07-03,M,M,0.00,0.0,0
2008-07-04,M,M,0.00,0.0,0
2008-07-05,M,M,0.00,0.0,0
2008-07-06,M,M,0.00,0.0,0
2008-07-07,M,M,0.65,0.0,0
2008-07-08,M,M,0.10,0.0,0
2008-07-09,M,M,0.00,0.0,0
2008-07-10,84,55,0.00,0.0,0
2008-07-11,82,50,0.00,0.0,0
2008-07-12,78,54,1.81,0.0,0
2008-07-13,75,56,0.00,0.0,0
2008-07-14,80,50,0.00,0.0,0
2008-07-15,84,52,0.15,0.0,0
2008-07-16,84,55,0.07,0.0,0
2008-07-17,84,50,0.01,0.0,0
2008-07-18,84,56,0.19,0.0,0
2008-07-19,M,53,0.00,0.0,0
2008-07-20,83,55,0.00,0.0,0
2008-07-21,80,56,0.06,0.0,0
2008-07-22,81,53,0.00,0.0,0
2008-07-23,84,56,0.02,0.0,0
2008-07-24,85,56,0.00,0.0,0
2008-07-25,87,59,0.00,0.0,0
2008-07-26,86,53,0.00,0.0,0
2008-07-27,75,54,0.23,0.0,0
2008-07-28,82,53,0.00,0.0,0
2008-07-29,85,53,0.00,0.0,0
2008-07-30,85,57,0.00,0.0,0
2008-07-31,87,56,0.00,0.0,0
2008-08-01,90,58,0.00,0.0,0
2008-08-02,90,56,0.00,0.0,0
2008-08-03,91,56,0.00,0.0,0
2008-08-04,88,55,0.00,0.0,0
2008-08-05,84,57,0.00,0.0,0
2008-08-06,83,56,0.17,0.0,0
2008-08-07,83,58,0.06,0.0,0
2008-08-08,78,55,0.00,0.0,0
2008-08-09,81,54,0.00,0.0,0
2008-08-10,83,54,0.30,0.0,0
2008-08-11,82,53,0.00,0.0,0
2008-08-12,85,56,0.00,0.0,0
2008-08-13,87,54,0.00,0.0,0
2008-08-14,86,56,0.00,0.0,0
2008-08-15,83,51,0.00,0.0,0
2008-08-16,79,48,0.00,0.0,0
2008-08-17,73,51,0.53,0.0,0
2008-08-18,67,46,0.00,0.0,0
2008-08-19,75,51,0.00,0.0,0
2008-08-20,79,50,0.00,0.0,0
2008-08-21,81,50,0.00,0.0,0
2008-08-22,86,48,0.00,0.0,0
2008-08-23,88,54,0.00,0.0,0
2008-08-24,86,52,0.00,0.0,0
2008-08-25,84,51,0.00,0.0,0
2008-08-26,82,50,0.08,0.0,0
2008-08-27,M,53,0.00,0.0,0
2008-08-28,85,52,0.00,0.0,0
2008-08-29,88,54,0.00,0.0,0
2008-08-30,83,50,0.00,0.0,0
2008-08-31,78,57,0.62,0.0,0
2008-09-01,72,55,0.00,0.0,0
2008-09-02,79,49,0.00,0.0,0
2008-09-03,M,M,0.09,0.0,0
2008-09-04,M,M,0.00,0.0,0
2008-09-05,M,M,0.00,0.0,0
2008-09-06,M,M,0.00,0.0,0
2008-09-07,M,M,0.00,0.0,0
2008-09-08,M,M,0.00,0.0,0
2008-09-09,M,M,0.06,0.0,0
2008-09-10,M,M,0.00,0.0,0
2008-09-11,M,M,0.00,0.0,0
2008-09-12,69,51,0.00,0.0,0
2008-09-13,75,37,0.00,0.0,0
2008-09-14,76,44,0.00,0.0,0
2008-09-15,72,43,0.03,0.0,0
2008-09-16,75,43,0.00,0.0,0
2008-09-17,75,43,0.00,0.0,0
2008-09-18,76,45,0.00,0.0,0
2008-09-19,76,45,0.00,0.0,0
2008-09-20,77,45,0.00,0.0,0
2008-09-21,76,48,0.00,0.0,0
2008-09-22,78,49,0.04,0.0,0
2008-09-23,78,44,0.00,0.0,0
2008-09-24,78,45,0.00,0.0,0
2008-09-25,79,47,0.00,0.0,0
2008-09-26,82,47,0.00,0.0,0
2008-09-27,83,52,0.00,0.0,0
2008-09-28,80,44,0.00,0.0,0
2008-09-29,77,42,0.00,0.0,0
2008-09-30,78,42,0.00,0.0,0
2008-10-01,79,46,0.00,0.0,0
2008-10-02,77,43,0.00,0.0,0
2008-10-03,M,45,0.00,0.0,0
2008-10-04,70,44,0.00,0.0,0
2008-10-05,65,44,0.00,0.0,0
2008-10-06,61,55,0.40,0.0,0
2008-10-07,67,36,0.00,0.0,0
2008-10-08,74,38,0.00,0.0,0
2008-10-09,77,39,0.00,0.0,0
2008-10-10,77,38,0.00,0.0,0
2008-10-11,M,42,0.00,0.0,0
2008-10-12,63,42,0.00,0.0,0
2008-10-13,61,26,0.41,0.0,0
2008-10-14,60,41,0.00,0.0,0
2008-10-15,59,30,0.00,0.0,0
2008-10-16,69,34,0.00,0.0,0
2008-10-17,69,38,0.00,0.0,0
2008-10-18,69,37,0.00,0.0,0
2008-10-19,70,42,0.00,0.0,0
2008-10-20,68,37,0.00,0.0,0
2008-10-21,68,22,0.00,0.0,0
2008-10-22,55,15,0.00,0.0,0
2008-10-23,63,27,0.00,0.0,0
2008-10-24,69,32,0.00,0.0,0
2008-10-25,72,39,0.00,0.0,0
2008-10-26,73,30,0.00,0.0,0
2008-10-27,70,35,0.00,0.0,0
2008-10-28,70,32,0.00,0.0,0
2008-10-29,71,35,0.00,0.0,0
2008-10-30,72,37,0.00,0.0,0
2008-10-31,71,39,0.00,0.0,0
2008-11-01,70,40,0.00,0.0,0
2008-11-02,M,37,0.00,0.0,0
2008-11-03,66,31,0.00,0.0,0
2008-11-04,M,M,0.00,0.0,0
2008-11-05,60,28,0.00,0.0,0
2008-11-06,M,10,0.00,0.0,0
2008-11-07,47,15,0.00,0.0,0
2008-11-08,57,22,0.00,0.0,0
2008-11-09,58,28,0.00,0.0,0
2008-11-10,51,28,0.00,0.0,0
2008-11-11,49,23,0.00,0.0,0
2008-11-12,52,22,0.00,0.0,0
2008-11-13,59,27,0.00,0.0,0
2008-11-14,58,26,0.00,0.0,0
2008-11-15,58,16,0.00,0.0,0
2008-11-16,62,26,0.00,0.0,0
2008-11-17,66,30,0.00,0.0,0
2008-11-18,66,33,0.00,0.0,0
2008-11-19,63,29,0.00,0.0,0
2008-11-20,52,24,0.00,0.0,0
2008-11-21,52,19,0.00,0.0,0
2008-11-22,57,25,0.00,0.0,0
2008-11-23,59,22,0.00,0.0,0
2008-11-24,52,24,0.00,0.0,0
2008-11-25,56,27,0.00,0.0,0
2008-11-26,56,27,0.00,0.0,0
2008-11-27,58,32,0.40,0.0,0
2008-11-28,44,31,0.00,0.0,0
2008-11-29,46,25,0.00,0.0,0
2008-11-30,48,23,0.00,0.0,0
2008-12-01,M,21,0.00,0.0,M
2008-12-02,58,25,0.00,0.0,M
2008-12-03,59,29,0.00,0.0,M
2008-12-04,50,17,0.00,0.0,M
2008-12-05,45,14,0.00,0.0,M
2008-12-06,55,22,0.00,0.0,0
2008-12-07,59,25,0.00,0.0,0
2008-12-08,58,28,0.00,0.0,0
2008-12-09,46,24,0.14,1.5,T
2008-12-10,44,17,0.00,0.0,0
2008-12-11,46,20,0.00,0.0,0
2008-12-12,48,19,0.00,0.0,0
2008-12-13,43,29,0.00,0.0,0
2008-12-14,48,23,0.00,0.0,0
2008-12-15,28,8,0.00,0.0,0
2008-12-16,34,19,0.85,8.0,6
2008-12-17,40,26,0.10,T,6
2008-12-18,40,27,0.00,0.0,4
2008-12-19,35,19,0.00,0.0,2
2008-12-20,36,10,0.00,0.0,0
2008-12-21,37,12,0.00,0.0,0
2008-12-22,35,18,0.00,0.0,0
2008-12-23,33,22,0.90,8.1,7
2008-12-24,30,6,0.00,0.0,7
2008-12-25,31,18,0.00,0.0,5
2008-12-26,40,23,0.00,0.0,3
2008-12-27,25,4,0.00,0.0,3
2008-12-28,35,1,0.00,0.0,1
2008-12-29,41,14,0.00,0.0,0
2008-12-30,47,15,0.00,0.0,0
2008-12-31,49,16,0.00,0.0,0
2009-01-01,44,14,0.00,0.0,0
2009-01-02,44,16,0.24,2.0,1
2009-01-03,48,21,0.00,0.0,T
2009-01-04,44,23,0.42,4.0,4
2009-01-05,25,16,0.00,0.0,4
2009-01-06,32,8,0.00,0.0,3
2009-01-07,41,12,0.00,0.0,2
2009-01-08,44,17,0.00,0.0,T
2009-01-09,47,14,0.00,0.0,0
2009-01-10,44,14,0.00,0.0,0
2009-01-11,39,12,0.00,0.0,0
2009-01-12,42,11,0.00,0.0,0
2009-01-13,42,11,0.00,0.0,0
2009-01-14,45,14,0.00,0.0,0
2009-01-15,45,19,0.00,0.0,0
2009-01-16,47,20,0.00,0.0,0
2009-01-17,47,17,0.00,0.0,0
2009-01-18,47,21,0.00,0.0,0
2009-01-19,51,19,0.00,0.0,0
2009-01-20,54,20,0.00,0.0,0
2009-01-21,54,20,0.00,0.0,0
2009-01-22,51,23,0.03,0.0,0
2009-01-23,53,31,0.00,0.0,0
2009-01-24,50,34,0.00,0.0,0
2009-01-25,49,29,0.00,0.0,0
2009-01-26,50,26,0.00,0.0,0
2009-01-27,45,24,0.00,0.0,0
2009-01-28,36,9,0.00,0.0,0
2009-01-29,36,10,0.00,0.0,0
2009-01-30,47,16,0.00,0.0,0
2009-01-31,49,17,0.00,0.0,0
2009-02-01,50,20,0.00,0.0,0
2009-02-02,47,14,0.00,0.0,0
2009-02-03,52,22,0.00,0.0,0
2009-02-04,53,22,0.00,0.0,0
2009-02-05,56,26,0.00,0.0,0
2009-02-06,57,25,0.00,0.0,0
2009-02-07,55,27,0.00,0.0,0
2009-02-08,56,35,0.00,0.0,0
2009-02-09,46,27,0.00,0.0,0
2009-02-10,40,23,0.00,0.0,0
2009-02-11,40,18,0.00,0.0,0
2009-02-12,43,22,0.00,0.0,0
2009-02-13,46,20,0.00,0.0,0
2009-02-14,44,17,0.00,0.0,0
2009-02-15,44,13,0.00,0.0,0
2009-02-16,52,26,0.00,0.0,0
2009-02-17,51,24,0.00,0.0,0
2009-02-18,46,24,0.00,0.0,0
2009-02-19,44,17,0.00,0.0,0
2009-02-20,50,16,0.00,0.0,0
2009-02-21,53,20,0.00,0.0,0
2009-02-22,59,21,0.00,0.0,0
2009-02-23,62,28,0.00,0.0,0
2009-02-24,63,36,0.00,0.0,0
2009-02-25,63,31,0.00,0.0,0
2009-02-26,64,31,0.00,0.0,0
2009-02-27,57,30,0.00,0.0,0
2009-02-28,55,20,0.00,0.0,0
2009-03-01,58,24,0.00,0.0,0
2009-03-02,69,29,0.00,0.0,0
2009-03-03,69,31,0.00,0.0,0
2009-03-04,64,42,0.00,0.0,0
2009-03-05,64,30,0.00,0.0,0
2009-03-06,61,42,0.00,0.0,0
2009-03-07,56,37,0.00,0.0,0
2009-03-08,52,13,0.00,0.0,0
2009-03-09,53,32,0.00,0.0,0
2009-03-10,48,30,0.00,0.0,0
2009-03-11,52,21,0.00,0.0,0
2009-03-12,54,21,0.00,0.0,0
2009-03-13,56,33,0.20,0.0,0
2009-03-14,46,22,0.00,0.0,0
2009-03-15,53,21,0.00,0.0,0
2009-03-16,62,26,0.00,0.0,0
2009-03-17,65,29,0.00,0.0,0
2009-03-18,66,33,0.00,0.0,0
2009-03-19,68,31,0.00,0.0,0
2009-03-20,66,36,0.00,0.0,0
2009-03-21,68,38,0.00,0.0,0
2009-03-22,68,41,0.00,0.0,0
2009-03-23,66,27,0.00,0.0,0
2009-03-24,51,26,0.00,0.0,0
2009-03-25,54,20,0.00,0.0,0
2009-03-26,50,28,0.00,0.0,0
2009-03-27,40,15,0.40,2.0,0
2009-03-28,47,17,0.00,0.0,0
2009-03-29,56,23,0.00,0.0,0
2009-03-30,59,24,0.00,0.0,0
2009-03-31,M,M,0.00,0.0,0
2009-04-01,50,27,0.00,0.0,0
2009-04-02,52,15,0.00,0.0,0
2009-04-03,62,31,0.00,0.0,0
2009-04-04,64,26,0.00,0.0,0
2009-04-05,47,24,0.00,0.0,0
2009-04-06,54,19,0.00,0.0,0
2009-04-07,64,23,0.00,0.0,0
2009-04-08,68,29,0.00,0.0,0
2009-04-09,M,36,0.00,0.0,0
2009-04-10,63,30,0.00,0.0,0
2009-04-11,63,32,0.15,0.0,0
2009-04-12,47,28,0.26,0.0,0
2009-04-13,57,30,0.05,0.0,0
2009-04-14,63,34,0.00,0.0,0
2009-04-15,65,40,0.00,0.0,0
2009-04-16,62,28,0.06,0.0,0
2009-04-17,49,28,0.02,2.0,M
2009-04-18,55,25,0.02,T,0
2009-04-19,62,29,0.00,0.0,0
2009-04-20,68,34,0.00,0.0,0
2009-04-21,73,38,0.00,0.0,0
2009-04-22,75,39,0.00,0.0,0
2009-04-23,75,40,0.00,0.0,0
2009-04-24,72,41,0.00,0.0,0
2009-04-25,73,48,0.00,0.0,0
2009-04-26,69,39,0.00,0.0,0
2009-04-27,64,29,0.00,0.0,0
2009-04-28,70,34,0.00,0.0,0
2009-04-29,72,35,0.00,0.0,0
2009-04-30,75,37,0.00,0.0,0
2009-05-01,76,40,0.00,0.0,0
2009-05-02,76,47,0.00,0.0,0
2009-05-03,64,33,0.02,0.0,0
2009-05-04,70,42,0.00,0.0,0
2009-05-05,74,43,0.00,0.0,0
2009-05-06,79,43,0.00,0.0,0
2009-05-07,82,44,0.00,0.0,0
2009-05-08,81,39,0.00,0.0,0
2009-05-09,79,43,0.00,0.0,0
2009-05-10,80,40,0.00,0.0,0
2009-05-11,80,45,0.00,0.0,0
2009-05-12,80,42,0.00,0.0,0
2009-05-13,80,40,0.00,0.0,0
2009-05-14,78,40,0.00,0.0,0
2009-05-15,80,44,0.00,0.0,0
2009-05-16,80,49,0.00,0.0,0
2009-05-17,77,38,0.10,0.0,0
2009-05-18,84,47,0.00,0.0,0
2009-05-19,84,47,0.00,0.0,0
2009-05-20,78,46,0.00,0.0,0
2009-05-21,76,48,0.00,0.0,0
2009-05-22,64,49,0.09,0.0,0
2009-05-23,60,47,0.00,0.0,0
2009-05-24,62,48,0.05,0.0,0
2009-05-25,68,38,0.10,0.0,0
2009-05-26,72,39,0.03,0.0,0
2009-05-27,65,40,0.25,0.0,0
2009-05-28,68,37,0.05,0.0,0
2009-05-29,73,39,0.00,0.0,0
2009-05-30,74,44,0.00,0.0,0
2009-05-31,72,45,0.00,0.0,0
2009-06-01,73,43,0.00,0.0,0
2009-06-02,74,44,0.15,0.0,0
2009-06-03,70,41,0.00,0.0,0
2009-06-04,75,44,0.00,0.0,0
2009-06-05,74,52,0.00,0.0,0
2009-06-06,72,46,0.00,0.0,0
2009-06-07,72,42,0.00,0.0,0
2009-06-08,73,39,0.00,0.0,0
2009-06-09,71,42,0.00,0.0,0
2009-06-10,65,43,0.90,0.0,0
2009-06-11,65,42,0.00,0.0,0
2009-06-12,73,43,0.00,0.0,0
2009-06-13,77,47,0.00,0.0,0
2009-06-14,76,46,0.00,0.0,0
2009-06-15,74,40,0.00,0.0,0
2009-06-16,75,44,0.00,0.0,0
2009-06-17,78,46,0.00,0.0,0
2009-06-18,76,43,0.00,0.0,0
2009-06-19,80,42,0.00,0.0,0
2009-06-20,81,52,0.00,0.0,0
2009-06-21,73,45,0.00,0.0,0
2009-06-22,80,48,0.00,0.0,0
2009-06-23,82,51,0.00,0.0,0
2009-06-24,82,54,0.00,0.0,0
2009-06-25,81,57,0.60,0.0,0
2009-06-26,76,55,0.00,0.0,0
2009-06-27,80,51,0.00,0.0,0
2009-06-28,80,58,0.00,0.0,0
2009-06-29,80,50,0.00,0.0,0
2009-06-30,83,51,0.00,0.0,0
2009-07-01,86,53,0.00,0.0,0
2009-07-02,86,53,0.00,0.0,0
2009-07-03,86,55,0.00,0.0,0
2009-07-04,80,55,0.00,0.0,0
2009-07-05,78,54,0.00,0.0,0
2009-07-06,79,51,0.00,0.0,0
2009-07-07,83,50,0.00,0.0,0
2009-07-08,85,55,0.00,0.0,0
2009-07-09,87,53,0.00,0.0,0
2009-07-10,88,57,0.00,0.0,0
2009-07-11,89,59,0.00,0.0,0
2009-07-12,91,59,0.00,0.0,0
2009-07-13,90,56,0.00,0.0,0
2009-07-14,90,58,0.00,0.0,0
2009-07-15,88,57,0.00,0.0,0
2009-07-16,89,53,0.00,0.0,0
2009-07-17,89,56,0.00,0.0,0
2009-07-18,89,55,0.00,0.0,0
2009-07-19,89,56,0.00,0.0,0
2009-07-20,90,55,0.00,0.0,0
2009-07-21,85,56,1.00,0.0,0
2009-07-22,77,50,0.00,0.0,0
2009-07-23,80,53,0.00,0.0,0
2009-07-24,87,57,0.00,0.0,0
2009-07-25,87,55,0.00,0.0,0
2009-07-26,85,56,0.00,0.0,0
2009-07-27,84,51,0.00,0.0,0
2009-07-28,85,56,0.00,0.0,0
2009-07-29,83,51,0.60,0.0,0
2009-07-30,81,48,0.00,0.0,0
2009-07-31,78,41,0.00,0.0,0
2009-08-01,84,50,0.00,0.0,0
2009-08-02,86,53,0.00,0.0,0
2009-08-03,88,56,0.00,0.0,0
2009-08-04,90,56,0.00,0.0,0
2009-08-05,90,59,0.00,0.0,0
2009-08-06,86,57,0.00,0.0,0
2009-08-07,86,50,0.00,0.0,0
2009-08-08,85,45,0.00,0.0,0
2009-08-09,83,49,0.00,0.0,0
2009-08-10,87,50,0.00,0.0,0
2009-08-11,88,52,0.00,0.0,0
2009-08-12,89,54,0.00,0.0,0
2009-08-13,87,56,S,0.0,0
2009-08-14,79,54,0.53A,0.0,0
2009-08-15,79,54,0.00,0.0,0
2009-08-16,80,49,0.00,0.0,0
2009-08-17,82,49,0.00,0.0,0
2009-08-18,84,50,0.00,0.0,0
2009-08-19,85,50,0.00,0.0,0
2009-08-20,85,47,0.00,0.0,0
2009-08-21,87,52,0.00,0.0,0
2009-08-22,88,55,0.00,0.0,0
2009-08-23,90,51,0.00,0.0,0
2009-08-24,81,53,0.31,0.0,0
2009-08-25,68,47,0.00,0.0,0
2009-08-26,77,44,0.00,0.0,0
2009-08-27,80,51,0.00,0.0,0
2009-08-28,82,46,0.00,0.0,0
2009-08-29,85,50,0.00,0.0,0
2009-08-30,83,57,0.00,0.0,0
2009-08-31,79,48,0.10,0.0,0
2009-09-01,81,50,0.34,0.0,0
2009-09-02,80,53,0.34,0.0,0
2009-09-03,75,48,0.34,0.0,0
2009-09-04,76,48,0.00,0.0,0
2009-09-05,74,52,0.00,0.0,0
2009-09-06,80,49,0.00,0.0,0
2009-09-07,81,47,0.00,0.0,0
2009-09-08,80,45,0.82,0.0,0
2009-09-09,77,50,0.22,0.0,0
2009-09-10,76,47,0.00,0.0,0
2009-09-11,75,49,0.00,0.0,0
2009-09-12,73,49,0.00,0.0,0
2009-09-13,78,47,0.00,0.0,0
2009-09-14,78,45,0.12,0.0,0
2009-09-15,76,50,0.12,0.0,0
2009-09-16,66,50,0.12,0.0,0
2009-09-17,69,46,0.12,0.0,0
2009-09-18,69,46,0.00,0.0,0
2009-09-19,72,43,0.29,0.0,0
2009-09-20,73,41,0.00,0.0,0
2009-09-21,73,39,0.00,0.0,0
2009-09-22,71,28,0.00,0.0,0
2009-09-23,59,35,0.00,0.0,0
2009-09-24,57,32,0.00,0.0,0
2009-09-25,71,33,0.00,0.0,0
2009-09-26,56,38,0.00,0.0,0
2009-09-27,79,43,0.00,0.0,0
2009-09-28,81,44,0.00,0.0,0
2009-09-29,75,42,0.00,0.0,0
2009-09-30,77,48,0.00,0.0,0
2009-10-01,75,35,0.00,0.0,0
2009-10-02,65,28,0.00,0.0,0
2009-10-03,68,33,0.00,0.0,0
2009-10-04,68,38,0.00,0.0,0
2009-10-05,69,40,0.00,0.0,0
2009-10-06,69,31,0.00,0.0,0
2009-10-07,63,40,0.06,0.0,0
2009-10-08,66,35,0.15,0.0,0
2009-10-09,62,28,0.10,0.0,0
2009-10-10,66,30,0.00,0.0,0
2009-10-11,67,31,0.00,0.0,0
2009-10-12,65,31,0.00,0.0,0
2009-10-13,67,41,0.10,0.0,0
2009-10-14,69,35,0.00,0.0,0
2009-10-15,71,37,0.00,0.0,0
2009-10-16,71,35,0.00,0.0,0
2009-10-17,70,36,0.00,0.0,0
2009-10-18,73,40,0.00,0.0,0
2009-10-19,75,42,0.00,0.0,0
2009-10-20,71,34,0.00,0.0,0
2009-10-21,66,36,0.81,0.0,0
2009-10-22,46,35,0.15,0.0,0
2009-10-23,57,31,0.00,0.0,0
2009-10-24,60,31,0.00,0.0,0
2009-10-25,60,31,0.00,0.0,0
2009-10-26,49,24,0.10,0.0,0
2009-10-27,50,22,0.00,0.0,0
2009-10-28,50,30,0.14,1.0,T
2009-10-29,35,14,0.00,0.0,0
2009-10-30,40,13,0.00,0.0,0
2009-10-31,59,24,0.00,0.0,0
2009-11-01,65,34,0.00,0.0,0
2009-11-02,67,29,0.00,0.0,0
2009-11-03,68,33,0.00,0.0,0
2009-11-04,67,36,0.00,0.0,0
2009-11-05,68,34,0.00,0.0,0
2009-11-06,68,37,0.00,0.0,0
2009-11-07,66,32,0.00,0.0,0
2009-11-08,64,32,0.00,0.0,0
2009-11-09,62,35,0.00,0.0,0
2009-11-10,62,35,0.00,0.0,0
2009-11-11,60,32,0.00,0.0,0
2009-11-12,60,36,0.00,0.0,0
2009-11-13,48,32,0.00,0.0,0
2009-11-14,48,15,0.05,1.0,T
2009-11-15,42,15,0.04,0.5,0
2009-11-16,51,18,0.00,0.0,0
2009-11-17,51,18,0.00,0.0,0
2009-11-18,56,23,0.00,0.0,0
2009-11-19,56,23,0.00,0.0,0
2009-11-20,56,23,0.00,0.0,0
2009-11-21,56,25,0.00,0.0,0
2009-11-22,54,24,0.00,0.0,0
2009-11-23,52,19,0.00,0.0,0
2009-11-24,54,16,0.00,0.0,0
2009-11-25,47,12,0.00,0.0,0
2009-11-26,55,16,0.00,0.0,0
2009-11-27,57,20,0.00,0.0,0
2009-11-28,57,23,0.00,0.0,0
2009-11-29,54,26,0.03,0.0,0
2009-11-30,46,32,0.00,0.0,0
2009-12-01,50,19,0.00,0.0,0
2009-12-02,51,18,0.00,0.0,0
2009-12-03,39,15,0.00,0.0,0
2009-12-04,30,1,0.00,0.0,0
2009-12-05,32,5,0.00,0.0,0
2009-12-06,36,18,0.00,0.0,0
2009-12-07,37,19,0.00,0.0,0
2009-12-08,31,23,0.65,6.0,6
2009-12-09,28,10,0.00,0.0,6
2009-12-10,29,-3,0.00,0.0,6
2009-12-11,32,8,0.00,0.0,5
2009-12-12,39,12,0.00,0.0,4
2009-12-13,39,20,0.00,0.0,3
2009-12-14,42,16,0.08,0.6,3
2009-12-15,38,13,0.00,0.0,2
2009-12-16,40,14,0.00,0.0,T
2009-12-17,47,17,0.00,0.0,0
2009-12-18,49,18,0.00,0.0,0
2009-12-19,42,16,0.00,0.0,0
2009-12-20,46,16,0.00,0.0,0
2009-12-21,47,16,0.00,0.0,0
2009-12-22,46,24,0.00,0.0,0
2009-12-23,35,26,0.05,1.0,1
2009-12-24,31,9,0.34,4.0,4
2009-12-25,31,2,0.00,0.0,4
2009-12-26,28,4,0.00,0.0,4
2009-12-27,28,5,0.00,0.0,3
2009-12-28,31,5,0.00,0.0,3
2009-12-29,34,13,0.00,0.0,1
2009-12-30,31,21,0.00,0.0,1
2009-12-31,33,15,0.00,0.0,T
2010-01-01,39,8,0.00,0.0,M
2010-01-02,43,14,0.00,0.0,M
2010-01-03,43,15,0.00,0.0,M
2010-01-04,40,12,0.00,0.0,M
2010-01-05,38,16,0.00,0.0,M
2010-01-06,43,19,0.00,0.0,M
2010-01-07,46,18,0.00,0.0,M
2010-01-08,29,3,0.00,0.0,M
2010-01-09,39,11,0.00,0.0,M
2010-01-10,43,13,0.00,0.0,M
2010-01-11,47,16,0.00,0.0,M
2010-01-12,48,21,0.00,0.0,M
2010-01-13,49,18,0.00,0.0,M
2010-01-14,47,28,0.00,0.0,0
2010-01-15,46,21,0.00,0.0,0
2010-01-16,48,20,0.00,0.0,0
2010-01-17,50,21,0.00,0.0,0
2010-01-18,49,19,0.00,0.0,0
2010-01-19,40,29,0.35,4.0,3
2010-01-20,38,22,0.09,1.3,2
2010-01-21,35,17,0.00,0.0,2
2010-01-22,37,30,0.27,2.0,4
2010-01-23,36,22,0.04,T,3
2010-01-24,34,16,0.00,0.0,3
2010-01-25,36,8,0.00,0.0,2
2010-01-26,37,12,0.00,0.0,T
2010-01-27,44,18,0.00,0.0,0
2010-01-28,44,32,T,T,0
2010-01-29,42,22,0.15,0.5,T
2010-01-30,39,16,0.00,0.0,0
2010-01-31,42,19,0.00,0.0,0
2010-02-01,40,24,0.00,0.0,0
2010-02-02,39,13,0.00,0.0,0
2010-02-03,38,20,0.00,0.0,0
2010-02-04,38,23,0.23,2.0,T
2010-02-05,41,16,0.00,0.0,0
2010-02-06,43,21,0.00,0.0,0
2010-02-07,45,27,0.00,0.0,0
2010-02-08,40,19,0.15,2.0,1
2010-02-09,33,23,0.00,0.0,1
2010-02-10,42,23,0.00,0.0,0
2010-02-11,42,16,0.00,0.0,0
2010-02-12,40,15,0.00,0.0,0
2010-02-13,44,17,0.00,0.0,0
2010-02-14,44,20,0.00,0.0,0
2010-02-15,44,12,0.00,0.0,0
2010-02-16,40,22,0.00,0.0,0
2010-02-17,44,18,0.00,0.0,0
2010-02-18,49,21,0.00,0.0,0
2010-02-19,50,20,0.00,0.0,0
2010-02-20,48,26,0.00,0.0,0
2010-02-21,49,26,0.18,2.0,1
2010-02-22,36,24,0.21,2.7,4
2010-02-23,38,5,0.00,0.0,1
2010-02-24,39,10,0.00,0.0,0
2010-02-25,42,27,T,0.0,0
2010-02-26,42,17,0.00,0.0,0
2010-02-27,45,20,0.00,0.0,0
2010-02-28,46,30,0.00,0.0,0
2010-03-01,44,23,0.03,T,M
2010-03-02,49,26,0.00,0.0,M
2010-03-03,54,26,0.00,0.0,M
2010-03-04,54,25,0.00,0.0,M
2010-03-05,55,28,0.00,0.0,M
2010-03-06,53,22,0.00,0.0,0
2010-03-07,54,30,0.05,0.0,0
2010-03-08,52,28,0.04,T,0
2010-03-09,46,30,0.09,2.0,2
2010-03-10,46,23,0.00,0.0,T
2010-03-11,42,25,0.00,0.0,0
2010-03-12,48,18,0.00,0.0,0
2010-03-13,56,21,0.00,0.0,0
2010-03-14,57,25,0.00,0.0,0
2010-03-15,46,21,0.78,10.0,M
2010-03-16,53,24,0.00,0.0,M
2010-03-17,61,28,0.00,0.0,M
2010-03-18,63,31,0.00,0.0,M
2010-03-19,61,31,0.00,0.0,M
2010-03-20,42,12,0.00,0.0,M
2010-03-21,50,18,0.00,0.0,0
2010-03-22,61,26,0.00,0.0,0
2010-03-23,62,26,0.00,0.0,0
2010-03-24,51,22,0.00,0.0,0
2010-03-25,53,22,0.00,0.0,0
2010-03-26,53,27,0.00,0.0,0
2010-03-27,47,22,0.00,0.0,0
2010-03-28,55,21,0.00,0.0,0
2010-03-29,64,26,0.00,0.0,0
2010-03-30,72,31,0.00,0.0,0
2010-03-31,71,45,0.00,0.0,0
2010-04-01,74,36,0.00,0.0,0
2010-04-02,75,41,0.00,0.0,0
2010-04-03,73,38,0.00,0.0,0
2010-04-04,66,39,0.00,0.0,0
2010-04-05,73,37,0.00,0.0,0
2010-04-06,73,46,0.00,0.0,0
2010-04-07,71,30,0.00,0.0,0
2010-04-08,73,24,0.00,0.0,0
2010-04-09,61,28,0.00,0.0,0
2010-04-10,70,37,0.00,0.0,0
2010-04-11,64,38,0.00,0.0,0
2010-04-12,67,35,0.00,0.0,0
2010-04-13,71,42,0.00,0.0,0
2010-04-14,69,39,0.00,0.0,0
2010-04-15,69,31,0.00,0.0,0
2010-04-16,71,37,0.00,0.0,0
2010-04-17,73,40,0.48,0.0,0
2010-04-18,64,38,0.00,0.0,0
2010-04-19,63,36,0.00,0.0,0
2010-04-20,66,39,0.00,0.0,0
2010-04-21,68,37,0.00,0.0,0
2010-04-22,70,38,0.04,0.0,0
2010-04-23,71,34,0.05,0.0,0
2010-04-24,53,32,0.00,0.0,0
2010-04-25,54,38,0.00,0.0,0
2010-04-26,63,29,0.00,0.0,0
2010-04-27,65,35,0.00,0.0,0
2010-04-28,67,31,0.00,0.0,0
2010-04-29,70,42,0.00,0.0,0
2010-04-30,73,42,0.00,0.0,0
2010-05-01,M,M,M,M,M
2010-05-02,M,M,M,M,M
2010-05-03,M,M,M,M,M
2010-05-04,M,M,M,M,M
2010-05-05,M,M,M,M,M
2010-05-06,M,M,M,M,M
2010-05-07,M,M,M,M,M
2010-05-08,M,M,M,M,M
2010-05-09,M,M,M,M,M
2010-05-10,M,M,M,M,M
2010-05-11,M,M,M,M,M
2010-05-12,M,M,M,M,M
2010-05-13,M,M,M,M,M
2010-05-14,M,M,M,M,M
2010-05-15,M,M,M,M,M
2010-05-16,M,M,M,M,M
2010-05-17,M,M,M,M,M
2010-05-18,M,M,M,M,M
2010-05-19,M,M,M,M,M
2010-05-20,M,M,M,M,M
2010-05-21,M,M,M,M,M
2010-05-22,M,M,M,M,M
2010-05-23,M,M,M,M,M
2010-05-24,M,M,M,M,M
2010-05-25,M,M,M,M,M
2010-05-26,M,M,M,M,M
2010-05-27,M,M,M,M,M
2010-05-28,M,M,M,M,M
2010-05-29,M,M,M,M,M
2010-05-30,M,M,M,M,M
2010-05-31,M,M,M,M,M
2010-06-01,81,39,0.00,0.0,M
2010-06-02,78,44,0.00,0.0,0
2010-06-03,80,46,0.00,0.0,0
2010-06-04,86,46,0.00,0.0,0
2010-06-05,88,47,0.00,0.0,0
2010-06-06,91,57,0.00,0.0,0
2010-06-07,90,55,0.00,0.0,0
2010-06-08,90,50,0.00,0.0,0
2010-06-09,89,54,0.00,0.0,0
2010-06-10,89,51,0.00,0.0,0
2010-06-11,85,49,0.00,0.0,0
2010-06-12,82,51,0.00,0.0,0
2010-06-13,79,38,0.00,0.0,0
2010-06-14,74,43,0.00,0.0,0
2010-06-15,77,43,0.00,0.0,0
2010-06-16,83,45,0.00,0.0,0
2010-06-17,85,48,0.00,0.0,0
2010-06-18,85,50,0.00,0.0,0
2010-06-19,86,45,0.00,0.0,0
2010-06-20,87,46,0.00,0.0,0
2010-06-21,86,49,0.00,0.0,0
2010-06-22,87,48,0.00,0.0,0
2010-06-23,88,45,0.00,0.0,0
2010-06-24,91,50,0.00,0.0,0
2010-06-25,86,56,0.00,0.0,0
2010-06-26,82,53,0.00,0.0,0
2010-06-27,85,53,0.00,0.0,0
2010-06-28,81,50,0.00,0.0,0
2010-06-29,81,51,0.00,0.0,0
2010-06-30,81,47,0.00,0.0,0
2010-07-01,82,57,0.00,0.0,0
2010-07-02,84,57,0.45,0.0,0
2010-07-03,85,47,0.00,0.0,0
2010-07-04,86,44,0.00,0.0,0
2010-07-05,85,50,0.00,0.0,0
2010-07-06,87,51,0.00,0.0,0
2010-07-07,79,49,0.00,0.0,0
2010-07-08,81,51,0.00,0.0,0
2010-07-09,85,55,0.00,0.0,0
2010-07-10,87,60,0.08,0.0,0
2010-07-11,86,52,0.00,0.0,0
2010-07-12,88,56,0.00,0.0,0
2010-07-13,90,58,0.00,0.0,0
2010-07-14,89,60,0.00,0.0,0
2010-07-15,91,59,0.00,0.0,0
2010-07-16,90,57,0.00,0.0,0
2010-07-17,92,59,0.00,0.0,0
2010-07-18,93,58,0.00,0.0,0
2010-07-19,94,59,0.00,0.0,0
2010-07-20,86,59,0.00,0.0,0
2010-07-21,82,56,0.00,0.0,0
2010-07-22,84,57,0.05,0.0,0
2010-07-23,85,54,0.00,0.0,0
2010-07-24,74,67,0.15,0.0,0
2010-07-25,72,55,0.61,0.0,0
2010-07-26,81,54,0.00,0.0,0
2010-07-27,85,57,0.00,0.0,0
2010-07-28,82,55,0.00,0.0,0
2010-07-29,85,57,0.00,0.0,0
2010-07-30,85,57,0.04,0.0,0
2010-07-31,80,54,0.42,0.0,0
2010-08-01,M,M,M,0.0,0
2010-08-02,M,M,0.00,0.0,0
2010-08-03,M,M,M,0.0,0
2010-08-04,M,M,0.00,0.0,0
2010-08-05,M,M,M,0.0,0
2010-08-06,M,M,M,0.0,0
2010-08-07,M,M,M,0.0,0
2010-08-08,M,M,M,0.0,0
2010-08-09,M,M,M,0.0,0
2010-08-10,M,M,M,0.0,0
2010-08-11,85,54,0.00,0.0,0
2010-08-12,85,60,0.00,0.0,0
2010-08-13,83,51,0.00,0.0,0
2010-08-14,86,53,0.40,0.0,0
2010-08-15,86,58,0.00,0.0,0
2010-08-16,86,55,0.00,0.0,0
2010-08-17,80,52,0.08,0.0,0
2010-08-18,83,56,0.00,0.0,0
2010-08-19,85,55,0.00,0.0,0
2010-08-20,81,53,0.00,0.0,0
2010-08-21,85,55,0.00,0.0,0
2010-08-22,87,57,0.15,0.0,0
2010-08-23,84,56,0.34,0.0,0
2010-08-24,86,53,0.00,0.0,0
2010-08-25,76,46,0.00,0.0,0
2010-08-26,84,48,0.00,0.0,0
2010-08-27,85,50,0.00,0.0,0
2010-08-28,84,50,0.00,0.0,0
2010-08-29,75,47,0.00,0.0,0
2010-08-30,77,52,0.15,0.0,0
2010-08-31,78,54,0.00,0.0,0
2010-09-01,82,49,0.00,0.0,0
2010-09-02,83,50,0.00,0.0,0
2010-09-03,85,51,0.00,0.0,0
2010-09-04,83,48,0.00,0.0,0
2010-09-05,85,52,0.00,0.0,0
2010-09-06,85,48,0.00,0.0,0
2010-09-07,82,46,0.00,0.0,0
2010-09-08,81,52,0.13,0.0,0
2010-09-09,78,53,0.00,0.0,0
2010-09-10,78,40,0.00,0.0,0
2010-09-11,76,39,0.00,0.0,0
2010-09-12,81,45,0.00,0.0,0
2010-09-13,82,51,0.00,0.0,0
2010-09-14,84,49,0.00,0.0,0
2010-09-15,84,49,0.00,0.0,0
2010-09-16,84,48,0.00,0.0,0
2010-09-17,86,52,0.00,0.0,0
2010-09-18,85,52,0.00,0.0,0
2010-09-19,85,50,0.00,0.0,0
2010-09-20,84,50,0.00,0.0,0
2010-09-21,83,49,0.00,0.0,0
2010-09-22,68,50,0.65,0.0,0
2010-09-23,70,50,0.00,0.0,0
2010-09-24,70,42,0.00,0.0,0
2010-09-25,78,46,0.00,0.0,0
2010-09-26,79,46,0.00,0.0,0
2010-09-27,85,48,0.00,0.0,0
2010-09-28,85,48,0.00,0.0,0
2010-09-29,88,50,0.00,0.0,0
2010-09-30,80,49,0.00,0.0,0
2010-10-01,84,50,0.00,0.0,0
2010-10-02,78,44,0.00,0.0,0
2010-10-03,74,45,0.00,0.0,0
2010-10-04,74,44,0.10,0.0,0
2010-10-05,71,44,0.02,0.0,0
2010-10-06,73,45,0.00,0.0,0
2010-10-07,74,44,0.00,0.0,0
2010-10-08,69,32,T,0.0,0
2010-10-09,67,34,T,0.0,0
2010-10-10,68,33,0.00,0.0,0
2010-10-11,67,39,0.00,0.0,0
2010-10-12,70,37,0.00,0.0,0
2010-10-13,65,38,0.00,0.0,0
2010-10-14,73,38,0.00,0.0,0
2010-10-15,73,39,0.00,0.0,0
2010-10-16,72,36,0.00,0.0,0
2010-10-17,73,40,0.00,0.0,0
2010-10-18,62,44,0.00,0.0,0
2010-10-19,69,37,0.00,0.0,0
2010-10-20,70,40,0.24,0.0,0
2010-10-21,60,35,0.35,0.0,0
2010-10-22,56,35,0.00,0.0,0
2010-10-23,53,42,0.00,0.0,0
2010-10-24,58,35,0.00,0.0,0
2010-10-25,55,21,0.10,0.0,0
2010-10-26,48,20,0.00,0.0,0
2010-10-27,49,21,0.00,0.0,0
2010-10-28,56,22,0.00,0.0,0
2010-10-29,M,M,0.00,0.0,0
2010-10-30,68,31,0.00,0.0,0
2010-10-31,68,30,0.00,0.0,0
2010-11-01,61,29,M,M,M
2010-11-02,67,30,M,M,M
2010-11-03,68,31,M,M,M
2010-11-04,66,32,M,M,M
2010-11-05,64,32,M,M,M
2010-11-06,66,35,M,M,M
2010-11-07,68,33,M,M,M
2010-11-08,63,31,M,M,M
2010-11-09,62,31,M,M,M
2010-11-10,45,14,M,M,M
2010-11-11,48,16,M,M,M
2010-11-12,48,16,M,M,M
2010-11-13,48,17,M,M,M
2010-11-14,48,20,M,M,M
2010-11-15,46,22,M,M,M
2010-11-16,50,14,M,M,M
2010-11-17,50,18,M,M,M
2010-11-18,54,20,M,M,M
2010-11-19,57,21,M,M,M
2010-11-20,58,23,M,M,M
2010-11-21,57,30,M,M,M
2010-11-22,53,25,M,M,M
2010-11-23,42,10,M,M,M
2010-11-24,43,29,M,M,M
2010-11-25,36,12,M,M,M
2010-11-26,44,8,M,M,M
2010-11-27,47,17,M,M,M
2010-11-28,48,18,M,M,M
2010-11-29,33,20,M,M,M
2010-11-30,35,6,M,M,M
2010-12-01,48,12,0.00,0.0,0
2010-12-02,56,19,0.00,0.0,0
2010-12-03,61,22,0.00,0.0,0
2010-12-04,60,28,0.00,0.0,0
2010-12-05,53,26,0.00,0.0,0
2010-12-06,53,26,0.00,0.0,0
2010-12-07,52,25,0.00,0.0,0
2010-12-08,50,18,0.00,0.0,0
2010-12-09,55,18,0.00,0.0,0
2010-12-10,53,29,0.00,0.0,0
2010-12-11,51,22,0.00,0.0,0
2010-12-12,49,15,0.00,0.0,0
2010-12-13,58,21,0.00,0.0,0
2010-12-14,61,15,0.00,0.0,0
2010-12-15,61,23,0.00,0.0,0
2010-12-16,42,29,0.00,0.0,0
2010-12-17,30,25,0.12,2.0,M
2010-12-18,41,20,0.00,0.0,M
2010-12-19,49,31,0.00,0.0,M
2010-12-20,53,31,0.00,0.0,0
2010-12-21,52,34,0.00,0.0,0
2010-12-22,50,36,0.00,0.0,0
2010-12-23,44,32,0.00,0.0,0
2010-12-24,48,26,0.00,0.0,0
2010-12-25,48,25,0.00,0.0,0
2010-12-26,47,23,0.00,0.0,0
2010-12-27,45,23,0.00,0.0,0
2010-12-28,42,23,0.00,0.0,0
2010-12-29,39,13,0.10,1.5,2
2010-12-30,33,25,0.41,5.0,2
2010-12-31,28,5,0.00,0.0,M
2011-01-01,19,-11,M,M,M
2011-01-02,25,-8,M,M,M
2011-01-03,30,6,M,M,M
2011-01-04,32,9,M,M,M
2011-01-05,40,10,M,M,M
2011-01-06,40,10,M,M,M
2011-01-07,43,16,M,M,M
2011-01-08,43,18,M,M,M
2011-01-09,45,17,M,M,M
2011-01-10,37,18,M,1.5,2
2011-01-11,27,-1,M,M,M
2011-01-12,40,16,M,M,M
2011-01-13,46,16,M,M,M
2011-01-14,50,18,M,M,M
2011-01-15,50,22,M,M,M
2011-01-16,49,22,M,M,M
2011-01-17,48,22,M,M,M
2011-01-18,48,24,M,M,M
2011-01-19,48,19,M,M,M
2011-01-20,45,19,M,M,M
2011-01-21,43,19,M,M,M
2011-01-22,45,17,M,M,M
2011-01-23,43,14,M,M,M
2011-01-24,40,13,M,M,M
2011-01-25,40,15,M,M,M
2011-01-26,M,M,M,M,M
2011-01-27,M,M,M,M,M
2011-01-28,M,M,M,M,M
2011-01-29,M,M,M,M,M
2011-01-30,M,M,M,M,M
2011-01-31,M,M,M,M,M
2011-02-01,13,-11,2.01,4.0,4
2011-02-02,8,-16,M,2.0,2
2011-02-03,M,M,0.00,0.0,0
2011-02-04,M,M,0.00,0.0,0
2011-02-05,M,M,0.00,0.0,0
2011-02-06,18,10,0.00,0.0,0
2011-02-07,35,18,0.00,0.0,0
2011-02-08,M,M,0.00,0.0,0
2011-02-09,M,M,0.00,0.0,0
2011-02-10,30,8,0.00,0.0,0
2011-02-11,M,M,0.00,0.0,0
2011-02-12,M,M,0.00,0.0,0
2011-02-13,M,M,0.00,0.0,0
2011-02-14,57,41,0.00,0.0,0
2011-02-15,60,30,0.00,0.0,0
2011-02-16,M,M,0.00,0.0,0
2011-02-17,53,27,0.00,0.0,0
2011-02-18,M,M,0.00,0.0,0
2011-02-19,M,M,0.00,0.0,0
2011-02-20,M,M,0.00,0.0,0
2011-02-21,M,M,0.00,0.0,0
2011-02-22,M,M,0.00,0.0,0
2011-02-23,M,M,0.00,0.0,0
2011-02-24,M,M,0.00,0.0,0
2011-02-25,M,M,0.00,0.0,0
2011-02-26,M,M,0.00,0.0,0
2011-02-27,M,M,0.00,0.0,0
2011-02-28,M,M,0.00,0.0,0
2011-03-01,M,M,0.00,0.0,0
2011-03-02,62,40,0.00,0.0,0
2011-03-03,62,25,0.00,0.0,0
2011-03-04,M,M,0.00,0.0,0
2011-03-05,M,M,0.00,0.0,0
2011-03-06,M,M,0.00,0.0,0
2011-03-07,39,M,0.60,0.4,1
2011-03-08,41,28,0.00,0.0,0
2011-03-09,51,18,0.00,0.0,0
2011-03-10,60,25,0.00,0.0,0
2011-03-11,66,27,0.00,0.0,0
2011-03-12,65,26,0.00,0.0,0
2011-03-13,60,28,0.00,0.0,0
2011-03-14,64,28,0.00,0.0,0
2011-03-15,63,32,0.00,0.0,0
2011-03-16,69,30,0.00,0.0,0
2011-03-17,69,36,0.00,0.0,0
2011-03-18,66,33,0.00,0.0,0
2011-03-19,67,41,0.00,0.0,0
2011-03-20,61,32,0.00,0.0,0
2011-03-21,69,34,0.00,0.0,0
2011-03-22,47,30,0.00,0.0,0
2011-03-23,57,16,0.00,0.0,0
2011-03-24,57,29,0.00,0.0,0
2011-03-25,60,21,0.00,0.0,0
2011-03-26,57,30,0.00,0.0,0
2011-03-27,54,33,0.00,0.0,0
2011-03-28,62,31,0.00,0.0,0
2011-03-29,59,28,0.00,0.0,0
2011-03-30,60,25,0.00,0.0,0
2011-03-31,68,30,0.00,0.0,0
2011-04-01,74,33,0.00,0.0,0
2011-04-02,77,33,0.00,0.0,0
2011-04-03,68,32,0.00,0.0,0
2011-04-04,54,16,0.00,0.0,0
2011-04-05,72,22,0.00,0.0,0
2011-04-06,69,35,0.00,0.0,0
2011-04-07,54,34,2.00,0.0,0
2011-04-08,64,33,0.00,0.0,0
2011-04-09,60,30,0.00,0.0,0
2011-04-10,45,24,0.00,0.0,0
2011-04-11,61,21,0.00,0.0,0
2011-04-12,66,33,0.00,0.0,0
2011-04-13,68,31,0.00,0.0,0
2011-04-14,54,32,0.00,0.0,0
2011-04-15,62,20,0.00,0.0,0
2011-04-16,68,27,0.00,0.0,0
2011-04-17,74,36,0.00,0.0,0
2011-04-18,73,35,0.00,0.0,0
2011-04-19,64,39,0.00,0.0,0
2011-04-20,73,36,0.00,0.0,0
2011-04-21,72,40,0.00,0.0,0
2011-04-22,66,34,0.00,0.0,0
2011-04-23,59,36,0.00,0.0,0
2011-04-24,59,37,0.00,0.0,0
2011-04-25,55,35,2.00,0.0,0
2011-04-26,50,32,0.00,0.0,0
2011-04-27,53,26,0.00,0.0,0
2011-04-28,66,25,0.00,0.0,0
2011-04-29,72,37,0.00,0.0,0
2011-04-30,55,27,0.00,0.0,M
2011-05-01,38,19,2.00,M,M
2011-05-02,47,17,0.00,0.0,0
2011-05-03,62,25,0.00,0.0,0
2011-05-04,70,30,0.00,0.0,0
2011-05-05,72,35,0.00,0.0,0
2011-05-06,76,35,0.00,0.0,0
2011-05-07,78,39,0.00,0.0,0
2011-05-08,76,36,0.00,0.0,0
2011-05-09,70,38,0.00,0.0,0
2011-05-10,68,35,0.00,0.0,0
2011-05-11,57,34,0.00,0.0,0
2011-05-12,66,39,0.00,0.0,0
2011-05-13,74,34,0.00,0.0,0
2011-05-14,72,38,0.00,0.0,0
2011-05-15,71,44,0.00,0.0,0
2011-05-16,75,41,0.00,0.0,0
2011-05-17,64,39,0.00,0.0,0
2011-05-18,63,38,0.00,0.0,0
2011-05-19,54,33,0.50,0.0,0
2011-05-20,55,32,0.00,0.0,0
2011-05-21,64,39,0.00,0.0,0
2011-05-22,74,36,0.00,0.0,0
2011-05-23,74,41,0.00,0.0,0
2011-05-24,61,40,0.10,0.0,0
2011-05-25,71,31,0.00,0.0,0
2011-05-26,79,39,0.00,0.0,0
2011-05-27,79,48,0.00,0.0,0
2011-05-28,M,M,M,M,M
2011-05-29,M,M,M,M,M
2011-05-30,M,M,M,M,M
2011-05-31,M,M,M,M,M
2011-06-01,87,50,0.00,0.0,0
2011-06-02,80,50,0.00,0.0,0
2011-06-03,81,43,0.00,0.0,0
2011-06-04,85,48,0.00,0.0,0
2011-06-05,81,51,0.00,0.0,0
2011-06-06,84,50,0.00,0.0,0
2011-06-07,80,42,0.00,0.0,0
2011-06-08,83,42,0.00,0.0,0
2011-06-09,79,42,0.00,0.0,0
2011-06-10,81,46,0.00,0.0,0
2011-06-11,82,47,0.00,0.0,0
2011-06-12,84,37,0.00,0.0,0
2011-06-13,83,39,0.00,0.0,0
2011-06-14,81,43,0.00,0.0,0
2011-06-15,87,49,0.00,0.0,0
2011-06-16,86,52,0.00,0.0,0
2011-06-17,83,52,0.00,0.0,0
2011-06-18,82,46,0.00,0.0,0
2011-06-19,84,45,0.00,0.0,0
2011-06-20,74,42,0.00,0.0,0
2011-06-21,81,45,0.00,0.0,0
2011-06-22,88,49,0.00,0.0,0
2011-06-23,92,49,0.00,0.0,0
2011-06-24,90,47,0.00,0.0,0
2011-06-25,88,45,0.00,0.0,0
2011-06-26,89,51,0.00,0.0,0
2011-06-27,87,47,0.00,0.0,0
2011-06-28,90,52,0.00,0.0,0
2011-06-29,86,56,0.00,0.0,0
2011-06-30,85,54,0.00,0.0,0
2011-07-01,90,50,0.00,0.0,0
2011-07-02,85,55,0.00,0.0,0
2011-07-03,85,55,0.00,0.0,0
2011-07-04,91,54,0.00,0.0,0
2011-07-05,90,55,0.00,0.0,0
2011-07-06,91,59,0.00,0.0,0
2011-07-07,91,57,0.00,0.0,0
2011-07-08,89,57,0.00,0.0,0
2011-07-09,89,54,0.00,0.0,0
2011-07-10,90,58,0.00,0.0,0
2011-07-11,87,55,0.00,0.0,0
2011-07-12,82,53,0.00,0.0,0
2011-07-13,87,55,0.00,0.0,0
2011-07-14,86,56,0.00,0.0,0
2011-07-15,88,56,0.00,0.0,0
2011-07-16,92,59,0.00,0.0,0
2011-07-17,88,56,0.00,0.0,0
2011-07-18,88,57,0.00,0.0,0
2011-07-19,91,59,0.00,0.0,0
2011-07-20,89,55,0.00,0.0,0
2011-07-21,89,56,0.00,0.0,0
2011-07-22,86,59,0.00,0.0,0
2011-07-23,89,56,0.00,0.0,0
2011-07-24,90,58,0.10,0.0,0
2011-07-25,86,57,0.20,0.0,0
2011-07-26,85,54,0.00,0.0,0
2011-07-27,87,52,0.00,0.0,0
2011-07-28,89,57,0.00,0.0,0
2011-07-29,84,56,0.00,0.0,0
2011-07-30,81,55,0.00,0.0,0
2011-07-31,83,54,0.00,0.0,0
2011-08-01,85,54,0.00,0.0,0
2011-08-02,88,57,0.25,0.0,0
2011-08-03,85,56,0.25,0.0,0
2011-08-04,83,55,0.00,0.0,0
2011-08-05,83,55,0.00,0.0,0
2011-08-06,86,55,0.00,0.0,0
2011-08-07,91,57,0.00,0.0,0
2011-08-08,89,50,0.00,0.0,0
2011-08-09,91,50,0.00,0.0,0
2011-08-10,89,54,0.20,0.0,0
2011-08-11,88,59,0.12,0.0,0
2011-08-12,90,57,0.00,0.0,0
2011-08-13,83,57,0.00,0.0,0
2011-08-14,81,58,0.00,0.0,0
2011-08-15,88,56,0.00,0.0,0
2011-08-16,92,56,0.00,0.0,0
2011-08-17,86,57,0.00,0.0,0
2011-08-18,90,56,0.00,0.0,0
2011-08-19,85,61,0.00,0.0,0
2011-08-20,83,58,0.00,0.0,0
2011-08-21,75,56,0.00,0.0,0
2011-08-22,81,54,0.00,0.0,0
2011-08-23,87,55,0.00,0.0,0
2011-08-24,93,58,0.00,0.0,0
2011-08-25,87,54,0.10,0.0,0
2011-08-26,88,58,0.10,0.0,0
2011-08-27,90,58,0.10,0.0,0
2011-08-28,89,57,0.30,0.0,0
2011-08-29,83,55,0.20,0.0,0
2011-08-30,87,55,0.00,0.0,0
2011-08-31,89,55,0.00,0.0,0
2011-09-01,87,53,0.20,0.0,0
2011-09-02,85,52,0.00,0.0,0
2011-09-03,85,54,0.00,0.0,0
2011-09-04,73,50,0.00,0.0,0
2011-09-05,77,47,0.00,0.0,0
2011-09-06,77,51,0.00,0.0,0
2011-09-07,80,53,0.00,0.0,0
2011-09-08,73,46,0.00,0.0,0
2011-09-09,57,47,0.00,0.0,0
2011-09-10,62,46,0.00,0.0,0
2011-09-11,71,45,0.00,0.0,0
2011-09-12,74,47,0.00,0.0,0
2011-09-13,77,47,1.83,0.0,0
2011-09-14,69,47,0.00,0.0,0
2011-09-15,71,44,0.00,0.0,0
2011-09-16,66,43,0.00,0.0,0
2011-09-17,70,43,0.00,0.0,0
2011-09-18,71,42,0.00,0.0,0
2011-09-19,75,46,0.00,0.0,0
2011-09-20,76,44,0.00,0.0,0
2011-09-21,77,42,0.00,0.0,0
2011-09-22,75,39,0.00,0.0,0
2011-09-23,80,43,0.00,0.0,0
2011-09-24,80,45,0.00,0.0,0
2011-09-25,80,45,0.00,0.0,0
2011-09-26,82,41,0.00,0.0,0
2011-09-27,80,49,0.48,0.0,0
2011-09-28,81,46,0.00,0.0,0
2011-09-29,78,47,0.00,0.0,0
2011-09-30,73,41,0.00,0.0,0
2011-10-01,79,45,0.00,0.0,0
2011-10-02,76,46,0.00,0.0,0
2011-10-03,72,45,0.00,0.0,0
2011-10-04,67,45,0.01,0.0,0
2011-10-05,61,45,0.59,0.0,0
2011-10-06,58,35,0.00,0.0,0
2011-10-07,47,32,0.00,0.0,0
2011-10-08,50,32,0.00,0.0,0
2011-10-09,54,33,0.00,0.0,0
2011-10-10,61,33,0.00,0.0,0
2011-10-11,63,34,0.00,0.0,0
2011-10-12,66,37,0.00,0.0,0
2011-10-13,72,39,0.00,0.0,0
2011-10-14,72,41,0.00,0.0,0
2011-10-15,74,37,0.00,0.0,0
2011-10-16,75,41,0.00,0.0,0
2011-10-17,66,34,0.00,0.0,0
2011-10-18,61,33,0.00,0.0,0
2011-10-19,63,32,0.00,0.0,0
2011-10-20,69,33,0.00,0.0,0
2011-10-21,68,33,0.00,0.0,0
2011-10-22,68,37,0.00,0.0,0
2011-10-23,71,34,0.00,0.0,0
2011-10-24,72,36,0.00,0.0,0
2011-10-25,63,36,0.00,0.0,0
2011-10-26,49,35,1.00,1.0,1
2011-10-27,42,33,0.00,0.0,0
2011-10-28,53,28,0.00,0.0,0
2011-10-29,57,25,0.00,0.0,0
2011-10-30,60,32,0.00,0.0,0
2011-10-31,64,30,0.00,0.0,0
2011-11-01,63,34,0.00,0.0,0
2011-11-02,48,26,0.00,0.0,0
2011-11-03,50,17,0.00,0.0,0
2011-11-04,52,28,0.00,0.0,0
2011-11-05,46,25,0.00,0.0,0
2011-11-06,45,19,0.00,0.0,0
2011-11-07,49,25,0.00,0.0,0
2011-11-08,43,23,0.00,0.0,0
2011-11-09,44,20,0.00,0.0,0
2011-11-10,51,21,0.00,0.0,0
2011-11-11,44,22,0.00,0.0,0
2011-11-12,55,25,0.00,0.0,0
2011-11-13,46,36,0.00,0.0,0
2011-11-14,48,26,0.00,0.0,0
2011-11-15,50,24,0.00,0.0,0
2011-11-16,49,19,0.00,0.0,0
2011-11-17,51,18,0.00,0.0,0
2011-11-18,53,21,0.00,0.0,0
2011-11-19,54,22,0.00,0.0,0
2011-11-20,56,30,0.00,0.0,0
2011-11-21,50,32,0.00,0.0,0
2011-11-22,52,23,0.00,0.0,0
2011-11-23,58,27,0.00,0.0,0
2011-11-24,55,28,0.00,0.0,0
2011-11-25,45,31,0.00,0.0,0
2011-11-26,42,18,0.00,0.0,0
2011-11-27,49,17,0.00,0.0,0
2011-11-28,56,27,0.00,0.0,0
2011-11-29,52,26,0.00,0.0,0
2011-11-30,52,18,0.00,0.0,0
2011-12-01,51,28,0.00,0.0,0
2011-12-02,37,12,0.10,1.0,1
2011-12-03,35,22,0.40,4.0,6
2011-12-04,31,18,0.20,1.0,2
2011-12-05,20,1,0.20,2.0,3
2011-12-06,21,-6,0.00,0.0,0
2011-12-07,36,-0,0.00,0.0,0
2011-12-08,38,10,0.00,0.0,0
2011-12-09,40,14,0.00,0.0,0
2011-12-10,39,14,0.00,0.0,0
2011-12-11,35,12,0.00,0.0,0
2011-12-12,36,17,0.00,0.0,0
2011-12-13,37,31,0.00,0.0,0
2011-12-14,37,18,0.00,0.0,0
2011-12-15,36,14,0.00,0.0,0
2011-12-16,36,13,0.00,0.0,0
2011-12-17,39,9,0.00,0.0,0
2011-12-18,48,17,0.00,0.0,0
2011-12-19,37,25,0.00,0.0,0
2011-12-20,41,18,0.00,0.0,0
2011-12-21,36,18,0.00,0.0,M
2011-12-22,30,19,0.40,M,M
2011-12-23,29,1,0.00,0.0,0
2011-12-24,42,7,0.00,0.0,0
2011-12-25,44,7,0.00,0.0,0
2011-12-26,42,11,0.00,0.0,0
2011-12-27,39,12,0.00,0.0,0
2011-12-28,43,17,0.00,0.0,0
2011-12-29,51,21,0.00,0.0,0
2011-12-30,52,25,0.00,0.0,0
2011-12-31,49,24,0.00,0.0,0
2012-01-01,50,21,0.00,0.0,0
2012-01-02,47,19,0.00,0.0,0
2012-01-03,50,21,0.00,0.0,0
2012-01-04,50,23,0.00,0.0,0
2012-01-05,49,26,0.00,0.0,0
2012-01-06,53,25,0.00,0.0,0
2012-01-07,47,23,0.00,0.0,0
2012-01-08,40,20,0.00,0.0,0
2012-01-09,39,16,0.00,0.0,0
2012-01-10,50,21,0.00,0.0,0
2012-01-11,41,16,0.00,0.0,0
2012-01-12,35,14,0.00,0.0,0
2012-01-13,42,10,0.00,0.0,0
2012-01-14,47,14,0.00,0.0,0
2012-01-15,45,15,0.00,0.0,0
2012-01-16,40,31,0.00,0.0,0
2012-01-17,37,16,0.02,0.5,1
2012-01-18,43,14,0.00,0.0,0
2012-01-19,53,23,0.00,0.0,0
2012-01-20,51,23,0.00,0.0,0
2012-01-21,44,22,0.00,0.0,0
2012-01-22,39,23,0.00,0.0,0
2012-01-23,42,16,0.00,0.0,0
2012-01-24,45,26,0.00,0.0,0
2012-01-25,47,20,0.00,0.0,0
2012-01-26,49,21,0.00,0.0,0
2012-01-27,46,23,0.00,0.0,0
2012-01-28,43,19,0.00,0.0,0
2012-01-29,49,18,0.00,0.0,0
2012-01-30,53,22,0.00,0.0,0
2012-01-31,49,23,0.00,0.0,0
2012-02-01,48,20,0.00,0.0,0
2012-02-02,36,22,0.00,0.0,0
2012-02-03,40,21,0.00,0.0,0
2012-02-04,40,16,0.00,0.0,0
2012-02-05,37,23,0.00,0.0,0
2012-02-06,39,23,0.01,0.1,1
2012-02-07,40,15,0.00,0.0,0
2012-02-08,49,17,0.00,0.0,0
2012-02-09,46,24,0.00,0.0,0
2012-02-10,46,17,0.00,0.0,0
2012-02-11,49,19,0.00,0.0,0
2012-02-12,29,18,0.00,0.0,0
2012-02-13,40,24,0.27,2.2,3
2012-02-14,44,23,0.00,0.0,0
2012-02-15,41,23,0.00,0.0,0
2012-02-16,45,22,0.00,0.0,0
2012-02-17,48,21,0.00,0.0,0
2012-02-18,47,18,0.00,0.0,0
2012-02-19,43,19,0.10,0.1,0
2012-02-20,35,14,0.00,0.0,0
2012-02-21,46,10,0.00,0.0,0
2012-02-22,51,27,0.00,0.0,0
2012-02-23,51,15,0.00,0.0,0
2012-02-24,46,13,0.00,0.0,0
2012-02-25,57,19,0.00,0.0,0
2012-02-26,52,22,0.00,0.0,0
2012-02-27,49,22,0.00,0.0,0
2012-02-28,37,25,0.06,1.0,1
2012-02-29,47,17,0.00,0.0,0
2012-03-01,48,14,0.00,0.0,0
2012-03-02,33,8,0.00,0.0,0
2012-03-03,38,2,0.00,0.0,0
2012-03-04,54,17,0.00,0.0,0
2012-03-05,60,22,0.00,0.0,0
2012-03-06,61,25,0.00,0.0,0
2012-03-07,57,24,0.00,0.0,0
2012-03-08,46,23,0.00,0.0,0
2012-03-09,50,18,0.00,0.0,0
2012-03-10,48,28,0.00,0.0,0
2012-03-11,55,29,0.00,0.0,0
2012-03-12,60,24,0.00,0.0,0
2012-03-13,64,25,0.00,0.0,0
2012-03-14,64,26,0.00,0.0,0
2012-03-15,67,30,0.00,0.0,0
2012-03-16,68,31,0.00,0.0,0
2012-03-17,66,30,0.00,0.0,0
2012-03-18,56,30,0.00,0.0,0
2012-03-19,41,19,0.00,0.0,0
2012-03-20,46,16,0.00,0.0,0
2012-03-21,58,17,0.00,0.0,0
2012-03-22,67,27,0.00,0.0,0
2012-03-23,72,30,0.00,0.0,0
2012-03-24,74,36,0.00,0.0,0
2012-03-25,75,40,0.00,0.0,0
2012-03-26,70,42,0.00,0.0,0
2012-03-27,70,29,0.00,0.0,0
2012-03-28,70,31,0.00,0.0,0
2012-03-29,66,29,0.00,0.0,0
2012-03-30,71,32,0.00,0.0,0
2012-03-31,76,38,0.00,0.0,0
2012-04-01,74,40,0.00,0.0,0
2012-04-02,50,29,0.70,4.0,1
2012-04-03,46,27,0.00,0.0,0
2012-04-04,60,29,0.00,0.0,0
2012-04-05,67,35,0.00,0.0,0
2012-04-06,67,37,0.00,0.0,0
2012-04-07,64,25,0.00,0.0,0
2012-04-08,68,32,0.00,0.0,0
2012-04-09,72,40,0.00,0.0,0
2012-04-10,72,40,0.00,0.0,0
2012-04-11,72,41,0.00,0.0,0
2012-04-12,58,31,0.00,0.0,0
2012-04-13,62,27,0.00,0.0,0
2012-04-14,56,28,0.00,0.0,0
2012-04-15,49,28,0.00,0.0,0
2012-04-16,56,23,0.00,0.0,0
2012-04-17,67,29,0.00,0.0,0
2012-04-18,72,37,0.00,0.0,0
2012-04-19,65,36,0.00,0.0,0
2012-04-20,71,30,0.00,0.0,0
2012-04-21,77,40,0.00,0.0,0
2012-04-22,79,43,0.00,0.0,0
2012-04-23,77,42,0.00,0.0,0
2012-04-24,80,44,0.00,0.0,0
2012-04-25,79,43,0.00,0.0,0
2012-04-26,76,39,0.00,0.0,0
2012-04-27,62,39,0.60,0.0,0
2012-04-28,64,34,0.00,0.0,0
2012-04-29,71,37,0.00,0.0,0
2012-04-30,72,37,0.00,0.0,0
2012-05-01,74,38,0.00,0.0,0
2012-05-02,M,M,0.00,0.0,0
2012-05-03,M,M,0.00,0.0,0
2012-05-04,M,M,0.00,0.0,0
2012-05-05,M,M,0.00,0.0,0
2012-05-06,M,M,0.00,0.0,0
2012-05-07,M,M,0.00,0.0,0
2012-05-08,62,36,0.00,0.0,0
2012-05-09,70,39,0.00,0.0,0
2012-05-10,76,41,0.00,0.0,0
2012-05-11,72,44,0.30,0.0,0
2012-05-12,63,39,0.30,0.0,0
2012-05-13,58,36,0.00,0.0,0
2012-05-14,69,38,0.00,0.0,0
2012-05-15,77,42,0.00,0.0,0
2012-05-16,75,43,0.00,0.0,0
2012-05-17,79,40,0.00,0.0,0
2012-05-18,76,34,0.00,0.0,0
2012-05-19,74,39,0.00,0.0,0
2012-05-20,76,45,0.00,0.0,0
2012-05-21,77,48,0.00,0.0,0
2012-05-22,83,46,0.00,0.0,0
2012-05-23,82,57,0.00,0.0,0
2012-05-24,75,42,0.00,0.0,0
2012-05-25,80,44,0.00,0.0,0
2012-05-26,79,33,0.00,0.0,0
2012-05-27,66,34,0.00,0.0,0
2012-05-28,74,38,0.00,0.0,0
2012-05-29,81,43,0.00,0.0,0
2012-05-30,81,46,0.00,0.0,0
2012-05-31,83,50,0.00,0.0,0
2012-06-01,87,52,0.00,0.0,0
2012-06-02,87,50,0.00,0.0,0
2012-06-03,84,51,0.00,0.0,0
2012-06-04,78,45,0.00,0.0,0
2012-06-05,80,48,0.00,0.0,0
2012-06-06,86,46,0.00,0.0,0
2012-06-07,85,51,0.00,0.0,0
2012-06-08,87,53,0.00,0.0,0
2012-06-09,85,46,0.00,0.0,0
2012-06-10,80,47,0.00,0.0,0
2012-06-11,85,52,0.00,0.0,0
2012-06-12,85,52,0.00,0.0,0
2012-06-13,87,46,0.00,0.0,0
2012-06-14,87,52,0.00,0.0,0
2012-06-15,87,49,0.00,0.0,0
2012-06-16,83,48,0.00,0.0,0
2012-06-17,87,52,0.00,0.0,0
2012-06-18,88,48,0.00,0.0,0
2012-06-19,90,48,0.00,0.0,0
2012-06-20,93,60,0.00,0.0,0
2012-06-21,86,57,0.20,0.0,0
2012-06-22,91,58,0.00,0.0,0
2012-06-23,93,59,0.00,0.0,0
2012-06-24,95,54,0.00,0.0,0
2012-06-25,92,55,0.00,0.0,0
2012-06-26,93,59,0.00,0.0,0
2012-06-27,93,58,0.00,0.0,0
2012-06-28,90,53,0.00,0.0,0
2012-06-29,89,58,T,0.0,0
2012-06-30,93,56,0.00,0.0,0
2012-07-01,93,60,0.00,0.0,0
2012-07-02,90,56,0.00,0.0,0
2012-07-03,89,56,0.00,0.0,0
2012-07-04,87,54,0.00,0.0,0
2012-07-05,83,51,0.12,0.0,0
2012-07-06,82,54,0.00,0.0,0
2012-07-07,78,57,0.00,0.0,0
2012-07-08,84,56,0.00,0.0,0
2012-07-09,80,54,0.00,0.0,0
2012-07-10,85,54,0.00,0.0,0
2012-07-11,82,52,0.00,0.0,0
2012-07-12,88,57,0.00,0.0,0
2012-07-13,86,59,0.00,0.0,0
2012-07-14,87,56,0.00,0.0,0
2012-07-15,88,53,0.00,0.0,0
2012-07-16,86,52,0.00,0.0,0
2012-07-17,85,57,0.00,0.0,0
2012-07-18,90,56,0.00,0.0,0
2012-07-19,88,55,0.00,0.0,0
2012-07-20,90,58,0.00,0.0,0
2012-07-21,90,56,0.00,0.0,0
2012-07-22,90,58,0.00,0.0,0
2012-07-23,90,54,0.00,0.0,0
2012-07-24,87,54,0.00,0.0,0
2012-07-25,80,59,0.00,0.0,0
2012-07-26,85,58,0.10,0.0,0
2012-07-27,86,56,0.00,0.0,0
2012-07-28,88,59,0.00,0.0,0
2012-07-29,88,57,0.00,0.0,0
2012-07-30,92,60,0.00,0.0,0
2012-07-31,92,55,0.00,0.0,0
2012-08-01,90,58,0.00,0.0,0
2012-08-02,89,56,0.00,0.0,0
2012-08-03,85,51,0.00,0.0,0
2012-08-04,84,57,0.00,0.0,0
2012-08-05,87,56,0.00,0.0,0
2012-08-06,84,58,0.00,0.0,0
2012-08-07,88,57,0.00,0.0,0
2012-08-08,87,57,0.00,0.0,0
2012-08-09,90,58,0.00,0.0,0
2012-08-10,91,60,0.00,0.0,0
2012-08-11,93,59,0.00,0.0,0
2012-08-12,89,53,0.00,0.0,0
2012-08-13,86,55,0.00,0.0,0
2012-08-14,82,55,0.00,0.0,0
2012-08-15,88,58,0.00,0.0,0
2012-08-16,86,53,0.00,0.0,0
2012-08-17,82,51,0.14,0.0,0
2012-08-18,87,54,0.00,0.0,0
2012-08-19,83,58,0.00,0.0,0
2012-08-20,79,50,0.00,0.0,0
2012-08-21,84,55,0.00,0.0,0
2012-08-22,80,51,0.15,0.0,0
2012-08-23,75,52,0.00,0.0,0
2012-08-24,79,51,0.00,0.0,0
2012-08-25,86,56,0.00,0.0,0
2012-08-26,85,55,0.00,0.0,0
2012-08-27,87,53,0.00,0.0,0
2012-08-28,89,53,0.00,0.0,0
2012-08-29,90,54,0.00,0.0,0
2012-08-30,87,52,0.00,0.0,0
2012-08-31,86,55,0.00,0.0,0
2012-09-01,89,55,0.00,0.0,0
2012-09-02,89,55,0.00,0.0,0
2012-09-03,88,54,0.00,0.0,0
2012-09-04,89,57,0.00,0.0,0
2012-09-05,87,57,0.00,0.0,0
2012-09-06,89,56,0.00,M,M
2012-09-07,84,55,0.00,M,M
2012-09-08,69,43,0.00,M,M
2012-09-09,78,48,0.00,M,M
2012-09-10,81,50,0.00,M,M
2012-09-11,81,53,0.00,M,M
2012-09-12,59,48,0.00,M,M
2012-09-13,69,39,0.00,M,M
2012-09-14,70,39,0.00,M,M
2012-09-15,78,42,0.00,M,M
2012-09-16,81,48,0.00,M,M
2012-09-17,78,38,0.00,M,M
2012-09-18,78,42,0.00,M,M
2012-09-19,80,45,0.00,M,M
2012-09-20,82,47,0.00,M,M
2012-09-21,81,46,0.00,M,M
2012-09-22,83,51,0.00,M,M
2012-09-23,81,52,0.00,M,M
2012-09-24,77,41,0.00,M,M
2012-09-25,74,40,0.00,M,M
2012-09-26,72,43,0.00,M,M
2012-09-27,76,44,0.00,M,M
2012-09-28,75,43,0.00,M,M
2012-09-29,74,41,0.00,M,M
2012-09-30,73,37,0.00,M,M
2012-10-01,73,41,0.00,M,M
2012-10-02,78,42,0.00,M,M
2012-10-03,79,38,0.00,M,M
2012-10-04,78,44,0.00,M,M
2012-10-05,74,39,0.00,M,M
2012-10-06,71,35,0.00,M,M
2012-10-07,61,24,0.00,M,M
2012-10-08,70,33,0.00,M,M
2012-10-09,72,38,0.00,M,M
2012-10-10,M,M,M,M,M
2012-10-11,M,M,M,M,M
2012-10-12,M,M,M,M,M
2012-10-13,M,M,M,M,M
2012-10-14,M,M,M,M,M
2012-10-15,M,M,M,M,M
2012-10-16,M,M,M,M,M
2012-10-17,M,M,M,M,M
2012-10-18,M,M,M,M,M
2012-10-19,M,M,M,M,M
2012-10-20,M,M,M,M,M
2012-10-21,M,M,M,M,M
2012-10-22,M,M,M,M,M
2012-10-23,M,M,M,M,M
2012-10-24,M,M,M,M,M
2012-10-25,M,M,M,M,M
2012-10-26,M,M,M,M,M
2012-10-27,M,M,M,M,M
2012-10-28,M,M,M,M,M
2012-10-29,M,M,M,M,M
2012-10-30,M,M,M,M,M
2012-10-31,M,M,M,M,M
2012-11-01,70,35,0.00,M,M
2012-11-02,65,35,0.00,M,M
2012-11-03,62,30,0.00,M,M
2012-11-04,66,31,0.00,M,M
2012-11-05,64,29,0.00,M,M
2012-11-06,68,33,0.00,M,M
2012-11-07,71,30,0.00,M,M
2012-11-08,64,31,0.00,M,M
2012-11-09,56,38,0.00,M,M
2012-11-10,45,21,0.00,M,M
2012-11-11,33,6,0.00,M,M
2012-11-12,46,10,0.00,M,M
2012-11-13,51,19,0.00,M,M
2012-11-14,55,22,0.00,M,M
2012-11-15,57,27,0.00,M,M
2012-11-16,53,28,0.00,M,M
2012-11-17,56,25,0.00,M,M
2012-11-18,58,27,0.00,M,M
2012-11-19,58,27,0.00,M,M
2012-11-20,61,25,0.00,M,M
2012-11-21,57,27,0.00,M,M
2012-11-22,61,21,0.00,M,M
2012-11-23,50,21,0.00,M,M
2012-11-24,60,25,0.00,M,M
2012-11-25,58,24,0.00,M,M
2012-11-26,55,18,0.00,M,M
2012-11-27,58,19,0.00,M,M
2012-11-28,59,24,0.00,M,M
2012-11-29,58,26,0.00,M,M
2012-11-30,59,24,0.00,M,M
2012-12-01,59,24,0.00,M,M
2012-12-02,60,26,0.00,M,M
2012-12-03,39,13,0.00,M,M
2012-12-04,45,12,0.00,M,M
2012-12-05,43,11,0.00,M,M
2012-12-06,39,15,0.00,M,M
2012-12-07,57,20,0.00,M,M
2012-12-08,50,17,0.00,M,M
2012-12-09,37,4,0.00,M,M
2012-12-10,33,4,0.00,M,M
2012-12-11,36,6,0.00,M,M
2012-12-12,45,11,0.00,M,M
2012-12-13,47,18,0.00,M,M
2012-12-14,34,22,0.00,M,M
2012-12-15,35,19,0.00,M,M
2012-12-16,31,16,0.00,M,M
2012-12-17,38,19,0.00,M,M
2012-12-18,38,24,0.00,M,M
2012-12-19,32,3,0.00,M,M
2012-12-20,31,3,0.00,M,M
2012-12-21,37,5,0.00,M,M
2012-12-22,39,12,0.00,M,M
2012-12-23,44,14,0.00,M,M
2012-12-24,40,16,0.00,M,M
2012-12-25,34,11,0.00,M,M
2012-12-26,33,12,0.00,M,M
2012-12-27,30,7,0.00,M,M
2012-12-28,28,4,0.00,M,M
2012-12-29,33,5,0.00,M,M
2012-12-30,34,19,S,M,M
2012-12-31,29,-0,0.22A,M,M
2013-01-01,26,-0,M,M,M
2013-01-02,26,-4,0.00,M,M
2013-01-03,26,-2,0.00,M,M
2013-01-04,26,-0,0.00,M,M
2013-01-05,35,2,0.00,M,M
2013-01-06,35,4,0.00,M,M
2013-01-07,39,13,0.00,M,M
2013-01-08,45,12,0.00,M,M
2013-01-09,43,11,0.00,M,M
2013-01-10,39,15,0.00,M,M
2013-01-11,M,M,M,M,M
2013-01-12,M,M,M,M,M
2013-01-13,M,M,M,M,M
2013-01-14,M,M,M,M,M
2013-01-15,M,M,M,M,M
2013-01-16,M,M,M,M,M
2013-01-17,M,M,M,M,M
2013-01-18,M,M,M,M,M
2013-01-19,M,M,M,M,M
2013-01-20,M,M,M,M,M
2013-01-21,M,M,M,M,M
2013-01-22,M,M,M,M,M
2013-01-23,M,M,M,M,M
2013-01-24,M,M,M,M,M
2013-01-25,M,M,M,M,M
2013-01-26,M,M,M,M,M
2013-01-27,M,M,M,M,M
2013-01-28,M,M,M,M,M
2013-01-29,M,M,M,M,M
2013-01-30,M,M,M,M,M
2013-01-31,M,M,M,M,M
2013-02-01,31,9,0.00,M,M
2013-02-02,44,17,0.00,M,M
2013-02-03,47,17,0.00,M,M
2013-02-04,50,22,0.00,M,M
2013-02-05,47,24,0.00,M,M
2013-02-06,54,24,0.00,M,M
2013-02-07,54,24,0.00,M,M
2013-02-08,53,25,0.00,M,M
2013-02-09,49,23,0.00,M,M
2013-02-10,45,20,0.05,M,M
2013-02-11,42,19,0.10,1.0,M
2013-02-12,36,20,0.00,M,M
2013-02-13,35,7,0.00,M,M
2013-02-14,44,12,0.00,M,M
2013-02-15,43,17,0.00,M,M
2013-02-16,50,17,0.00,M,M
2013-02-17,54,19,0.00,M,M
2013-02-18,43,14,0.00,M,M
2013-02-19,49,14,0.50,M,M
2013-02-20,40,19,0.00,M,M
2013-02-21,36,21,0.00,M,M
2013-02-22,39,9,0.00,M,M
2013-02-23,42,9,0.00,M,M
2013-02-24,40,10,0.00,M,M
2013-02-25,41,10,0.00,M,M
2013-02-26,38,10,0.00,M,M
2013-02-27,40,10,0.00,M,M
2013-02-28,44,14,0.00,M,M
2013-03-01,51,18,0.00,M,M
2013-03-02,59,25,0.00,M,M
2013-03-03,60,31,0.00,M,M
2013-03-04,53,18,0.00,M,M
2013-03-05,56,21,0.00,M,M
2013-03-06,62,26,0.00,M,M
2013-03-07,63,28,0.00,M,M
2013-03-08,54,24,0.00,M,M
2013-03-09,32,18,0.00,M,M
2013-03-10,44,19,0.00,M,M
2013-03-11,54,22,0.00,M,M
2013-03-12,60,28,0.00,M,M
2013-03-13,63,30,0.00,M,M
2013-03-14,67,34,0.00,M,M
2013-03-15,72,34,0.00,M,M
2013-03-16,64,31,0.00,M,M
2013-03-17,59,25,0.00,M,M
2013-03-18,55,25,0.00,M,M
2013-03-19,55,25,0.00,M,M
2013-03-20,55,25,0.00,M,M
2013-03-21,52,24,0.00,M,M
2013-03-22,59,26,0.00,M,M
2013-03-23,61,24,0.00,M,M
2013-03-24,55,18,0.00,M,M
2013-03-25,35,7,0.00,M,M
2013-03-26,43,10,0.00,M,M
2013-03-27,47,14,0.00,M,M
2013-03-28,59,24,0.00,M,M
2013-03-29,65,31,0.00,M,M
2013-03-30,67,31,0.00,M,M
2013-03-31,66,30,0.00,M,M
2013-04-01,69,36,0.00,M,M
2013-04-02,69,32,0.00,M,M
2013-04-03,68,31,0.00,M,M
2013-04-04,60,27,0.00,M,M
2013-04-05,55,29,0.00,M,M
2013-04-06,69,37,0.00,M,M
2013-04-07,67,35,0.00,M,M
2013-04-08,69,34,0.50,M,M
2013-04-09,43,29,0.10,M,M
2013-04-10,41,21,0.00,M,M
2013-04-11,54,26,0.00,M,M
2013-04-12,61,31,0.00,M,M
2013-04-13,67,35,0.00,M,M
2013-04-14,65,38,0.00,M,M
2013-04-15,70,35,0.00,M,M
2013-04-16,72,37,0.00,M,M
2013-04-17,52,21,0.00,M,M
2013-04-18,41,16,0.00,M,M
2013-04-19,57,23,0.00,M,M
2013-04-20,61,28,0.00,M,M
2013-04-21,66,29,0.00,M,M
2013-04-22,73,38,0.00,M,M
2013-04-23,57,19,0.00,M,M
2013-04-24,65,25,0.25,M,M
2013-04-25,65,38,0.00,M,M
2013-04-26,65,34,0.00,M,M
2013-04-27,70,37,0.00,M,M
2013-04-28,76,43,0.00,M,M
2013-04-29,78,41,0.00,M,M
2013-04-30,79,51,0.00,M,M
2013-05-01,74,23,0.00,M,M
2013-05-02,56,23,0.00,M,M
2013-05-03,64,30,0.00,M,M
2013-05-04,70,34,0.00,M,M
2013-05-05,66,41,0.00,M,M
2013-05-06,59,35,0.00,M,M
2013-05-07,68,36,0.32,M,M
2013-05-08,63,34,0.00,M,M
2013-05-09,60,39,0.00,M,M
2013-05-10,67,35,0.00,M,M
2013-05-11,67,38,0.00,M,M
2013-05-12,73,43,0.00,M,M
2013-05-13,81,45,0.00,M,M
2013-05-14,80,48,0.00,M,M
2013-05-15,71,38,0.00,M,M
2013-05-16,80,38,0.00,M,M
2013-05-17,81,41,0.00,M,M
2013-05-18,74,36,0.00,M,M
2013-05-19,68,37,0.00,M,M
2013-05-20,63,34,0.00,M,M
2013-05-21,73,44,0.00,M,M
2013-05-22,81,44,0.00,M,M
2013-05-23,85,48,0.00,M,M
2013-05-24,84,48,0.00,M,M
2013-05-25,83,44,0.00,M,M
2013-05-26,81,46,0.00,M,M
2013-05-27,76,39,0.00,M,M
2013-05-28,78,45,0.00,M,M
2013-05-29,71,35,0.00,M,M
2013-05-30,76,39,0.00,M,M
2013-05-31,76,40,0.00,M,M
2013-06-01,81,44,0.00,M,M
2013-06-02,81,47,0.00,M,M
2013-06-03,85,50,0.00,M,M
2013-06-04,86,50,0.00,M,M
2013-06-05,79,42,0.00,M,M
2013-06-06,78,43,0.00,M,M
2013-06-07,84,49,0.00,M,M
2013-06-08,88,53,0.00,M,M
2013-06-09,89,56,0.00,M,M
2013-06-10,91,49,0.00,M,M
2013-06-11,92,54,0.00,M,M
2013-06-12,93,58,0.00,M,M
2013-06-13,87,54,0.00,M,M
2013-06-14,78,51,0.00,M,M
2013-06-15,89,55,0.00,M,M
2013-06-16,87,52,0.00,M,M
2013-06-17,84,54,0.00,M,M
2013-06-18,85,46,0.00,M,M
2013-06-19,89,48,0.00,M,M
2013-06-20,89,48,0.00,M,M
2013-06-21,88,47,0.00,M,M
2013-06-22,86,50,0.00,M,M
2013-06-23,88,49,0.00,M,M
2013-06-24,85,50,0.00,M,M
2013-06-25,87,53,0.00,M,M
2013-06-26,96,59,0.00,M,M
2013-06-27,98,66,0.00,M,M
2013-06-28,92,53,0.15,M,M
2013-06-29,M,M,M,M,M
2013-06-30,M,M,M,M,M
2013-07-01,81,55,S,M,M
2013-07-02,85,54,0.44A,0.0,0
2013-07-03,67,56,0.08,0.0,0
2013-07-04,86,61,S,M,M
2013-07-05,87,65,0.00A,0.0,0
2013-07-06,86,60,0.24,M,M
2013-07-07,83,61,S,M,M
2013-07-08,83,64,M,M,M
2013-07-09,87,58,0.30A,M,M
2013-07-10,87,56,0.00,M,M
2013-07-11,86,54,0.00,M,M
2013-07-12,87,65,0.00,M,M
2013-07-13,89,63,0.00,M,M
2013-07-14,88,63,S,M,M
2013-07-15,M,58,M,M,M
2013-07-16,87,55,0.18A,M,M
2013-07-17,78,55,0.00,M,M
2013-07-18,78,56,0.00,M,M
2013-07-19,85,54,0.00,M,M
2013-07-20,87,54,1.24,M,M
2013-07-21,82,61,S,M,M
2013-07-22,89,61,M,M,M
2013-07-23,90,68,M,M,M
2013-07-24,85,53,0.04A,M,M
2013-07-25,86,55,0.00,M,M
2013-07-26,84,56,0.15,M,M
2013-07-27,73,54,0.02,M,M
2013-07-28,72,59,S,M,M
2013-07-29,82,57,M,M,M
2013-07-30,79,56,0.00A,M,M
2013-07-31,81,52,0.20,M,M
2013-08-01,73,55,0.00,M,M
2013-08-02,72,54,0.20,M,M
2013-08-03,79,55,0.04,M,M
2013-08-04,82,59,0.02,M,M
2013-08-05,78,59,0.21,M,M
2013-08-06,78,53,0.03,M,M
2013-08-07,76,58,0.07,M,M
2013-08-08,73,55,0.05,M,M
2013-08-09,75,52,0.00,M,M
2013-08-10,77,57,0.00,M,M
2013-08-11,76,53,0.00,M,M
2013-08-12,74,61,0.00,M,M
2013-08-13,76,59,0.00,M,M
2013-08-14,82,52,0.00,M,M
2013-08-15,85,54,0.00,M,M
2013-08-16,87,56,0.02,M,M
2013-08-17,85,57,0.02,M,M
2013-08-18,85,66,0.00,M,M
2013-08-19,83,62,0.00,M,M
2013-08-20,84,59,0.00,M,M
2013-08-21,83,63,0.04,M,M
2013-08-22,85,64,0.00,M,M
2013-08-23,83,54,0.00,M,M
2013-08-24,82,57,0.02,M,M
2013-08-25,82,56,0.00,M,M
2013-08-26,85,54,0.03,M,M
2013-08-27,86,58,0.00,M,M
2013-08-28,89,55,0.00,M,M
2013-08-29,90,55,0.00,M,M
2013-08-30,91,59,0.00,M,M
2013-08-31,91,55,0.00,M,M
2013-09-01,89,58,S,0.0,0
2013-09-02,87,54,M,M,M
2013-09-03,84,57,0.80A,0.0,M
2013-09-04,86,57,0.00,M,M
2013-09-05,85,54,0.00,M,M
2013-09-06,83,63,0.00,M,M
2013-09-07,83,62,0.00,M,M
2013-09-08,81,61,0.00,M,M
2013-09-09,78,61,0.80,M,M
2013-09-10,65,57,0.00,M,M
2013-09-11,72,56,0.00,M,M
2013-09-12,61,57,0.00,M,M
2013-09-13,60,52,2.10,M,M
2013-09-14,65,54,0.50,M,M
2013-09-15,68,48,0.27,M,M
2013-09-16,71,53,0.70,M,M
2013-09-17,74,54,0.50,M,M
2013-09-18,77,54,0.00,M,M
2013-09-19,74,46,0.00,M,M
2013-09-20,72,56,0.00,M,M
2013-09-21,74,47,0.00,M,M
2013-09-22,74,44,0.68,M,M
2013-09-23,64,39,0.00,M,M
2013-09-24,70,36,0.00,M,M
2013-09-25,73,37,0.00,M,M
2013-09-26,72,44,0.00,M,M
2013-09-27,66,35,0.00,M,M
2013-09-28,63,27,0.00,M,M
2013-09-29,72,30,0.00,M,M
2013-09-30,75,34,0.00,M,M
2013-10-01,75,37,0.00,M,M
2013-10-02,72,34,0.00,M,M
2013-10-03,70,34,0.00,M,M
2013-10-04,57,35,0.00,M,M
2013-10-05,56,21,0.00,M,M
2013-10-06,66,23,0.00,M,M
2013-10-07,70,28,0.00,M,M
2013-10-08,70,32,0.00,M,M
2013-10-09,68,32,0.11,M,M
2013-10-10,64,35,0.50,M,M
2013-10-11,52,30,0.00,M,M
2013-10-12,59,27,0.00,M,M
2013-10-13,66,30,0.23,M,M
2013-10-14,57,35,0.00,M,M
2013-10-15,57,25,0.25,M,M
2013-10-16,48,30,0.00,M,M
2013-10-17,54,25,0.00,M,M
2013-10-18,52,25,0.00,M,M
2013-10-19,56,19,0.00,M,M
2013-10-20,61,21,0.00,M,M
2013-10-21,55,30,0.00,M,M
2013-10-22,61,25,0.00,M,M
2013-10-23,64,25,0.00,M,M
2013-10-24,65,26,0.00,M,M
2013-10-25,56,41,0.45,M,M
2013-10-26,57,34,0.00,M,M
2013-10-27,57,30,0.00,M,M
2013-10-28,60,30,0.00,M,M
2013-10-29,59,40,0.02,M,M
2013-10-30,48,32,0.27,M,M
2013-10-31,45,27,0.00,M,M
2013-11-01,50,20,0.00,M,M
2013-11-02,56,21,0.00,M,M
2013-11-03,54,20,0.00,M,M
2013-11-04,56,23,0.11,M,M
2013-11-05,43,34,0.00,M,M
2013-11-06,45,18,0.00,M,M
2013-11-07,54,21,0.00,M,M
2013-11-08,58,27,0.00,M,M
2013-11-09,57,25,0.00,M,M
2013-11-10,61,25,0.00,M,M
2013-11-11,61,25,0.00,M,M
2013-11-12,54,23,0.00,M,M
2013-11-13,55,20,0.00,M,M
2013-11-14,52,23,0.00,M,M
2013-11-15,54,21,0.11,M,M
2013-11-16,45,37,0.02,M,M
2013-11-17,53,28,0.00,M,M
2013-11-18,49,21,0.00,M,M
2013-11-19,54,19,0.00,M,M
2013-11-20,48,25,0.04,M,M
2013-11-21,48,35,0.40,0.4,M
2013-11-22,39,27,0.06,M,M
2013-11-23,35,25,0.22,0.2,M
2013-11-24,25,14,0.14,0.1,M
2013-11-25,35,9,0.01,M,M
2013-11-26,M,M,S,M,M
2013-11-27,36,10,0.00A,M,M
2013-11-28,35,12,0.00,M,M
2013-11-29,36,12,0.00,M,M
2013-11-30,41,15,0.00,M,M
2013-12-01,39,16,0.00,M,M
2013-12-02,45,14,0.00,M,M
2013-12-03,45,23,0.00,M,M
2013-12-04,43,26,0.06,M,M
2013-12-05,28,10,0.09,M,M
2013-12-06,25,9,0.00,M,M
2013-12-07,29,7,0.02,M,M
2013-12-08,25,7,0.02,M,M
2013-12-09,21,-8,0.02,M,M
2013-12-10,28,-11,0.00,M,M
2013-12-11,31,-4,0.00,M,M
2013-12-12,41,-0,0.00,M,M
2013-12-13,36,7,0.00,M,M
2013-12-14,36,7,0.00,M,M
2013-12-15,41,7,0.00,M,M
2013-12-16,43,-0,0.00,M,M
2013-12-17,44,12,0.00,M,M
2013-12-18,46,15,0.00,M,M
2013-12-19,46,17,0.00,M,M
2013-12-20,41,19,0.00,M,M
2013-12-21,34,14,0.00,M,M
2013-12-22,30,12,0.00,M,M
2013-12-23,37,7,0.00,M,M
2013-12-24,43,9,0.00,M,M
2013-12-25,38,9,0.00,M,M
2013-12-26,37,7,0.00,M,M
2013-12-27,41,9,0.00,M,M
2013-12-28,39,9,0.00,M,M
2013-12-29,34,16,0.00,M,M
2013-12-30,34,7,0.00,M,M
2013-12-31,43,7,0.00,M,M
2014-01-01,43,16,0.00,M,M
2014-01-02,44,9,0.00,M,M
2014-01-03,45,10,0.00,M,M
2014-01-04,45,15,0.00,M,M
2014-01-05,25,3,0.00,M,M
2014-01-06,31,-2,0.00,M,M
2014-01-07,38,7,0.00,M,M
2014-01-08,38,7,0.00,M,M
2014-01-09,43,12,0.00,M,M
2014-01-10,41,21,0.00,M,M
2014-01-11,45,12,0.00,M,M
2014-01-12,45,16,0.00,M,M
2014-01-13,38,9,0.00,M,M
2014-01-14,41,8,0.00,M,M
2014-01-15,45,9,0.00,M,M
2014-01-16,41,12,0.00,M,M
2014-01-17,45,10,0.00,M,M
2014-01-18,47,12,0.00,M,M
2014-01-19,47,11,0.00,M,M
2014-01-20,48,12,0.00,M,M
2014-01-21,46,10,0.00,M,M
2014-01-22,40,10,0.00,M,M
2014-01-23,30,12,0.00,M,M
2014-01-24,39,5,0.00,M,M
2014-01-25,47,10,0.00,M,M
2014-01-26,52,10,0.00,M,M
2014-01-27,45,16,0.00,M,M
2014-01-28,38,14,0.00,M,M
2014-01-29,47,7,0.00,M,M
2014-01-30,56,29,0.07,0.0,M
2014-01-31,47,30,0.09,M,M
2014-02-01,39,18,0.00,M,M
2014-02-02,36,10,0.00,M,M
2014-02-03,38,23,0.00,M,M
2014-02-04,34,19,0.01,T,M
2014-02-05,29,16,0.00,M,M
2014-02-06,32,14,0.00,M,M
2014-02-07,39,21,0.00,M,M
2014-02-08,46,21,0.00,M,M
2014-02-09,54,26,0.00,M,M
2014-02-10,54,30,0.00,M,M
2014-02-11,46,21,0.00,M,M
2014-02-12,50,16,0.00,M,M
2014-02-13,57,19,0.00,M,M
2014-02-14,59,26,0.00,M,M
2014-02-15,64,26,0.00,M,M
2014-02-16,61,21,0.00,M,M
2014-02-17,57,19,0.00,M,M
2014-02-18,61,21,0.00,M,M
2014-02-19,57,27,0.00,M,M
2014-02-20,38,18,0.00,M,M
2014-02-21,48,16,0.00,M,M
2014-02-22,52,16,0.00,M,M
2014-02-23,57,18,0.00,M,M
2014-02-24,57,14,0.00,M,M
2014-02-25,59,16,0.00,M,M
2014-02-26,55,23,0.00,M,M
2014-02-27,53,19,0.00,M,M
2014-02-28,50,29,0.00,M,M
2014-03-01,47,32,0.37,0.0,M
2014-03-02,41,28,0.03,M,M
2014-03-03,48,25,0.00,M,M
2014-03-04,47,21,0.00,M,M
2014-03-05,52,28,0.00,M,M
2014-03-06,55,21,0.03,M,M
2014-03-07,52,28,0.07,M,M
2014-03-08,45,19,0.02,M,M
2014-03-09,61,16,0.00,M,M
2014-03-10,68,19,0.00,M,M
2014-03-11,54,28,0.00,M,M
2014-03-12,48,16,0.00,M,M
2014-03-13,55,16,0.00,M,M
2014-03-14,52,25,0.01,M,M
2014-03-15,49,28,0.07,M,M
2014-03-16,56,18,0.00,M,M
2014-03-17,61,18,0.00,M,M
2014-03-18,48,21,0.00,M,M
2014-03-19,48,16,0.00,M,M
2014-03-20,59,9,0.00,M,M
2014-03-21,62,24,0.00,M,M
2014-03-22,57,26,0.02,M,M
2014-03-23,54,30,0.00,M,M
2014-03-24,61,18,0.00,M,M
2014-03-25,63,17,0.02,M,M
2014-03-26,63,17,0.02,M,M
2014-03-27,50,32,0.00,M,M
2014-03-28,56,24,0.00,M,M
2014-03-29,61,17,0.00,M,M
2014-03-30,63,25,0.00,M,M
2014-03-31,56,26,0.00,M,M
2014-04-01,64,28,0.00,M,M
2014-04-02,61,26,0.00,M,M
2014-04-03,39,25,0.46,M,M
2014-04-04,52,11,0.00,M,M
2014-04-05,51,21,0.33,M,M
2014-04-06,48,30,0.09,M,M
2014-04-07,56,23,0.00,M,M
2014-04-08,64,19,0.00,M,M
2014-04-09,72,26,0.00,M,M
2014-04-10,72,29,0.00,M,M
2014-04-11,70,27,0.00,M,M
2014-04-12,68,23,0.01,M,M
2014-04-13,63,33,0.15,M,M
2014-04-14,43,19,0.04,M,M
2014-04-15,61,17,0.00,M,M
2014-04-16,66,26,0.02,M,M
2014-04-17,61,28,0.00,M,M
2014-04-18,70,28,0.01,M,M
2014-04-19,62,39,0.15,M,M
2014-04-20,61,42,0.42,M,M
2014-04-21,71,32,0.00,M,M
2014-04-22,73,35,0.05,M,M
2014-04-23,65,40,0.00,M,M
2014-04-24,63,25,0.00,M,M
2014-04-25,70,25,0.00,M,M
2014-04-26,63,28,0.22,M,M
2014-04-27,50,28,0.00,M,M
2014-04-28,53,24,0.01,M,M
2014-04-29,50,24,0.00,M,M
2014-04-30,54,22,0.00,M,M
2014-05-01,56,32,0.00,0.0,0
2014-05-02,66,20,0.00,0.0,0
2014-05-03,77,31,0.00,0.0,0
2014-05-04,76,32,0.00,0.0,0
2014-05-05,75,34,0.00,0.0,0
2014-05-06,70,37,0.00,0.0,0
2014-05-07,64,32,0.00,0.0,0
2014-05-08,50,26,0.16,M,M
2014-05-09,66,19,0.00,0.0,M
2014-05-10,72,34,0.00,0.0,M
2014-05-11,66,37,0.02,0.0,M
2014-05-12,46,30,0.67,M,M
2014-05-13,43,25,0.09,M,M
2014-05-14,55,23,0.00,0.0,M
2014-05-15,65,27,0.00,0.0,M
2014-05-16,74,31,0.00,0.0,0
2014-05-17,75,39,0.00,0.0,0
2014-05-18,75,46,0.00,0.0,0
2014-05-19,78,46,0.00,0.0,0
2014-05-20,75,37,0.00,0.0,0
2014-05-21,72,35,0.00,0.0,0
2014-05-22,73,43,0.30,0.0,0
2014-05-23,65,44,0.42,0.0,0
2014-05-24,65,37,0.43,0.0,0
2014-05-25,61,32,0.07,0.0,0
2014-05-26,64,39,0.05,0.0,0
2014-05-27,81,39,0.00,0.0,0
2014-05-28,79,46,0.01,0.0,0
2014-05-29,79,47,0.47,0.0,0
2014-05-30,75,49,0.00,0.0,0
2014-05-31,82,43,0.04,0.0,0
2014-06-01,83,51,0.00,M,M
2014-06-02,83,37,0.00,M,M
2014-06-03,86,45,0.00,M,M
2014-06-04,88,42,0.00,M,M
2014-06-05,86,43,0.00,M,M
2014-06-06,83,44,0.06,M,M
2014-06-07,76,49,0.21,M,M
2014-06-08,74,43,0.05,M,M
2014-06-09,74,38,0.00,M,M
2014-06-10,83,37,0.00,M,M
2014-06-11,83,43,0.00,M,M
2014-06-12,81,46,0.01,M,M
2014-06-13,79,46,0.06,M,M
2014-06-14,81,46,0.00,M,M
2014-06-15,79,34,0.00,M,M
2014-06-16,82,49,0.00,M,M
2014-06-17,81,53,0.04,M,M
2014-06-18,75,46,0.07,M,M
2014-06-19,82,39,0.00,M,M
2014-06-20,87,46,0.00,M,M
2014-06-21,85,53,0.02,M,M
2014-06-22,85,51,0.01,M,M
2014-06-23,85,50,0.00,M,M
2014-06-24,86,52,0.00,M,M
2014-06-25,86,55,0.00,M,M
2014-06-26,M,M,M,M,M
2014-06-27,M,M,M,M,M
2014-06-28,M,M,M,M,M
2014-06-29,M,M,M,M,M
2014-06-30,M,M,M,M,M
2014-07-01,84,52,0.47,M,M
2014-07-02,81,52,0.18,M,M
2014-07-03,81,47,0.01,M,M
2014-07-04,84,45,0.10,M,M
2014-07-05,82,48,0.03,M,M
2014-07-06,89,47,0.02,M,M
2014-07-07,88,50,0.37,M,M
2014-07-08,84,54,0.16,M,M
2014-07-09,79,48,0.02,M,M
2014-07-10,83,52,0.00,M,M
2014-07-11,86,58,0.15,M,M
2014-07-12,85,53,0.15,M,M
2014-07-13,84,61,0.29,M,M
2014-07-14,87,59,0.26,M,M
2014-07-15,76,55,0.56,M,M
2014-07-16,74,53,0.35,M,M
2014-07-17,74,52,0.18,M,M
2014-07-18,83,52,0.18,M,M
2014-07-19,83,49,0.12,M,M
2014-07-20,87,46,0.02,M,M
2014-07-21,87,57,0.03,M,M
2014-07-22,88,52,0.21,M,M
2014-07-23,86,49,0.14,M,M
2014-07-24,86,48,0.00,M,M
2014-07-25,90,52,0.00,M,M
2014-07-26,92,52,0.11,M,M
2014-07-27,81,58,0.38,M,M
2014-07-28,74,55,0.00,M,M
2014-07-29,75,52,0.24,M,M
2014-07-30,77,54,0.30,M,M
2014-07-31,77,53,0.66,M,M
2014-08-01,72,50,0.30,M,M
2014-08-02,74,53,0.04,M,M
2014-08-03,75,48,0.04,M,M
2014-08-04,73,54,0.08,M,M
2014-08-05,81,55,0.00,M,M
2014-08-06,84,46,0.00,M,M
2014-08-07,81,54,0.06,M,M
2014-08-08,81,45,0.00,M,M
2014-08-09,83,47,0.03,M,M
2014-08-10,83,52,0.45,M,M
2014-08-11,79,45,0.06,M,M
2014-08-12,81,45,0.07,M,M
2014-08-13,82,48,0.00,M,M
2014-08-14,81,57,0.03,M,M
2014-08-15,81,52,0.02,M,M
2014-08-16,84,47,0.00,M,M
2014-08-17,84,48,0.14,M,M
2014-08-18,84,46,0.01,M,M
2014-08-19,84,54,0.02,M,M
2014-08-20,81,55,0.00,M,M
2014-08-21,83,43,0.00,M,M
2014-08-22,62,50,0.32,M,M
2014-08-23,76,46,0.00,M,M
2014-08-24,81,44,0.00,M,M
2014-08-25,84,45,0.00,M,M
2014-08-26,75,55,1.05,M,M
2014-08-27,73,52,0.00,M,M
2014-08-28,73,45,0.00,M,M
2014-08-29,80,45,0.00,M,M
2014-08-30,83,49,0.00,M,M
2014-08-31,85,52,0.00,M,M
2014-09-01,85,56,0.00,M,M
2014-09-02,88,48,0.00,M,M
2014-09-03,88,50,0.00,M,M
2014-09-04,87,55,0.05,M,M
2014-09-05,82,55,0.00,M,M
2014-09-06,82,51,0.42,M,M
2014-09-07,80,50,0.00,M,M
2014-09-08,82,53,0.00,M,M
2014-09-09,80,61,0.00,M,M
2014-09-10,78,53,0.00,M,M
2014-09-11,80,50,0.00,M,M
2014-09-12,78,50,0.00,M,M
2014-09-13,77,46,0.00,M,M
2014-09-14,83,48,0.00,M,M
2014-09-15,82,53,0.00,M,M
2014-09-16,80,53,0.70,M,M
2014-09-17,68,48,0.01,M,M
2014-09-18,81,39,0.00,M,M
2014-09-19,82,48,0.00,M,M
2014-09-20,84,46,0.00,M,M
2014-09-21,79,57,0.00,M,M
2014-09-22,72,54,0.02,M,M
2014-09-23,77,52,0.00,M,M
2014-09-24,81,45,0.00,M,M
2014-09-25,81,45,0.00,M,M
2014-09-26,83,53,0.02,M,M
2014-09-27,76,51,0.11,M,M
2014-09-28,72,46,0.00,M,M
2014-09-29,72,39,0.10,M,M
2014-09-30,65,30,0.00,M,M
2014-10-01,71,47,0.05,0.0,0
2014-10-02,68,42,0.00,0.0,0
2014-10-03,73,38,0.00,0.0,0
2014-10-04,76,41,0.00,0.0,0
2014-10-05,78,43,0.00,0.0,0
2014-10-06,78,43,0.00,0.0,0
2014-10-07,79,44,0.00,0.0,0
2014-10-08,73,46,0.00,0.0,0
2014-10-09,62,55,0.44,0.0,0
2014-10-10,61,47,0.02,0.0,0
2014-10-11,72,42,0.00,0.0,0
2014-10-12,66,38,0.00,0.0,0
2014-10-13,64,32,0.00,0.0,0
2014-10-14,74,34,0.00,0.0,0
2014-10-15,74,30,0.00,0.0,0
2014-10-16,79,31,0.00,0.0,0
2014-10-17,72,43,0.00,0.0,0
2014-10-18,68,41,0.00,0.0,0
2014-10-19,68,37,0.01,0.0,0
2014-10-20,73,41,0.00,0.0,0
2014-10-21,63,39,0.02,0.0,0
2014-10-22,71,37,0.00,0.0,0
2014-10-23,74,41,0.00,0.0,0
2014-10-24,80,41,0.00,0.0,0
2014-10-25,81,41,0.00,0.0,0
2014-10-26,74,36,0.00,0.0,0
2014-10-27,68,33,0.00,0.0,0
2014-10-28,68,30,0.00,0.0,0
2014-10-29,72,33,0.00,0.0,0
2014-10-30,74,31,0.00,0.0,0
2014-10-31,68,37,0.00,0.0,0
2014-11-01,56,43,0.00,M,M
2014-11-02,50,43,0.26,2.6,M
2014-11-03,53,36,0.00,M,M
2014-11-04,55,30,0.02,0.2,M
2014-11-05,61,29,0.00,M,M
2014-11-06,60,31,0.00,M,M
2014-11-07,47,33,0.00,M,M
2014-11-08,61,34,0.00,M,M
2014-11-09,66,31,0.00,M,M
2014-11-10,65,30,0.02,M,M
2014-11-11,62,28,0.00,M,M
2014-11-12,43,17,0.02,0.2,M
2014-11-13,35,16,0.02,0.2,M
2014-11-14,48,28,0.32,1.3,M
2014-11-15,45,38,0.07,0.7,M
2014-11-16,39,27,0.16,1.6,M
2014-11-17,27,17,0.07,0.7,M
2014-11-18,40,18,0.00,M,M
2014-11-19,38,17,0.00,M,M
2014-11-20,37,20,0.03,0.3,M
2014-11-21,47,22,0.00,M,M
2014-11-22,52,28,0.00,M,M
2014-11-23,42,29,0.00,M,M
2014-11-24,38,18,0.00,M,M
2014-11-25,43,16,0.00,M,M
2014-11-26,53,30,0.00,M,M
2014-11-27,55,27,0.00,M,M
2014-11-28,55,28,0.00,M,M
2014-11-29,60,26,0.00,M,M
2014-11-30,55,22,0.00,M,M
2014-12-01,53,25,0.00,M,M
2014-12-02,49,24,0.00,M,M
2014-12-03,53,31,0.00,M,M
2014-12-04,46,37,0.33,0.7,M
2014-12-05,49,36,0.00,M,M
2014-12-06,50,32,0.00,M,M
2014-12-07,54,35,0.00,M,M
2014-12-08,49,30,0.00,M,M
2014-12-09,50,29,0.00,M,M
2014-12-10,52,27,0.00,M,M
2014-12-11,52,28,0.00,M,M
2014-12-12,50,30,0.00,M,M
2014-12-13,54,31,0.09,M,M
2014-12-14,65,30,0.00,M,M
2014-12-15,38,26,0.00,M,M
2014-12-16,38,24,0.00,M,M
2014-12-17,37,26,0.00,M,M
2014-12-18,39,28,0.03,T,0
2014-12-19,37,26,0.00,M,M
2014-12-20,27,22,0.00,M,M
2014-12-21,38,27,0.72,M,M
2014-12-22,40,27,0.00,M,M
2014-12-23,39,22,0.00,M,M
2014-12-24,40,17,0.00,M,M
2014-12-25,40,22,0.00,M,M
2014-12-26,33,21,0.00,M,M
2014-12-27,34,14,0.00,M,M
2014-12-28,36,13,0.00,M,M
2014-12-29,35,14,0.00,M,M
2014-12-30,26,17,0.00,M,M
2014-12-31,32,15,0.00,M,M
2015-01-01,34,23,0.01,M,M
2015-01-02,37,12,0.01,M,M
2015-01-03,37,16,0.00,M,M
2015-01-04,44,21,0.00,M,M
2015-01-05,51,22,0.00,M,M
2015-01-06,56,29,0.00,M,M
2015-01-07,53,25,0.00,M,M
2015-01-08,51,31,0.00,M,M
2015-01-09,39,14,0.00,M,M
2015-01-10,50,31,0.00,M,M
2015-01-11,42,24,0.02,M,M
2015-01-12,42,23,0.00,M,M
2015-01-13,33,28,0.01,M,M
2015-01-14,41,32,0.04,M,M
2015-01-15,49,17,0.00,M,M
2015-01-16,53,21,0.00,M,M
2015-01-17,55,27,0.00,M,M
2015-01-18,51,23,0.00,M,M
2015-01-19,58,25,0.00,M,M
2015-01-20,54,23,0.00,M,M
2015-01-21,36,25,0.07,M,M
2015-01-22,36,9,0.10,M,M
2015-01-23,38,3,0.01,M,M
2015-01-24,48,13,0.08,M,M
2015-01-25,54,22,0.00,M,M
2015-01-26,61,26,0.00,M,M
2015-01-27,61,30,0.00,M,M
2015-01-28,57,27,0.00,M,M
2015-01-29,52,32,0.00,M,M
2015-01-30,40,30,0.00,M,M
2015-01-31,38,31,0.17,M,M
2015-02-01,37,12,M,M,M
2015-02-02,44,21,M,M,M
2015-02-03,47,27,M,M,M
2015-02-04,50,33,M,M,M
2015-02-05,51,34,M,M,M
2015-02-06,51,34,M,M,M
2015-02-07,59,37,M,M,M
2015-02-08,57,39,M,M,M
2015-02-09,56,37,M,M,M
2015-02-10,57,41,M,M,M
2015-02-11,47,32,M,M,M
2015-02-12,47,27,M,M,M
2015-02-13,56,32,M,M,M
2015-02-14,59,37,M,M,M
2015-02-15,57,36,M,M,M
2015-02-16,44,22,M,M,M
2015-02-17,37,22,M,M,M
2015-02-18,49,28,M,M,M
2015-02-19,56,33,M,M,M
2015-02-20,58,36,M,M,M
2015-02-21,46,33,M,M,M
2015-02-22,33,12,M,M,M
2015-02-23,22,9,M,M,M
2015-02-24,31,19,M,M,M
2015-02-25,41,23,M,M,M
2015-02-26,31,16,M,M,M
2015-02-27,18,12,M,M,M
2015-02-28,32,13,M,M,M
2015-03-01,47,31,0.05,0.0,0
2015-03-02,45,27,0.02,0.0,0
2015-03-03,43,30,0.02,0.0,0
2015-03-04,41,19,0.02,0.0,0
2015-03-05,41,18,0.00,0.0,0
2015-03-06,52,26,0.00,0.0,0
2015-03-07,55,34,0.00,0.0,0
2015-03-08,55,36,0.00,0.0,0
2015-03-09,51,33,0.00,0.0,0
2015-03-10,56,34,0.00,0.0,0
2015-03-11,59,37,0.00,0.0,0
2015-03-12,58,37,0.00,0.0,0
2015-03-13,55,43,0.00,0.0,0
2015-03-14,55,39,0.00,0.0,0
2015-03-15,63,39,0.00,0.0,0
2015-03-16,64,39,0.00,0.0,0
2015-03-17,54,40,0.00,0.0,0
2015-03-18,59,36,0.03,0.0,0
2015-03-19,51,35,0.71,0.0,0
2015-03-20,47,34,0.08,0.0,0
2015-03-21,55,35,0.00,0.0,0
2015-03-22,63,39,0.00,0.0,0
2015-03-23,62,46,0.00,0.0,0
2015-03-24,61,44,0.00,0.0,0
2015-03-25,59,39,0.00,0.0,0
2015-03-26,55,30,0.00,0.0,0
2015-03-27,65,43,0.00,0.0,0
2015-03-28,70,45,0.00,0.0,0
2015-03-29,68,51,0.00,0.0,0
2015-03-30,63,45,0.00,0.0,0
2015-03-31,65,45,0.00,0.0,0
2015-04-01,65,51,0.00,M,M
2015-04-02,63,45,0.00,M,M
2015-04-03,55,36,0.00,M,M
2015-04-04,57,32,0.00,M,M
2015-04-05,65,44,0.00,M,M
2015-04-06,65,46,0.00,M,M
2015-04-07,62,46,0.00,M,M
2015-04-08,65,43,0.00,M,M
2015-04-09,56,32,0.00,M,M
2015-04-10,59,36,0.00,M,M
2015-04-11,64,44,0.00,M,M
2015-04-12,64,42,0.00,M,M
2015-04-13,61,43,0.00,M,M
2015-04-14,66,37,0.00,M,M
2015-04-15,58,39,0.00,M,M
2015-04-16,52,31,0.00,M,M
2015-04-17,44,30,0.00,M,M
2015-04-18,49,28,0.16,M,M
2015-04-19,56,38,0.01,M,M
2015-04-20,61,35,0.00,M,M
2015-04-21,62,47,0.00,M,M
2015-04-22,62,47,0.00,M,M
2015-04-23,63,43,0.03,M,M
2015-04-24,54,41,0.00,M,M
2015-04-25,57,40,0.00,M,M
2015-04-26,49,32,0.02,M,M
2015-04-27,55,35,0.05,M,M
2015-04-28,56,37,0.00,M,M
2015-04-29,67,41,0.00,M,M
2015-04-30,72,50,0.00,M,M
2015-05-01,75,53,0.00,M,M
2015-05-02,70,55,0.00,M,M
2015-05-03,67,48,0.00,M,M
2015-05-04,66,45,0.00,M,M
2015-05-05,55,42,0.00,M,M
2015-05-06,61,44,0.00,M,M
2015-05-07,64,44,0.00,M,M
2015-05-08,65,46,0.00,M,M
2015-05-09,51,37,0.02,M,M
2015-05-10,57,34,0.00,M,M
2015-05-11,66,42,0.00,M,M
2015-05-12,56,43,0.31,M,M
2015-05-13,63,40,0.20,M,M
2015-05-14,63,48,0.00,M,M
2015-05-15,54,39,0.62,M,M
2015-05-16,48,35,0.08,M,M
2015-05-17,61,36,0.00,M,M
2015-05-18,65,44,0.01,M,M
2015-05-19,63,43,0.02,M,M
2015-05-20,65,46,0.00,M,M
2015-05-21,50,41,0.50,M,M
2015-05-22,61,39,0.12,M,M
2015-05-23,60,46,0.02,M,M
2015-05-24,56,40,0.00,M,M
2015-05-25,61,42,0.02,M,M
2015-05-26,67,44,0.02,M,M
2015-05-27,70,48,0.00,M,M
2015-05-28,73,53,0.00,M,M
2015-05-29,73,52,0.00,M,M
2015-05-30,71,50,0.00,M,M
2015-05-31,74,50,0.02,M,M
2015-06-01,75,57,0.08,0.0,0
2015-06-02,80,57,0.00,0.0,0
2015-06-03,80,58,0.00,0.0,0
2015-06-04,79,61,0.00,0.0,0
2015-06-05,72,57,0.00,0.0,0
2015-06-06,75,56,0.00,0.0,0
2015-06-07,72,54,0.08,0.0,0
2015-06-08,77,55,0.00,0.0,0
2015-06-09,74,58,0.00,0.0,0
2015-06-10,74,57,0.09,0.0,0
2015-06-11,77,56,0.00,0.0,0
2015-06-12,73,54,0.00,0.0,0
2015-06-13,65,52,0.18,0.0,0
2015-06-14,74,51,0.00,0.0,0
2015-06-15,76,55,0.00,0.0,0
2015-06-16,75,56,0.00,0.0,0
2015-06-17,83,56,0.00,0.0,0
2015-06-18,84,60,0.00,0.0,0
2015-06-19,82,59,0.01,0.0,0
2015-06-20,89,63,0.00,0.0,0
2015-06-21,92,67,0.00,0.0,0
2015-06-22,91,67,0.00,0.0,0
2015-06-23,86,64,0.00,0.0,0
2015-06-24,83,58,0.04,0.0,0
2015-06-25,90,63,0.00,0.0,0
2015-06-26,92,66,0.00,0.0,0
2015-06-27,88,67,0.06,0.0,0
2015-06-28,87,59,0.00,0.0,0
2015-06-29,85,64,0.02,0.0,0
2015-06-30,93,64,0.00,0.0,0
2015-07-01,94,70,0.08,0.0,0
2015-07-02,87,67,0.28,0.0,0
2015-07-03,80,63,0.10,0.0,0
2015-07-04,84,64,0.09,0.0,0
2015-07-05,86,64,0.04,0.0,0
2015-07-06,80,64,0.28,0.0,0
2015-07-07,76,61,0.57,0.0,0
2015-07-08,78,60,0.07,0.0,0
2015-07-09,72,61,0.04,0.0,0
2015-07-10,79,56,0.00,0.0,0
2015-07-11,83,59,0.00,0.0,0
2015-07-12,82,57,0.06,0.0,0
2015-07-13,85,M,M,M,0
2015-07-14,82,63,0.56,0.0,0
2015-07-15,83,63,0.01,0.0,0
2015-07-16,86,63,0.00,0.0,0
2015-07-17,78,55,0.54,0.0,0
2015-07-18,81,61,0.00,0.0,0
2015-07-19,79,62,0.19,0.0,0
2015-07-20,77,62,0.34,0.0,0
2015-07-21,83,63,0.02,0.0,0
2015-07-22,87,63,0.00,0.0,0
2015-07-23,82,62,0.00,0.0,0
2015-07-24,86,66,0.00,0.0,0
2015-07-25,88,64,0.02,0.0,0
2015-07-26,85,66,0.27,0.0,0
2015-07-27,80,62,0.26,0.0,0
2015-07-28,87,63,0.00,0.0,0
2015-07-29,80,65,0.03,0.0,0
2015-07-30,81,63,0.00,0.0,0
2015-07-31,76,68,0.06,0.0,0
2015-08-01,80,65,0.08,0.0,0
2015-08-02,79,62,0.00,0.0,0
2015-08-03,83,61,0.03,0.0,0
2015-08-04,88,61,0.00,0.0,0
2015-08-05,91,61,0.00,0.0,0
2015-08-06,90,61,0.00,0.0,0
2015-08-07,80,55,0.00,0.0,0
2015-08-08,78,56,0.03,0.0,0
2015-08-09,85,54,0.01,0.0,0
2015-08-10,80,57,0.06,0.0,0
2015-08-11,79,56,0.13,0.0,0
2015-08-12,83,54,0.01,0.0,0
2015-08-13,88,57,0.00,0.0,0
2015-08-14,88,60,0.00,0.0,0
2015-08-15,87,57,0.03,0.0,0
2015-08-16,84,56,0.00,0.0,0
2015-08-17,80,57,0.01,0.0,0
2015-08-18,86,53,0.21,0.0,0
2015-08-19,85,50,0.00,0.0,0
2015-08-20,86,53,0.00,0.0,0
2015-08-21,85,58,0.00,0.0,0
2015-08-22,87,53,0.00,0.0,0
2015-08-23,74,58,0.00,0.0,0
2015-08-24,84,52,0.00,0.0,0
2015-08-25,88,53,0.00,0.0,0
2015-08-26,74,57,0.00,0.0,0
2015-08-27,81,55,0.31,0.0,0
2015-08-28,82,54,0.00,0.0,0
2015-08-29,80,55,0.02,0.0,0
2015-08-30,83,51,0.00,0.0,0
2015-08-31,83,54,0.00,0.0,0
2015-09-01,79,54,0.00,M,M
2015-09-02,82,53,0.00,M,M
2015-09-03,78,55,0.00,M,M
2015-09-04,74,53,0.11,M,M
2015-09-05,M,M,M,M,M
2015-09-06,M,M,M,M,M
2015-09-07,M,M,M,M,M
2015-09-08,M,M,M,M,M
2015-09-09,M,M,M,M,M
2015-09-10,M,M,M,M,M
2015-09-11,M,M,M,M,M
2015-09-12,M,M,M,M,M
2015-09-13,M,M,M,M,M
2015-09-14,M,M,M,M,M
2015-09-15,M,M,M,M,M
2015-09-16,M,M,M,M,M
2015-09-17,M,M,M,M,M
2015-09-18,M,M,M,M,M
2015-09-19,M,M,M,M,M
2015-09-20,M,M,M,M,M
2015-09-21,M,M,M,M,M
2015-09-22,M,M,M,M,M
2015-09-23,M,M,M,M,M
2015-09-24,M,M,M,M,M
2015-09-25,M,M,M,M,M
2015-09-26,M,M,M,M,M
2015-09-27,M,M,M,M,M
2015-09-28,M,M,M,M,M
2015-09-29,82,47,0.00,M,M
2015-09-30,80,50,0.00,M,M
2015-10-01,82,51,0.00,M,M
2015-10-02,76,53,0.01,M,M
2015-10-03,66,50,0.01,M,M
2015-10-04,64,50,0.00,M,M
2015-10-05,66,50,0.04,M,M
2015-10-06,67,45,0.01,M,M
2015-10-07,63,43,0.01,M,M
2015-10-08,69,43,0.01,M,M
2015-10-09,70,43,0.00,M,M
2015-10-10,75,43,0.00,M,M
2015-10-11,75,44,0.00,M,M
2015-10-12,80,44,0.00,M,M
2015-10-13,81,40,0.00,M,M
2015-10-14,80,40,0.00,M,M
2015-10-15,61,43,0.00,M,M
2015-10-16,61,43,0.00,M,M
2015-10-17,67,35,0.00,M,M
2015-10-18,64,47,0.00,M,M
2015-10-19,64,49,0.03,M,M
2015-10-20,64,40,0.12,M,M
2015-10-21,46,38,0.66,M,M
2015-10-22,52,37,0.00,M,M
2015-10-23,59,38,0.01,M,M
2015-10-24,57,42,0.05,M,M
2015-10-25,58,35,0.00,M,M
2015-10-26,58,38,0.00,M,M
2015-10-27,60,35,0.00,M,M
2015-10-28,55,31,0.00,M,M
2015-10-29,54,31,0.04,M,M
2015-10-30,46,36,0.00,M,M
2015-10-31,58,31,0.00,M,M
2015-11-01,63,33,0.00,0.0,0
2015-11-02,67,35,0.00,0.0,0
2015-11-03,64,34,0.00,0.0,0
2015-11-04,53,34,0.05,0.0,0
2015-11-05,39,27,0.00,0.0,0
2015-11-06,45,24,0.00,0.0,0
2015-11-07,47,27,0.00,0.0,0
2015-11-08,51,30,0.00,0.0,0
2015-11-09,55,28,0.00,0.0,0
2015-11-10,56,30,0.00,0.0,0
2015-11-11,42,25,0.00,0.0,0
2015-11-12,53,23,0.00,0.0,0
2015-11-13,54,22,0.00,0.0,0
2015-11-14,57,22,0.00,0.0,0
2015-11-15,51,25,0.07,0.0,0
2015-11-16,41,26,0.05,0.0,0
2015-11-17,38,19,0.00,0.0,0
2015-11-18,40,19,0.00,0.0,0
2015-11-19,51,22,0.00,0.0,0
2015-11-20,52,27,0.00,0.0,0
2015-11-21,48,21,0.00,0.0,0
2015-11-22,54,19,0.00,0.0,0
2015-11-23,53,23,0.00,0.0,0
2015-11-24,53,25,0.00,0.0,0
2015-11-25,54,30,0.00,0.0,0
2015-11-26,48,22,0.02,0.0,0
2015-11-27,47,22,0.06,0.0,0
2015-11-28,45,21,0.02,0.0,0
2015-11-29,45,27,0.00,0.0,0
2015-11-30,32,20,0.00,0.0,0
2015-12-01,38,13,0.00,0.0,0
2015-12-02,46,17,0.00,0.0,0
2015-12-03,50,22,0.00,0.0,0
2015-12-04,50,23,0.00,0.0,0
2015-12-05,46,25,0.03,0.0,0
2015-12-06,48,20,0.00,0.0,0
2015-12-07,50,22,0.00,0.0,0
2015-12-08,52,25,0.00,0.0,0
2015-12-09,47,26,0.00,0.0,0
2015-12-10,52,26,0.00,0.0,0
2015-12-11,49,39,0.02,0.0,0
2015-12-12,42,30,0.20,0.0,0
2015-12-13,37,27,0.04,0.0,0
2015-12-14,40,20,0.02,0.0,0
2015-12-15,25,19,0.04,0.0,0
2015-12-16,28,7,0.00,0.0,0
2015-12-17,29,14,0.00,0.0,0
2015-12-18,37,10,0.00,0.0,0
2015-12-19,42,16,0.00,0.0,0
2015-12-20,42,30,0.00,0.0,0
2015-12-21,38,27,0.00,0.0,0
2015-12-22,38,27,0.06,0.0,0
2015-12-23,36,30,0.10,0.0,0
2015-12-24,31,16,0.00,0.0,0
2015-12-25,38,21,0.00,0.0,0
2015-12-26,24,12,0.07,0.0,0
2015-12-27,32,19,0.02,0.0,0
2015-12-28,34,17,0.02,0.0,0
2015-12-29,31,17,0.10,0.0,0
2015-12-30,M,M,M,0.0,0
2015-12-31,M,M,M,0.0,0
2016-01-01,25,17,0.00,0.0,0
2016-01-02,30,19,0.00,0.0,0
2016-01-03,41,22,0.08,0.0,0
2016-01-04,37,27,0.05,0.0,0
2016-01-05,33,23,0.05,0.0,0
2016-01-06,32,27,0.05,0.0,0
2016-01-07,35,26,0.05,0.0,0
2016-01-08,28,23,0.05,0.0,0
2016-01-09,28,21,0.03,0.0,0
2016-01-10,26,17,0.04,0.0,0
2016-01-11,31,8,0.04,0.0,0
2016-01-12,38,12,0.05,0.0,0
2016-01-13,41,16,0.04,0.0,0
2016-01-14,40,20,0.04,0.0,0
2016-01-15,32,21,0.04,0.0,0
2016-01-16,33,19,0.04,0.0,0
2016-01-17,39,22,0.04,0.0,0
2016-01-18,41,23,0.04,0.0,0
2016-01-19,43,29,0.03,0.0,0
2016-01-20,42,28,0.03,0.0,0
2016-01-21,36,20,0.03,0.0,0
2016-01-22,44,21,0.03,0.0,0
2016-01-23,48,27,0.03,0.0,0
2016-01-24,42,28,0.03,0.0,0
2016-01-25,33,22,0.04,0.0,0
2016-01-26,33,20,0.04,0.0,0
2016-01-27,43,20,0.04,0.0,0
2016-01-28,47,24,0.05,0.0,0
2016-01-29,50,31,0.05,0.0,0
2016-01-30,55,35,0.05,0.0,0
2016-01-31,50,37,0.05,0.0,0
2016-02-01,37,21,0.07,0.0,0
2016-02-02,24,17,0.00,0.0,0
2016-02-03,23,8,0.00,0.0,0
2016-02-04,27,-0,0.00,0.0,0
2016-02-05,31,6,0.00,0.0,0
2016-02-06,38,8,0.00,0.0,0
2016-02-07,41,16,0.00,0.0,0
2016-02-08,49,20,0.00,0.0,0
2016-02-09,54,25,0.00,0.0,0
2016-02-10,57,25,0.00,0.0,0
2016-02-11,58,26,0.00,0.0,0
2016-02-12,59,26,0.00,0.0,0
2016-02-13,58,32,0.00,0.0,0
2016-02-14,50,30,0.00,0.0,0
2016-02-15,48,28,0.00,0.0,0
2016-02-16,54,31,0.00,0.0,0
2016-02-17,62,29,0.00,0.0,0
2016-02-18,61,35,0.00,0.0,0
2016-02-19,58,33,0.00,0.0,0
2016-02-20,60,32,0.00,0.0,0
2016-02-21,59,28,0.00,0.0,0
2016-02-22,51,27,0.00,0.0,0
2016-02-23,39,27,0.08,0.0,0
2016-02-24,44,17,0.00,0.0,0
2016-02-25,51,22,0.00,0.0,0
2016-02-26,58,25,0.00,0.0,0
2016-02-27,60,29,0.00,0.0,0
2016-02-28,59,30,0.00,0.0,0
2016-02-29,59,32,0.00,0.0,0
2016-03-01,60,27,0.00,M,M
2016-03-02,61,30,0.00,M,M
2016-03-03,63,28,0.00,M,M
2016-03-04,65,30,0.00,M,M
2016-03-05,63,35,0.00,M,M
2016-03-06,57,37,0.00,M,M
2016-03-07,50,28,0.00,M,M
2016-03-08,51,24,0.00,M,M
2016-03-09,54,25,0.01,M,M
2016-03-10,62,26,0.00,M,M
2016-03-11,68,30,0.00,M,M
2016-03-12,56,37,0.00,M,M
2016-03-13,58,27,0.00,M,M
2016-03-14,59,31,0.00,M,M
2016-03-15,52,33,0.00,M,M
2016-03-16,55,30,0.00,M,M
2016-03-17,60,24,0.00,M,M
2016-03-18,61,28,0.00,M,M
2016-03-19,59,23,0.00,M,M
2016-03-20,58,23,0.00,M,M
2016-03-21,66,30,0.00,M,M
2016-03-22,62,42,0.00,M,M
2016-03-23,46,30,0.00,M,M
2016-03-24,53,22,0.00,M,M
2016-03-25,53,26,0.00,M,M
2016-03-26,49,25,0.00,M,M
2016-03-27,54,17,0.00,M,M
2016-03-28,61,35,0.00,M,M
2016-03-29,61,34,0.00,M,M
2016-03-30,43,22,0.00,M,M
2016-03-31,51,20,0.01,M,M
2016-04-01,47,27,0.00,M,M
2016-04-02,57,24,0.00,M,M
2016-04-03,65,25,0.00,M,M
2016-04-04,68,34,0.00,M,M
2016-04-05,66,37,0.00,M,M
2016-04-06,66,27,0.00,M,M
2016-04-07,69,37,0.00,M,M
2016-04-08,54,40,0.02,M,M
2016-04-09,62,40,0.05,M,M
2016-04-10,63,33,0.00,M,M
2016-04-11,56,41,0.02,M,M
2016-04-12,56,36,0.00,M,M
2016-04-13,65,35,0.01,M,M
2016-04-14,70,36,0.01,M,M
2016-04-15,61,40,0.07,M,M
2016-04-16,41,32,0.21,M,M
2016-04-17,44,30,0.12,M,M
2016-04-18,40,31,0.07,M,M
2016-04-19,53,29,0.00,M,M
2016-04-20,65,32,0.00,M,M
2016-04-21,67,34,0.00,M,M
2016-04-22,71,41,0.00,M,M
2016-04-23,71,48,0.03,M,M
2016-04-24,64,35,0.00,M,M
2016-04-25,65,36,0.00,M,M
2016-04-26,51,35,0.00,M,M
2016-04-27,62,37,0.00,M,M
2016-04-28,63,42,0.00,M,M
2016-04-29,50,34,0.22,M,M
2016-04-30,56,33,0.03,M,M
2016-05-01,43,32,0.09,M,M
2016-05-02,57,32,0.00,M,M
2016-05-03,65,35,0.00,M,M
2016-05-04,75,36,0.00,M,M
2016-05-05,77,42,0.00,M,M
2016-05-06,76,52,0.00,M,M
2016-05-07,61,41,0.00,M,M
2016-05-08,56,35,0.00,M,M
2016-05-09,65,41,0.00,M,M
2016-05-10,69,42,0.00,M,M
2016-05-11,68,40,0.00,M,M
2016-05-12,73,35,0.00,M,M
2016-05-13,79,41,0.00,M,M
2016-05-14,69,43,0.00,M,M
2016-05-15,68,49,0.05,M,M
2016-05-16,67,45,0.00,M,M
2016-05-17,68,39,0.03,M,M
2016-05-18,53,41,0.08,M,M
2016-05-19,63,40,0.00,M,M
2016-05-20,74,41,0.00,M,M
2016-05-21,77,46,0.00,M,M
2016-05-22,75,45,0.00,M,M
2016-05-23,74,43,0.00,M,M
2016-05-24,75,42,0.00,M,M
2016-05-25,73,41,0.00,M,M
2016-05-26,66,46,0.00,M,M
2016-05-27,67,45,0.01,M,M
2016-05-28,73,38,0.00,M,M
2016-05-29,78,48,0.00,M,M
2016-05-30,77,45,0.00,M,M
2016-05-31,75,47,0.00,M,M
2016-06-01,69,50,0.00,M,M
2016-06-02,80,45,0.02,M,M
2016-06-03,84,49,0.02,M,M
2016-06-04,83,53,0.00,M,M
2016-06-05,83,51,0.02,M,M
2016-06-06,83,51,0.17,M,M
2016-06-07,85,52,0.27,M,M
2016-06-08,86,51,0.00,M,M
2016-06-09,83,56,0.00,M,M
2016-06-10,89,53,0.03,M,M
2016-06-11,84,54,0.00,M,M
2016-06-12,85,55,0.05,M,M
2016-06-13,83,53,0.00,M,M
2016-06-14,81,47,0.01,M,M
2016-06-15,87,49,0.01,M,M
2016-06-16,85,49,0.00,M,M
2016-06-17,89,51,0.00,M,M
2016-06-18,94,52,0.00,M,M
2016-06-19,96,56,0.00,M,M
2016-06-20,92,59,0.00,M,M
2016-06-21,91,56,0.00,M,M
2016-06-22,89,56,0.11,M,M
2016-06-23,87,60,0.00,M,M
2016-06-24,86,57,0.07,M,M
2016-06-25,84,61,0.03,M,M
2016-06-26,80,57,0.02,M,M
2016-06-27,86,54,0.02,M,M
2016-06-28,85,53,0.02,M,M
2016-06-29,83,54,0.05,M,M
2016-06-30,79,58,0.16,M,M
2016-07-01,M,M,M,M,M
2016-07-02,M,M,M,M,M
2016-07-03,M,M,M,M,M
2016-07-04,M,M,M,M,M
2016-07-05,M,M,M,M,M
2016-07-06,M,M,M,M,M
2016-07-07,M,M,M,M,M
2016-07-08,M,M,M,M,M
2016-07-09,M,M,M,M,M
2016-07-10,M,M,M,M,M
2016-07-11,M,M,M,M,M
2016-07-12,M,M,M,M,M
2016-07-13,M,M,M,M,M
2016-07-14,M,M,M,M,M
2016-07-15,M,M,M,M,M
2016-07-16,M,M,M,M,M
2016-07-17,M,M,M,M,M
2016-07-18,M,M,M,M,M
2016-07-19,M,M,M,M,M
2016-07-20,M,M,M,M,M
2016-07-21,M,M,M,M,M
2016-07-22,M,M,M,M,M
2016-07-23,M,M,M,M,M
2016-07-24,M,M,M,M,M
2016-07-25,M,M,M,M,M
2016-07-26,M,M,M,M,M
2016-07-27,M,M,M,M,M
2016-07-28,M,M,M,M,M
2016-07-29,M,M,M,M,M
2016-07-30,M,M,M,M,M
2016-07-31,M,M,M,M,M
2016-08-01,M,M,M,M,M
2016-08-02,M,M,M,M,M
2016-08-03,M,M,M,M,M
2016-08-04,M,M,M,M,M
2016-08-05,M,M,M,M,M
2016-08-06,M,M,M,M,M
2016-08-07,M,M,M,M,M
2016-08-08,M,M,M,M,M
2016-08-09,M,M,M,M,M
2016-08-10,M,M,M,M,M
2016-08-11,M,M,M,M,M
2016-08-12,M,M,M,M,M
2016-08-13,M,M,M,M,M
2016-08-14,M,M,M,M,M
2016-08-15,M,M,M,M,M
2016-08-16,M,M,M,M,M
2016-08-17,M,M,M,M,M
2016-08-18,M,M,M,M,M
2016-08-19,M,M,M,M,M
2016-08-20,M,M,M,M,M
2016-08-21,M,M,M,M,M
2016-08-22,M,M,M,M,M
2016-08-23,M,M,M,M,M
2016-08-24,M,M,M,M,M
2016-08-25,M,M,M,M,M
2016-08-26,M,M,M,M,M
2016-08-27,M,M,M,M,M
2016-08-28,M,M,M,M,M
2016-08-29,M,M,M,M,M
2016-08-30,M,M,M,M,M
2016-08-31,M,M,M,M,M
2016-09-01,M,M,M,M,M
2016-09-02,M,M,M,M,M
2016-09-03,M,M,M,M,M
2016-09-04,M,M,M,M,M
2016-09-05,M,M,M,M,M
2016-09-06,M,M,M,M,M
2016-09-07,M,M,M,M,M
2016-09-08,M,M,M,M,M
2016-09-09,M,M,M,M,M
2016-09-10,M,M,M,M,M
2016-09-11,M,M,M,M,M
2016-09-12,M,M,M,M,M
2016-09-13,M,M,M,M,M
2016-09-14,75,43,0.14,M,M
2016-09-15,74,45,0.02,M,M
2016-09-16,78,43,0.00,M,M
2016-09-17,80,43,0.00,M,M
2016-09-18,86,46,0.00,M,M
2016-09-19,77,54,0.00,M,M
2016-09-20,72,50,0.00,M,M
2016-09-21,78,49,0.07,M,M
2016-09-22,71,33,0.14,M,M
2016-09-23,64,40,0.00,M,M
2016-09-24,70,38,0.00,M,M
2016-09-25,70,39,0.00,M,M
2016-09-26,74,44,0.00,M,M
2016-09-27,79,50,0.00,M,M
2016-09-28,75,46,0.00,M,M
2016-09-29,75,45,0.00,M,M
2016-09-30,74,41,0.00,M,M
2016-10-01,74,41,0.00,0.0,0
2016-10-02,76,47,0.00,0.0,0
2016-10-03,69,27,0.00,0.0,0
2016-10-04,60,30,0.00,0.0,0
2016-10-05,67,33,0.00,0.0,0
2016-10-06,63,30,0.00,0.0,0
2016-10-07,63,35,0.00,0.0,0
2016-10-08,62,44,0.00,0.0,0
2016-10-09,66,35,0.00,0.0,0
2016-10-10,72,37,0.00,0.0,0
2016-10-11,75,42,0.00,0.0,0
2016-10-12,74,37,0.00,0.0,0
2016-10-13,73,39,0.00,0.0,0
2016-10-14,77,40,0.00,0.0,0
2016-10-15,78,43,0.00,0.0,0
2016-10-16,76,45,0.00,0.0,0
2016-10-17,76,41,0.00,0.0,0
2016-10-18,76,41,0.00,0.0,0
2016-10-19,74,34,0.00,0.0,0
2016-10-20,67,25,0.00,0.0,0
2016-10-21,62,32,0.00,0.0,0
2016-10-22,73,36,0.00,0.0,0
2016-10-23,75,43,0.00,0.0,0
2016-10-24,75,41,0.00,0.0,0
2016-10-25,74,50,0.00,0.0,0
2016-10-26,66,38,0.00,0.0,0
2016-10-27,70,41,0.00,0.0,0
2016-10-28,75,45,0.00,0.0,0
2016-10-29,71,44,0.00,0.0,0
2016-10-30,72,40,0.00,0.0,0
2016-10-31,71,39,0.00,0.0,0
2016-11-01,70,39,0.00,0.0,0
2016-11-02,65,33,0.00,0.0,0
2016-11-03,67,34,0.00,0.0,0
2016-11-04,66,36,0.00,0.0,0
2016-11-05,58,42,0.00,0.0,0
2016-11-06,55,38,0.00,0.0,0
2016-11-07,58,35,0.00,0.0,0
2016-11-08,63,33,0.00,0.0,0
2016-11-09,60,31,0.00,0.0,0
2016-11-10,61,28,0.00,0.0,0
2016-11-11,58,31,0.00,0.0,0
2016-11-12,61,29,0.00,0.0,0
2016-11-13,57,25,0.00,0.0,0
2016-11-14,59,31,0.00,0.0,0
2016-11-15,65,35,0.00,0.0,0
2016-11-16,M,M,0.00,0.0,0
2016-11-17,M,M,0.00,0.0,0
2016-11-18,M,M,0.00,0.0,0
2016-11-19,M,M,0.00,0.0,0
2016-11-20,M,M,0.00,0.0,0
2016-11-21,M,M,0.00,0.0,0
2016-11-22,M,M,0.00,0.0,0
2016-11-23,M,M,0.00,0.0,0
2016-11-24,M,M,0.00,0.0,0
2016-11-25,M,M,0.00,0.0,0
2016-11-26,M,M,0.00,0.0,0
2016-11-27,M,M,0.00,0.0,0
2016-11-28,M,M,0.00,0.0,0
2016-11-29,M,M,0.00,0.0,0
2016-11-30,M,M,0.00,0.0,0
2016-12-01,M,M,M,M,M
2016-12-02,M,M,M,M,M
2016-12-03,M,M,M,M,M
2016-12-04,M,M,M,M,M
2016-12-05,M,M,M,M,M
2016-12-06,M,M,M,M,M
2016-12-07,M,M,M,M,M
2016-12-08,M,M,M,M,M
2016-12-09,M,M,M,M,M
2016-12-10,M,M,M,M,M
2016-12-11,M,M,M,M,M
2016-12-12,M,M,M,M,M
2016-12-13,M,M,M,M,M
2016-12-14,M,M,M,M,M
2016-12-15,M,M,M,M,M
2016-12-16,M,M,M,M,M
2016-12-17,M,M,M,M,M
2016-12-18,M,M,M,M,M
2016-12-19,M,M,M,M,M
2016-12-20,M,M,M,M,M
2016-12-21,M,M,M,M,M
2016-12-22,M,M,M,M,M
2016-12-23,M,M,M,M,M
2016-12-24,M,M,M,M,M
2016-12-25,M,M,M,M,M
2016-12-26,M,M,M,M,M
2016-12-27,M,M,M,M,M
2016-12-28,M,M,M,M,M
2016-12-29,M,M,M,M,M
2016-12-30,M,M,M,M,M
2016-12-31,M,M,M,M,M
2017-01-01,39,23,0.00,0.0,0
2017-01-02,35,24,0.00,0.0,0
2017-01-03,37,23,0.00,0.0,0
2017-01-04,41,21,0.00,0.0,0
2017-01-05,41,26,0.01,0.0,0
2017-01-06,28,-3,0.00,0.0,0
2017-01-07,21,-11,0.00,0.0,0
2017-01-08,42,6,0.01,0.0,0
2017-01-09,46,28,0.03,0.0,0
2017-01-10,42,33,0.03,0.0,0
2017-01-11,44,28,0.00,0.0,0
2017-01-12,46,26,0.00,0.0,0
2017-01-13,46,28,0.00,0.0,0
2017-01-14,48,28,0.00,0.0,0
2017-01-15,37,30,0.22,0.0,0
2017-01-16,35,30,0.23,0.0,0
2017-01-17,39,24,0.03,0.0,0
2017-01-18,35,24,0.00,0.0,0
2017-01-19,37,19,0.00,0.0,0
2017-01-20,35,24,0.00,0.0,0
2017-01-21,32,24,0.05,0.0,0
2017-01-22,33,10,0.00,0.0,0
2017-01-23,42,26,0.02,0.0,0
2017-01-24,32,21,0.00,0.0,0
2017-01-25,26,3,0.00,0.0,0
2017-01-26,24,1,0.00,0.0,0
2017-01-27,23,-0,0.00,0.0,0
2017-01-28,33,-0,0.00,0.0,0
2017-01-29,39,8,0.00,0.0,0
2017-01-30,42,10,0.00,0.0,0
2017-01-31,48,12,0.00,0.0,0
2017-02-01,51,19,0.00,0.0,0
2017-02-02,46,21,0.00,0.0,0
2017-02-03,46,21,0.00,0.0,0
2017-02-04,50,24,0.00,0.0,0
2017-02-05,51,21,0.00,0.0,0
2017-02-06,46,24,0.00,0.0,0
2017-02-07,46,33,0.00,0.0,0
2017-02-08,57,30,0.00,0.0,0
2017-02-09,59,26,0.00,0.0,0
2017-02-10,64,26,0.00,0.0,0
2017-02-11,60,37,0.00,0.0,0
2017-02-12,51,30,0.00,0.0,0
2017-02-13,35,26,0.06,0.0,0
2017-02-14,44,24,0.00,0.0,0
2017-02-15,48,21,0.00,0.0,0
2017-02-16,53,19,0.00,0.0,0
2017-02-17,53,21,0.00,0.0,0
2017-02-18,57,28,0.00,0.0,0
2017-02-19,46,28,0.00,0.0,0
2017-02-20,53,21,0.00,0.0,0
2017-02-21,60,26,0.00,0.0,0
2017-02-22,53,28,0.00,0.0,0
2017-02-23,42,21,0.00,0.0,0
2017-02-24,35,14,0.00,0.0,0
2017-02-25,39,10,0.00,0.0,0
2017-02-26,41,15,0.00,0.0,0
2017-02-27,44,23,0.02,0.0,0
2017-02-28,37,28,0.05,0.0,0
2017-03-01,39,15,0.00,0.0,0
2017-03-02,46,12,0.00,0.0,0
2017-03-03,51,14,0.00,0.0,0
2017-03-04,57,19,0.00,0.0,0
2017-03-05,57,24,0.00,0.0,0
2017-03-06,44,17,0.00,0.0,0
2017-03-07,48,12,0.00,0.0,0
2017-03-08,62,17,0.00,0.0,0
2017-03-09,66,17,0.00,0.0,0
2017-03-10,64,23,0.00,0.0,0
2017-03-11,62,26,0.00,0.0,0
2017-03-12,62,24,0.00,0.0,0
2017-03-13,60,19,0.00,0.0,0
2017-03-14,68,23,0.00,0.0,0
2017-03-15,69,24,0.00,0.0,0
2017-03-16,68,26,0.00,0.0,0
2017-03-17,69,26,0.00,0.0,0
2017-03-18,71,26,0.00,0.0,0
2017-03-19,69,30,0.00,0.0,0
2017-03-20,71,28,0.00,0.0,0
2017-03-21,71,32,0.00,0.0,0
2017-03-22,71,32,0.00,0.0,0
2017-03-23,62,32,0.06,0.0,0
2017-03-24,50,30,0.29,0.0,0
2017-03-25,60,24,0.00,0.0,0
2017-03-26,55,35,0.00,0.0,0
2017-03-27,59,26,0.00,0.0,0
2017-03-28,46,30,0.16,0.0,0
2017-03-29,53,33,0.00,0.0,0
2017-03-30,60,26,0.00,0.0,0
2017-03-31,59,30,0.00,0.0,0
2017-04-01,51,30,0.03,0.0,0
2017-04-02,51,30,0.00,0.0,0
2017-04-03,51,28,0.00,0.0,0
2017-04-04,41,28,0.41,0.0,0
2017-04-05,50,17,0.00,0.0,0
2017-04-06,62,23,0.00,0.0,0
2017-04-07,66,28,0.00,0.0,0
2017-04-08,68,37,0.00,0.0,0
2017-04-09,57,35,0.00,0.0,0
2017-04-10,57,19,0.00,0.0,0
2017-04-11,64,23,0.00,0.0,0
2017-04-12,69,33,0.00,0.0,0
2017-04-13,69,30,0.00,0.0,0
2017-04-14,71,53,0.00,0.0,0
2017-04-15,68,28,0.00,0.0,0
2017-04-16,69,26,0.00,0.0,0
2017-04-17,71,28,0.00,0.0,0
2017-04-18,73,30,0.00,0.0,0
2017-04-19,71,42,0.00,0.0,0
2017-04-20,66,32,0.00,0.0,0
2017-04-21,M,M,0.00,0.0,0
2017-04-22,M,M,0.00,0.0,0
2017-04-23,M,M,0.00,0.0,0
2017-04-24,M,M,0.00,0.0,0
2017-04-25,M,M,0.00,0.0,0
2017-04-26,M,M,0.00,0.0,0
2017-04-27,M,M,0.00,0.0,0
2017-04-28,M,M,0.00,0.0,0
2017-04-29,M,M,0.00,0.0,0
2017-04-30,M,M,0.00,0.0,0
2017-05-01,M,M,0.00,0.0,0
2017-05-02,M,M,0.00,0.0,0
2017-05-03,M,M,0.00,0.0,0
2017-05-04,M,M,0.00,0.0,0
2017-05-05,M,M,0.00,0.0,0
2017-05-06,M,M,0.00,0.0,0
2017-05-07,M,M,0.00,0.0,0
2017-05-08,M,M,0.00,0.0,0
2017-05-09,M,M,0.00,0.0,0
2017-05-10,M,M,0.00,0.0,0
2017-05-11,M,M,0.00,0.0,0
2017-05-12,M,M,0.00,0.0,0
2017-05-13,M,M,0.00,0.0,0
2017-05-14,M,M,0.00,0.0,0
2017-05-15,M,M,0.00,0.0,0
2017-05-16,M,M,0.00,0.0,0
2017-05-17,62,37,0.00,0.0,0
2017-05-18,53,31,0.00,0.0,0
2017-05-19,59,29,0.00,0.0,0
2017-05-20,67,33,0.00,0.0,0
2017-05-21,72,35,0.00,0.0,0
2017-05-22,70,42,0.00,0.0,0
2017-05-23,74,35,0.00,0.0,0
2017-05-24,77,51,0.00,0.0,0
2017-05-25,77,46,0.00,0.0,0
2017-05-26,75,36,0.00,0.0,0
2017-05-27,73,37,0.00,0.0,0
2017-05-28,72,42,0.00,0.0,0
2017-05-29,71,42,0.00,0.0,0
2017-05-30,73,45,0.00,0.0,0
2017-05-31,70,45,0.00,0.0,0
2017-06-01,73,45,0.00,0.0,0
2017-06-02,76,47,0.00,0.0,0
2017-06-03,79,48,0.00,0.0,0
2017-06-04,83,52,0.00,0.0,0
2017-06-05,85,51,0.00,0.0,0
2017-06-06,84,50,0.00,0.0,0
2017-06-07,82,48,0.00,0.0,0
2017-06-08,85,48,0.00,0.0,0
2017-06-09,83,48,0.00,0.0,0
2017-06-10,85,45,0.00,0.0,0
2017-06-11,82,42,0.00,0.0,0
2017-06-12,84,45,0.00,0.0,0
2017-06-13,78,36,0.00,0.0,0
2017-06-14,83,46,0.00,0.0,0
2017-06-15,89,48,0.00,0.0,0
2017-06-16,90,50,0.00,0.0,0
2017-06-17,93,54,0.00,0.0,0
2017-06-18,92,59,0.00,0.0,0
2017-06-19,92,56,0.00,0.0,0
2017-06-20,86,57,0.00,0.0,0
2017-06-21,78,57,0.00,0.0,0
2017-06-22,92,59,0.00,0.0,0
2017-06-23,91,56,0.00,0.0,0
2017-06-24,90,54,0.00,0.0,0
2017-06-25,83,59,0.00,0.0,0
2017-06-26,83,49,0.00,0.0,0
2017-06-27,82,49,0.00,0.0,0
2017-06-28,88,43,0.00,0.0,0
2017-06-29,87,52,0.00,0.0,0
2017-06-30,86,50,0.00,0.0,0
2017-07-01,88,52,0.00,0.0,0
2017-07-02,83,52,0.00,0.0,0
2017-07-03,85,53,0.00,0.0,0
2017-07-04,85,57,0.00,0.0,0
2017-07-05,88,49,0.00,0.0,0
2017-07-06,91,58,0.00,0.0,0
2017-07-07,91,55,0.00,0.0,0
2017-07-08,83,56,0.00,0.0,0
2017-07-09,87,56,0.00,0.0,0
2017-07-10,87,54,0.00,0.0,0
2017-07-11,91,53,0.00,0.0,0
2017-07-12,90,57,0.00,0.0,0
2017-07-13,88,56,0.00,0.0,0
2017-07-14,85,53,0.00,0.0,0
2017-07-15,80,56,0.00,0.0,0
2017-07-16,82,55,0.00,0.0,0
2017-07-17,86,55,0.00,0.0,0
2017-07-18,83,56,0.00,0.0,0
2017-07-19,88,56,0.00,0.0,0
2017-07-20,88,56,0.00,0.0,0
2017-07-21,89,57,0.00,0.0,0
2017-07-22,88,54,0.00,0.0,0
2017-07-23,82,56,0.00,0.0,0
2017-07-24,M,M,0.00,0.0,0
2017-07-25,78,57,0.00,0.0,0
2017-07-26,M,M,0.00,0.0,0
2017-07-27,M,M,0.00,0.0,0
2017-07-28,M,M,0.00,0.0,0
2017-07-29,M,M,0.00,0.0,0
2017-07-30,M,M,0.00,0.0,0
2017-07-31,M,M,0.00,0.0,0
2017-08-01,M,M,M,0.0,0
2017-08-02,M,M,M,0.0,0
2017-08-03,M,M,M,0.0,0
2017-08-04,M,M,M,0.0,0
2017-08-05,M,M,M,0.0,0
2017-08-06,M,M,M,0.0,0
2017-08-07,M,M,M,0.0,0
2017-08-08,M,M,M,0.0,0
2017-08-09,M,M,M,0.0,0
2017-08-10,M,M,M,0.0,0
2017-08-11,M,M,M,0.0,0
2017-08-12,M,M,M,0.0,0
2017-08-13,M,M,M,0.0,0
2017-08-14,M,M,M,0.0,0
2017-08-15,M,M,M,0.0,0
2017-08-16,81,50,0.00,0.0,0
2017-08-17,81,53,0.00,0.0,0
2017-08-18,87,56,0.00,0.0,0
2017-08-19,83,55,0.00,0.0,0
2017-08-20,80,50,0.00,0.0,0
2017-08-21,76,50,0.00,0.0,0
2017-08-22,80,50,0.00,0.0,0
2017-08-23,80,50,0.00,0.0,0
2017-08-24,75,48,0.00,0.0,0
2017-08-25,82,51,0.00,0.0,0
2017-08-26,86,52,0.00,0.0,0
2017-08-27,84,52,0.00,0.0,0
2017-08-28,84,49,0.00,0.0,0
2017-08-29,82,49,0.00,0.0,0
2017-08-30,84,52,0.00,0.0,0
2017-08-31,84,53,0.00,0.0,0
2017-09-01,86,48,0.00,0.0,0
2017-09-02,85,52,0.00,0.0,0
2017-09-03,89,52,0.00,0.0,0
2017-09-04,87,50,0.00,0.0,0
2017-09-05,82,49,0.00,0.0,0
2017-09-06,84,50,0.00,0.0,0
2017-09-07,82,48,0.00,0.0,0
2017-09-08,84,52,0.00,0.0,0
2017-09-09,82,50,0.00,0.0,0
2017-09-10,83,52,0.00,0.0,0
2017-09-11,84,51,0.00,0.0,0
2017-09-12,82,52,0.00,0.0,0
2017-09-13,86,46,0.00,0.0,0
2017-09-14,74,43,0.00,0.0,0
2017-09-15,76,41,0.00,0.0,0
2017-09-16,76,47,0.00,0.0,0
2017-09-17,75,42,0.00,0.0,0
2017-09-18,79,38,0.00,0.0,0
2017-09-19,77,55,M,0.0,0
2017-09-20,78,57,M,0.0,0
2017-09-21,77,58,M,0.0,0
2017-09-22,75,57,M,0.0,0
2017-09-23,69,50,M,0.0,0
2017-09-24,64,48,M,0.0,0
2017-09-25,68,44,M,0.0,0
2017-09-26,66,46,M,0.0,0
2017-09-27,54,41,M,0.0,0
2017-09-28,61,41,M,0.0,0
2017-09-29,57,47,M,0.0,0
2017-09-30,63,48,M,0.0,0
2017-10-01,M,M,M,M,M
2017-10-02,M,M,M,M,M
2017-10-03,M,M,M,M,M
2017-10-04,M,M,M,M,M
2017-10-05,M,M,M,M,M
2017-10-06,M,M,M,M,M
2017-10-07,M,M,M,M,M
2017-10-08,M,M,M,M,M
2017-10-09,M,M,M,M,M
2017-10-10,M,M,M,M,M
2017-10-11,M,M,M,M,M
2017-10-12,M,M,M,M,M
2017-10-13,M,M,M,M,M
2017-10-14,M,M,M,M,M
2017-10-15,M,M,M,M,M
2017-10-16,M,M,M,M,M
2017-10-17,M,M,M,M,M
2017-10-18,M,M,M,M,M
2017-10-19,M,M,M,M,M
2017-10-20,M,M,M,M,M
2017-10-21,M,M,M,M,M
2017-10-22,M,M,M,M,M
2017-10-23,M,M,M,M,M
2017-10-24,M,M,M,M,M
2017-10-25,M,M,M,M,M
2017-10-26,M,M,M,M,M
2017-10-27,M,M,M,M,M
2017-10-28,M,M,M,M,M
2017-10-29,M,M,M,M,M
2017-10-30,M,M,M,M,M
2017-10-31,M,M,M,M,M
2017-11-01,M,M,M,M,M
2017-11-02,M,M,M,M,M
2017-11-03,M,M,M,M,M
2017-11-04,M,M,M,M,M
2017-11-05,M,M,M,M,M
2017-11-06,M,M,M,M,M
2017-11-07,M,M,M,M,M
2017-11-08,M,M,M,M,M
2017-11-09,M,M,M,M,M
2017-11-10,M,M,M,M,M
2017-11-11,M,M,M,M,M
2017-11-12,M,M,M,M,M
2017-11-13,M,M,M,M,M
2017-11-14,M,M,M,M,M
2017-11-15,M,M,M,M,M
2017-11-16,M,M,M,M,M
2017-11-17,M,M,M,M,M
2017-11-18,M,M,M,M,M
2017-11-19,M,M,M,M,M
2017-11-20,M,M,M,M,M
2017-11-21,M,M,M,M,M
2017-11-22,M,M,M,M,M
2017-11-23,M,M,M,M,M
2017-11-24,M,M,M,M,M
2017-11-25,M,M,M,M,M
2017-11-26,M,M,M,M,M
2017-11-27,M,M,M,M,M
2017-11-28,M,M,M,M,M
2017-11-29,M,M,M,M,M
2017-11-30,M,M,M,M,M
2017-12-01,58,28,0.00,0.0,0
2017-12-02,59,28,0.00,0.0,0
2017-12-03,56,33,0.00,0.0,0
2017-12-04,45,16,0.00,0.0,0
2017-12-05,44,17,0.00,0.0,0
2017-12-06,42,11,0.00,0.0,0
2017-12-07,37,10,0.00,0.0,0
2017-12-08,48,18,0.00,0.0,0
2017-12-09,52,20,0.00,0.0,0
2017-12-10,52,20,0.00,0.0,0
2017-12-11,59,24,0.00,0.0,0
2017-12-12,55,23,0.00,0.0,0
2017-12-13,56,26,0.00,0.0,0
2017-12-14,44,17,0.00,0.0,0
2017-12-15,46,16,0.00,0.0,0
2017-12-16,47,18,0.00,0.0,0
2017-12-17,50,17,0.00,0.0,0
2017-12-18,49,19,0.00,0.0,0
2017-12-19,49,15,0.00,0.0,0
2017-12-20,51,21,0.00,0.0,0
2017-12-21,44,14,0.00,0.0,0
2017-12-22,40,11,0.00,0.0,0
2017-12-23,46,31,0.00,0.0,0
2017-12-24,49,18,0.00,0.0,0
2017-12-25,52,18,0.00,0.0,0
2017-12-26,53,20,0.00,0.0,0
2017-12-27,54,21,0.00,0.0,0
2017-12-28,57,21,0.00,0.0,0
2017-12-29,57,20,0.00,0.0,0
2017-12-30,61,17,0.00,0.0,0
2017-12-31,47,10,0.00,0.0,0
2018-01-01,44,22,0.00,M,0
2018-01-02,49,16,0.00,M,0
2018-01-03,48,23,0.00,M,0
2018-01-04,48,18,0.00,M,0
2018-01-05,46,28,M,M,0
2018-01-06,49,35,M,M,0
2018-01-07,48,32,M,M,0
2018-01-08,49,28,M,M,0
2018-01-09,53,38,M,M,0
2018-01-10,47,32,M,M,0
2018-01-11,42,28,M,M,0
2018-01-12,46,25,M,M,0
2018-01-13,43,25,M,M,0
2018-01-14,49,28,M,M,0
2018-01-15,45,20,M,M,0
2018-01-16,30,17,M,M,0
2018-01-17,42,19,M,M,0
2018-01-18,49,22,M,M,0
2018-01-19,60,19,M,M,0
2018-01-20,54,21,M,M,0
2018-01-21,28,7,M,M,0
2018-01-22,37,10,M,M,0
2018-01-23,41,13,M,M,0
2018-01-24,48,18,M,M,0
2018-01-25,48,15,M,M,0
2018-01-26,41,11,M,M,0
2018-01-27,44,15,M,M,0
2018-01-28,53,21,M,M,0
2018-01-29,55,21,M,M,0
2018-01-30,60,21,M,M,0
2018-01-31,60,27,M,M,0
2018-02-01,59,27,0.00,0.0,0
2018-02-02,61,27,0.00,0.0,0
2018-02-03,55,22,0.00,0.0,0
2018-02-04,58,24,0.00,0.0,0
2018-02-05,60,23,0.00,0.0,0
2018-02-06,49,19,0.00,0.0,0
2018-02-07,53,22,0.00,0.0,0
2018-02-08,58,23,0.00,0.0,0
2018-02-09,60,23,0.00,0.0,0
2018-02-10,59,17,0.00,0.0,0
2018-02-11,43,19,0.00,0.0,0
2018-02-12,46,27,0.00,0.0,0
2018-02-13,56,25,0.00,0.0,0
2018-02-14,53,31,0.00,0.0,0
2018-02-15,45,23,0.00,0.0,0
2018-02-16,44,22,0.00,0.0,0
2018-02-17,52,19,0.00,0.0,0
2018-02-18,55,37,0.00,0.0,0
2018-02-19,54,19,0.00,0.0,0
2018-02-20,34,15,0.00,0.0,0
2018-02-21,43,22,0.00,0.0,0
2018-02-22,34,12,0.00,0.0,0
2018-02-23,46,18,0.00,0.0,0
2018-02-24,34,16,0.00,0.0,0
2018-02-25,37,11,0.00,0.0,0
2018-02-26,49,23,0.00,0.0,0
2018-02-27,53,19,0.00,0.0,0
2018-02-28,46,18,0.00,0.0,0
2018-03-01,52,20,0.00,M,M
2018-03-02,58,26,0.00,M,M
2018-03-03,63,29,0.00,M,M
2018-03-04,58,13,0.00,M,M
2018-03-05,43,14,0.00,M,M
2018-03-06,51,17,0.00,M,M
2018-03-07,56,27,0.00,M,M
2018-03-08,60,27,0.00,M,M
2018-03-09,61,24,0.00,M,M
2018-03-10,61,34,0.00,M,M
2018-03-11,43,30,0.00,M,M
2018-03-12,54,24,0.00,M,M
2018-03-13,60,32,0.00,M,M
2018-03-14,M,M,0.00,M,M
2018-03-15,65,30,0.10,1.0,T
2018-03-16,55,28,0.00,M,M
2018-03-17,50,24,0.00,M,M
2018-03-18,58,31,0.00,M,M
2018-03-19,45,12,0.00,M,M
2018-03-20,45,18,0.00,M,M
2018-03-21,51,25,0.00,M,M
2018-03-22,64,35,0.00,M,M
2018-03-23,55,36,0.00,M,M
2018-03-24,61,17,0.00,M,M
2018-03-25,62,30,0.00,M,M
2018-03-26,57,36,0.00,M,M
2018-03-27,50,26,0.00,M,M
2018-03-28,53,26,0.01,M,M
2018-03-29,57,19,0.00,M,M
2018-03-30,62,24,0.00,M,M
2018-03-31,68,27,0.00,M,M
2018-04-01,62,35,0.00,0.0,0
2018-04-02,66,30,0.00,0.0,0
2018-04-03,62,39,0.00,0.0,0
2018-04-04,66,26,0.00,0.0,0
2018-04-05,64,26,0.00,0.0,0
2018-04-06,64,30,0.00,0.0,0
2018-04-07,72,48,0.00,0.0,0
2018-04-08,63,37,0.09,0.0,0
2018-04-09,59,24,0.00,0.0,0
2018-04-10,66,30,0.00,0.0,0
2018-04-11,73,28,0.00,0.0,0
2018-04-12,71,36,0.00,0.0,0
2018-04-13,46,17,T,T,0
2018-04-14,58,29,0.00,0.0,0
2018-04-15,68,31,0.00,0.0,0
2018-04-16,73,38,0.00,0.0,0
2018-04-17,66,24,0.00,0.0,0
2018-04-18,62,32,0.00,0.0,0
2018-04-19,66,32,0.00,0.0,0
2018-04-20,53,26,0.00,0.0,0
2018-04-21,63,32,0.00,0.0,0
2018-04-22,70,39,0.00,0.0,0
2018-04-23,75,41,0.00,0.0,0
2018-04-24,76,34,0.00,0.0,0
2018-04-25,70,29,0.00,0.0,0
2018-04-26,72,33,0.00,0.0,0
2018-04-27,72,41,0.00,0.0,0
2018-04-28,74,41,0.00,0.0,0
2018-04-29,77,41,0.00,0.0,0
2018-04-30,71,46,0.00,0.0,0
2018-05-01,69,45,0.00,M,M
2018-05-02,65,28,0.00,M,M
2018-05-03,61,34,0.00,M,M
2018-05-04,67,35,0.00,M,M
2018-05-05,77,42,0.00,M,M
2018-05-06,79,38,0.00,M,M
2018-05-07,81,51,0.00,M,M
2018-05-08,84,48,0.00,M,M
2018-05-09,83,45,0.00,M,M
2018-05-10,85,46,0.00,M,M
2018-05-11,84,47,0.00,M,M
2018-05-12,82,37,0.00,M,M
2018-05-13,79,43,0.00,M,M
2018-05-14,76,44,0.00,M,M
2018-05-15,79,41,0.00,M,M
2018-05-16,82,37,0.00,M,M
2018-05-17,82,36,0.00,M,M
2018-05-18,77,36,0.00,M,M
2018-05-19,76,42,0.00,M,M
2018-05-20,78,41,0.00,M,M
2018-05-21,75,47,0.00,M,M
2018-05-22,75,41,0.00,M,M
2018-05-23,75,45,0.00,M,M
2018-05-24,80,47,0.00,M,M
2018-05-25,82,48,0.00,M,M
2018-05-26,87,41,0.00,M,M
2018-05-27,80,55,0.00,M,M
2018-05-28,83,42,0.00,M,M
2018-05-29,81,44,0.00,M,M
2018-05-30,80,45,0.00,M,M
2018-05-31,81,49,0.00,M,M
2018-06-01,86,45,0.00,0.0,0
2018-06-02,84,45,0.00,0.0,0
2018-06-03,87,51,0.07,0.0,0
2018-06-04,73,44,0.00,0.0,0
2018-06-05,87,51,0.00,0.0,0
2018-06-06,91,49,0.00,0.0,0
2018-06-07,88,56,0.00,0.0,0
2018-06-08,88,50,0.00,0.0,0
2018-06-09,89,53,0.00,0.0,0
2018-06-10,90,57,0.00,0.0,0
2018-06-11,88,53,0.00,0.0,0
2018-06-12,91,53,0.00,0.0,0
2018-06-13,94,55,0.00,0.0,0
2018-06-14,84,54,0.00,0.0,0
2018-06-15,90,55,0.00,0.0,0
2018-06-16,91,56,0.02,0.0,0
2018-06-17,66,53,0.00,0.0,0
2018-06-18,77,47,0.00,0.0,0
2018-06-19,85,53,0.00,0.0,0
2018-06-20,87,48,0.00,0.0,0
2018-06-21,90,56,0.00,0.0,0
2018-06-22,M,M,M,0.0,0
2018-06-23,M,M,M,0.0,0
2018-06-24,M,M,M,0.0,0
2018-06-25,M,M,M,0.0,0
2018-06-26,M,M,M,0.0,0
2018-06-27,M,M,M,0.0,0
2018-06-28,M,M,M,0.0,0
2018-06-29,M,M,M,0.0,0
2018-06-30,M,M,M,0.0,0
2018-07-01,89,48,0.00,0.0,0
2018-07-02,90,48,0.00,0.0,0
2018-07-03,89,55,0.00,0.0,0
2018-07-04,90,48,0.00,0.0,0
2018-07-05,81,55,0.09,0.0,0
2018-07-06,84,48,0.03,0.0,0
2018-07-07,84,53,0.00,0.0,0
2018-07-08,84,51,0.36,0.0,0
2018-07-09,86,52,0.00,0.0,0
2018-07-10,87,53,0.00,0.0,0
2018-07-11,84,54,0.05,0.0,0
2018-07-12,82,51,0.00,0.0,0
2018-07-13,82,55,0.00,0.0,0
2018-07-14,87,52,0.00,0.0,0
2018-07-15,82,53,0.00,0.0,0
2018-07-16,81,57,0.01,0.0,0
2018-07-17,84,54,0.00,0.0,0
2018-07-18,91,50,0.00,0.0,0
2018-07-19,93,57,0.00,0.0,0
2018-07-20,91,57,0.00,0.0,0
2018-07-21,95,60,0.00,0.0,0
2018-07-22,96,54,0.00,0.0,0
2018-07-23,91,60,0.00,0.0,0
2018-07-24,89,55,0.03,0.0,0
2018-07-25,90,54,0.10,0.0,0
2018-07-26,82,57,0.00,0.0,0
2018-07-27,84,53,0.41,0.0,0
2018-07-28,84,56,0.00,0.0,0
2018-07-29,88,50,0.00,0.0,0
2018-07-30,84,55,0.02,0.0,0
2018-07-31,82,59,0.01,0.0,0
2018-08-01,86,51,0.00,0.0,0
2018-08-02,90,55,0.00,0.0,0
2018-08-03,84,57,0.00,0.0,0
2018-08-04,89,48,0.00,0.0,0
2018-08-05,90,57,0.00,0.0,0
2018-08-06,93,55,0.00,0.0,0
2018-08-07,90,53,0.00,0.0,0
2018-08-08,90,55,0.00,0.0,0
2018-08-09,84,52,0.00,0.0,0
2018-08-10,81,50,0.01,0.0,0
2018-08-11,82,54,0.00,0.0,0
2018-08-12,82,46,0.00,0.0,0
2018-08-13,89,54,0.00,0.0,0
2018-08-14,87,46,0.00,0.0,0
2018-08-15,84,57,0.00,0.0,0
2018-08-16,86,54,0.11,0.0,0
2018-08-17,84,51,0.03,0.0,0
2018-08-18,82,54,0.00,0.0,0
2018-08-19,82,44,0.01,0.0,0
2018-08-20,M,M,M,0.0,0
2018-08-21,M,M,M,0.0,0
2018-08-22,M,M,M,0.0,0
2018-08-23,M,M,M,0.0,0
2018-08-24,86,55,0.00,0.0,0
2018-08-25,M,M,M,0.0,0
2018-08-26,M,M,M,0.0,0
2018-08-27,M,M,M,0.0,0
2018-08-28,83,46,0.00,0.0,0
2018-08-29,M,M,M,0.0,0
2018-08-30,M,M,M,0.0,0
2018-08-31,M,M,M,0.0,0
2018-09-01,73,48,0.00,0.0,0
2018-09-02,79,45,0.00,0.0,0
2018-09-03,79,49,0.00,0.0,0
2018-09-04,75,46,0.00,0.0,0
2018-09-05,77,47,0.00,0.0,0
2018-09-06,76,46,0.00,0.0,0
2018-09-07,79,44,0.00,0.0,0
2018-09-08,81,42,0.00,0.0,0
2018-09-09,81,47,0.00,0.0,0
2018-09-10,83,41,0.00,0.0,0
2018-09-11,84,42,0.00,0.0,0
2018-09-12,83,44,0.00,0.0,0
2018-09-13,84,43,0.00,0.0,0
2018-09-14,84,41,0.00,0.0,0
2018-09-15,84,43,1.00,0.0,0
2018-09-16,84,45,0.50,0.0,0
2018-09-17,87,46,0.00,0.0,0
2018-09-18,87,45,0.00,0.0,0
2018-09-19,85,46,0.01,0.0,0
2018-09-20,75,41,0.00,0.0,0
2018-09-21,78,41,0.00,0.0,0
2018-09-22,78,44,0.00,0.0,0
2018-09-23,79,40,0.00,0.0,0
2018-09-24,80,43,0.00,0.0,0
2018-09-25,79,45,0.00,0.0,0
2018-09-26,78,33,0.00,0.0,0
2018-09-27,78,36,0.00,0.0,0
2018-09-28,78,34,0.00,0.0,0
2018-09-29,79,37,0.00,0.0,0
2018-09-30,79,38,0.00,0.0,0
2018-10-01,78,40,0.00,0.0,0
2018-10-02,73,52,0.00,0.0,0
2018-10-03,76,47,0.00,0.0,0
2018-10-04,74,36,0.00,0.0,0
2018-10-05,71,39,0.00,0.0,0
2018-10-06,68,49,0.00,0.0,0
2018-10-07,66,37,0.00,0.0,0
2018-10-08,54,34,0.00,0.0,0
2018-10-09,49,34,0.00,0.0,0
2018-10-10,59,34,0.00,0.0,0
2018-10-11,58,34,0.01,0.0,0
2018-10-12,64,35,0.01,0.0,0
2018-10-13,64,38,0.03,0.0,0
2018-10-14,49,28,0.03,0.0,0
2018-10-15,49,28,0.45,0.5,1
2018-10-16,61,26,0.00,0.0,0
2018-10-17,56,40,0.00,0.0,0
2018-10-18,53,37,0.00,0.0,0
2018-10-19,65,35,0.00,0.0,0
2018-10-20,66,35,0.00,0.0,0
2018-10-21,67,35,0.00,0.0,0
2018-10-22,67,40,0.00,0.0,0
2018-10-23,54,41,0.10,0.0,0
2018-10-24,49,42,0.30,0.0,0
2018-10-25,58,34,0.01,0.0,0
2018-10-26,64,35,0.00,0.0,0
2018-10-27,66,32,0.00,0.0,0
2018-10-28,70,37,0.00,0.0,0
2018-10-29,69,35,0.00,0.0,0
2018-10-30,59,34,0.00,0.0,0
2018-10-31,42,32,0.20,0.5,1
2018-11-01,48,18,0.00,0.0,0
2018-11-02,48,26,0.00,0.0,0
2018-11-03,40,16,0.00,0.0,0
2018-11-04,53,31,0.00,0.0,0
2018-11-05,54,21,0.00,0.0,0
2018-11-06,60,16,0.00,0.0,0
2018-11-07,54,12,0.00,0.0,0
2018-11-08,49,18,0.00,0.0,0
2018-11-09,50,17,0.00,0.0,0
2018-11-10,51,23,0.00,0.0,0
2018-11-11,25,5,0.00,0.0,0
2018-11-12,48,25,0.00,0.0,0
2018-11-13,32,14,0.01,0.5,1
2018-11-14,40,28,0.00,0.0,0
2018-11-15,38,19,0.00,0.0,0
2018-11-16,54,25,0.00,0.0,0
2018-11-17,54,28,0.00,0.0,0
2018-11-18,49,25,0.00,0.0,0
2018-11-19,51,22,0.00,0.0,0
2018-11-20,51,20,0.00,0.0,0
2018-11-21,55,23,0.00,0.0,0
2018-11-22,42,27,0.00,0.0,0
2018-11-23,47,28,0.00,0.0,0
2018-11-24,52,20,0.00,0.0,0
2018-11-25,44,19,0.00,0.0,0
2018-11-26,42,18,0.00,0.0,0
2018-11-27,53,20,0.00,0.0,0
2018-11-28,53,28,0.00,0.0,0
2018-11-29,53,27,0.00,0.0,0
2018-11-30,39,28,0.00,0.0,0
2018-12-01,33,9,0.00,0.0,0
2018-12-02,31,8,0.00,0.0,0
2018-12-03,34,20,0.00,0.0,0
2018-12-04,34,10,0.00,0.0,0
2018-12-05,42,18,0.00,0.0,0
2018-12-06,40,29,0.01,0.1,1
2018-12-07,45,25,0.05,0.5,1
2018-12-08,44,19,0.00,0.0,0
2018-12-09,40,16,0.00,0.0,0
2018-12-10,M,M,M,M,M
2018-12-11,M,M,M,M,M
2018-12-12,M,M,M,M,M
2018-12-13,M,M,M,M,M
2018-12-14,M,M,M,M,M
2018-12-15,M,M,M,M,M
2018-12-16,M,M,M,M,M
2018-12-17,M,M,M,M,M
2018-12-18,M,M,M,M,M
2018-12-19,M,M,M,M,M
2018-12-20,M,M,M,M,M
2018-12-21,M,M,M,M,M
2018-12-22,M,M,M,M,M
2018-12-23,M,M,M,M,M
2018-12-24,M,M,M,M,M
2018-12-25,M,M,M,M,M
2018-12-26,M,M,M,M,M
2018-12-27,M,M,M,M,M
2018-12-28,M,M,M,M,M
2018-12-29,M,M,M,M,M
2018-12-30,M,M,M,M,M
2018-12-31,M,M,M,M,M
2019-01-01,M,M,M,M,M
2019-01-02,M,M,M,M,M
2019-01-03,M,M,M,M,M
2019-01-04,M,M,M,M,M
2019-01-05,M,M,M,M,M
2019-01-06,M,M,M,M,M
2019-01-07,M,M,M,M,M
2019-01-08,M,M,M,M,M
2019-01-09,M,M,M,M,M
2019-01-10,M,M,M,M,M
2019-01-11,M,M,M,M,M
2019-01-12,M,M,M,M,M
2019-01-13,M,M,M,M,M
2019-01-14,M,M,M,M,M
2019-01-15,M,M,M,M,M
2019-01-16,41,25,0.00,0.0,M
2019-01-17,42,30,0.00,0.0,M
2019-01-18,38,15,0.00,0.0,M
2019-01-19,43,19,0.00,0.0,M
2019-01-20,43,23,0.00,0.0,M
2019-01-21,48,24,0.00,0.0,M
2019-01-22,33,11,0.00,0.0,M
2019-01-23,35,13,0.00,0.0,M
2019-01-24,40,16,0.00,0.0,M
2019-01-25,36,12,0.00,0.0,M
2019-01-26,40,15,0.00,0.0,M
2019-01-27,40,18,0.00,0.0,M
2019-01-28,44,16,0.00,0.0,M
2019-01-29,36,12,0.00,0.0,M
2019-01-30,45,14,0.00,0.0,M
2019-01-31,47,19,0.00,0.0,M
2019-02-01,49,22,0.00,M,M
2019-02-02,51,28,0.00,M,M
2019-02-03,47,28,0.00,M,M
2019-02-04,51,32,0.00,M,M
2019-02-05,49,27,0.04,M,M
2019-02-06,36,15,0.00,M,M
2019-02-07,29,7,0.00,M,M
2019-02-08,40,17,0.00,M,M
2019-02-09,41,16,0.00,M,M
2019-02-10,44,18,0.00,M,M
2019-02-11,33,11,0.00,M,M
2019-02-12,43,19,0.00,M,M
2019-02-13,52,30,0.38,M,M
2019-02-14,44,31,0.00,M,M
2019-02-15,45,28,0.00,M,M
2019-02-16,39,12,0.00,M,M
2019-02-17,34,18,0.00,M,M
2019-02-18,33,16,0.00,M,M
2019-02-19,33,16,0.01,M,M
2019-02-20,27,14,0.00,M,M
2019-02-21,30,15,0.00,M,M
2019-02-22,37,23,0.17,M,M
2019-02-23,42,21,0.02,M,M
2019-02-24,33,12,0.00,M,M
2019-02-25,39,15,0.00,M,M
2019-02-26,50,20,0.00,M,M
2019-02-27,52,25,0.00,M,M
2019-02-28,57,27,0.00,M,M
2019-03-01,55,33,0.00,0.0,M
2019-03-02,55,34,0.19,M,M
2019-03-03,50,36,0.00,0.0,M
2019-03-04,50,22,0.00,0.0,M
2019-03-05,47,25,0.00,0.0,M
2019-03-06,53,26,0.00,0.0,M
2019-03-07,61,41,0.00,0.0,M
2019-03-08,58,35,0.00,0.0,M
2019-03-09,56,27,0.00,0.0,M
2019-03-10,46,26,0.00,0.0,M
2019-03-11,54,35,0.20,M,M
2019-03-12,49,38,0.35,M,M
2019-03-13,53,30,0.06,M,M
2019-03-14,40,22,0.03,M,M
2019-03-15,42,26,0.00,0.0,M
2019-03-16,44,22,0.00,0.0,M
2019-03-17,51,25,0.00,0.0,M
2019-03-18,56,30,0.00,0.0,M
2019-03-19,57,31,0.01,0.0,M
2019-03-20,55,28,0.00,0.0,M
2019-03-21,57,31,0.05,0.0,M
2019-03-22,47,30,0.08,0.0,M
2019-03-23,48,32,0.00,0.0,M
2019-03-24,52,29,0.00,0.0,M
2019-03-25,58,28,0.00,0.0,M
2019-03-26,61,30,0.00,0.0,M
2019-03-27,67,34,0.00,0.0,M
2019-03-28,70,36,0.00,0.0,M
2019-03-29,69,33,0.00,0.0,M
2019-03-30,59,24,0.00,0.0,M
2019-03-31,51,28,0.00,0.0,M
2019-04-01,38,19,0.00,0.0,0
2019-04-02,55,27,0.00,0.0,0
2019-04-03,60,33,0.00,0.0,0
2019-04-04,54,27,0.00,0.0,0
2019-04-05,64,32,0.00,0.0,0
2019-04-06,61,29,0.00,0.0,0
2019-04-07,62,34,0.00,0.0,0
2019-04-08,69,36,0.00,0.0,0
2019-04-09,71,40,0.00,0.0,0
2019-04-10,75,36,0.00,0.0,0
2019-04-11,54,30,0.00,0.0,0
2019-04-12,48,23,0.00,0.0,0
2019-04-13,51,26,0.00,0.0,0
2019-04-14,52,23,0.00,0.0,0
2019-04-15,64,28,0.00,0.0,0
2019-04-16,70,33,0.00,0.0,0
2019-04-17,65,37,0.00,0.0,0
2019-04-18,70,35,0.00,0.0,0
2019-04-19,74,39,0.00,0.0,0
2019-04-20,74,37,0.00,0.0,0
2019-04-21,68,36,0.00,0.0,0
2019-04-22,65,38,0.00,0.0,0
2019-04-23,55,34,0.30,0.0,0
2019-04-24,67,40,0.00,0.0,0
2019-04-25,72,41,0.02,0.0,0
2019-04-26,69,43,0.13,0.0,0
2019-04-27,73,39,0.01,0.0,0
2019-04-28,72,40,0.00,0.0,0
2019-04-29,66,39,0.00,0.0,0
2019-04-30,58,36,0.10,0.0,0
2019-05-01,64,33,0.00,0.0,0
2019-05-02,67,35,0.00,0.0,0
2019-05-03,67,37,0.00,0.0,0
2019-05-04,70,39,0.00,0.0,0
2019-05-05,72,37,0.00,0.0,0
2019-05-06,74,43,0.00,0.0,0
2019-05-07,68,40,0.00,0.0,0
2019-05-08,63,35,0.10,0.0,0
2019-05-09,49,36,0.55,0.0,0
2019-05-10,47,37,0.43,0.0,0
2019-05-11,56,35,0.04,0.0,0
2019-05-12,66,38,0.00,0.0,0
2019-05-13,69,42,0.00,0.0,0
2019-05-14,75,39,0.00,0.0,0
2019-05-15,75,42,0.00,0.0,0
2019-05-16,73,50,0.00,0.0,0
2019-05-17,63,29,0.00,0.0,0
2019-05-18,57,35,0.00,0.0,0
2019-05-19,61,48,0.00,0.0,0
2019-05-20,56,28,0.00,0.0,0
2019-05-21,53,33,0.00,0.0,0
2019-05-22,66,35,0.00,0.0,0
2019-05-23,69,30,0.00,0.0,0
2019-05-24,67,39,0.00,0.0,0
2019-05-25,74,39,0.00,0.0,0
2019-05-26,75,34,0.00,0.0,0
2019-05-27,69,26,0.00,0.0,0
2019-05-28,61,37,0.00,0.0,0
2019-05-29,64,38,0.00,0.0,0
2019-05-30,65,37,0.00,0.0,0
2019-05-31,76,47,0.00,0.0,0
2019-06-01,70,45,0.00,0.0,0
2019-06-02,77,48,0.00,0.0,0
2019-06-03,80,43,0.00,0.0,0
2019-06-04,76,46,0.00,0.0,0
2019-06-05,68,40,0.19,0.0,0
2019-06-06,77,49,0.00,0.0,0
2019-06-07,82,44,0.00,0.0,0
2019-06-08,79,48,0.00,0.0,0
2019-06-09,81,45,0.00,0.0,0
2019-06-10,69,44,0.01,0.0,0
2019-06-11,79,47,0.00,0.0,0
2019-06-12,77,47,0.00,0.0,0
2019-06-13,85,50,0.00,0.0,0
2019-06-14,82,44,0.00,0.0,0
2019-06-15,78,45,0.00,0.0,0
2019-06-16,79,50,0.00,0.0,0
2019-06-17,73,42,0.00,0.0,0
2019-06-18,M,M,M,0.0,0
2019-06-19,M,M,M,0.0,0
2019-06-20,M,M,M,0.0,0
2019-06-21,M,M,M,0.0,0
2019-06-22,M,M,M,0.0,0
2019-06-23,M,M,M,0.0,0
2019-06-24,M,M,M,0.0,0
2019-06-25,M,M,M,0.0,0
2019-06-26,M,M,M,0.0,0
2019-06-27,M,M,M,0.0,0
2019-06-28,M,M,M,0.0,0
2019-06-29,M,M,M,0.0,0
2019-06-30,M,M,M,0.0,0
2019-07-01,79,59,0.00,0.0,0
2019-07-02,80,57,0.00,0.0,0
2019-07-03,85,59,0.00,0.0,0
2019-07-04,86,65,0.00,0.0,0
2019-07-05,88,64,0.00,0.0,0
2019-07-06,73,54,0.00,0.0,0
2019-07-07,72,54,0.00,0.0,0
2019-07-08,81,58,0.00,0.0,0
2019-07-09,84,57,0.00,0.0,0
2019-07-10,89,62,0.00,0.0,0
2019-07-11,87,52,0.00,0.0,0
2019-07-12,89,58,0.00,0.0,0
2019-07-13,88,54,0.00,0.0,0
2019-07-14,87,53,0.17,0.0,0
2019-07-15,86,57,0.00,0.0,0
2019-07-16,88,55,0.00,0.0,0
2019-07-17,87,51,0.00,0.0,0
2019-07-18,89,54,0.00,0.0,0
2019-07-19,91,55,0.00,0.0,0
2019-07-20,88,59,0.00,0.0,0
2019-07-21,91,60,0.00,0.0,0
2019-07-22,88,55,0.00,0.0,0
2019-07-23,81,56,0.00,0.0,0
2019-07-24,83,57,0.00,0.0,0
2019-07-25,88,56,0.41,0.0,0
2019-07-26,82,54,0.00,0.0,0
2019-07-27,86,54,0.00,0.0,0
2019-07-28,86,60,0.00,0.0,0
2019-07-29,83,55,0.00,0.0,0
2019-07-30,86,57,0.00,0.0,0
2019-07-31,86,55,0.00,0.0,0
2019-08-01,85,58,0.00,0.0,0
2019-08-02,83,56,0.00,0.0,0
2019-08-03,85,57,0.12,0.0,0
2019-08-04,81,55,0.12,0.0,0
2019-08-05,88,56,0.03,0.0,0
2019-08-06,84,53,0.00,0.0,0
2019-08-07,88,57,0.00,0.0,0
2019-08-08,87,59,0.00,0.0,0
2019-08-09,85,55,0.00,0.0,0
2019-08-10,81,55,0.00,0.0,0
2019-08-11,83,51,0.00,0.0,0
2019-08-12,84,53,0.00,0.0,0
2019-08-13,87,55,0.00,0.0,0
2019-08-14,87,55,0.00,0.0,0
2019-08-15,81,50,0.02,0.0,0
2019-08-16,87,51,0.00,0.0,0
2019-08-17,87,49,0.02,0.0,0
2019-08-18,88,48,0.00,0.0,0
2019-08-19,89,56,0.00,0.0,0
2019-08-20,91,58,0.00,0.0,0
2019-08-21,91,55,0.01,0.0,0
2019-08-22,88,51,0.00,0.0,0
2019-08-23,88,53,0.00,0.0,0
2019-08-24,88,51,0.00,0.0,0
2019-08-25,87,53,0.00,0.0,0
2019-08-26,91,57,0.00,0.0,0
2019-08-27,92,56,0.00,0.0,0
2019-08-28,87,52,0.00,0.0,0
2019-08-29,88,49,0.00,0.0,0
2019-08-30,90,52,0.00,0.0,0
2019-08-31,91,52,0.00,0.0,0
2019-09-01,87,56,0.00,0.0,0
2019-09-02,87,52,0.02,0.0,0
2019-09-03,89,53,0.33,0.0,0
2019-09-04,92,57,0.00,0.0,0
2019-09-05,86,54,0.00,0.0,0
2019-09-06,92,56,0.00,0.0,0
2019-09-07,91,55,0.00,0.0,0
2019-09-08,83,51,0.00,0.0,0
2019-09-09,80,50,0.24,0.0,0
2019-09-10,80,50,0.24,0.0,0
2019-09-11,81,54,0.08,0.0,0
2019-09-12,76,45,0.00,0.0,0
2019-09-13,83,52,0.00,0.0,0
2019-09-14,78,53,0.00,0.0,0
2019-09-15,70,54,0.00,0.0,0
2019-09-16,72,49,0.09,0.0,0
2019-09-17,78,48,0.00,0.0,0
2019-09-18,79,46,0.00,0.0,0
2019-09-19,81,47,0.00,0.0,0
2019-09-20,78,40,0.00,0.0,0
2019-09-21,77,41,0.00,0.0,0
2019-09-22,76,42,0.00,0.0,0
2019-09-23,69,41,0.00,0.0,0
2019-09-24,75,45,0.00,0.0,0
2019-09-25,81,42,0.00,0.0,0
2019-09-26,80,42,0.00,0.0,0
2019-09-27,75,46,0.00,0.0,0
2019-09-28,77,43,0.00,0.0,0
2019-09-29,78,43,0.00,0.0,0
2019-09-30,82,49,0.00,0.0,0
2019-10-01,76,43,0.00,0.0,0
2019-10-02,72,38,0.00,0.0,0
2019-10-03,75,45,0.00,0.0,0
2019-10-04,63,37,0.00,0.0,0
2019-10-05,73,36,0.00,0.0,0
2019-10-06,73,34,0.00,0.0,0
2019-10-07,68,42,0.00,0.0,0
2019-10-08,70,36,0.00,0.0,0
2019-10-09,73,34,0.00,0.0,0
2019-10-10,61,15,0.00,0.0,0
2019-10-11,56,26,0.00,0.0,0
2019-10-12,65,28,0.00,0.0,0
2019-10-13,71,32,0.00,0.0,0
2019-10-14,70,31,0.00,0.0,0
2019-10-15,70,34,0.00,0.0,0
2019-10-16,65,35,0.00,0.0,0
2019-10-17,65,35,0.00,0.0,0
2019-10-18,63,29,0.00,0.0,0
2019-10-19,63,38,0.00,0.0,0
2019-10-20,49,13,0.00,0.0,0
2019-10-21,52,24,0.00,0.0,0
2019-10-22,64,29,0.00,0.0,0
2019-10-23,63,27,0.00,0.0,0
2019-10-24,42,14,0.00,0.0,0
2019-10-25,56,27,0.00,0.0,0
2019-10-26,68,27,0.00,0.0,0
2019-10-27,67,27,0.00,0.0,0
2019-10-28,40,14,0.00,0.0,0
2019-10-29,54,18,0.00,0.0,0
2019-10-30,35,10,0.00,0.0,0
2019-10-31,50,16,0.00,0.0,0
2019-11-01,58,18,0.00,0.0,0
2019-11-02,55,18,0.00,0.0,0
2019-11-03,63,24,0.00,0.0,0
2019-11-04,64,29,0.00,0.0,0
2019-11-05,64,33,0.00,0.0,0
2019-11-06,52,29,0.00,0.0,0
2019-11-07,49,22,0.00,0.0,0
2019-11-08,62,30,0.00,0.0,0
2019-11-09,66,29,0.00,0.0,0
2019-11-10,65,24,0.00,0.0,0
2019-11-11,53,9,0.00,0.0,0
2019-11-12,49,21,0.00,0.0,0
2019-11-13,61,26,0.00,0.0,0
2019-11-14,54,25,0.00,0.0,0
2019-11-15,55,29,0.00,0.0,0
2019-11-16,62,29,0.00,0.0,0
2019-11-17,61,25,0.00,0.0,0
2019-11-18,64,24,0.00,0.0,0
2019-11-19,62,37,0.00,0.0,0
2019-11-20,53,34,0.40,0.0,0
2019-11-21,37,30,0.21,0.0,0
2019-11-22,43,23,0.00,0.0,0
2019-11-23,47,22,0.00,0.0,0
2019-11-24,50,18,0.00,0.0,0
2019-11-25,48,21,0.00,0.0,0
2019-11-26,28,11,0.00,0.0,0
2019-11-27,37,23,0.00,0.0,0
2019-11-28,37,26,0.00,0.0,0
2019-11-29,38,20,0.27,3.0,3
2019-11-30,29,10,0.20,1.0,0
2019-12-01,40,18,0.00,0.0,M
2019-12-02,48,22,0.00,0.0,M
2019-12-03,52,29,0.00,0.0,M
2019-12-04,45,32,0.00,0.0,M
2019-12-05,44,25,0.00,0.0,M
2019-12-06,43,25,0.00,0.0,M
2019-12-07,53,30,0.00,0.0,M
2019-12-08,42,31,0.00,0.0,M
2019-12-09,42,18,0.10,M,M
2019-12-10,44,22,0.00,0.0,M
2019-12-11,40,20,0.00,0.0,M
2019-12-12,46,27,0.00,0.0,M
2019-12-13,48,32,0.00,0.0,M
2019-12-14,48,27,0.00,0.0,M
2019-12-15,37,18,0.00,0.0,M
2019-12-16,31,6,0.00,0.0,M
2019-12-17,30,8,0.00,0.0,M
2019-12-18,41,13,0.00,0.0,M
2019-12-19,35,13,0.00,0.0,M
2019-12-20,42,16,0.00,0.0,M
2019-12-21,50,19,0.00,0.0,M
2019-12-22,49,19,M,M,M
2019-12-23,40,24,M,M,M
2019-12-24,45,30,M,M,M
2019-12-25,40,17,M,M,M
2019-12-26,40,26,M,M,M
2019-12-27,41,22,M,M,M
2019-12-28,33,14,M,M,M
2019-12-29,24,4,M,M,M
2019-12-30,29,6,M,M,M
2019-12-31,33,8,M,M,M
2020-01-01,38,11,M,M,M
2020-01-02,29,11,M,M,M
2020-01-03,38,16,0.00,0.0,M
2020-01-04,39,19,0.00,0.0,M
2020-01-05,50,19,0.00,0.0,M
2020-01-06,39,15,0.00,0.0,M
2020-01-07,45,17,0.00,0.0,M
2020-01-08,39,15,0.00,0.0,M
2020-01-09,38,19,0.00,0.0,M
2020-01-10,37,8,0.00,0.0,M
2020-01-11,41,19,0.00,0.0,M
2020-01-12,37,17,0.00,0.0,M
2020-01-13,43,16,0.00,0.0,M
2020-01-14,49,24,0.00,0.0,M
2020-01-15,51,29,0.00,0.0,M
2020-01-16,33,27,0.00,0.0,M
2020-01-17,M,M,M,M,M
2020-01-18,M,M,M,M,M
2020-01-19,M,M,M,M,M
2020-01-20,M,M,M,M,M
2020-01-21,M,M,M,M,M
2020-01-22,M,M,M,M,M
2020-01-23,M,M,M,M,M
2020-01-24,M,M,S,M,M
2020-01-25,M,M,M,M,M
2020-01-26,M,M,M,M,M
2020-01-27,M,M,M,M,M
2020-01-28,M,M,M,M,M
2020-01-29,M,M,M,M,M
2020-01-30,M,M,M,M,M
2020-01-31,M,M,M,M,M
2020-02-01,47,13,M,M,M
2020-02-02,53,17,M,M,M
2020-02-03,45,28,0.00A,M,M
2020-02-04,32,-0,0.05,M,M
2020-02-05,23,-1,0.01,M,M
2020-02-06,35,-7,0.00,0.0,M
2020-02-07,46,22,0.00,0.0,M
2020-02-08,49,25,0.00,0.0,M
2020-02-09,48,28,0.00,0.0,M
2020-02-10,45,28,0.00,0.0,M
2020-02-11,32,20,0.03,0.0,M
2020-02-12,34,21,0.00,0.0,M
2020-02-13,41,17,0.00,0.0,M
2020-02-14,45,23,0.00,0.0,M
2020-02-15,49,24,0.00,0.0,M
2020-02-16,52,28,0.00,0.0,M
2020-02-17,53,21,0.00,0.0,M
2020-02-18,49,28,0.00,0.0,M
2020-02-19,47,20,0.00,0.0,M
2020-02-20,42,19,0.00,0.0,M
2020-02-21,47,28,0.00,0.0,M
2020-02-22,47,30,0.00,0.0,M
2020-02-23,47,26,0.00,0.0,M
2020-02-24,46,16,0.00,0.0,M
2020-02-25,35,8,0.00,0.0,M
2020-02-26,42,16,0.00,0.0,M
2020-02-27,52,23,0.00,0.0,M
2020-02-28,55,26,0.00,0.0,M
2020-02-29,57,22,0.00,0.0,M
2020-03-01,54,20,0.00,0.0,M
2020-03-02,52,23,0.00,0.0,M
2020-03-03,57,22,0.00,0.0,M
2020-03-04,60,27,0.00,0.0,M
2020-03-05,61,27,0.00,0.0,M
2020-03-06,57,29,0.00,0.0,M
2020-03-07,61,35,0.00,0.0,M
2020-03-08,55,33,0.00,0.0,M
2020-03-09,55,26,0.00,0.0,M
2020-03-10,57,30,0.00,0.0,M
2020-03-11,61,36,0.00,0.0,M
2020-03-12,57,41,0.04,0.0,M
2020-03-13,51,31,0.00,0.0,M
2020-03-14,53,31,0.34,0.0,M
2020-03-15,60,29,0.00,0.0,M
2020-03-16,61,35,0.00,0.0,M
2020-03-17,60,28,0.00,0.0,M
2020-03-18,M,M,M,M,M
2020-03-19,M,M,M,M,M
2020-03-20,M,M,M,M,M
2020-03-21,M,M,M,M,M
2020-03-22,M,M,M,M,M
2020-03-23,M,M,M,M,M
2020-03-24,M,M,M,M,M
2020-03-25,M,M,M,M,M
2020-03-26,M,M,M,M,M
2020-03-27,M,M,M,M,M
2020-03-28,M,M,M,M,M
2020-03-29,M,M,M,M,M
2020-03-30,M,M,M,M,M
2020-03-31,M,M,M,M,M
2020-04-01,M,M,M,M,M
2020-04-02,M,M,M,M,M
2020-04-03,M,M,M,M,M
2020-04-04,M,M,M,M,M
2020-04-05,M,M,M,M,M
2020-04-06,M,M,M,M,M
2020-04-07,M,M,M,M,M
2020-04-08,M,M,M,M,M
2020-04-09,M,M,M,M,M
2020-04-10,M,M,M,M,M
2020-04-11,M,M,M,M,M
2020-04-12,M,M,M,M,M
2020-04-13,M,M,M,M,M
2020-04-14,M,M,M,M,M
2020-04-15,M,M,M,M,M
2020-04-16,M,M,M,M,M
2020-04-17,M,M,M,M,M
2020-04-18,M,M,M,M,M
2020-04-19,M,M,M,M,M
2020-04-20,M,M,M,M,M
2020-04-21,M,M,M,M,M
2020-04-22,M,M,M,M,M
2020-04-23,M,M,M,M,M
2020-04-24,M,M,M,M,M
2020-04-25,M,M,M,M,M
2020-04-26,M,M,M,M,M
2020-04-27,M,M,M,M,M
2020-04-28,M,M,M,M,M
2020-04-29,M,M,M,M,M
2020-04-30,M,M,M,M,M
2020-05-01,M,M,M,M,M
2020-05-02,M,M,M,M,M
2020-05-03,M,M,M,M,M
2020-05-04,M,M,M,M,M
2020-05-05,M,M,M,M,M
2020-05-06,M,M,M,M,M
2020-05-07,M,M,M,M,M
2020-05-08,M,M,M,M,M
2020-05-09,M,M,M,M,M
2020-05-10,M,M,M,M,M
2020-05-11,M,M,M,M,M
2020-05-12,M,M,M,M,M
2020-05-13,M,M,M,M,M
2020-05-14,M,M,M,M,M
2020-05-15,M,M,M,M,M
2020-05-16,M,M,M,M,M
2020-05-17,M,M,M,M,M
2020-05-18,M,M,M,M,M
2020-05-19,M,M,M,M,M
2020-05-20,M,M,M,M,M
2020-05-21,M,M,M,M,M
2020-05-22,M,M,M,M,M
2020-05-23,M,M,M,M,M
2020-05-24,M,M,M,M,M
2020-05-25,M,M,M,M,M
2020-05-26,M,M,M,M,M
2020-05-27,M,M,M,M,M
2020-05-28,M,M,M,M,M
2020-05-29,M,M,M,M,M
2020-05-30,M,M,M,M,M
2020-05-31,M,M,M,M,M
2020-06-01,M,M,M,M,M
2020-06-02,M,M,M,M,M
2020-06-03,M,M,M,M,M
2020-06-04,M,M,M,M,M
2020-06-05,M,M,M,M,M
2020-06-06,M,M,M,M,M
2020-06-07,M,M,M,M,M
2020-06-08,M,M,M,M,M
2020-06-09,M,M,M,M,M
2020-06-10,M,M,M,M,M
2020-06-11,M,M,M,M,M
2020-06-12,M,M,M,M,M
2020-06-13,M,M,M,M,M
2020-06-14,M,M,M,M,M
2020-06-15,M,M,M,M,M
2020-06-16,M,M,M,M,M
2020-06-17,M,M,M,M,M
2020-06-18,M,M,M,M,M
2020-06-19,M,M,M,M,M
2020-06-20,M,M,M,M,M
2020-06-21,M,M,M,M,M
2020-06-22,M,M,M,M,M
2020-06-23,M,M,M,M,M
2020-06-24,M,M,M,M,M
2020-06-25,M,M,M,M,M
2020-06-26,M,M,M,M,M
2020-06-27,M,M,M,M,M
2020-06-28,M,M,M,M,M
2020-06-29,M,M,M,M,M
2020-06-30,M,M,M,M,M
2020-07-01,M,M,M,M,M
2020-07-02,M,M,M,M,M
2020-07-03,M,M,M,M,M
2020-07-04,M,M,M,M,M
2020-07-05,M,M,M,M,M
2020-07-06,M,M,M,M,M
2020-07-07,M,M,M,M,M
2020-07-08,M,M,M,M,M
2020-07-09,M,M,M,M,M
2020-07-10,M,M,M,M,M
2020-07-11,M,M,M,M,M
2020-07-12,M,M,M,M,M
2020-07-13,M,M,M,M,M
2020-07-14,M,M,M,M,M
2020-07-15,M,M,M,M,M
2020-07-16,M,M,M,M,M
2020-07-17,M,M,M,M,M
2020-07-18,M,M,M,M,M
2020-07-19,M,M,M,M,M
2020-07-20,M,M,M,M,M
2020-07-21,M,M,M,M,M
2020-07-22,M,M,M,M,M
2020-07-23,M,M,M,M,M
2020-07-24,M,M,M,M,M
2020-07-25,M,M,M,M,M
2020-07-26,M,M,M,M,M
2020-07-27,M,M,M,M,M
2020-07-28,M,M,M,M,M
2020-07-29,M,M,M,M,M
2020-07-30,M,M,M,M,M
2020-07-31,M,M,M,M,M
2020-08-01,M,M,M,M,M
2020-08-02,M,M,M,M,M
2020-08-03,M,M,M,M,M
2020-08-04,M,M,M,M,M
2020-08-05,M,M,M,M,M
2020-08-06,M,M,M,M,M
2020-08-07,M,M,M,M,M
2020-08-08,M,M,M,M,M
2020-08-09,M,M,M,M,M
2020-08-10,M,M,M,M,M
2020-08-11,M,M,M,M,M
2020-08-12,M,M,M,M,M
2020-08-13,M,M,M,M,M
2020-08-14,M,M,M,M,M
2020-08-15,M,M,M,M,M
2020-08-16,M,M,M,M,M
2020-08-17,M,M,M,M,M
2020-08-18,M,M,M,M,M
2020-08-19,M,M,M,M,M
2020-08-20,M,M,M,M,M
2020-08-21,M,M,M,M,M
2020-08-22,M,M,M,M,M
2020-08-23,M,M,M,M,M
2020-08-24,M,M,M,M,M
2020-08-25,M,M,M,M,M
2020-08-26,M,M,M,M,M
2020-08-27,M,M,M,M,M
2020-08-28,M,M,M,M,M
2020-08-29,M,M,M,M,M
2020-08-30,M,M,M,M,M
2020-08-31,M,M,M,M,M
2020-09-01,M,M,M,M,M
2020-09-02,M,M,M,M,M
2020-09-03,M,M,M,M,M
2020-09-04,M,M,M,M,M
2020-09-05,M,M,M,M,M
2020-09-06,M,M,M,M,M
2020-09-07,M,M,M,M,M
2020-09-08,M,M,M,M,M
2020-09-09,M,M,M,M,M
2020-09-10,M,M,M,M,M
2020-09-11,M,M,M,M,M
2020-09-12,M,M,M,M,M
2020-09-13,M,M,M,M,M
2020-09-14,M,M,M,M,M
2020-09-15,M,M,M,M,M
2020-09-16,M,M,M,M,M
2020-09-17,M,M,M,M,M
2020-09-18,M,M,M,M,M
2020-09-19,M,M,M,M,M
2020-09-20,M,M,M,M,M
2020-09-21,M,M,M,M,M
2020-09-22,M,M,M,M,M
2020-09-23,M,M,M,M,M
2020-09-24,M,M,M,M,M
2020-09-25,M,M,M,M,M
2020-09-26,M,M,M,M,M
2020-09-27,M,M,M,M,M
2020-09-28,M,M,M,M,M
2020-09-29,M,M,M,M,M
2020-09-30,M,M,M,M,M
2020-10-01,M,M,M,M,M
2020-10-02,M,M,M,M,M
2020-10-03,M,M,M,M,M
2020-10-04,M,M,M,M,M
2020-10-05,M,M,M,M,M
2020-10-06,M,M,M,M,M
2020-10-07,M,M,M,M,M
2020-10-08,M,M,M,M,M
2020-10-09,M,M,M,M,M
2020-10-10,M,M,M,M,M
2020-10-11,M,M,M,M,M
2020-10-12,M,M,M,M,M
2020-10-13,M,M,M,M,M
2020-10-14,M,M,M,M,M
2020-10-15,M,M,M,M,M
2020-10-16,M,M,M,M,M
2020-10-17,M,M,M,M,M
2020-10-18,M,M,M,M,M
2020-10-19,M,M,M,M,M
2020-10-20,M,M,M,M,M
2020-10-21,M,M,M,M,M
2020-10-22,M,M,M,M,M
2020-10-23,M,M,M,M,M
2020-10-24,M,M,M,M,M
2020-10-25,M,M,M,M,M
2020-10-26,M,M,M,M,M
2020-10-27,M,M,M,M,M
2020-10-28,M,M,M,M,M
2020-10-29,M,M,M,M,M
2020-10-30,M,M,M,M,M
2020-10-31,M,M,M,M,M
2020-11-01,M,M,M,M,M
2020-11-02,M,M,M,M,M
2020-11-03,M,M,M,M,M
2020-11-04,M,M,M,M,M
2020-11-05,M,M,M,M,M
2020-11-06,M,M,M,M,M
2020-11-07,M,M,M,M,M
2020-11-08,M,M,M,M,M
2020-11-09,M,M,M,M,M
2020-11-10,M,M,M,M,M
2020-11-11,M,M,M,M,M
2020-11-12,M,M,M,M,M
2020-11-13,M,M,M,M,M
2020-11-14,M,M,M,M,M
2020-11-15,M,M,M,M,M
2020-11-16,M,M,M,M,M
2020-11-17,M,M,M,M,M
2020-11-18,M,M,M,M,M
2020-11-19,M,M,M,M,M
2020-11-20,M,M,M,M,M
2020-11-21,M,M,M,M,M
2020-11-22,M,M,M,M,M
2020-11-23,M,M,M,M,M
2020-11-24,M,M,M,M,M
2020-11-25,M,M,M,M,M
2020-11-26,M,M,M,M,M
2020-11-27,M,M,M,M,M
2020-11-28,M,M,M,M,M
2020-11-29,M,M,M,M,M
2020-11-30,M,M,M,M,M
2020-12-01,M,M,M,M,M
2020-12-02,M,M,M,M,M
2020-12-03,M,M,M,M,M
2020-12-04,M,M,M,M,M
2020-12-05,M,M,M,M,M
2020-12-06,M,M,M,M,M
2020-12-07,M,M,M,M,M
2020-12-08,M,M,M,M,M
2020-12-09,M,M,M,M,M
2020-12-10,M,M,M,M,M
2020-12-11,M,M,M,M,M
2020-12-12,M,M,M,M,M
2020-12-13,M,M,M,M,M
2020-12-14,M,M,M,M,M
2020-12-15,M,M,M,M,M
2020-12-16,M,M,M,M,M
2020-12-17,M,M,M,M,M
2020-12-18,M,M,M,M,M
2020-12-19,M,M,M,M,M
2020-12-20,M,M,M,M,M
2020-12-21,M,M,M,M,M
2020-12-22,M,M,M,M,M
2020-12-23,M,M,M,M,M
2020-12-24,M,M,M,M,M
2020-12-25,M,M,M,M,M
2020-12-26,M,M,M,M,M
2020-12-27,M,M,M,M,M
2020-12-28,M,M,M,M,M
2020-12-29,M,M,M,M,M
2020-12-30,M,M,M,M,M
2020-12-31,M,M,M,M,M
2021-01-01,M,M,M,M,M
2021-01-02,M,M,M,M,M
2021-01-03,M,M,M,M,M
2021-01-04,M,M,M,M,M
2021-01-05,M,M,M,M,M
2021-01-06,M,M,M,M,M
2021-01-07,M,M,M,M,M
2021-01-08,M,M,M,M,M
2021-01-09,M,M,M,M,M
2021-01-10,M,M,M,M,M
2021-01-11,M,M,M,M,M
2021-01-12,M,M,M,M,M
2021-01-13,M,M,M,M,M
2021-01-14,M,M,M,M,M
2021-01-15,M,M,M,M,M
2021-01-16,M,M,M,M,M
2021-01-17,M,M,M,M,M
2021-01-18,M,M,M,M,M
2021-01-19,M,M,M,M,M
2021-01-20,M,M,M,M,M
2021-01-21,M,M,M,M,M
2021-01-22,M,M,M,M,M
2021-01-23,M,M,M,M,M
2021-01-24,M,M,M,M,M
2021-01-25,M,M,M,M,M
2021-01-26,M,M,M,M,M
2021-01-27,M,M,M,M,M
2021-01-28,M,M,M,M,M
2021-01-29,M,M,M,M,M
2021-01-30,M,M,M,M,M
2021-01-31,M,M,M,M,M
2021-02-01,M,M,M,M,M
2021-02-02,M,M,M,M,M
2021-02-03,M,M,M,M,M
2021-02-04,M,M,M,M,M
2021-02-05,M,M,M,M,M
2021-02-06,M,M,M,M,M
2021-02-07,M,M,M,M,M
2021-02-08,M,M,M,M,M
2021-02-09,M,M,M,M,M
2021-02-10,M,M,M,M,M
2021-02-11,M,M,M,M,M
2021-02-12,M,M,M,M,M
2021-02-13,M,M,M,M,M
2021-02-14,M,M,M,M,M
2021-02-15,M,M,M,M,M
2021-02-16,M,M,M,M,M
2021-02-17,M,M,M,M,M
2021-02-18,M,M,M,M,M
2021-02-19,M,M,M,M,M
2021-02-20,M,M,M,M,M
2021-02-21,M,M,M,M,M
2021-02-22,M,M,M,M,M
2021-02-23,M,M,M,M,M
2021-02-24,M,M,M,M,M
2021-02-25,M,M,M,M,M
2021-02-26,M,M,M,M,M
2021-02-27,M,M,M,M,M
2021-02-28,M,M,M,M,M
2021-03-01,M,M,M,M,M
2021-03-02,M,M,M,M,M
2021-03-03,M,M,M,M,M
2021-03-04,M,M,M,M,M
2021-03-05,M,M,M,M,M
2021-03-06,M,M,M,M,M
2021-03-07,M,M,M,M,M
2021-03-08,M,M,M,M,M
2021-03-09,M,M,M,M,M
2021-03-10,M,M,M,M,M
2021-03-11,M,M,M,M,M
2021-03-12,M,M,M,M,M
2021-03-13,M,M,M,M,M
2021-03-14,M,M,M,M,M
2021-03-15,M,M,M,M,M
2021-03-16,M,M,M,M,M
2021-03-17,M,M,M,M,M
2021-03-18,M,M,M,M,M
2021-03-19,M,M,M,M,M
2021-03-20,M,M,M,M,M
2021-03-21,M,M,M,M,M
2021-03-22,M,M,M,M,M
2021-03-23,M,M,M,M,M
2021-03-24,M,M,M,M,M
2021-03-25,M,M,M,M,M
2021-03-26,M,M,M,M,M
2021-03-27,M,M,M,M,M
2021-03-28,M,M,M,M,M
2021-03-29,M,M,M,M,M
2021-03-30,M,M,M,M,M
2021-03-31,M,M,M,M,M
2021-04-01,M,M,M,M,M
2021-04-02,M,M,M,M,M
2021-04-03,M,M,M,M,M
2021-04-04,M,M,M,M,M
2021-04-05,M,M,M,M,M
2021-04-06,M,M,M,M,M
2021-04-07,M,M,M,M,M
2021-04-08,M,M,M,M,M
2021-04-09,M,M,M,M,M
2021-04-10,M,M,M,M,M
2021-04-11,M,M,M,M,M
2021-04-12,M,M,M,M,M
2021-04-13,M,M,M,M,M
2021-04-14,M,M,M,M,M
2021-04-15,M,M,M,M,M
2021-04-16,M,M,M,M,M
2021-04-17,M,M,M,M,M
2021-04-18,M,M,M,M,M
2021-04-19,M,M,M,M,M
2021-04-20,M,M,M,M,M
2021-04-21,M,M,M,M,M
2021-04-22,M,M,M,M,M
2021-04-23,M,M,M,M,M
2021-04-24,M,M,M,M,M
2021-04-25,M,M,M,M,M
2021-04-26,M,M,M,M,M
2021-04-27,M,M,M,M,M
2021-04-28,M,M,M,M,M
2021-04-29,M,M,M,M,M
2021-04-30,M,M,M,M,M
2021-05-01,M,M,M,M,M
2021-05-02,M,M,M,M,M
2021-05-03,M,M,M,M,M
2021-05-04,M,M,M,M,M
2021-05-05,M,M,M,M,M
2021-05-06,M,M,M,M,M
2021-05-07,M,M,M,M,M
2021-05-08,M,M,M,M,M
2021-05-09,M,M,M,M,M
2021-05-10,M,M,M,M,M
2021-05-11,M,M,M,M,M
2021-05-12,M,M,M,M,M
2021-05-13,M,M,M,M,M
2021-05-14,M,M,M,M,M
2021-05-15,M,M,M,M,M
2021-05-16,M,M,M,M,M
2021-05-17,M,M,M,M,M
2021-05-18,M,M,M,M,M
2021-05-19,M,M,M,M,M
2021-05-20,M,M,M,M,M
2021-05-21,M,M,M,M,M
2021-05-22,M,M,M,M,M
2021-05-23,M,M,M,M,M
2021-05-24,M,M,M,M,M
2021-05-25,M,M,M,M,M
2021-05-26,M,M,M,M,M
2021-05-27,M,M,M,M,M
2021-05-28,M,M,M,M,M
2021-05-29,M,M,M,M,M
2021-05-30,M,M,M,M,M
2021-05-31,M,M,M,M,M
2021-06-01,M,M,M,M,M
2021-06-02,M,M,M,M,M
2021-06-03,M,M,M,M,M
2021-06-04,M,M,M,M,M
2021-06-05,M,M,M,M,M
2021-06-06,M,M,M,M,M
2021-06-07,M,M,M,M,M
2021-06-08,M,M,M,M,M
2021-06-09,M,M,M,M,M
2021-06-10,M,M,M,M,M
2021-06-11,M,M,M,M,M
2021-06-12,M,M,M,M,M
2021-06-13,M,M,M,M,M
2021-06-14,M,M,M,M,M
2021-06-15,M,M,M,M,M
2021-06-16,M,M,M,M,M
2021-06-17,M,M,M,M,M
2021-06-18,M,M,M,M,M
2021-06-19,M,M,M,M,M
2021-06-20,M,M,M,M,M
2021-06-21,M,M,M,M,M
2021-06-22,M,M,M,M,M
2021-06-23,M,M,M,M,M
2021-06-24,M,M,M,M,M
2021-06-25,M,M,M,M,M
2021-06-26,M,M,M,M,M
2021-06-27,M,M,M,M,M
2021-06-28,M,M,M,M,M
2021-06-29,M,M,M,M,M
2021-06-30,M,M,M,M,M
2021-07-01,M,M,M,M,M
2021-07-02,M,M,M,M,M
2021-07-03,M,M,M,M,M
2021-07-04,M,M,M,M,M
2021-07-05,M,M,M,M,M
2021-07-06,M,M,M,M,M
2021-07-07,M,M,M,M,M
2021-07-08,M,M,M,M,M
2021-07-09,M,M,M,M,M
2021-07-10,M,M,M,M,M
2021-07-11,M,M,M,M,M
2021-07-12,M,M,M,M,M
2021-07-13,M,M,M,M,M
2021-07-14,M,M,M,M,M
2021-07-15,M,M,M,M,M
2021-07-16,M,M,M,M,M
2021-07-17,M,M,M,M,M
2021-07-18,M,M,M,M,M
2021-07-19,M,M,M,M,M
2021-07-20,M,M,M,M,M
2021-07-21,M,M,M,M,M
2021-07-22,M,M,M,M,M
2021-07-23,M,M,M,M,M
2021-07-24,M,M,M,M,M
2021-07-25,M,M,M,M,M
2021-07-26,M,M,M,M,M
2021-07-27,M,M,M,M,M
2021-07-28,M,M,M,M,M
2021-07-29,M,M,M,M,M
2021-07-30,M,M,M,M,M
2021-07-31,M,M,M,M,M
2021-08-01,M,M,M,M,M
2021-08-02,M,M,M,M,M
2021-08-03,M,M,M,M,M
2021-08-04,M,M,M,M,M
2021-08-05,M,M,M,M,M
2021-08-06,M,M,M,M,M
2021-08-07,M,M,M,M,M
2021-08-08,M,M,M,M,M
2021-08-09,M,M,M,M,M
2021-08-10,M,M,M,M,M
2021-08-11,M,M,M,M,M
2021-08-12,M,M,M,M,M
2021-08-13,M,M,M,M,M
2021-08-14,M,M,M,M,M
2021-08-15,M,M,M,M,M
2021-08-16,M,M,M,M,M
2021-08-17,M,M,M,M,M
2021-08-18,M,M,M,M,M
2021-08-19,M,M,M,M,M
2021-08-20,M,M,M,M,M
2021-08-21,M,M,M,M,M
2021-08-22,M,M,M,M,M
2021-08-23,M,M,M,M,M
2021-08-24,M,M,M,M,M
2021-08-25,M,M,M,M,M
2021-08-26,M,M,M,M,M
2021-08-27,M,M,M,M,M
2021-08-28,M,M,M,M,M
2021-08-29,M,M,M,M,M
2021-08-30,M,M,M,M,M
2021-08-31,M,M,M,M,M
2021-09-01,M,M,M,M,M
2021-09-02,M,M,M,M,M
2021-09-03,M,M,M,M,M
2021-09-04,M,M,M,M,M
2021-09-05,M,M,M,M,M
2021-09-06,M,M,M,M,M
2021-09-07,M,M,M,M,M
2021-09-08,M,M,M,M,M
2021-09-09,M,M,M,M,M
2021-09-10,M,M,M,M,M
2021-09-11,M,M,M,M,M
2021-09-12,M,M,M,M,M
2021-09-13,M,M,M,M,M
2021-09-14,M,M,M,M,M
2021-09-15,M,M,M,M,M
2021-09-16,M,M,M,M,M
2021-09-17,M,M,M,M,M
2021-09-18,M,M,M,M,M
2021-09-19,M,M,M,M,M
2021-09-20,M,M,M,M,M
2021-09-21,M,M,M,M,M
2021-09-22,M,M,M,M,M
2021-09-23,M,M,M,M,M
2021-09-24,M,M,M,M,M
2021-09-25,M,M,M,M,M
2021-09-26,M,M,M,M,M
2021-09-27,M,M,M,M,M
2021-09-28,M,M,M,M,M
2021-09-29,M,M,M,M,M
2021-09-30,M,M,M,M,M
2021-10-01,M,M,M,M,M
2021-10-02,M,M,M,M,M
2021-10-03,M,M,M,M,M
2021-10-04,M,M,M,M,M
2021-10-05,M,M,M,M,M
2021-10-06,M,M,M,M,M
2021-10-07,M,M,M,M,M
2021-10-08,M,M,M,M,M
2021-10-09,M,M,M,M,M
2021-10-10,M,M,M,M,M
2021-10-11,M,M,M,M,M
2021-10-12,M,M,M,M,M
2021-10-13,M,M,M,M,M
2021-10-14,M,M,M,M,M
2021-10-15,M,M,M,M,M
2021-10-16,M,M,M,M,M
2021-10-17,M,M,M,M,M
2021-10-18,M,M,M,M,M
2021-10-19,M,M,M,M,M
2021-10-20,M,M,M,M,M
2021-10-21,M,M,M,M,M
2021-10-22,M,M,M,M,M
2021-10-23,M,M,M,M,M
2021-10-24,M,M,M,M,M
2021-10-25,M,M,M,M,M
2021-10-26,M,M,M,M,M
2021-10-27,M,M,M,M,M
2021-10-28,M,M,M,M,M
2021-10-29,M,M,M,M,M
2021-10-30,M,M,M,M,M
2021-10-31,M,M,M,M,M
2021-11-01,M,M,M,M,M
2021-11-02,M,M,M,M,M
2021-11-03,M,M,M,M,M
2021-11-04,M,M,M,M,M
2021-11-05,M,M,M,M,M
2021-11-06,M,M,M,M,M
2021-11-07,M,M,M,M,M
2021-11-08,M,M,M,M,M
2021-11-09,M,M,M,M,M
2021-11-10,M,M,M,M,M
2021-11-11,M,M,M,M,M
2021-11-12,M,M,M,M,M
2021-11-13,M,M,M,M,M
2021-11-14,M,M,M,M,M
2021-11-15,M,M,M,M,M
2021-11-16,M,M,M,M,M
2021-11-17,M,M,M,M,M
2021-11-18,M,M,M,M,M
2021-11-19,M,M,M,M,M
2021-11-20,M,M,M,M,M
2021-11-21,M,M,M,M,M
2021-11-22,M,M,M,M,M
2021-11-23,M,M,M,M,M
2021-11-24,M,M,M,M,M
2021-11-25,M,M,M,M,M
2021-11-26,M,M,M,M,M
2021-11-27,M,M,M,M,M
2021-11-28,M,M,M,M,M
2021-11-29,M,M,M,M,M
2021-11-30,M,M,M,M,M
2021-12-01,M,M,M,M,M
2021-12-02,M,M,M,M,M
2021-12-03,M,M,M,M,M
2021-12-04,M,M,M,M,M
2021-12-05,M,M,M,M,M
2021-12-06,M,M,M,M,M
2021-12-07,M,M,M,M,M
2021-12-08,M,M,M,M,M
2021-12-09,M,M,M,M,M
2021-12-10,M,M,M,M,M
2021-12-11,M,M,M,M,M
2021-12-12,M,M,M,M,M
2021-12-13,M,M,M,M,M
2021-12-14,M,M,M,M,M
2021-12-15,M,M,M,M,M
2021-12-16,M,M,M,M,M
2021-12-17,M,M,M,M,M
2021-12-18,M,M,M,M,M
2021-12-19,M,M,M,M,M
2021-12-20,M,M,M,M,M
2021-12-21,M,M,M,M,M
2021-12-22,M,M,M,M,M
2021-12-23,M,M,M,M,M
2021-12-24,M,M,M,M,M
2021-12-25,M,M,M,M,M
2021-12-26,M,M,M,M,M
2021-12-27,M,M,M,M,M
2021-12-28,M,M,M,M,M
2021-12-29,M,M,M,M,M
2021-12-30,M,M,M,M,M
2021-12-31,M,M,M,M,M
2022-01-01,M,M,M,M,M
2022-01-02,M,M,M,M,M
2022-01-03,M,M,M,M,M
2022-01-04,M,M,M,M,M
2022-01-05,M,M,M,M,M
2022-01-06,M,M,M,M,M
2022-01-07,M,M,M,M,M
2022-01-08,M,M,M,M,M
2022-01-09,M,M,M,M,M
2022-01-10,M,M,M,M,M
2022-01-11,M,M,M,M,M
2022-01-12,M,M,M,M,M
2022-01-13,M,M,M,M,M
2022-01-14,M,M,M,M,M
2022-01-15,M,M,M,M,M
2022-01-16,M,M,M,M,M
2022-01-17,M,M,M,M,M
2022-01-18,M,M,M,M,M
2022-01-19,M,M,M,M,M
2022-01-20,M,M,M,M,M
2022-01-21,M,M,M,M,M
2022-01-22,M,M,M,M,M
2022-01-23,M,M,M,M,M
2022-01-24,M,M,M,M,M
2022-01-25,M,M,M,M,M
2022-01-26,M,M,M,M,M
2022-01-27,M,M,M,M,M
2022-01-28,M,M,M,M,M
2022-01-29,M,M,M,M,M
2022-01-30,M,M,M,M,M
2022-01-31,M,M,M,M,M
2022-02-01,M,M,M,M,M
2022-02-02,M,M,M,M,M
2022-02-03,M,M,M,M,M
2022-02-04,M,M,M,M,M
2022-02-05,M,M,M,M,M
2022-02-06,M,M,M,M,M
2022-02-07,M,M,M,M,M
2022-02-08,M,M,M,M,M
2022-02-09,M,M,M,M,M
2022-02-10,M,M,M,M,M
2022-02-11,M,M,M,M,M
2022-02-12,M,M,M,M,M
2022-02-13,M,M,M,M,M
2022-02-14,M,M,M,M,M
2022-02-15,M,M,M,M,M
2022-02-16,M,M,M,M,M
2022-02-17,M,M,M,M,M
2022-02-18,M,M,M,M,M
2022-02-19,M,M,M,M,M
2022-02-20,M,M,M,M,M
2022-02-21,M,M,M,M,M
2022-02-22,M,M,M,M,M
2022-02-23,M,M,M,M,M
2022-02-24,M,M,M,M,M
2022-02-25,M,M,M,M,M
2022-02-26,M,M,M,M,M
2022-02-27,M,M,M,M,M
2022-02-28,M,M,M,M,M
2022-03-01,M,M,M,M,M
2022-03-02,M,M,M,M,M
2022-03-03,M,M,M,M,M
2022-03-04,M,M,M,M,M
2022-03-05,M,M,M,M,M
2022-03-06,M,M,M,M,M
2022-03-07,M,M,M,M,M
2022-03-08,M,M,M,M,M
2022-03-09,M,M,M,M,M
2022-03-10,M,M,M,M,M
2022-03-11,M,M,M,M,M
2022-03-12,M,M,M,M,M
2022-03-13,M,M,M,M,M
2022-03-14,M,M,M,M,M
2022-03-15,M,M,M,M,M
2022-03-16,M,M,M,M,M
2022-03-17,M,M,M,M,M
2022-03-18,M,M,M,M,M
2022-03-19,M,M,M,M,M
2022-03-20,M,M,M,M,M
2022-03-21,M,M,M,M,M
2022-03-22,M,M,M,M,M
2022-03-23,M,M,M,M,M
2022-03-24,M,M,M,M,M
2022-03-25,M,M,M,M,M
2022-03-26,M,M,M,M,M
2022-03-27,M,M,M,M,M
2022-03-28,M,M,M,M,M
2022-03-29,M,M,M,M,M
2022-03-30,M,M,M,M,M
2022-03-31,M,M,M,M,M
2022-04-01,66,30,0.00,0.0,0
2022-04-02,66,39,0.00,0.0,0
2022-04-03,61,40,0.00,0.0,0
2022-04-04,66,38,0.00,0.0,0
2022-04-05,57,36,0.00,0.0,0
2022-04-06,60,25,0.00,0.0,0
2022-04-07,66,25,0.00,0.0,0
2022-04-08,71,34,0.00,0.0,0
2022-04-09,61,41,0.00,0.0,0
2022-04-10,65,36,0.00,0.0,0
2022-04-11,54,32,0.00,0.0,0
2022-04-12,44,24,0.00,0.0,0
2022-04-13,58,23,0.00,0.0,0
2022-04-14,66,31,0.00,0.0,0
2022-04-15,70,35,0.00,0.0,0
2022-04-16,69,45,0.00,0.0,0
2022-04-17,73,36,0.00,0.0,0
2022-04-18,71,40,0.00,0.0,0
2022-04-19,73,50,0.00,0.0,0
2022-04-20,76,41,0.00,0.0,0
2022-04-21,75,42,0.00,0.0,0
2022-04-22,55,38,0.00,0.0,0
2022-04-23,58,30,0.00,0.0,0
2022-04-24,62,36,0.00,0.0,0
2022-04-25,68,35,0.00,0.0,0
2022-04-26,72,41,0.00,0.0,0
2022-04-27,72,40,0.00,0.0,0
2022-04-28,66,46,0.00,0.0,0
2022-04-29,59,58,0.00,0.0,0
2022-04-30,59,58,0.00,0.0,0
2022-05-01,59,58,0.00,0.0,0
2022-05-02,72,41,0.00,0.0,0
2022-05-03,78,34,0.00,0.0,0
2022-05-04,60,32,0.00,0.0,0
2022-05-05,72,27,0.00,0.0,0
2022-05-06,82,41,0.00,0.0,0
2022-05-07,84,44,0.00,0.0,0
2022-05-08,82,54,0.00,0.0,0
2022-05-09,82,39,0.00,0.0,0
2022-05-10,82,39,0.00,0.0,0
2022-05-11,83,41,0.00,0.0,0
2022-05-12,72,38,0.00,0.0,0
2022-05-13,77,32,0.00,0.0,0
2022-05-14,82,41,0.00,0.0,0
2022-05-15,88,43,0.00,0.0,0
2022-05-16,82,47,0.00,0.0,0
2022-05-17,86,42,0.00,0.0,0
2022-05-18,86,46,0.00,0.0,0
2022-05-19,84,43,0.00,0.0,0
2022-05-20,80,57,0.00,0.0,0
2022-05-21,72,48,0.00,0.0,0
2022-05-22,68,38,0.00,0.0,0
2022-05-23,70,36,0.00,0.0,0
2022-05-24,60,36,0.05,0.0,0
2022-05-25,76,29,0.00,0.0,0
2022-05-26,87,40,0.00,0.0,0
2022-05-27,88,45,0.00,0.0,0
2022-05-28,86,48,0.00,0.0,0
2022-05-29,79,48,0.00,0.0,0
2022-05-30,73,33,0.00,0.0,0
2022-05-31,58,57,0.00,0.0,0
2022-06-01,83,47,0.00,0.0,0
2022-06-02,84,52,0.00,0.0,0
2022-06-03,86,44,0.00,0.0,0
2022-06-04,85,45,0.00,0.0,0
2022-06-05,85,54,0.00,0.0,0
2022-06-06,90,48,0.00,0.0,0
2022-06-07,91,52,0.00,0.0,0
2022-06-08,93,52,0.00,0.0,0
2022-06-09,91,54,0.00,0.0,0
2022-06-10,97,51,0.00,0.0,0
2022-06-11,96,55,0.00,0.0,0
2022-06-12,93,53,0.00,0.0,0
2022-06-13,91,62,0.00,0.0,0
2022-06-14,87,51,0.00,0.0,0
2022-06-15,92,45,0.00,0.0,0
2022-06-16,97,50,0.00,0.0,0
2022-06-17,91,54,0.00,0.0,0
2022-06-18,85,56,0.25,0.0,0
2022-06-19,80,54,0.33,0.0,0
2022-06-20,81,51,0.00,0.0,0
2022-06-21,77,52,0.00,0.0,0
2022-06-22,60,51,0.44,0.0,0
2022-06-23,84,51,0.00,0.0,0
2022-06-24,85,50,0.00,0.0,0
2022-06-25,80,55,0.02,0.0,0
2022-06-26,60,54,0.70,0.0,0
2022-06-27,71,52,0.35,0.0,0
2022-06-28,83,46,0.00,0.0,0
2022-06-29,87,49,0.00,0.0,0
2022-06-30,91,51,0.00,0.0,0
2022-07-01,86,55,0.00,0.0,0
2022-07-02,82,53,0.00,0.0,0
2022-07-03,79,57,0.31,0.0,0
2022-07-04,85,50,0.00,0.0,0
2022-07-05,86,54,0.03,0.0,0
2022-07-06,85,50,0.00,0.0,0
2022-07-07,89,52,0.00,0.0,0
2022-07-08,91,56,0.00,0.0,0
2022-07-09,93,55,0.00,0.0,0
2022-07-10,96,53,0.00,0.0,0
2022-07-11,95,54,0.72,0.0,0
2022-07-12,89,62,0.77,0.0,0
2022-07-13,95,63,0.00,0.0,0
2022-07-14,M,M,M,0.0,0
2022-07-15,M,M,M,0.0,0
2022-07-16,M,M,M,0.0,0
2022-07-17,M,M,M,0.0,0
2022-07-18,M,M,M,0.0,0
2022-07-19,M,M,M,0.0,0
2022-07-20,M,M,M,0.0,0
2022-07-21,M,M,M,0.0,0
2022-07-22,M,M,M,0.0,0
2022-07-23,M,M,M,0.0,0
2022-07-24,M,M,M,0.0,0
2022-07-25,M,M,M,0.0,0
2022-07-26,M,M,M,0.0,0
2022-07-27,M,M,M,0.0,0
2022-07-28,M,M,M,0.0,0
2022-07-29,M,M,M,0.0,0
2022-07-30,M,M,M,0.0,0
2022-07-31,M,M,M,0.0,0
2022-08-01,M,M,M,M,M
2022-08-02,M,M,M,M,M
2022-08-03,M,M,M,M,M
2022-08-04,M,M,M,M,M
2022-08-05,M,M,M,M,M
2022-08-06,M,M,M,M,M
2022-08-07,M,M,M,M,M
2022-08-08,M,M,M,M,M
2022-08-09,M,M,M,M,M
2022-08-10,M,M,M,M,M
2022-08-11,M,M,M,M,M
2022-08-12,M,M,M,M,M
2022-08-13,M,M,M,M,M
2022-08-14,M,M,M,M,M
2022-08-15,M,M,M,M,M
2022-08-16,M,M,M,M,M
2022-08-17,M,M,M,M,M
2022-08-18,M,M,M,M,M
2022-08-19,M,M,M,M,M
2022-08-20,M,M,M,M,M
2022-08-21,M,M,M,M,M
2022-08-22,M,M,M,M,M
2022-08-23,M,M,M,M,M
2022-08-24,M,M,M,M,M
2022-08-25,M,M,M,M,M
2022-08-26,M,M,M,M,M
2022-08-27,M,M,M,M,M
2022-08-28,M,M,M,M,M
2022-08-29,M,M,M,M,M
2022-08-30,M,M,M,M,M
2022-08-31,M,M,M,M,M
2022-09-01,M,M,M,M,M
2022-09-02,M,M,M,M,M
2022-09-03,M,M,M,M,M
2022-09-04,M,M,M,M,M
2022-09-05,M,M,M,M,M
2022-09-06,M,M,M,M,M
2022-09-07,M,M,M,M,M
2022-09-08,M,M,M,M,M
2022-09-09,M,M,M,M,M
2022-09-10,M,M,M,M,M
2022-09-11,M,M,M,M,M
2022-09-12,M,M,M,M,M
2022-09-13,M,M,M,M,M
2022-09-14,M,M,M,M,M
2022-09-15,M,M,M,M,M
2022-09-16,M,M,M,M,M
2022-09-17,M,M,M,M,M
2022-09-18,M,M,M,M,M
2022-09-19,M,M,M,M,M
2022-09-20,M,M,M,M,M
2022-09-21,M,M,M,M,M
2022-09-22,M,M,M,M,M
2022-09-23,M,M,M,M,M
2022-09-24,M,M,M,M,M
2022-09-25,M,M,M,M,M
2022-09-26,M,M,M,M,M
2022-09-27,M,M,M,M,M
2022-09-28,M,M,M,M,M
2022-09-29,M,M,M,M,M
2022-09-30,M,M,M,M,M
2022-10-01,M,M,M,M,M
2022-10-02,M,M,M,M,M
2022-10-03,M,M,M,M,M
2022-10-04,M,M,M,M,M
2022-10-05,M,M,M,M,M
2022-10-06,M,M,M,M,M
2022-10-07,M,M,M,M,M
2022-10-08,M,M,M,M,M
2022-10-09,M,M,M,M,M
2022-10-10,M,M,M,M,M
2022-10-11,M,M,M,M,M
2022-10-12,M,M,M,M,M
2022-10-13,M,M,M,M,M
2022-10-14,M,M,M,M,M
2022-10-15,M,M,M,M,M
2022-10-16,M,M,M,M,M
2022-10-17,M,M,M,M,M
2022-10-18,M,M,M,M,M
2022-10-19,M,M,M,M,M
2022-10-20,M,M,M,M,M
2022-10-21,M,M,M,M,M
2022-10-22,M,M,M,M,M
2022-10-23,M,M,M,M,M
2022-10-24,M,M,M,M,M
2022-10-25,M,M,M,M,M
2022-10-26,M,M,M,M,M
2022-10-27,M,M,M,M,M
2022-10-28,M,M,M,M,M
2022-10-29,M,M,M,M,M
2022-10-30,M,M,M,M,M
2022-10-31,M,M,M,M,M
2022-11-01,M,M,M,M,M
2022-11-02,M,M,M,M,M
2022-11-03,M,M,M,M,M
2022-11-04,M,M,M,M,M
2022-11-05,M,M,M,M,M
2022-11-06,M,M,M,M,M
2022-11-07,M,M,M,M,M
2022-11-08,M,M,M,M,M
2022-11-09,M,M,M,M,M
2022-11-10,M,M,M,M,M
2022-11-11,M,M,M,M,M
2022-11-12,M,M,M,M,M
2022-11-13,M,M,M,M,M
2022-11-14,M,M,M,M,M
2022-11-15,M,M,M,M,M
2022-11-16,M,M,M,M,M
2022-11-17,M,M,M,M,M
2022-11-18,M,M,M,M,M
2022-11-19,M,M,M,M,M
2022-11-20,M,M,M,M,M
2022-11-21,M,M,M,M,M
2022-11-22,M,M,M,M,M
2022-11-23,M,M,M,M,M
2022-11-24,M,M,M,M,M
2022-11-25,M,M,M,M,M
2022-11-26,M,M,M,M,M
2022-11-27,M,M,M,M,M
2022-11-28,M,M,M,M,M
2022-11-29,M,M,M,M,M
2022-11-30,M,M,M,M,M
2022-12-01,M,M,M,M,M
2022-12-02,M,M,M,M,M
2022-12-03,M,M,M,M,M
2022-12-04,M,M,M,M,M
2022-12-05,M,M,M,M,M
2022-12-06,M,M,M,M,M
2022-12-07,M,M,M,M,M
2022-12-08,M,M,M,M,M
2022-12-09,M,M,M,M,M
2022-12-10,M,M,M,M,M
2022-12-11,M,M,M,M,M
2022-12-12,M,M,M,M,M
2022-12-13,M,M,M,M,M
2022-12-14,M,M,M,M,M
2022-12-15,M,M,M,M,M
2022-12-16,M,M,M,M,M
2022-12-17,M,M,M,M,M
2022-12-18,M,M,M,M,M
2022-12-19,M,M,M,M,M
2022-12-20,M,M,M,M,M
2022-12-21,M,M,M,M,M
2022-12-22,M,M,M,M,M
2022-12-23,M,M,M,M,M
2022-12-24,M,M,M,M,M
2022-12-25,M,M,M,M,M
2022-12-26,M,M,M,M,M
2022-12-27,M,M,M,M,M
2022-12-28,M,M,M,M,M
2022-12-29,M,M,M,M,M
2022-12-30,M,M,M,M,M
2022-12-31,M,M,M,M,M
2023-01-01,M,M,M,M,M
2023-01-02,M,M,M,M,M
2023-01-03,M,M,M,M,M
2023-01-04,M,M,M,M,M
2023-01-05,M,M,M,M,M
2023-01-06,M,M,M,M,M
2023-01-07,M,M,M,M,M
2023-01-08,M,M,M,M,M
2023-01-09,M,M,M,M,M
2023-01-10,M,M,M,M,M
2023-01-11,M,M,M,M,M
2023-01-12,M,M,M,M,M
2023-01-13,M,M,M,M,M
2023-01-14,M,M,M,M,M
2023-01-15,M,M,M,M,M
2023-01-16,M,M,M,M,M
2023-01-17,M,M,M,M,M
2023-01-18,M,M,M,M,M
2023-01-19,M,M,M,M,M
2023-01-20,M,M,M,M,M
2023-01-21,M,M,M,M,M
2023-01-22,M,M,M,M,M
2023-01-23,M,M,M,M,M
2023-01-24,M,M,M,M,M
2023-01-25,M,M,M,M,M
2023-01-26,M,M,M,M,M
2023-01-27,M,M,M,M,M
2023-01-28,M,M,M,M,M
2023-01-29,M,M,M,M,M
2023-01-30,M,M,M,M,M
2023-01-31,M,M,M,M,M
2023-02-01,M,M,M,M,M
2023-02-02,M,M,M,M,M
2023-02-03,M,M,M,M,M
2023-02-04,M,M,M,M,M
2023-02-05,M,M,M,M,M
2023-02-06,M,M,M,M,M
2023-02-07,M,M,M,M,M
2023-02-08,M,M,M,M,M
2023-02-09,M,M,M,M,M
2023-02-10,M,M,M,M,M
2023-02-11,M,M,M,M,M
2023-02-12,M,M,M,M,M
2023-02-13,M,M,M,M,M
2023-02-14,M,M,M,M,M
2023-02-15,M,M,M,M,M
2023-02-16,M,M,M,M,M
2023-02-17,M,M,M,M,M
2023-02-18,M,M,M,M,M
2023-02-19,M,M,M,M,M
2023-02-20,M,M,M,M,M
2023-02-21,M,M,M,M,M
2023-02-22,M,M,M,M,M
2023-02-23,M,M,M,M,M
2023-02-24,M,M,M,M,M
2023-02-25,M,M,M,M,M
2023-02-26,M,M,M,M,M
2023-02-27,M,M,M,M,M
2023-02-28,M,M,M,M,M
2023-03-01,M,M,M,M,M
2023-03-02,M,M,M,M,M
2023-03-03,M,M,M,M,M
2023-03-04,M,M,M,M,M
2023-03-05,M,M,M,M,M
2023-03-06,M,M,M,M,M
2023-03-07,M,M,M,M,M
2023-03-08,M,M,M,M,M
2023-03-09,M,M,M,M,M
2023-03-10,M,M,M,M,M
2023-03-11,M,M,M,M,M
2023-03-12,M,M,M,M,M
2023-03-13,M,M,M,M,M
2023-03-14,M,M,M,M,M
2023-03-15,M,M,M,M,M
2023-03-16,M,M,M,M,M
2023-03-17,M,M,M,M,M
2023-03-18,M,M,M,M,M
2023-03-19,M,M,M,M,M
2023-03-20,M,M,M,M,M
2023-03-21,M,M,M,M,M
2023-03-22,M,M,M,M,M
2023-03-23,M,M,M,M,M
2023-03-24,M,M,M,M,M
2023-03-25,M,M,M,M,M
2023-03-26,M,M,M,M,M
2023-03-27,M,M,M,M,M
2023-03-28,M,M,M,M,M
2023-03-29,M,M,M,M,M
2023-03-30,M,M,M,M,M
2023-03-31,M,M,M,M,M
2023-04-01,M,M,M,M,M
2023-04-02,M,M,M,M,M
2023-04-03,M,M,M,M,M
2023-04-04,M,M,M,M,M
2023-04-05,M,M,M,M,M
2023-04-06,M,M,M,M,M
2023-04-07,M,M,M,M,M
2023-04-08,M,M,M,M,M
2023-04-09,M,M,M,M,M
2023-04-10,M,M,M,M,M
2023-04-11,M,M,M,M,M
2023-04-12,M,M,M,M,M
2023-04-13,M,M,M,M,M
2023-04-14,M,M,M,M,M
2023-04-15,M,M,M,M,M
2023-04-16,M,M,M,M,M
2023-04-17,M,M,M,M,M
2023-04-18,M,M,M,M,M
2023-04-19,M,M,M,M,M
2023-04-20,M,M,M,M,M
2023-04-21,M,M,M,M,M
2023-04-22,M,M,M,M,M
2023-04-23,M,M,M,M,M
2023-04-24,M,M,M,M,M
2023-04-25,M,M,M,M,M
2023-04-26,M,M,M,M,M
2023-04-27,M,M,M,M,M
2023-04-28,M,M,M,M,M
2023-04-29,M,M,M,M,M
2023-04-30,M,M,M,M,M
2023-05-01,M,M,M,M,M
2023-05-02,M,M,M,M,M
2023-05-03,M,M,M,M,M
2023-05-04,M,M,M,M,M
2023-05-05,M,M,M,M,M
2023-05-06,M,M,M,M,M
2023-05-07,M,M,M,M,M
2023-05-08,M,M,M,M,M
2023-05-09,M,M,M,M,M
2023-05-10,M,M,M,M,M
2023-05-11,M,M,M,M,M
2023-05-12,M,M,M,M,M
2023-05-13,M,M,M,M,M
2023-05-14,M,M,M,M,M
2023-05-15,M,M,M,M,M
2023-05-16,M,M,M,M,M
2023-05-17,M,M,M,M,M
2023-05-18,M,M,M,M,M
2023-05-19,M,M,M,M,M
2023-05-20,M,M,M,M,M
2023-05-21,M,M,M,M,M
2023-05-22,M,M,M,M,M
2023-05-23,M,M,M,M,M
2023-05-24,M,M,M,M,M
2023-05-25,M,M,M,M,M
2023-05-26,M,M,M,M,M
2023-05-27,M,M,M,M,M
2023-05-28,M,M,M,M,M
2023-05-29,M,M,M,M,M
2023-05-30,M,M,M,M,M
2023-05-31,M,M,M,M,M
2023-06-01,M,M,M,M,M
2023-06-02,M,M,M,M,M
2023-06-03,M,M,M,M,M
2023-06-04,M,M,M,M,M
2023-06-05,M,M,M,M,M
2023-06-06,M,M,M,M,M
2023-06-07,M,M,M,M,M
2023-06-08,M,M,M,M,M
2023-06-09,M,M,M,M,M
2023-06-10,M,M,M,M,M
2023-06-11,M,M,M,M,M
2023-06-12,M,M,M,M,M
2023-06-13,M,M,M,M,M
2023-06-14,M,M,M,M,M
2023-06-15,M,M,M,M,M
2023-06-16,M,M,M,M,M
2023-06-17,M,M,M,M,M
2023-06-18,M,M,M,M,M
2023-06-19,M,M,M,M,M
2023-06-20,M,M,M,M,M
2023-06-21,M,M,M,M,M
2023-06-22,M,M,M,M,M
2023-06-23,M,M,M,M,M
2023-06-24,M,M,M,M,M
2023-06-25,M,M,M,M,M
2023-06-26,M,M,M,M,M
2023-06-27,M,M,M,M,M
2023-06-28,M,M,M,M,M
2023-06-29,M,M,M,M,M
2023-06-30,M,M,M,M,M
2023-07-01,M,M,M,M,M
2023-07-02,M,M,M,M,M
2023-07-03,M,M,M,M,M
2023-07-04,M,M,M,M,M
2023-07-05,M,M,M,M,M
2023-07-06,M,M,M,M,M
2023-07-07,M,M,M,M,M
2023-07-08,M,M,M,M,M
2023-07-09,M,M,M,M,M
2023-07-10,M,M,M,M,M
2023-07-11,M,M,M,M,M
2023-07-12,M,M,M,M,M
2023-07-13,M,M,M,M,M
2023-07-14,M,M,M,M,M
2023-07-15,M,M,M,M,M
2023-07-16,M,M,M,M,M
2023-07-17,M,M,M,M,M
2023-07-18,M,M,M,M,M
2023-07-19,M,M,M,M,M
2023-07-20,M,M,M,M,M
2023-07-21,M,M,M,M,M
2023-07-22,M,M,M,M,M
2023-07-23,M,M,M,M,M
2023-07-24,M,M,M,M,M
2023-07-25,M,M,M,M,M
2023-07-26,M,M,M,M,M
2023-07-27,M,M,M,M,M
2023-07-28,M,M,M,M,M
2023-07-29,M,M,M,M,M
2023-07-30,M,M,M,M,M
2023-07-31,M,M,M,M,M
2023-08-01,M,M,M,M,M
2023-08-02,M,M,M,M,M
2023-08-03,M,M,M,M,M
2023-08-04,M,M,M,M,M
2023-08-05,M,M,M,M,M
2023-08-06,M,M,M,M,M
2023-08-07,M,M,M,M,M
2023-08-08,M,M,M,M,M
2023-08-09,M,M,M,M,M
2023-08-10,M,M,M,M,M
2023-08-11,M,M,M,M,M
2023-08-12,M,M,M,M,M
2023-08-13,M,M,M,M,M
2023-08-14,M,M,M,M,M
2023-08-15,M,M,M,M,M
2023-08-16,M,M,M,M,M
2023-08-17,M,M,M,M,M
2023-08-18,M,M,M,M,M
2023-08-19,M,M,M,M,M
2023-08-20,M,M,M,M,M
2023-08-21,M,M,M,M,M
2023-08-22,M,M,M,M,M
2023-08-23,M,M,M,M,M
2023-08-24,M,M,M,M,M
2023-08-25,M,M,M,M,M
2023-08-26,M,M,M,M,M
2023-08-27,M,M,M,M,M
2023-08-28,M,M,M,M,M
2023-08-29,M,M,M,M,M
2023-08-30,M,M,M,M,M
2023-08-31,M,M,M,M,M
2023-09-01,M,M,M,M,M
2023-09-02,M,M,M,M,M
2023-09-03,M,M,M,M,M
2023-09-04,M,M,M,M,M
2023-09-05,M,M,M,M,M
2023-09-06,M,M,M,M,M
2023-09-07,M,M,M,M,M
2023-09-08,M,M,M,M,M
2023-09-09,M,M,M,M,M
2023-09-10,M,M,M,M,M
2023-09-11,M,M,M,M,M
2023-09-12,M,M,M,M,M
2023-09-13,M,M,M,M,M
2023-09-14,M,M,M,M,M
2023-09-15,M,M,M,M,M
2023-09-16,M,M,M,M,M
2023-09-17,M,M,M,M,M
2023-09-18,M,M,M,M,M
2023-09-19,M,M,M,M,M
2023-09-20,M,M,M,M,M
2023-09-21,M,M,M,M,M
2023-09-22,M,M,M,M,M
2023-09-23,M,M,M,M,M
2023-09-24,M,M,M,M,M
2023-09-25,M,M,M,M,M
2023-09-26,M,M,M,M,M
2023-09-27,M,M,M,M,M
2023-09-28,M,M,M,M,M
2023-09-29,M,M,M,M,M
2023-09-30,M,M,M,M,M
2023-10-01,M,M,M,M,M
2023-10-02,M,M,M,M,M
2023-10-03,M,M,M,M,M
2023-10-04,M,M,M,M,M
2023-10-05,M,M,M,M,M
2023-10-06,M,M,M,M,M
2023-10-07,M,M,M,M,M
2023-10-08,M,M,M,M,M
2023-10-09,M,M,M,M,M
2023-10-10,M,M,M,M,M
2023-10-11,M,M,M,M,M
2023-10-12,M,M,M,M,M
2023-10-13,M,M,M,M,M
2023-10-14,M,M,M,M,M
2023-10-15,M,M,M,M,M
2023-10-16,M,M,M,M,M
2023-10-17,M,M,M,M,M
2023-10-18,M,M,M,M,M
2023-10-19,M,M,M,M,M
2023-10-20,M,M,M,M,M
2023-10-21,M,M,M,M,M
2023-10-22,M,M,M,M,M
2023-10-23,M,M,M,M,M
2023-10-24,M,M,M,M,M
2023-10-25,M,M,M,M,M
2023-10-26,M,M,M,M,M
2023-10-27,M,M,M,M,M
2023-10-28,M,M,M,M,M
2023-10-29,M,M,M,M,M
2023-10-30,M,M,M,M,M
2023-10-31,M,M,M,M,M
2023-11-01,M,M,M,M,M
2023-11-02,M,M,M,M,M
2023-11-03,M,M,M,M,M
2023-11-04,M,M,M,M,M
2023-11-05,M,M,M,M,M
2023-11-06,M,M,M,M,M
2023-11-07,M,M,M,M,M
2023-11-08,M,M,M,M,M
2023-11-09,M,M,M,M,M
2023-11-10,M,M,M,M,M
2023-11-11,M,M,M,M,M
2023-11-12,M,M,M,M,M
2023-11-13,M,M,M,M,M
2023-11-14,M,M,M,M,M
2023-11-15,M,M,M,M,M
2023-11-16,M,M,M,M,M
2023-11-17,M,M,M,M,M
2023-11-18,M,M,M,M,M
2023-11-19,M,M,M,M,M
2023-11-20,M,M,M,M,M
2023-11-21,M,M,M,M,M
2023-11-22,M,M,M,M,M
2023-11-23,M,M,M,M,M
2023-11-24,M,M,M,M,M
2023-11-25,M,M,M,M,M
2023-11-26,M,M,M,M,M
2023-11-27,M,M,M,M,M
2023-11-28,M,M,M,M,M
2023-11-29,M,M,M,M,M
2023-11-30,M,M,M,M,M
2023-12-01,M,M,M,M,M
2023-12-02,M,M,M,M,M
2023-12-03,M,M,M,M,M
2023-12-04,M,M,M,M,M
2023-12-05,M,M,M,M,M
2023-12-06,M,M,M,M,M
2023-12-07,M,M,M,M,M
2023-12-08,M,M,M,M,M
2023-12-09,M,M,M,M,M
2023-12-10,M,M,M,M,M
2023-12-11,M,M,M,M,M
2023-12-12,M,M,M,M,M
2023-12-13,M,M,M,M,M
2023-12-14,M,M,M,M,M
2023-12-15,M,M,M,M,M
2023-12-16,M,M,M,M,M
2023-12-17,M,M,M,M,M
2023-12-18,M,M,M,M,M
2023-12-19,M,M,M,M,M
2023-12-20,M,M,M,M,M
2023-12-21,M,M,M,M,M
2023-12-22,M,M,M,M,M
2023-12-23,M,M,M,M,M
2023-12-24,M,M,M,M,M
2023-12-25,M,M,M,M,M
2023-12-26,M,M,M,M,M
2023-12-27,M,M,M,M,M
2023-12-28,M,M,M,M,M
2023-12-29,M,M,M,M,M
2023-12-30,M,M,M,M,M
2023-12-31,M,M,M,M,M
2024-01-01,M,M,M,M,M
2024-01-02,M,M,M,M,M
2024-01-03,M,M,M,M,M
2024-01-04,M,M,M,M,M
2024-01-05,M,M,M,M,M
2024-01-06,M,M,M,M,M
2024-01-07,M,M,M,M,M
2024-01-08,M,M,M,M,M
2024-01-09,M,M,M,M,M
2024-01-10,M,M,M,M,M
2024-01-11,M,M,M,M,M
2024-01-12,M,M,M,M,M
2024-01-13,M,M,M,M,M
2024-01-14,M,M,M,M,M
2024-01-15,M,M,M,M,M
2024-01-16,M,M,M,M,M
2024-01-17,M,M,M,M,M
2024-01-18,M,M,M,M,M
2024-01-19,M,M,M,M,M
2024-01-20,M,M,M,M,M
2024-01-21,M,M,M,M,M
2024-01-22,M,M,M,M,M
2024-01-23,M,M,M,M,M
2024-01-24,M,M,M,M,M
2024-01-25,M,M,M,M,M
2024-01-26,M,M,M,M,M
2024-01-27,M,M,M,M,M
2024-01-28,M,M,M,M,M
2024-01-29,M,M,M,M,M
2024-01-30,M,M,M,M,M
2024-01-31,M,M,M,M,M
2024-02-01,M,M,M,M,M
2024-02-02,M,M,M,M,M
2024-02-03,M,M,M,M,M
2024-02-04,M,M,M,M,M
2024-02-05,M,M,M,M,M
2024-02-06,M,M,M,M,M
2024-02-07,M,M,M,M,M
2024-02-08,M,M,M,M,M
2024-02-09,M,M,M,M,M
2024-02-10,M,M,M,M,M
2024-02-11,M,M,M,M,M
2024-02-12,M,M,M,M,M
2024-02-13,M,M,M,M,M
2024-02-14,M,M,M,M,M
2024-02-15,M,M,M,M,M
2024-02-16,M,M,M,M,M
2024-02-17,M,M,M,M,M
2024-02-18,M,M,M,M,M
2024-02-19,M,M,M,M,M
2024-02-20,M,M,M,M,M
2024-02-21,M,M,M,M,M
2024-02-22,M,M,M,M,M
2024-02-23,M,M,M,M,M
2024-02-24,M,M,M,M,M
2024-02-25,M,M,M,M,M
2024-02-26,M,M,M,M,M
2024-02-27,M,M,M,M,M
2024-02-28,M,M,M,M,M
2024-02-29,M,M,M,M,M
2024-03-01,M,M,M,M,M
2024-03-02,M,M,M,M,M
2024-03-03,M,M,M,M,M
2024-03-04,M,M,M,M,M
2024-03-05,M,M,M,M,M
2024-03-06,M,M,M,M,M
2024-03-07,M,M,M,M,M
2024-03-08,M,M,M,M,M
2024-03-09,M,M,M,M,M
2024-03-10,M,M,M,M,M
2024-03-11,M,M,M,M,M
2024-03-12,M,M,M,M,M
2024-03-13,M,M,M,M,M
2024-03-14,M,M,M,M,M
2024-03-15,M,M,M,M,M
2024-03-16,M,M,M,M,M
2024-03-17,M,M,M,M,M
2024-03-18,M,M,M,M,M
2024-03-19,M,M,M,M,M
2024-03-20,M,M,M,M,M
2024-03-21,M,M,M,M,M
2024-03-22,M,M,M,M,M
2024-03-23,M,M,M,M,M
2024-03-24,M,M,M,M,M
2024-03-25,M,M,M,M,M
2024-03-26,M,M,M,M,M
2024-03-27,M,M,M,M,M
2024-03-28,M,M,M,M,M
2024-03-29,M,M,M,M,M
2024-03-30,M,M,M,M,M
2024-03-31,M,M,M,M,M
2024-04-01,M,M,M,M,M
2024-04-02,M,M,M,M,M
2024-04-03,M,M,M,M,M
2024-04-04,M,M,M,M,M
2024-04-05,M,M,M,M,M
2024-04-06,M,M,M,M,M
2024-04-07,M,M,M,M,M
2024-04-08,M,M,M,M,M
2024-04-09,M,M,M,M,M
2024-04-10,M,M,M,M,M
2024-04-11,M,M,M,M,M
2024-04-12,M,M,M,M,M
2024-04-13,M,M,M,M,M
2024-04-14,M,M,M,M,M
2024-04-15,M,M,M,M,M
2024-04-16,M,M,M,M,M
2024-04-17,M,M,M,M,M
2024-04-18,M,M,M,M,M
2024-04-19,M,M,M,M,M
2024-04-20,M,M,M,M,M
2024-04-21,M,M,M,M,M
2024-04-22,M,M,M,M,M
2024-04-23,M,M,M,M,M
2024-04-24,M,M,M,M,M
2024-04-25,M,M,M,M,M
2024-04-26,M,M,M,M,M
2024-04-27,M,M,M,M,M
2024-04-28,M,M,M,M,M
2024-04-29,M,M,M,M,M
2024-04-30,M,M,M,M,M
2024-05-01,M,M,M,M,M
2024-05-02,M,M,M,M,M
2024-05-03,M,M,M,M,M
2024-05-04,M,M,M,M,M
2024-05-05,M,M,M,M,M
2024-05-06,M,M,M,M,M
2024-05-07,M,M,M,M,M
2024-05-08,M,M,M,M,M
2024-05-09,M,M,M,M,M
2024-05-10,M,M,M,M,M
2024-05-11,M,M,M,M,M
2024-05-12,M,M,M,M,M
2024-05-13,M,M,M,M,M
2024-05-14,M,M,M,M,M
2024-05-15,M,M,M,M,M
2024-05-16,M,M,M,M,M
2024-05-17,M,M,M,M,M
2024-05-18,M,M,M,M,M
2024-05-19,M,M,M,M,M
2024-05-20,M,M,M,M,M
2024-05-21,M,M,M,M,M
2024-05-22,M,M,M,M,M
2024-05-23,M,M,M,M,M
2024-05-24,M,M,M,M,M
2024-05-25,M,M,M,M,M
2024-05-26,M,M,M,M,M
2024-05-27,M,M,M,M,M
2024-05-28,M,M,M,M,M
2024-05-29,M,M,M,M,M
2024-05-30,M,M,M,M,M
2024-05-31,M,M,M,M,M
2024-06-01,M,M,M,M,M
2024-06-02,M,M,M,M,M
2024-06-03,M,M,M,M,M
2024-06-04,M,M,M,M,M
2024-06-05,M,M,M,M,M
2024-06-06,M,M,M,M,M
2024-06-07,M,M,M,M,M
2024-06-08,M,M,M,M,M
2024-06-09,M,M,M,M,M
2024-06-10,M,M,M,M,M
2024-06-11,M,M,M,M,M
2024-06-12,M,M,M,M,M
2024-06-13,M,M,M,M,M
2024-06-14,M,M,M,M,M
2024-06-15,M,M,M,M,M
2024-06-16,M,M,M,M,M
2024-06-17,M,M,M,M,M
2024-06-18,M,M,M,M,M
2024-06-19,M,M,M,M,M
2024-06-20,M,M,M,M,M
2024-06-21,M,M,M,M,M
2024-06-22,M,M,M,M,M
2024-06-23,M,M,M,M,M
2024-06-24,M,M,M,M,M
2024-06-25,M,M,M,M,M
2024-06-26,M,M,M,M,M
2024-06-27,M,M,M,M,M
2024-06-28,M,M,M,M,M
2024-06-29,M,M,M,M,M
2024-06-30,M,M,M,M,M
2024-07-01,M,M,M,M,M
2024-07-02,M,M,M,M,M
2024-07-03,M,M,M,M,M
2024-07-04,M,M,M,M,M
2024-07-05,M,M,M,M,M
2024-07-06,M,M,M,M,M
2024-07-07,M,M,M,M,M
2024-07-08,M,M,M,M,M
2024-07-09,M,M,M,M,M
2024-07-10,M,M,M,M,M
2024-07-11,M,M,M,M,M
2024-07-12,M,M,M,M,M
2024-07-13,M,M,M,M,M
2024-07-14,M,M,M,M,M
2024-07-15,M,M,M,M,M
2024-07-16,M,M,M,M,M
2024-07-17,M,M,M,M,M
2024-07-18,M,M,M,M,M
2024-07-19,M,M,M,M,M
2024-07-20,M,M,M,M,M
2024-07-21,M,M,M,M,M
2024-07-22,M,M,M,M,M
2024-07-23,M,M,M,M,M
2024-07-24,M,M,M,M,M
2024-07-25,M,M,M,M,M
2024-07-26,M,M,M,M,M
2024-07-27,M,M,M,M,M
2024-07-28,M,M,M,M,M
2024-07-29,M,M,M,M,M
2024-07-30,M,M,M,M,M
2024-07-31,M,M,M,M,M
2024-08-01,M,M,M,M,M
2024-08-02,M,M,M,M,M
2024-08-03,M,M,M,M,M
2024-08-04,M,M,M,M,M
2024-08-05,M,M,M,M,M
2024-08-06,M,M,M,M,M
2024-08-07,M,M,M,M,M
2024-08-08,M,M,M,M,M
2024-08-09,M,M,M,M,M
2024-08-10,M,M,M,M,M
2024-08-11,M,M,M,M,M
2024-08-12,M,M,M,M,M
2024-08-13,M,M,M,M,M
2024-08-14,M,M,M,M,M
2024-08-15,M,M,M,M,M
2024-08-16,M,M,M,M,M
2024-08-17,M,M,M,M,M
2024-08-18,M,M,M,M,M
2024-08-19,M,M,M,M,M
2024-08-20,M,M,M,M,M
2024-08-21,M,M,M,M,M
2024-08-22,M,M,M,M,M
2024-08-23,M,M,M,M,M
2024-08-24,M,M,M,M,M
2024-08-25,M,M,M,M,M
2024-08-26,M,M,M,M,M
2024-08-27,M,M,M,M,M
2024-08-28,M,M,M,M,M
2024-08-29,M,M,M,M,M
2024-08-30,M,M,M,M,M
2024-08-31,M,M,M,M,M
2024-09-01,M,M,M,M,M
2024-09-02,M,M,M,M,M
2024-09-03,M,M,M,M,M
2024-09-04,M,M,M,M,M
2024-09-05,M,M,M,M,M
2024-09-06,M,M,M,M,M
2024-09-07,M,M,M,M,M
2024-09-08,M,M,M,M,M
2024-09-09,M,M,M,M,M
2024-09-10,M,M,M,M,M
2024-09-11,M,M,M,M,M
2024-09-12,M,M,M,M,M
2024-09-13,M,M,M,M,M
2024-09-14,M,M,M,M,M
2024-09-15,M,M,M,M,M
2024-09-16,M,M,M,M,M
2024-09-17,M,M,M,M,M
2024-09-18,M,M,M,M,M
2024-09-19,M,M,M,M,M
2024-09-20,M,M,M,M,M
2024-09-21,M,M,M,M,M
2024-09-22,M,M,M,M,M
2024-09-23,M,M,M,M,M
2024-09-24,M,M,M,M,M
2024-09-25,M,M,M,M,M
2024-09-26,M,M,M,M,M
2024-09-27,M,M,M,M,M
2024-09-28,M,M,M,M,M
2024-09-29,M,M,M,M,M
2024-09-30,M,M,M,M,M
2024-10-01,M,M,M,M,M
2024-10-02,M,M,M,M,M
2024-10-03,M,M,M,M,M
2024-10-04,M,M,M,M,M
2024-10-05,M,M,M,M,M
2024-10-06,M,M,M,M,M
2024-10-07,M,M,M,M,M
2024-10-08,M,M,M,M,M
2024-10-09,M,M,M,M,M
2024-10-10,M,M,M,M,M
2024-10-11,M,M,M,M,M
2024-10-12,M,M,M,M,M
2024-10-13,M,M,M,M,M
2024-10-14,M,M,M,M,M
2024-10-15,M,M,M,M,M
2024-10-16,M,M,M,M,M
2024-10-17,M,M,M,M,M
2024-10-18,M,M,M,M,M
2024-10-19,M,M,M,M,M
2024-10-20,M,M,M,M,M
2024-10-21,M,M,M,M,M
2024-10-22,M,M,M,M,M
2024-10-23,M,M,M,M,M
2024-10-24,M,M,M,M,M
2024-10-25,M,M,M,M,M
2024-10-26,M,M,M,M,M
2024-10-27,M,M,M,M,M
2024-10-28,M,M,M,M,M
2024-10-29,M,M,M,M,M
2024-10-30,M,M,M,M,M
2024-10-31,M,M,M,M,M
2024-11-01,M,M,M,M,M
2024-11-02,M,M,M,M,M
2024-11-03,M,M,M,M,M
2024-11-04,M,M,M,M,M
2024-11-05,M,M,M,M,M
2024-11-06,M,M,M,M,M
2024-11-07,M,M,M,M,M
2024-11-08,M,M,M,M,M
2024-11-09,M,M,M,M,M
2024-11-10,M,M,M,M,M
2024-11-11,M,M,M,M,M
2024-11-12,M,M,M,M,M
2024-11-13,M,M,M,M,M
2024-11-14,M,M,M,M,M
2024-11-15,M,M,M,M,M
2024-11-16,M,M,M,M,M
2024-11-17,M,M,M,M,M
2024-11-18,M,M,M,M,M
2024-11-19,M,M,M,M,M
2024-11-20,M,M,M,M,M
2024-11-21,M,M,M,M,M
2024-11-22,M,M,M,M,M
2024-11-23,M,M,M,M,M
2024-11-24,M,M,M,M,M
2024-11-25,M,M,M,M,M
2024-11-26,M,M,M,M,M
2024-11-27,M,M,M,M,M
2024-11-28,M,M,M,M,M
2024-11-29,M,M,M,M,M
2024-11-30,M,M,M,M,M
2024-12-01,M,M,M,M,M
2024-12-02,M,M,M,M,M
2024-12-03,M,M,M,M,M
2024-12-04,M,M,M,M,M
2024-12-05,M,M,M,M,M
2024-12-06,M,M,M,M,M
2024-12-07,M,M,M,M,M
2024-12-08,M,M,M,M,M
2024-12-09,M,M,M,M,M
2024-12-10,M,M,M,M,M
2024-12-11,M,M,M,M,M
2024-12-12,M,M,M,M,M
2024-12-13,M,M,M,M,M
2024-12-14,M,M,M,M,M
2024-12-15,M,M,M,M,M
2024-12-16,M,M,M,M,M
2024-12-17,M,M,M,M,M
2024-12-18,M,M,M,M,M
2024-12-19,M,M,M,M,M
2024-12-20,M,M,M,M,M
2024-12-21,M,M,M,M,M
2024-12-22,M,M,M,M,M
2024-12-23,M,M,M,M,M
2024-12-24,M,M,M,M,M
2024-12-25,M,M,M,M,M
2024-12-26,M,M,M,M,M
2024-12-27,M,M,M,M,M
2024-12-28,M,M,M,M,M
2024-12-29,M,M,M,M,M
2024-12-30,M,M,M,M,M
2024-12-31,M,M,M,M,M
2025-01-01,M,M,M,M,M
2025-01-02,M,M,M,M,M
2025-01-03,M,M,M,M,M
2025-01-04,M,M,M,M,M
2025-01-05,M,M,M,M,M
2025-01-06,M,M,M,M,M
2025-01-07,M,M,M,M,M
2025-01-08,M,M,M,M,M
2025-01-09,M,M,M,M,M
2025-01-10,M,M,M,M,M
2025-01-11,M,M,M,M,M
2025-01-12,M,M,M,M,M
2025-01-13,M,M,M,M,M
2025-01-14,M,M,M,M,M
2025-01-15,M,M,M,M,M
2025-01-16,M,M,M,M,M
2025-01-17,M,M,M,M,M
2025-01-18,M,M,M,M,M
2025-01-19,M,M,M,M,M
2025-01-20,M,M,M,M,M
2025-01-21,M,M,M,M,M
2025-01-22,M,M,M,M,M
2025-01-23,M,M,M,M,M
2025-01-24,M,M,M,M,M
2025-01-25,M,M,M,M,M
2025-01-26,M,M,M,M,M
2025-01-27,M,M,M,M,M
2025-01-28,M,M,M,M,M
2025-01-29,M,M,M,M,M
2025-01-30,M,M,M,M,M
2025-01-31,M,M,M,M,M
2025-02-01,M,M,M,M,M
2025-02-02,M,M,M,M,M
2025-02-03,M,M,M,M,M
2025-02-04,M,M,M,M,M
2025-02-05,M,M,M,M,M
2025-02-06,M,M,M,M,M
2025-02-07,M,M,M,M,M
2025-02-08,M,M,M,M,M
2025-02-09,M,M,M,M,M
2025-02-10,M,M,M,M,M
2025-02-11,M,M,M,M,M
2025-02-12,M,M,M,M,M
2025-02-13,M,M,M,M,M
2025-02-14,M,M,M,M,M
2025-02-15,M,M,M,M,M
2025-02-16,M,M,M,M,M
2025-02-17,M,M,M,M,M
2025-02-18,M,M,M,M,M
2025-02-19,M,M,M,M,M
2025-02-20,M,M,M,M,M
2025-02-21,M,M,M,M,M
2025-02-22,M,M,M,M,M
2025-02-23,M,M,M,M,M
2025-02-24,M,M,M,M,M
2025-02-25,M,M,M,M,M
2025-02-26,M,M,M,M,M
2025-02-27,M,M,M,M,M
2025-02-28,M,M,M,M,M
2025-03-01,M,M,M,M,M
2025-03-02,M,M,M,M,M
2025-03-03,M,M,M,M,M
2025-03-04,M,M,M,M,M
2025-03-05,M,M,M,M,M
2025-03-06,M,M,M,M,M
2025-03-07,M,M,M,M,M
2025-03-08,M,M,M,M,M
2025-03-09,M,M,M,M,M
2025-03-10,M,M,M,M,M
2025-03-11,M,M,M,M,M
2025-03-12,M,M,M,M,M
2025-03-13,M,M,M,M,M
2025-03-14,M,M,M,M,M
2025-03-15,M,M,M,M,M
2025-03-16,M,M,M,M,M
2025-03-17,M,M,M,M,M
2025-03-18,M,M,M,M,M
2025-03-19,M,M,M,M,M
2025-03-20,M,M,M,M,M
2025-03-21,M,M,M,M,M
2025-03-22,M,M,M,M,M
2025-03-23,M,M,M,M,M
2025-03-24,M,M,M,M,M
2025-03-25,M,M,M,M,M
2025-03-26,M,M,M,M,M
2025-03-27,M,M,M,M,M
2025-03-28,M,M,M,M,M
2025-03-29,M,M,M,M,M
2025-03-30,M,M,M,M,M
2025-03-31,M,M,M,M,M
2025-04-01,M,M,M,M,M
2025-04-02,M,M,M,M,M
2025-04-03,M,M,M,M,M
2025-04-04,M,M,M,M,M
2025-04-05,M,M,M,M,M
2025-04-06,M,M,M,M,M
2025-04-07,M,M,M,M,M
2025-04-08,M,M,M,M,M
2025-04-09,M,M,M,M,M
2025-04-10,M,M,M,M,M
2025-04-11,M,M,M,M,M
2025-04-12,M,M,M,M,M
2025-04-13,M,M,M,M,M
2025-04-14,M,M,M,M,M
2025-04-15,M,M,M,M,M
2025-04-16,M,M,M,M,M
2025-04-17,M,M,M,M,M
2025-04-18,M,M,M,M,M
2025-04-19,M,M,M,M,M
2025-04-20,M,M,M,M,M
2025-04-21,M,M,M,M,M
2025-04-22,M,M,M,M,M
2025-04-23,M,M,M,M,M
2025-04-24,M,M,M,M,M
2025-04-25,M,M,M,M,M
2025-04-26,M,M,M,M,M
2025-04-27,M,M,M,M,M
2025-04-28,M,M,M,M,M
2025-04-29,M,M,M,M,M
2025-04-30,M,M,M,M,M
2025-05-01,M,M,M,M,M
2025-05-02,M,M,M,M,M
2025-05-03,M,M,M,M,M
2025-05-04,M,M,M,M,M
2025-05-05,M,M,M,M,M
2025-05-06,M,M,M,M,M
2025-05-07,M,M,M,M,M
2025-05-08,M,M,M,M,M
2025-05-09,M,M,M,M,M
2025-05-10,M,M,M,M,M
2025-05-11,M,M,M,M,M
2025-05-12,M,M,M,M,M
2025-05-13,M,M,M,M,M
2025-05-14,M,M,M,M,M
2025-05-15,M,M,M,M,M
2025-05-16,M,M,M,M,M
2025-05-17,M,M,M,M,M
2025-05-18,M,M,M,M,M
2025-05-19,M,M,M,M,M
2025-05-20,M,M,M,M,M
2025-05-21,M,M,M,M,M
2025-05-22,M,M,M,M,M
2025-05-23,M,M,M,M,M
2025-05-24,M,M,M,M,M
2025-05-25,M,M,M,M,M
2025-05-26,M,M,M,M,M
2025-05-27,M,M,M,M,M
2025-05-28,M,M,M,M,M
2025-05-29,M,M,M,M,M
2025-05-30,M,M,M,M,M
2025-05-31,M,M,M,M,M
2025-06-01,M,M,M,M,M
2025-06-02,M,M,M,M,M
2025-06-03,M,M,M,M,M
2025-06-04,M,M,M,M,M
2025-06-05,M,M,M,M,M
2025-06-06,M,M,M,M,M
2025-06-07,M,M,M,M,M
2025-06-08,M,M,M,M,M
2025-06-09,M,M,M,M,M
2025-06-10,M,M,M,M,M
2025-06-11,M,M,M,M,M
2025-06-12,M,M,M,M,M
2025-06-13,M,M,M,M,M
2025-06-14,M,M,M,M,M
2025-06-15,M,M,M,M,M
2025-06-16,M,M,M,M,M
2025-06-17,M,M,M,M,M
2025-06-18,M,M,M,M,M
2025-06-19,M,M,M,M,M
2025-06-20,M,M,M,M,M
2025-06-21,M,M,M,M,M
2025-06-22,M,M,M,M,M
2025-06-23,M,M,M,M,M
2025-06-24,M,M,M,M,M
2025-06-25,M,M,M,M,M
2025-06-26,M,M,M,M,M
2025-06-27,M,M,M,M,M
2025-06-28,M,M,M,M,M
2025-06-29,M,M,M,M,M
2025-06-30,M,M,M,M,M
2025-07-01,M,M,M,M,M
2025-07-02,M,M,M,M,M
2025-07-03,M,M,M,M,M
2025-07-04,M,M,M,M,M
2025-07-05,M,M,M,M,M
2025-07-06,M,M,M,M,M
2025-07-07,M,M,M,M,M
2025-07-08,M,M,M,M,M
2025-07-09,M,M,M,M,M
2025-07-10,M,M,M,M,M
2025-07-11,M,M,M,M,M
2025-07-12,M,M,M,M,M
2025-07-13,M,M,M,M,M
2025-07-14,M,M,M,M,M
2025-07-15,M,M,M,M,M
2025-07-16,M,M,M,M,M
2025-07-17,M,M,M,M,M
2025-07-18,M,M,M,M,M
2025-07-19,M,M,M,M,M
2025-07-20,M,M,M,M,M
2025-07-21,M,M,M,M,M
2025-07-22,M,M,M,M,M
2025-07-23,M,M,M,M,M
2025-07-24,M,M,M,M,M
2025-07-25,M,M,M,M,M
2025-07-26,M,M,M,M,M
2025-07-27,M,M,M,M,M
2025-07-28,M,M,M,M,M
2025-07-29,M,M,M,M,M
2025-07-30,M,M,M,M,M
2025-07-31,M,M,M,M,M
2025-08-01,M,M,M,M,M
2025-08-02,M,M,M,M,M
2025-08-03,M,M,M,M,M
2025-08-04,M,M,M,M,M
2025-08-05,M,M,M,M,M
2025-08-06,M,M,M,M,M
2025-08-07,M,M,M,M,M
2025-08-08,M,M,M,M,M
2025-08-09,M,M,M,M,M
2025-08-10,M,M,M,M,M
2025-08-11,M,M,M,M,M
2025-08-12,M,M,M,M,M
2025-08-13,M,M,M,M,M
2025-08-14,M,M,M,M,M
2025-08-15,M,M,M,M,M
2025-08-16,M,M,M,M,M
2025-08-17,M,M,M,M,M
2025-08-18,M,M,M,M,M
2025-08-19,M,M,M,M,M
2025-08-20,M,M,M,M,M
2025-08-21,M,M,M,M,M
2025-08-22,M,M,M,M,M
2025-08-23,M,M,M,M,M
2025-08-24,M,M,M,M,M
2025-08-25,M,M,M,M,M
2025-08-26,M,M,M,M,M
2025-08-27,M,M,M,M,M
2025-08-28,M,M,M,M,M
2025-08-29,M,M,M,M,M
2025-08-30,M,M,M,M,M
2025-08-31,M,M,M,M,M
2025-09-01,M,M,M,M,M
2025-09-02,M,M,M,M,M
2025-09-03,M,M,M,M,M
2025-09-04,M,M,M,M,M
2025-09-05,M,M,M,M,M
2025-09-06,M,M,M,M,M
2025-09-07,M,M,M,M,M
2025-09-08,M,M,M,M,M
2025-09-09,M,M,M,M,M
2025-09-10,M,M,M,M,M
2025-09-11,M,M,M,M,M
2025-09-12,M,M,M,M,M
2025-09-13,M,M,M,M,M
2025-09-14,M,M,M,M,M
2025-09-15,M,M,M,M,M
2025-09-16,M,M,M,M,M
2025-09-17,M,M,M,M,M
2025-09-18,M,M,M,M,M
2025-09-19,M,M,M,M,M
2025-09-20,M,M,M,M,M
2025-09-21,M,M,M,M,M
2025-09-22,M,M,M,M,M
2025-09-23,M,M,M,M,M
2025-09-24,M,M,M,M,M
2025-09-25,M,M,M,M,M
2025-09-26,M,M,M,M,M
2025-09-27,M,M,M,M,M
2025-09-28,M,M,M,M,M
2025-09-29,M,M,M,M,M
2025-09-30,M,M,M,M,M
2025-10-01,M,M,M,M,M
2025-10-02,M,M,M,M,M
2025-10-03,M,M,M,M,M
2025-10-04,M,M,M,M,M
2025-10-05,M,M,M,M,M
2025-10-06,M,M,M,M,M
2025-10-07,M,M,M,M,M
2025-10-08,M,M,M,M,M
2025-10-09,M,M,M,M,M
2025-10-10,M,M,M,M,M
2025-10-11,M,M,M,M,M
2025-10-12,M,M,M,M,M
2025-10-13,M,M,M,M,M
2025-10-14,M,M,M,M,M
2025-10-15,M,M,M,M,M
2025-10-16,M,M,M,M,M
2025-10-17,M,M,M,M,M
2025-10-18,M,M,M,M,M
2025-10-19,M,M,M,M,M
2025-10-20,M,M,M,M,M
2025-10-21,M,M,M,M,M
2025-10-22,M,M,M,M,M
2025-10-23,M,M,M,M,M
2025-10-24,M,M,M,M,M
2025-10-25,M,M,M,M,M
2025-10-26,M,M,M,M,M
2025-10-27,M,M,M,M,M
2025-10-28,M,M,M,M,M
2025-10-29,M,M,M,M,M
2025-10-30,M,M,M,M,M
2025-10-31,M,M,M,M,M
2025-11-01,M,M,M,M,M
2025-11-02,M,M,M,M,M
2025-11-03,M,M,M,M,M
2025-11-04,M,M,M,M,M
2025-11-05,M,M,M,M,M
2025-11-06,M,M,M,M,M
2025-11-07,M,M,M,M,M
2025-11-08,M,M,M,M,M
2025-11-09,M,M,M,M,M
2025-11-10,M,M,M,M,M
2025-11-11,M,M,M,M,M
2025-11-12,M,M,M,M,M
2025-11-13,M,M,M,M,M
2025-11-14,M,M,M,M,M
2025-11-15,M,M,M,M,M
2025-11-16,M,M,M,M,M
2025-11-17,M,M,M,M,M
2025-11-18,M,M,M,M,M
2025-11-19,M,M,M,M,M
2025-11-20,M,M,M,M,M
2025-11-21,M,M,M,M,M
2025-11-22,M,M,M,M,M
2025-11-23,M,M,M,M,M
2025-11-24,M,M,M,M,M
2025-11-25,M,M,M,M,M
2025-11-26,M,M,M,M,M
2025-11-27,M,M,M,M,M
2025-11-28,M,M,M,M,M
2025-11-29,M,M,M,M,M
2025-11-30,M,M,M,M,M
