date,max_temp_f,min_temp_f,precip_in,snow_in,snow_depth_in
1948-06-07,55,40,0.53,0.0,0
1948-06-08,60,52,0.64,0.0,0
1948-06-09,60,51,0.00,0.0,0
1948-06-10,60,45,0.01,0.0,0
1948-06-11,69,44,0.02,0.0,0
1948-06-12,62,52,T,0.0,0
1948-06-13,58,51,0.16,0.0,0
1948-06-14,77,46,0.00,0.0,0
1948-06-15,77,49,0.10,0.0,0
1948-06-16,72,44,0.00,0.0,0
1948-06-17,72,40,0.30,0.0,0
1948-06-18,71,41,T,0.0,0
1948-06-19,71,43,0.18,0.0,0
1948-06-20,73,42,0.03,0.0,0
1948-06-21,73,44,0.00,0.0,0
1948-06-22,77,39,0.00,0.0,0
1948-06-23,60,47,0.72,0.0,0
1948-06-24,87,54,T,0.0,0
1948-06-25,82,61,T,0.0,0
1948-06-26,81,55,0.00,0.0,0
1948-06-27,80,60,T,0.0,0
1948-06-28,80,64,T,0.0,0
1948-06-29,89,63,T,0.0,0
1948-06-30,88,59,0.00,0.0,0
1948-07-01,83,58,T,0.0,0
1948-07-02,78,50,0.00,0.0,0
1948-07-03,84,45,0.00,0.0,0
1948-07-04,81,49,0.00,0.0,0
1948-07-05,84,49,1.70,0.0,0
1948-07-06,81,54,0.44,0.0,0
1948-07-07,74,51,T,0.0,0
1948-07-08,80,48,0.00,0.0,0
1948-07-09,86,45,0.00,0.0,0
1948-07-10,89,55,0.00,0.0,0
1948-07-11,92,58,0.00,0.0,0
1948-07-12,91,61,0.00,0.0,0
1948-07-13,77,63,1.50,0.0,0
1948-07-14,77,51,0.00,0.0,0
1948-07-15,81,46,0.00,0.0,0
1948-07-16,85,48,0.00,0.0,0
1948-07-17,80,55,0.00,0.0,0
1948-07-18,90,60,0.01,0.0,0
1948-07-19,80,58,0.15,0.0,0
1948-07-20,83,56,0.00,0.0,0
1948-07-21,85,61,T,0.0,0
1948-07-22,81,56,0.00,0.0,0
1948-07-23,65,54,1.13,0.0,0
1948-07-24,77,53,0.00,0.0,0
1948-07-25,79,46,0.00,0.0,0
1948-07-26,74,51,T,0.0,0
1948-07-27,82,60,T,0.0,0
1948-07-28,85,62,T,0.0,0
1948-07-29,82,54,0.00,0.0,0
1948-07-30,86,56,T,0.0,0
1948-07-31,83,54,0.03,0.0,0
1948-08-01,83,49,0.00,0.0,0
1948-08-02,81,54,0.00,0.0,0
1948-08-03,81,52,0.00,0.0,0
1948-08-04,78,51,0.00,0.0,0
1948-08-05,74,54,0.19,0.0,0
1948-08-06,68,48,0.63,0.0,0
1948-08-07,70,46,0.00,0.0,0
1948-08-08,73,43,T,0.0,0
1948-08-09,76,45,0.00,0.0,0
1948-08-10,77,47,T,0.0,0
1948-08-11,81,51,0.00,0.0,0
1948-08-12,72,60,0.58,0.0,0
1948-08-13,75,57,1.26,0.0,0
1948-08-14,75,56,0.01,0.0,0
1948-08-15,79,48,0.00,0.0,0
1948-08-16,84,47,0.00,0.0,0
1948-08-17,81,52,0.00,0.0,0
1948-08-18,78,50,0.00,0.0,0
1948-08-19,68,50,T,0.0,0
1948-08-20,84,56,0.00,0.0,0
1948-08-21,87,58,0.00,0.0,0
1948-08-22,84,59,0.96,0.0,0
1948-08-23,85,58,0.00,0.0,0
1948-08-24,87,59,0.00,0.0,0
1948-08-25,93,63,0.00,0.0,0
1948-08-26,97,65,0.00,0.0,0
1948-08-27,92,66,0.00,0.0,0
1948-08-28,93,67,0.00,0.0,0
1948-08-29,86,63,0.06,0.0,0
1948-08-30,73,55,0.00,0.0,0
1948-08-31,72,43,0.00,0.0,0
1948-09-01,70,41,0.00,0.0,0
1948-09-02,73,40,0.00,0.0,0
1948-09-03,80,47,0.00,0.0,0
1948-09-04,80,53,0.33,0.0,0
1948-09-05,85,54,0.00,0.0,0
1948-09-06,87,50,0.00,0.0,0
1948-09-07,86,54,0.00,0.0,0
1948-09-08,86,50,0.00,0.0,0
1948-09-09,85,49,T,0.0,0
1948-09-10,71,57,T,0.0,0
1948-09-11,77,49,T,0.0,0
1948-09-12,83,50,0.00,0.0,0
1948-09-13,92,52,0.00,0.0,0
1948-09-14,70,43,0.00,0.0,0
1948-09-15,63,34,0.00,0.0,0
1948-09-16,64,28,0.00,0.0,0
1948-09-17,69,28,0.00,0.0,0
1948-09-18,82,53,0.70,0.0,0
1948-09-19,72,46,T,0.0,0
1948-09-20,63,46,0.07,0.0,0
1948-09-21,63,36,0.00,0.0,0
1948-09-22,60,32,0.00,0.0,0
1948-09-23,57,42,0.00,0.0,0
1948-09-24,61,34,0.00,0.0,0
1948-09-25,70,31,0.00,0.0,0
1948-09-26,75,37,0.00,0.0,0
1948-09-27,77,35,0.00,0.0,0
1948-09-28,78,39,0.00,0.0,0
1948-09-29,82,44,0.00,0.0,0
1948-09-30,76,47,0.00,0.0,0
1948-10-01,76,54,0.27,0.0,0
1948-10-02,68,50,0.00,0.0,0
1948-10-03,54,29,0.00,0.0,0
1948-10-04,60,28,0.00,0.0,0
1948-10-05,61,27,0.00,0.0,0
1948-10-06,74,35,0.00,0.0,0
1948-10-07,72,32,0.00,0.0,0
1948-10-08,61,38,0.98,0.0,0
1948-10-09,64,37,T,0.0,0
1948-10-10,63,39,0.00,0.0,0
1948-10-11,62,40,0.03,0.0,0
1948-10-12,70,37,0.02,0.0,0
1948-10-13,60,34,0.00,0.0,0
1948-10-14,61,37,0.00,0.0,0
1948-10-15,61,29,0.00,0.0,0
1948-10-16,65,26,0.00,0.0,0
1948-10-17,60,43,0.50,0.0,0
1948-10-18,43,25,0.29,T,0
1948-10-19,46,19,0.00,0.0,0
1948-10-20,48,28,0.04,T,0
1948-10-21,43,23,0.00,0.0,0
1948-10-22,51,18,0.00,0.0,0
1948-10-23,54,24,0.00,0.0,0
1948-10-24,52,26,0.00,0.0,0
1948-10-25,53,36,0.13,0.0,0
1948-10-26,66,32,0.00,0.0,0
1948-10-27,63,26,0.00,0.0,0
1948-10-28,67,28,0.00,0.0,0
1948-10-29,58,31,0.00,0.0,0
1948-10-30,63,28,0.00,0.0,0
1948-10-31,66,28,0.00,0.0,0
1948-11-01,61,29,0.00,0.0,0
1948-11-02,57,25,0.00,0.0,0
1948-11-03,54,23,T,0.0,0
1948-11-04,57,45,1.53,0.0,0
1948-11-05,69,52,0.00,0.0,0
1948-11-06,72,52,T,0.0,0
1948-11-07,67,47,1.25,0.0,0
1948-11-08,59,27,0.00,0.0,0
1948-11-09,56,27,0.13,0.0,0
1948-11-10,67,45,0.40,0.0,0
1948-11-11,52,29,0.20,0.0,0
1948-11-12,51,25,0.00,0.0,0
1948-11-13,49,40,0.02,0.0,0
1948-11-14,47,26,0.00,0.0,0
1948-11-15,37,25,0.01,T,0
1948-11-16,49,27,0.00,0.0,0
1948-11-17,51,27,0.10,0.0,0
1948-11-18,55,28,0.00,0.0,0
1948-11-19,47,24,2.22,0.0,0
1948-11-20,50,42,0.94,0.0,0
1948-11-21,48,33,T,0.0,0
1948-11-22,49,36,0.99,0.0,0
1948-11-23,40,36,0.41,0.0,0
1948-11-24,42,38,T,0.0,0
1948-11-25,47,29,0.00,0.0,0
1948-11-26,49,23,0.00,0.0,0
1948-11-27,53,34,0.15,0.0,0
1948-11-28,47,30,0.00,0.0,0
1948-11-29,39,20,T,0.0,0
1948-11-30,35,15,0.00,0.0,0
1948-12-01,41,27,0.00,0.0,0
1948-12-02,42,23,0.00,0.0,0
1948-12-03,43,19,0.00,0.0,0
1948-12-04,48,20,0.00,0.0,0
1948-12-05,52,20,0.00,0.0,0
1948-12-06,45,38,0.33,0.0,0
1948-12-07,52,28,0.00,0.0,0
1948-12-08,45,26,0.00,0.0,0
1948-12-09,40,22,0.00,0.0,0
1948-12-10,34,22,T,T,0
1948-12-11,33,13,T,T,T
1948-12-12,36,9,T,0.0,T
1948-12-13,49,32,T,T,0
1948-12-14,36,21,T,T,0
1948-12-15,27,12,0.00,0.0,0
1948-12-16,29,22,0.07,1.0,1
1948-12-17,36,26,0.02,T,T
1948-12-18,28,9,T,T,T
1948-12-19,20,5,0.14,1.5,2
1948-12-20,28,9,0.01,0.1,1
1948-12-21,29,2,0.06,2.0,3
1948-12-22,40,18,0.00,0.0,1
1948-12-23,34,15,T,T,1
1948-12-24,17,-1,0.00,0.0,1
1948-12-25,18,-8,0.00,0.0,1
1948-12-26,12,-4,0.00,0.0,1
1948-12-27,23,-6,0.00,0.0,1
1948-12-28,38,14,0.00,0.0,T
1948-12-29,47,12,0.40,T,T
1948-12-30,52,37,1.66,0.0,0
1948-12-31,52,39,0.40,0.0,0
1949-01-01,41,29,0.39,2.8,T
1949-01-02,31,25,0.26,1.9,1
1949-01-03,31,26,T,T,1
1949-01-04,38,18,0.00,0.0,T
1949-01-05,36,22,0.44,0.0,T
1949-01-06,49,32,0.74,0.0,0
1949-01-07,39,30,0.05,0.5,0
1949-01-08,47,24,0.00,0.0,0
1949-01-09,40,26,0.00,0.0,0
1949-01-10,43,33,0.00,0.0,0
1949-01-11,34,5,0.00,0.0,0
1949-01-12,24,1,0.03,0.5,T
1949-01-13,32,19,T,T,T
1949-01-14,30,8,0.13,2.0,1
1949-01-15,26,-0,T,0.0,1
1949-01-16,41,19,T,0.0,T
1949-01-17,46,30,T,0.0,T
1949-01-18,35,25,0.04,0.0,0
1949-01-19,50,30,0.07,0.0,0
1949-01-20,37,11,0.00,0.0,0
1949-01-21,22,7,0.27,2.8,0
1949-01-22,33,16,0.30,3.0,6
1949-01-23,32,16,0.00,0.0,5
1949-01-24,33,22,0.03,T,4
1949-01-25,34,13,T,T,4
1949-01-26,14,5,0.69,6.8,7
1949-01-27,30,12,0.22,3.0,9
1949-01-28,36,18,0.10,1.0,11
1949-01-29,39,10,T,0.0,8
1949-01-30,25,9,0.00,0.0,7
1949-01-31,31,-3,0.73,7.0,14
1949-02-01,31,22,0.00,0.0,13
1949-02-02,24,-9,T,T,13
1949-02-03,25,-10,0.00,0.0,13
1949-02-04,22,9,0.48,5.5,16
1949-02-05,22,-8,0.03,T,17
1949-02-06,28,-17,0.00,0.0,15
1949-02-07,40,3,0.24,3.5,19
1949-02-08,41,1,0.00,0.0,17
1949-02-09,50,18,0.00,0.0,14
1949-02-10,35,9,0.00,0.0,14
1949-02-11,23,-8,0.00,0.0,12
1949-02-12,27,-13,0.00,0.0,11
1949-02-13,40,27,T,0.0,10
1949-02-14,47,32,0.02,0.0,7
1949-02-15,46,31,0.94,0.0,3
1949-02-16,46,31,0.00,0.0,3
1949-02-17,35,18,T,T,2
1949-02-18,40,5,0.00,0.0,2
1949-02-19,58,25,0.00,0.0,1
1949-02-20,43,21,T,T,1
1949-02-21,35,14,0.00,0.0,1
1949-02-22,33,15,0.11,0.1,1
1949-02-23,37,20,0.23,2.6,3
1949-02-24,44,17,0.00,0.0,2
1949-02-25,36,32,0.32,2.0,4
1949-02-26,33,18,0.14,1.0,6
1949-02-27,40,4,0.00,0.0,5
1949-02-28,33,10,T,T,4
1949-03-01,34,21,0.10,1.0,5
1949-03-02,34,14,0.00,0.0,3
1949-03-03,34,12,0.00,0.0,2
1949-03-04,38,4,0.00,0.0,2
1949-03-05,49,29,0.01,T,1
1949-03-06,41,27,0.20,0.0,1
1949-03-07,28,10,T,T,1
1949-03-08,44,3,0.00,0.0,1
1949-03-09,54,13,0.00,0.0,1
1949-03-10,40,31,T,T,T
1949-03-11,37,28,0.44,2.0,2
1949-03-12,32,20,T,T,2
1949-03-13,30,15,0.01,T,2
1949-03-14,43,19,0.00,0.0,1
1949-03-15,34,17,T,T,1
1949-03-16,30,11,0.00,0.0,1
1949-03-17,35,22,T,T,1
1949-03-18,31,12,T,T,1
1949-03-19,24,7,0.00,0.0,1
1949-03-20,32,-2,0.00,0.0,1
1949-03-21,53,13,T,T,1
1949-03-22,60,33,T,0.0,T
1949-03-23,56,38,0.11,0.0,0
1949-03-24,50,24,0.00,0.0,0
1949-03-25,55,22,T,0.0,0
1949-03-26,72,35,T,0.0,0
1949-03-27,56,45,T,0.0,0
1949-03-28,56,43,0.02,0.0,0
1949-03-29,55,39,T,0.0,0
1949-03-30,50,28,0.32,0.0,0
1949-03-31,49,25,0.00,0.0,0
1949-04-01,53,18,0.00,0.0,0
1949-04-02,53,33,0.00,0.0,0
1949-04-03,54,33,T,0.0,0
1949-04-04,42,29,0.33,0.0,0
1949-04-05,62,23,0.00,0.0,0
1949-04-06,42,34,0.30,T,0
1949-04-07,54,33,T,0.0,0
1949-04-08,53,29,T,0.0,0
1949-04-09,41,34,T,T,0
1949-04-10,51,27,0.00,0.0,0
1949-04-11,54,24,0.00,0.0,0
1949-04-12,70,25,0.00,0.0,0
1949-04-13,76,33,0.00,0.0,0
1949-04-14,77,44,T,0.0,0
1949-04-15,54,35,0.05,0.0,0
1949-04-16,49,32,T,T,0
1949-04-17,42,31,T,T,0
1949-04-18,47,35,0.15,T,0
1949-04-19,46,33,0.13,1.0,0
1949-04-20,58,33,0.00,0.0,0
1949-04-21,72,32,0.00,0.0,0
1949-04-22,78,41,0.10,0.0,0
1949-04-23,70,45,0.04,0.0,0
1949-04-24,52,32,T,0.0,0
1949-04-25,56,26,0.00,0.0,0
1949-04-26,54,37,0.24,0.0,0
1949-04-27,66,45,0.10,0.0,0
1949-04-28,45,28,T,T,0
1949-04-29,56,22,T,0.0,0
1949-04-30,75,33,0.00,0.0,0
1949-05-01,80,36,T,0.0,0
1949-05-02,72,60,T,0.0,0
1949-05-03,76,46,0.50,0.0,0
1949-05-04,84,41,0.00,0.0,0
1949-05-05,88,49,0.30,0.0,0
1949-05-06,66,57,0.06,0.0,0
1949-05-07,64,37,0.01,0.0,0
1949-05-08,74,32,0.00,0.0,0
1949-05-09,77,42,0.00,0.0,0
1949-05-10,66,40,0.00,0.0,0
1949-05-11,62,29,0.00,0.0,0
1949-05-12,63,30,0.00,0.0,0
1949-05-13,68,40,0.00,0.0,0
1949-05-14,71,40,T,0.0,0
1949-05-15,69,38,0.00,0.0,0
1949-05-16,70,37,0.00,0.0,0
1949-05-17,82,43,0.00,0.0,0
1949-05-18,84,46,0.03,0.0,0
1949-05-19,85,52,0.05,0.0,0
1949-05-20,55,34,0.17,0.0,0
1949-05-21,68,32,0.00,0.0,0
1949-05-22,58,42,0.01,0.0,0
1949-05-23,73,48,0.13,0.0,0
1949-05-24,74,46,0.01,0.0,0
1949-05-25,59,35,0.30,0.0,0
1949-05-26,56,30,0.08,0.0,0
1949-05-27,60,43,0.10,0.0,0
1949-05-28,56,43,T,0.0,0
1949-05-29,59,38,0.58,0.0,0
1949-05-30,57,34,T,0.0,0
1949-05-31,68,35,0.00,0.0,0
1949-06-01,73,35,0.00,0.0,0
1949-06-02,82,42,0.00,0.0,0
1949-06-03,85,50,0.00,0.0,0
1949-06-04,87,51,0.00,0.0,0
1949-06-05,83,58,0.00,0.0,0
1949-06-06,82,49,0.00,0.0,0
1949-06-07,71,39,0.00,0.0,0
1949-06-08,59,37,0.00,0.0,0
1949-06-09,67,36,0.00,0.0,0
1949-06-10,78,42,0.00,0.0,0
1949-06-11,87,52,0.00,0.0,0
1949-06-12,89,55,0.00,0.0,0
1949-06-13,90,59,0.00,0.0,0
1949-06-14,85,67,0.00,0.0,0
1949-06-15,84,62,0.00,0.0,0
1949-06-16,87,62,0.00,0.0,0
1949-06-17,88,60,0.00,0.0,0
1949-06-18,88,60,0.00,0.0,0
1949-06-19,88,68,T,0.0,0
1949-06-20,81,66,1.12,0.0,0
1949-06-21,90,63,0.07,0.0,0
1949-06-22,82,62,T,0.0,0
1949-06-23,77,50,0.00,0.0,0
1949-06-24,86,48,0.03,0.0,0
1949-06-25,90,60,0.72,0.0,0
1949-06-26,87,63,T,0.0,0
1949-06-27,87,60,T,0.0,0
1949-06-28,68,58,0.00,0.0,0
1949-06-29,79,58,0.00,0.0,0
1949-06-30,84,59,0.00,0.0,0
1949-07-01,85,57,0.00,0.0,0
1949-07-02,91,59,0.00,0.0,0
1949-07-03,92,63,0.00,0.0,0
1949-07-04,87,57,0.29,0.0,0
1949-07-05,80,56,T,0.0,0
1949-07-06,77,54,T,0.0,0
1949-07-07,76,48,0.00,0.0,0
1949-07-08,81,41,0.00,0.0,0
1949-07-09,84,47,0.00,0.0,0
1949-07-10,68,62,0.43,0.0,0
1949-07-11,79,54,0.00,0.0,0
1949-07-12,86,58,0.00,0.0,0
1949-07-13,81,65,0.26,0.0,0
1949-07-14,81,62,0.00,0.0,0
1949-07-15,77,59,T,0.0,0
1949-07-16,86,64,T,0.0,0
1949-07-17,81,63,T,0.0,0
1949-07-18,81,64,0.92,0.0,0
1949-07-19,89,67,0.01,0.0,0
1949-07-20,89,66,0.03,0.0,0
1949-07-21,83,57,0.00,0.0,0
1949-07-22,78,51,0.00,0.0,0
1949-07-23,78,52,0.00,0.0,0
1949-07-24,83,46,0.00,0.0,0
1949-07-25,68,60,0.60,0.0,0
1949-07-26,88,59,0.00,0.0,0
1949-07-27,94,60,0.01,0.0,0
1949-07-28,95,67,T,0.0,0
1949-07-29,93,65,0.00,0.0,0
1949-07-30,93,66,T,0.0,0
1949-07-31,76,63,0.06,0.0,0
1949-08-01,81,56,0.00,0.0,0
1949-08-02,83,54,0.00,0.0,0
1949-08-03,79,59,0.00,0.0,0
1949-08-04,86,63,T,0.0,0
1949-08-05,82,61,0.00,0.0,0
1949-08-06,85,59,0.00,0.0,0
1949-08-07,88,58,0.00,0.0,0
1949-08-08,91,57,0.00,0.0,0
1949-08-09,92,66,T,0.0,0
1949-08-10,94,62,0.45,0.0,0
1949-08-11,87,66,T,0.0,0
1949-08-12,77,68,0.04,0.0,0
1949-08-13,81,61,0.00,0.0,0
1949-08-14,81,56,0.00,0.0,0
1949-08-15,78,50,0.00,0.0,0
1949-08-16,79,47,0.00,0.0,0
1949-08-17,69,52,T,0.0,0
1949-08-18,70,60,0.30,0.0,0
1949-08-19,66,50,0.00,0.0,0
1949-08-20,68,45,0.00,0.0,0
1949-08-21,79,40,0.00,0.0,0
1949-08-22,87,44,0.00,0.0,0
1949-08-23,85,55,0.00,0.0,0
1949-08-24,74,45,0.15,0.0,0
1949-08-25,78,39,0.00,0.0,0
1949-08-26,92,48,0.00,0.0,0
1949-08-27,92,60,0.00,0.0,0
1949-08-28,88,62,0.62,0.0,0
1949-08-29,74,57,1.02,0.0,0
1949-08-30,79,50,0.00,0.0,0
1949-08-31,78,50,0.39,0.0,0
1949-09-01,79,50,0.02,0.0,0
1949-09-02,74,37,0.00,0.0,0
1949-09-03,81,45,0.00,0.0,0
1949-09-04,84,46,0.00,0.0,0
1949-09-05,79,54,0.16,0.0,0
1949-09-06,67,44,0.00,0.0,0
1949-09-07,61,39,0.00,0.0,0
1949-09-08,55,45,0.41,0.0,0
1949-09-09,57,48,0.14,0.0,0
1949-09-10,67,40,0.00,0.0,0
1949-09-11,70,39,0.00,0.0,0
1949-09-12,70,43,0.00,0.0,0
1949-09-13,70,39,0.14,0.0,0
1949-09-14,79,60,0.62,0.0,0
1949-09-15,68,53,0.22,0.0,0
1949-09-16,72,42,0.05,0.0,0
1949-09-17,74,47,0.00,0.0,0
1949-09-18,71,45,T,0.0,0
1949-09-19,77,53,0.03,0.0,0
1949-09-20,65,44,T,0.0,0
1949-09-21,64,44,0.02,0.0,0
1949-09-22,57,50,0.60,0.0,0
1949-09-23,57,46,0.73,0.0,0
1949-09-24,59,37,T,0.0,0
1949-09-25,57,32,0.00,0.0,0
1949-09-26,67,32,0.00,0.0,0
1949-09-27,65,35,0.00,0.0,0
1949-09-28,66,54,0.03,0.0,0
1949-09-29,67,54,0.13,0.0,0
1949-09-30,67,48,0.18,0.0,0
1949-10-01,62,31,0.00,0.0,0
1949-10-02,64,30,0.00,0.0,0
1949-10-03,69,32,0.00,0.0,0
1949-10-04,75,44,0.00,0.0,0
1949-10-05,69,39,T,0.0,0
1949-10-06,65,35,0.00,0.0,0
1949-10-07,58,35,0.02,0.0,0
1949-10-08,64,51,T,0.0,0
1949-10-09,81,57,0.00,0.0,0
1949-10-10,85,55,0.00,0.0,0
1949-10-11,81,53,0.00,0.0,0
1949-10-12,82,57,0.01,0.0,0
1949-10-13,65,36,0.00,0.0,0
1949-10-14,72,33,0.00,0.0,0
1949-10-15,54,35,0.08,0.0,0
1949-10-16,64,31,0.00,0.0,0
1949-10-17,68,28,0.00,0.0,0
1949-10-18,62,29,0.00,0.0,0
1949-10-19,67,35,0.00,0.0,0
1949-10-20,70,30,0.00,0.0,0
1949-10-21,74,28,0.00,0.0,0
1949-10-22,66,48,0.07,0.0,0
1949-10-23,60,47,0.06,0.0,0
1949-10-24,54,25,T,0.0,0
1949-10-25,51,20,T,0.0,0
1949-10-26,58,40,0.85,0.0,0
1949-10-27,52,25,0.00,0.0,0
1949-10-28,60,23,0.00,0.0,0
1949-10-29,69,32,0.00,0.0,0
1949-10-30,63,35,0.00,0.0,0
1949-10-31,58,42,0.60,0.0,0
1949-11-01,50,27,0.00,0.0,0
1949-11-02,55,25,0.00,0.0,0
1949-11-03,60,23,T,0.0,0
1949-11-04,49,37,0.61,0.0,0
1949-11-05,39,29,0.04,T,T
1949-11-06,35,19,T,T,0
1949-11-07,35,21,T,T,0
1949-11-08,62,32,0.00,0.0,0
1949-11-09,48,22,0.00,0.0,0
1949-11-10,60,20,0.00,0.0,0
1949-11-11,52,36,T,0.0,0
1949-11-12,45,23,0.00,0.0,0
1949-11-13,40,22,0.06,0.0,0
1949-11-14,54,36,0.28,0.0,0
1949-11-15,54,26,0.00,0.0,0
1949-11-16,47,24,T,0.0,0
1949-11-17,42,21,0.00,0.0,0
1949-11-18,44,19,T,T,0
1949-11-19,39,21,0.01,T,0
1949-11-20,41,31,0.11,T,0
1949-11-21,44,26,T,T,0
1949-11-22,25,6,T,T,0
1949-11-23,39,6,T,T,0
1949-11-24,34,15,T,T,T
1949-11-25,37,26,0.25,T,T
1949-11-26,26,7,T,T,0
1949-11-27,20,2,0.07,1.0,T
1949-11-28,31,18,T,T,1
1949-11-29,40,31,0.26,T,0
1949-11-30,45,28,T,T,0
1949-12-01,41,26,T,T,T
1949-12-02,34,23,0.03,0.5,T
1949-12-03,31,18,0.01,T,T
1949-12-04,30,6,0.06,0.5,T
1949-12-05,36,20,0.06,T,1
1949-12-06,22,1,T,T,M
1949-12-07,22,1,0.36,M,M
1949-12-08,26,-0,0.00,0.0,4
1949-12-09,19,-6,T,T,4
1949-12-10,21,-15,0.00,0.0,4
1949-12-11,29,-4,T,T,4
1949-12-12,47,24,0.25,0.0,T
1949-12-13,48,28,0.08,0.0,T
1949-12-14,34,18,0.00,0.0,T
1949-12-15,30,5,0.00,0.0,0
1949-12-16,31,2,0.00,0.0,0
1949-12-17,36,8,0.00,0.0,0
1949-12-18,46,25,0.09,0.0,0
1949-12-19,51,32,0.00,0.0,0
1949-12-20,44,24,T,0.0,0
1949-12-21,51,36,0.05,0.0,0
1949-12-22,60,40,T,0.0,0
1949-12-23,57,26,0.40,T,T
1949-12-24,30,12,T,T,0
1949-12-25,34,7,0.00,0.0,0
1949-12-26,48,25,0.19,0.0,0
1949-12-27,58,41,0.26,0.0,0
1949-12-28,55,28,T,T,0
1949-12-29,36,8,0.02,1.0,1
1949-12-30,18,3,0.00,0.0,0
1949-12-31,30,-0,0.00,0.0,0
1950-01-01,33,12,0.00,0.0,T
1950-01-02,35,14,T,T,T
1950-01-03,50,32,0.05,0.0,0
1950-01-04,64,49,0.12,0.0,0
1950-01-05,62,29,T,0.0,0
1950-01-06,33,26,1.00,1.0,M
1950-01-07,26,8,0.42,M,M
1950-01-08,17,-19,T,T,6
1950-01-09,16,-15,0.00,0.0,5
1950-01-10,30,-0,0.32,3.0,8
1950-01-11,38,12,T,T,7
1950-01-12,27,-6,0.00,0.0,6
1950-01-13,35,9,0.34,0.1,6
1950-01-14,49,30,T,0.0,T
1950-01-15,35,15,0.21,T,T
1950-01-16,44,24,0.22,T,T
1950-01-17,28,18,0.00,T,T
1950-01-18,46,18,0.08,1.0,T
1950-01-19,22,4,0.00,0.0,T
1950-01-20,16,-2,T,T,T
1950-01-21,18,-0,0.05,T,T
1950-01-22,32,16,0.35,2.2,2
1950-01-23,39,29,0.02,0.0,2
1950-01-24,33,23,0.15,2.0,3
1950-01-25,35,25,T,T,3
1950-01-26,55,32,0.02,0.0,1
1950-01-27,42,10,0.00,0.0,1
1950-01-28,31,1,T,T,T
1950-01-29,45,24,T,T,T
1950-01-30,46,17,T,0.0,T
1950-01-31,28,13,0.33,5.0,5
1950-02-01,25,11,0.00,0.0,5
1950-02-02,31,14,0.18,3.0,7
1950-02-03,35,6,T,1.0,8
1950-02-04,34,6,T,T,7
1950-02-05,21,-2,0.00,0.0,7
1950-02-06,20,3,0.11,1.0,8
1950-02-07,20,-13,T,T,7
1950-02-08,23,-23,0.00,0.0,7
1950-02-09,45,-4,0.50,3.0,5
1950-02-10,44,18,0.00,0.0,M
1950-02-11,39,18,T,M,M
1950-02-12,40,16,0.00,0.0,3
1950-02-13,31,11,0.00,0.0,2
1950-02-14,28,20,0.04,4.0,5
1950-02-15,31,19,0.73,3.6,11
1950-02-16,37,23,0.15,1.5,13
1950-02-17,39,27,0.00,0.0,10
1950-02-18,35,15,T,T,9
1950-02-19,38,M,0.03,T,8
1950-02-20,M,-9,0.00,0.0,8
1950-02-21,10,-16,T,T,8
1950-02-22,11,-0,0.51,6.5,14
1950-02-23,26,11,0.33,5.0,19
1950-02-24,37,-1,0.02,T,18
1950-02-25,25,-7,T,T,17
1950-02-26,17,-22,0.00,0.0,16
1950-02-27,11,-21,0.00,0.0,15
1950-02-28,28,-23,0.06,1.0,14
1950-03-01,38,16,T,T,14
1950-03-02,16,2,T,T,13
1950-03-03,9,-13,T,T,13
1950-03-04,20,-26,0.00,0.0,11
1950-03-05,45,-2,0.00,0.0,10
1950-03-06,40,-0,T,T,8
1950-03-07,39,-9,0.00,0.0,7
1950-03-08,51,25,0.45,0.0,5
1950-03-09,43,7,0.21,T,5
1950-03-10,21,6,T,T,5
1950-03-11,26,-3,0.05,T,5
1950-03-12,35,22,0.05,1.0,M
1950-03-13,24,17,1.30,M,M
1950-03-14,33,12,0.06,T,11
1950-03-15,34,4,0.03,T,11
1950-03-16,28,7,T,T,10
1950-03-17,34,-0,T,T,9
1950-03-18,35,14,0.36,0.3,10
1950-03-19,39,3,0.00,0.0,8
1950-03-20,49,7,0.00,0.0,4
1950-03-21,46,20,0.00,0.0,2
1950-03-22,51,14,0.00,0.0,2
1950-03-23,38,32,0.31,T,1
1950-03-24,37,33,0.09,T,2
1950-03-25,43,25,0.00,0.0,1
1950-03-26,46,20,0.00,0.0,1
1950-03-27,37,22,0.82,T,1
1950-03-28,58,33,0.28,0.0,T
1950-03-29,59,31,0.34,T,T
1950-03-30,35,17,0.14,T,T
1950-03-31,44,10,0.00,0.0,T
1950-04-01,50,12,T,0.0,T
1950-04-02,51,32,0.02,T,T
1950-04-03,46,30,0.26,0.0,0
1950-04-04,70,38,0.15,0.0,0
1950-04-05,62,36,0.06,0.0,0
1950-04-06,35,17,0.00,0.0,0
1950-04-07,47,10,0.00,0.0,0
1950-04-08,50,17,0.00,0.0,0
1950-04-09,40,26,T,T,0
1950-04-10,45,20,0.00,0.0,0
1950-04-11,49,19,T,0.0,0
1950-04-12,47,27,0.02,T,0
1950-04-13,34,25,0.22,3.0,3
1950-04-14,48,29,T,T,0
1950-04-15,47,29,T,T,0
1950-04-16,59,25,0.00,0.0,0
1950-04-17,63,25,T,0.0,0
1950-04-18,70,28,0.00,0.0,0
1950-04-19,67,26,0.00,0.0,0
1950-04-20,48,40,1.51,0.0,0
1950-04-21,54,33,0.00,0.0,0
1950-04-22,48,27,0.00,0.0,0
1950-04-23,43,25,0.05,0.0,0
1950-04-24,51,25,0.00,0.0,0
1950-04-25,59,20,0.02,0.0,0
1950-04-26,46,40,0.01,0.0,0
1950-04-27,67,38,T,0.0,0
1950-04-28,60,32,T,0.0,0
1950-04-29,58,26,0.00,0.0,0
1950-04-30,61,27,0.00,0.0,0
1950-05-01,47,38,0.24,0.0,0
1950-05-02,66,38,0.00,0.0,0
1950-05-03,71,29,0.00,0.0,0
1950-05-04,65,43,T,0.0,0
1950-05-05,59,45,0.00,0.0,0
1950-05-06,83,46,0.00,0.0,0
1950-05-07,65,34,T,0.0,0
1950-05-08,52,25,0.00,0.0,0
1950-05-09,69,23,T,0.0,0
1950-05-10,71,47,T,0.0,0
1950-05-11,64,46,0.00,0.0,0
1950-05-12,72,35,0.00,0.0,0
1950-05-13,77,38,0.18,0.0,0
1950-05-14,66,29,0.00,0.0,0
1950-05-15,66,34,0.00,0.0,0
1950-05-16,67,44,0.01,0.0,0
1950-05-17,75,43,T,0.0,0
1950-05-18,55,45,0.60,0.0,0
1950-05-19,52,43,0.49,0.0,0
1950-05-20,67,39,0.01,0.0,0
1950-05-21,74,36,0.00,0.0,0
1950-05-22,74,30,0.00,0.0,0
1950-05-23,75,37,0.00,0.0,0
1950-05-24,70,48,T,0.0,0
1950-05-25,72,51,T,0.0,0
1950-05-26,81,47,0.00,0.0,0
1950-05-27,82,44,0.00,0.0,0
1950-05-28,76,43,0.00,0.0,0
1950-05-29,66,50,0.18,0.0,0
1950-05-30,72,56,0.06,0.0,0
1950-05-31,77,56,T,0.0,0
1950-06-01,68,47,1.27,0.0,0
1950-06-02,78,44,0.00,0.0,0
1950-06-03,70,50,0.27,0.0,0
1950-06-04,67,42,0.53,0.0,0
1950-06-05,73,35,0.00,0.0,0
1950-06-06,83,40,T,0.0,0
1950-06-07,88,48,0.00,0.0,0
1950-06-08,88,58,0.00,0.0,0
1950-06-09,91,56,0.00,0.0,0
1950-06-10,83,60,0.28,0.0,0
1950-06-11,68,40,0.00,0.0,0
1950-06-12,73,33,0.00,0.0,0
1950-06-13,79,39,0.00,0.0,0
1950-06-14,76,53,0.00,0.0,0
1950-06-15,82,46,0.00,0.0,0
1950-06-16,81,49,0.00,0.0,0
1950-06-17,71,44,0.02,0.0,0
1950-06-18,67,39,0.00,0.0,0
1950-06-19,64,34,0.00,0.0,0
1950-06-20,80,46,0.00,0.0,0
1950-06-21,81,45,T,0.0,0
1950-06-22,75,38,0.00,0.0,0
1950-06-23,88,50,0.00,0.0,0
1950-06-24,85,64,T,0.0,0
1950-06-25,88,58,0.00,0.0,0
1950-06-26,88,56,0.00,0.0,0
1950-06-27,76,57,0.06,0.0,0
1950-06-28,75,49,0.00,0.0,0
1950-06-29,79,46,T,0.0,0
1950-06-30,81,56,0.00,0.0,0
1950-07-01,81,53,0.00,0.0,0
1950-07-02,82,43,0.05,0.0,0
1950-07-03,83,57,T,0.0,0
1950-07-04,69,52,0.06,0.0,0
1950-07-05,82,58,1.02,0.0,0
1950-07-06,78,53,0.30,0.0,0
1950-07-07,79,48,0.00,0.0,0
1950-07-08,85,48,0.00,0.0,0
1950-07-09,88,51,0.00,0.0,0
1950-07-10,84,55,0.00,0.0,0
1950-07-11,73,57,0.04,0.0,0
1950-07-12,85,59,0.03,0.0,0
1950-07-13,87,55,0.11,0.0,0
1950-07-14,73,47,0.02,0.0,0
1950-07-15,79,42,0.00,0.0,0
1950-07-16,79,48,0.00,0.0,0
1950-07-17,86,64,0.09,0.0,0
1950-07-18,85,63,0.02,0.0,0
1950-07-19,83,52,0.00,0.0,0
1950-07-20,68,42,0.14,0.0,0
1950-07-21,76,39,0.00,0.0,0
1950-07-22,80,41,0.00,0.0,0
1950-07-23,83,47,0.00,0.0,0
1950-07-24,78,50,0.00,0.0,0
1950-07-25,81,60,0.00,0.0,0
1950-07-26,78,49,0.00,0.0,0
1950-07-27,79,44,0.00,0.0,0
1950-07-28,80,49,0.10,0.0,0
1950-07-29,84,55,T,0.0,0
1950-07-30,85,54,T,0.0,0
1950-07-31,84,53,0.57,0.0,0
1950-08-01,78,57,0.24,0.0,0
1950-08-02,66,49,0.19,0.0,0
1950-08-03,78,49,0.00,0.0,0
1950-08-04,78,51,0.24,0.0,0
1950-08-05,72,51,0.03,0.0,0
1950-08-06,77,46,0.00,0.0,0
1950-08-07,78,48,0.00,0.0,0
1950-08-08,84,43,0.00,0.0,0
1950-08-09,85,47,0.00,0.0,0
1950-08-10,86,58,0.00,0.0,0
1950-08-11,71,42,0.00,0.0,0
1950-08-12,75,38,0.00,0.0,0
1950-08-13,77,38,0.00,0.0,0
1950-08-14,80,46,0.00,0.0,0
1950-08-15,81,39,0.00,0.0,0
1950-08-16,79,43,T,0.0,0
1950-08-17,88,52,T,0.0,0
1950-08-18,87,58,0.11,0.0,0
1950-08-19,73,58,0.08,0.0,0
1950-08-20,73,53,0.49,0.0,0
1950-08-21,73,42,0.00,0.0,0
1950-08-22,78,40,0.00,0.0,0
1950-08-23,82,45,0.00,0.0,0
1950-08-24,86,50,0.00,0.0,0
1950-08-25,83,50,0.00,0.0,0
1950-08-26,83,55,T,0.0,0
1950-08-27,86,55,0.00,0.0,0
1950-08-28,88,62,0.05,0.0,0
1950-08-29,84,57,0.15,0.0,0
1950-08-30,67,54,T,0.0,0
1950-08-31,66,57,1.04,0.0,0
1950-09-01,80,59,0.31,0.0,0
1950-09-02,74,46,0.00,0.0,0
1950-09-03,62,45,0.02,0.0,0
1950-09-04,72,50,0.29,0.0,0
1950-09-05,64,43,0.00,0.0,0
1950-09-06,75,38,0.00,0.0,0
1950-09-07,84,41,0.00,0.0,0
1950-09-08,82,43,0.00,0.0,0
1950-09-09,83,51,0.00,0.0,0
1950-09-10,72,53,0.26,0.0,0
1950-09-11,59,51,0.60,0.0,0
1950-09-12,66,38,T,0.0,0
1950-09-13,69,37,0.00,0.0,0
1950-09-14,57,48,0.27,0.0,0
1950-09-15,67,52,T,0.0,0
1950-09-16,60,40,T,0.0,0
1950-09-17,62,28,0.00,0.0,0
1950-09-18,69,30,0.00,0.0,0
1950-09-19,72,38,0.03,0.0,0
1950-09-20,64,33,0.00,0.0,0
1950-09-21,64,32,0.00,0.0,0
1950-09-22,56,34,0.14,0.0,0
1950-09-23,60,32,T,0.0,0
1950-09-24,49,29,T,T,0
1950-09-25,60,23,T,T,0
1950-09-26,59,26,0.00,0.0,0
1950-09-27,63,38,0.00,0.0,0
1950-09-28,64,41,0.00,0.0,0
1950-09-29,65,41,0.00,0.0,0
1950-09-30,79,45,0.00,0.0,0
1950-10-01,84,46,0.00,0.0,0
1950-10-02,82,49,0.00,0.0,0
1950-10-03,80,50,T,0.0,0
1950-10-04,63,41,0.00,0.0,0
1950-10-05,62,25,0.00,0.0,0
1950-10-06,66,27,0.00,0.0,0
1950-10-07,67,28,0.00,0.0,0
1950-10-08,72,43,0.00,0.0,0
1950-10-09,75,40,0.00,0.0,0
1950-10-10,61,45,0.37,0.0,0
1950-10-11,59,44,0.38,0.0,0
1950-10-12,60,46,0.87,0.0,0
1950-10-13,52,39,T,0.0,0
1950-10-14,55,26,0.00,0.0,0
1950-10-15,57,21,0.00,0.0,0
1950-10-16,59,18,0.00,0.0,0
1950-10-17,67,34,T,0.0,0
1950-10-18,71,43,0.00,0.0,0
1950-10-19,76,48,0.00,0.0,0
1950-10-20,66,28,0.00,0.0,0
1950-10-21,65,22,0.00,0.0,0
1950-10-22,57,25,0.00,0.0,0
1950-10-23,41,35,0.19,0.0,0
1950-10-24,43,36,0.05,0.0,0
1950-10-25,56,37,0.03,0.0,0
1950-10-26,40,33,T,T,0
1950-10-27,55,20,0.00,0.0,0
1950-10-28,50,18,T,0.0,0
1950-10-29,65,45,0.02,0.0,0
1950-10-30,72,42,0.00,0.0,0
1950-10-31,62,29,0.00,0.0,0
1950-11-01,70,27,0.00,0.0,0
1950-11-02,80,38,0.00,0.0,0
1950-11-03,46,36,0.10,T,0
1950-11-04,46,35,0.57,0.0,0
1950-11-05,64,35,0.37,0.0,0
1950-11-06,54,21,0.00,0.0,0
1950-11-07,62,25,0.00,0.0,0
1950-11-08,60,37,0.00,0.0,0
1950-11-09,63,49,T,0.0,0
1950-11-10,59,34,T,0.0,0
1950-11-11,44,26,T,T,0
1950-11-12,40,19,0.00,0.0,0
1950-11-13,43,15,0.00,0.0,0
1950-11-14,46,19,0.00,0.0,0
1950-11-15,54,16,T,0.0,0
1950-11-16,59,40,0.03,0.0,0
1950-11-17,55,31,0.02,0.0,0
1950-11-18,40,18,0.00,0.0,0
1950-11-19,55,13,0.00,0.0,0
1950-11-20,58,34,0.32,0.0,0
1950-11-21,49,24,0.25,T,0
1950-11-22,35,14,0.00,0.0,0
1950-11-23,32,8,0.00,0.0,0
1950-11-24,41,27,0.00,0.0,0
1950-11-25,47,36,1.27,0.0,0
1950-11-26,52,39,1.85,T,0
1950-11-27,47,26,0.00,0.0,0
1950-11-28,38,26,0.27,T,0
1950-11-29,39,30,0.12,1.0,T
1950-11-30,37,26,T,T,T
1950-12-01,36,27,T,T,T
1950-12-02,36,28,T,0.0,0
1950-12-03,53,32,0.01,0.0,0
1950-12-04,64,36,0.79,0.0,0
1950-12-05,37,21,0.01,T,0
1950-12-06,36,14,0.00,0.0,0
1950-12-07,37,15,T,T,0
1950-12-08,45,31,0.32,T,0
1950-12-09,43,32,0.02,0.0,0
1950-12-10,35,29,0.00,0.0,0
1950-12-11,43,30,0.06,T,0
1950-12-12,37,29,T,T,0
1950-12-13,35,19,0.00,0.0,0
1950-12-14,36,16,0.00,0.0,0
1950-12-15,30,10,0.04,T,T
1950-12-16,35,27,0.12,1.0,T
1950-12-17,35,22,0.01,T,T
1950-12-18,29,19,T,T,T
1950-12-19,23,5,T,T,T
1950-12-20,25,-0,0.00,0.0,T
1950-12-21,31,5,0.00,0.0,T
1950-12-22,30,20,T,T,T
1950-12-23,37,21,0.04,0.5,T
1950-12-24,35,27,T,T,T
1950-12-25,29,2,0.00,0.0,T
1950-12-26,9,-8,0.00,0.0,T
1950-12-27,16,-12,0.00,0.0,T
1950-12-28,30,-4,0.00,0.0,T
1950-12-29,23,-0,0.50,7.5,8
1950-12-30,35,15,0.00,0.0,7
1950-12-31,34,19,T,T,6
1951-01-01,33,2,0.00,0.0,6
1951-01-02,40,3,0.00,0.0,6
1951-01-03,43,31,T,0.0,4
1951-01-04,51,29,0.05,0.0,T
1951-01-05,33,15,0.00,0.0,0
1951-01-06,40,15,T,T,T
1951-01-07,27,14,0.35,4.0,2
1951-01-08,19,-4,0.16,2.5,5
1951-01-09,27,-15,0.00,0.0,5
1951-01-10,35,-5,0.00,0.0,4
1951-01-11,34,9,T,T,4
1951-01-12,35,27,T,T,4
1951-01-13,34,7,T,T,4
1951-01-14,26,-4,0.08,1.1,4
1951-01-15,41,26,0.15,1.0,4
1951-01-16,30,11,T,T,3
1951-01-17,34,1,0.00,0.0,3
1951-01-18,41,11,0.00,0.0,3
1951-01-19,52,23,0.00,0.0,2
1951-01-20,48,24,0.00,0.0,2
1951-01-21,46,12,T,T,T
1951-01-22,18,-1,0.00,0.0,T
1951-01-23,31,1,T,T,T
1951-01-24,40,30,0.71,T,0
1951-01-25,37,24,T,T,0
1951-01-26,28,14,T,T,0
1951-01-27,28,11,T,T,0
1951-01-28,20,2,0.07,1.2,1
1951-01-29,25,5,0.03,0.3,2
1951-01-30,14,-13,0.01,T,2
1951-01-31,7,-9,0.27,2.6,4
1951-02-01,45,6,0.87,1.6,4
1951-02-02,46,8,T,T,4
1951-02-03,19,-6,0.00,0.0,4
1951-02-04,37,4,0.00,0.0,4
1951-02-05,M,-1,0.00,0.0,4
1951-02-06,42,19,0.00,0.0,3
1951-02-07,50,28,1.19,4.0,1
1951-02-08,30,-10,T,T,5
1951-02-09,9,-18,0.00,0.0,5
1951-02-10,19,-22,T,T,5
1951-02-11,31,-3,0.02,T,5
1951-02-12,36,22,0.00,0.0,4
1951-02-13,46,32,0.00,0.0,1
1951-02-14,34,8,T,T,1
1951-02-15,30,-1,0.00,0.0,1
1951-02-16,42,-1,0.00,0.0,1
1951-02-17,36,9,0.35,0.5,1
1951-02-18,37,31,0.64,5.0,6
1951-02-19,43,30,T,T,3
1951-02-20,38,30,0.00,0.0,2
1951-02-21,37,29,0.25,2.7,3
1951-02-22,38,31,0.23,1.4,7
1951-02-23,35,20,T,T,4
1951-02-24,25,16,T,T,4
1951-02-25,46,20,0.00,0.0,4
1951-02-26,46,17,0.00,0.0,2
1951-02-27,45,31,0.07,0.0,1
1951-02-28,35,25,T,T,1
1951-03-01,29,15,0.03,1.0,2
1951-03-02,36,18,0.13,1.5,3
1951-03-03,32,22,T,T,3
1951-03-04,35,27,0.15,1.0,4
1951-03-05,44,17,0.00,0.0,4
1951-03-06,47,12,0.00,0.0,3
1951-03-07,42,22,T,0.0,2
1951-03-08,41,21,0.00,0.0,2
1951-03-09,30,15,T,T,1
1951-03-10,26,15,0.00,0.0,1
1951-03-11,33,19,0.12,1.5,2
1951-03-12,51,27,T,T,1
1951-03-13,48,23,0.00,0.0,T
1951-03-14,37,31,0.36,T,T
1951-03-15,42,32,0.15,T,T
1951-03-16,43,30,T,T,T
1951-03-17,42,31,0.15,T,T
1951-03-18,41,29,T,T,T
1951-03-19,40,31,0.00,0.0,T
1951-03-20,39,26,0.29,2.0,2
1951-03-21,43,21,0.06,T,2
1951-03-22,35,6,0.33,3.0,5
1951-03-23,31,3,0.03,T,5
1951-03-24,40,29,0.43,T,3
1951-03-25,38,21,T,T,2
1951-03-26,32,12,T,T,2
1951-03-27,44,4,T,T,1
1951-03-28,66,26,0.00,0.0,T
1951-03-29,48,31,0.39,0.0,T
1951-03-30,45,35,0.52,0.0,T
1951-03-31,47,35,0.59,0.0,T
1951-04-01,59,29,0.00,0.0,0
1951-04-02,44,34,0.10,0.0,0
1951-04-03,36,31,1.63,5.7,4
1951-04-04,43,30,T,T,2
1951-04-05,45,22,T,0.0,T
1951-04-06,54,19,0.00,0.0,0
1951-04-07,61,28,0.00,0.0,0
1951-04-08,54,31,T,0.0,0
1951-04-09,52,29,0.10,0.0,0
1951-04-10,62,41,T,0.0,0
1951-04-11,48,42,0.41,0.0,0
1951-04-12,59,37,T,0.0,0
1951-04-13,56,37,0.36,T,0
1951-04-14,52,36,0.02,0.0,0
1951-04-15,51,36,0.31,0.0,0
1951-04-16,52,31,T,0.0,0
1951-04-17,49,30,0.00,0.0,0
1951-04-18,52,29,0.00,0.0,0
1951-04-19,64,33,0.02,0.0,0
1951-04-20,54,26,0.00,0.0,0
1951-04-21,54,23,0.00,0.0,0
1951-04-22,58,25,0.04,0.0,0
1951-04-23,55,35,0.46,0.0,0
1951-04-24,60,26,0.00,0.0,M
1951-04-25,47,39,0.64,0.0,0
1951-04-26,61,35,0.22,0.0,0
1951-04-27,67,29,0.00,0.0,0
1951-04-28,69,32,0.00,0.0,0
1951-04-29,68,42,T,0.0,0
1951-04-30,66,32,0.00,0.0,0
1951-05-01,71,26,0.00,0.0,0
1951-05-02,67,30,0.00,0.0,0
1951-05-03,53,26,0.00,0.0,0
1951-05-04,57,27,0.00,0.0,0
1951-05-05,64,23,0.00,0.0,0
1951-05-06,63,31,T,0.0,0
1951-05-07,60,36,T,0.0,0
1951-05-08,67,37,T,0.0,0
1951-05-09,79,39,T,0.0,0
1951-05-10,60,33,0.00,0.0,0
1951-05-11,45,27,0.47,0.0,0
1951-05-12,49,40,0.06,0.0,0
1951-05-13,56,30,0.00,0.0,0
1951-05-14,75,24,0.00,0.0,0
1951-05-15,86,35,0.00,0.0,0
1951-05-16,89,46,T,0.0,0
1951-05-17,61,44,T,0.0,0
1951-05-18,68,34,0.00,0.0,0
1951-05-19,79,26,0.00,0.0,0
1951-05-20,79,45,0.00,0.0,0
1951-05-21,78,56,T,0.0,0
1951-05-22,84,56,0.00,0.0,0
1951-05-23,67,49,T,0.0,0
1951-05-24,56,47,0.04,0.0,0
1951-05-25,76,36,0.00,0.0,0
1951-05-26,88,39,0.00,0.0,0
1951-05-27,75,51,0.96,0.0,0
1951-05-28,75,50,0.16,0.0,0
1951-05-29,70,47,T,0.0,0
1951-05-30,73,46,0.00,0.0,0
1951-05-31,78,45,0.00,0.0,0
1951-06-01,87,46,0.00,0.0,0
1951-06-02,71,48,T,0.0,0
1951-06-03,64,46,T,0.0,0
1951-06-04,73,55,T,0.0,0
1951-06-05,70,43,0.00,0.0,0
1951-06-06,77,37,0.00,0.0,0
1951-06-07,65,36,T,0.0,0
1951-06-08,73,30,0.00,0.0,0
1951-06-09,77,41,0.00,0.0,0
1951-06-10,67,42,0.00,0.0,0
1951-06-11,66,40,0.00,0.0,0
1951-06-12,76,42,0.00,0.0,0
1951-06-13,75,41,T,0.0,0
1951-06-14,54,46,0.59,0.0,0
1951-06-15,58,45,0.17,0.0,0
1951-06-16,75,51,T,0.0,0
1951-06-17,75,53,0.04,0.0,0
1951-06-18,84,57,0.03,0.0,0
1951-06-19,87,57,0.00,0.0,0
1951-06-20,84,56,0.00,0.0,0
1951-06-21,85,55,0.00,0.0,0
1951-06-22,77,50,0.01,0.0,0
1951-06-23,72,58,0.57,0.0,0
1951-06-24,84,59,0.00,0.0,0
1951-06-25,78,50,0.01,0.0,0
1951-06-26,74,45,0.00,0.0,0
1951-06-27,75,50,T,0.0,0
1951-06-28,77,54,0.00,0.0,0
1951-06-29,67,58,0.67,0.0,0
1951-06-30,73,58,0.43,0.0,0
1951-07-01,72,50,0.12,0.0,0
1951-07-02,78,47,0.00,0.0,0
1951-07-03,80,43,0.00,0.0,0
1951-07-04,82,50,0.25,0.0,0
1951-07-05,81,57,0.10,0.0,0
1951-07-06,73,52,T,0.0,0
1951-07-07,90,47,0.00,0.0,0
1951-07-08,86,50,0.00,0.0,0
1951-07-09,86,55,0.00,0.0,0
1951-07-10,87,61,0.00,0.0,0
1951-07-11,89,61,T,0.0,0
1951-07-12,71,62,0.90,0.0,0
1951-07-13,80,55,0.00,0.0,0
1951-07-14,83,52,0.00,0.0,0
1951-07-15,88,53,0.00,0.0,0
1951-07-16,88,54,0.50,0.0,0
1951-07-17,67,55,0.05,0.0,0
1951-07-18,68,55,T,0.0,0
1951-07-19,75,58,0.43,0.0,0
1951-07-20,75,50,0.00,0.0,0
1951-07-21,80,45,0.00,0.0,0
1951-07-22,80,61,0.16,0.0,0
1951-07-23,82,53,T,0.0,0
1951-07-24,84,49,0.00,0.0,0
1951-07-25,87,50,0.00,0.0,0
1951-07-26,89,52,0.00,0.0,0
1951-07-27,82,58,0.03,0.0,0
1951-07-28,66,58,1.51,0.0,0
1951-07-29,75,58,0.04,0.0,0
1951-07-30,86,60,0.00,0.0,0
1951-07-31,85,63,0.04,0.0,0
1951-08-01,82,48,0.08,0.0,0
1951-08-02,78,41,0.00,0.0,0
1951-08-03,68,48,0.36,0.0,0
1951-08-04,67,45,0.00,0.0,0
1951-08-05,70,41,0.00,0.0,0
1951-08-06,75,39,0.00,0.0,0
1951-08-07,77,42,0.01,0.0,0
1951-08-08,65,55,0.04,0.0,0
1951-08-09,87,57,0.00,0.0,0
1951-08-10,87,58,0.00,0.0,0
1951-08-11,86,53,0.00,0.0,0
1951-08-12,74,55,0.13,0.0,0
1951-08-13,82,55,0.00,0.0,0
1951-08-14,80,52,T,0.0,0
1951-08-15,79,60,T,0.0,0
1951-08-16,69,58,1.20,0.0,0
1951-08-17,68,58,0.30,0.0,0
1951-08-18,70,48,T,0.0,0
1951-08-19,77,45,0.00,0.0,0
1951-08-20,72,46,0.32,0.0,0
1951-08-21,70,56,0.72,0.0,0
1951-08-22,71,56,0.00,0.0,0
1951-08-23,71,51,0.00,0.0,0
1951-08-24,71,49,0.00,0.0,0
1951-08-25,80,52,0.22,0.0,0
1951-08-26,80,56,T,0.0,0
1951-08-27,80,51,0.00,0.0,0
1951-08-28,82,56,0.00,0.0,0
1951-08-29,85,58,0.00,0.0,0
1951-08-30,87,56,0.00,0.0,0
1951-08-31,84,57,T,0.0,0
1951-09-01,70,53,0.23,0.0,0
1951-09-02,57,49,0.92,0.0,0
1951-09-03,59,50,0.01,0.0,0
1951-09-04,74,44,0.00,0.0,0
1951-09-05,72,44,0.00,0.0,0
1951-09-06,63,43,0.33,0.0,0
1951-09-07,72,53,0.04,0.0,0
1951-09-08,69,39,0.00,0.0,0
1951-09-09,79,41,0.00,0.0,0
1951-09-10,80,43,0.00,0.0,0
1951-09-11,71,48,0.07,0.0,0
1951-09-12,86,55,0.00,0.0,0
1951-09-13,81,53,0.00,0.0,0
1951-09-14,80,63,0.00,0.0,0
1951-09-15,75,54,0.26,0.0,0
1951-09-16,78,51,0.01,0.0,0
1951-09-17,72,46,0.00,0.0,0
1951-09-18,73,42,0.00,0.0,0
1951-09-19,76,41,0.00,0.0,0
1951-09-20,77,47,0.00,0.0,0
1951-09-21,79,50,0.00,0.0,0
1951-09-22,80,51,0.00,0.0,0
1951-09-23,70,43,0.34,0.0,0
1951-09-24,66,36,0.00,0.0,0
1951-09-25,61,40,0.46,0.0,0
1951-09-26,57,34,0.00,0.0,0
1951-09-27,66,32,0.26,0.0,0
1951-09-28,60,41,0.00,0.0,0
1951-09-29,51,27,0.00,0.0,0
1951-09-30,51,24,T,0.0,0
1951-10-01,60,39,0.00,0.0,0
1951-10-02,60,48,T,0.0,0
1951-10-03,61,50,0.00,0.0,0
1951-10-04,74,52,0.00,0.0,0
1951-10-05,77,53,0.00,0.0,0
1951-10-06,69,47,0.00,0.0,0
1951-10-07,48,42,0.91,0.0,0
1951-10-08,58,40,0.79,0.0,0
1951-10-09,55,30,0.00,0.0,0
1951-10-10,56,25,0.00,0.0,0
1951-10-11,48,39,0.38,0.0,0
1951-10-12,51,27,0.04,0.0,0
1951-10-13,54,21,0.00,0.0,0
1951-10-14,65,22,0.00,0.0,0
1951-10-15,67,27,0.00,0.0,0
1951-10-16,74,38,0.00,0.0,0
1951-10-17,73,38,0.00,0.0,0
1951-10-18,69,43,0.00,0.0,0
1951-10-19,63,40,0.00,0.0,0
1951-10-20,54,26,0.00,0.0,0
1951-10-21,62,23,0.00,0.0,0
1951-10-22,63,29,0.00,0.0,0
1951-10-23,69,39,0.00,0.0,0
1951-10-24,66,42,0.66,0.0,0
1951-10-25,58,46,0.18,0.0,0
1951-10-26,62,28,0.00,0.0,0
1951-10-27,59,25,0.00,0.0,0
1951-10-28,35,20,0.22,T,0
1951-10-29,45,21,0.00,0.0,0
1951-10-30,50,20,0.00,0.0,0
1951-10-31,58,33,T,0.0,0
1951-11-01,41,28,0.58,3.4,2
1951-11-02,34,13,0.02,T,1
1951-11-03,43,27,1.35,0.2,2
1951-11-04,37,18,0.00,0.0,T
1951-11-05,41,16,0.00,0.0,T
1951-11-06,33,12,0.00,0.0,T
1951-11-07,45,22,0.58,0.0,0
1951-11-08,46,34,0.03,T,0
1951-11-09,45,23,T,T,0
1951-11-10,53,21,0.00,0.0,0
1951-11-11,50,26,0.00,0.0,0
1951-11-12,48,25,0.00,0.0,0
1951-11-13,56,24,0.00,0.0,0
1951-11-14,64,51,0.23,0.0,0
1951-11-15,63,36,0.00,0.0,0
1951-11-16,42,31,0.35,0.0,0
1951-11-17,38,30,T,T,T
1951-11-18,32,21,T,T,T
1951-11-19,30,19,T,T,0
1951-11-20,25,18,T,T,0
1951-11-21,34,10,0.00,0.0,0
1951-11-22,38,10,0.00,0.0,0
1951-11-23,49,34,0.03,0.0,0
1951-11-24,46,26,0.20,T,T
1951-11-25,37,17,0.00,0.0,0
1951-11-26,36,23,0.53,6.0,6
1951-11-27,28,-6,T,T,5
1951-11-28,22,-10,0.00,0.0,5
1951-11-29,36,5,0.00,0.0,4
1951-11-30,36,6,0.00,0.0,4
1951-12-01,40,13,0.00,0.0,3
1951-12-02,41,21,0.00,0.0,2
1951-12-03,42,14,0.00,0.0,2
1951-12-04,46,19,0.00,0.0,2
1951-12-05,57,38,0.16,0.0,T
1951-12-06,57,47,0.09,0.0,0
1951-12-07,54,47,T,0.0,0
1951-12-08,58,39,0.00,0.0,0
1951-12-09,41,34,0.30,T,0
1951-12-10,35,15,T,T,0
1951-12-11,32,11,T,T,0
1951-12-12,35,13,T,T,0
1951-12-13,20,9,0.04,1.2,1
1951-12-14,21,-3,0.32,4.0,T
1951-12-15,24,-2,0.46,6.4,10
1951-12-16,9,-22,0.00,0.0,10
1951-12-17,16,-23,0.00,0.0,10
1951-12-18,15,-11,0.67,7.0,17
1951-12-19,14,-15,T,T,16
1951-12-20,19,-23,0.27,2.7,17
1951-12-21,47,19,0.33,0.5,10
1951-12-22,43,19,0.00,0.0,9
1951-12-23,31,13,0.00,0.0,9
1951-12-24,35,9,T,T,8
1951-12-25,24,2,0.26,2.6,10
1951-12-26,29,-6,0.11,0.9,11
1951-12-27,20,-16,T,T,11
1951-12-28,10,-27,0.04,0.1,12
1951-12-29,29,4,0.01,T,12
1951-12-30,39,29,0.52,0.0,11
1951-12-31,44,31,0.01,0.0,9
1952-01-01,44,33,T,0.0,6
1952-01-02,37,25,0.00,0.0,6
1952-01-03,28,7,0.36,4.5,11
1952-01-04,28,1,T,T,11
1952-01-05,29,-0,0.41,5.0,14
1952-01-06,30,13,T,T,14
1952-01-07,20,-4,T,T,13
1952-01-08,22,-12,0.00,0.0,12
1952-01-09,25,-0,0.00,0.0,12
1952-01-10,27,15,T,T,10
1952-01-11,30,9,T,T,10
1952-01-12,35,9,0.00,0.0,10
1952-01-13,38,22,0.00,0.0,9
1952-01-14,35,24,T,T,9
1952-01-15,43,30,0.33,0.0,8
1952-01-16,42,20,0.00,0.0,7
1952-01-17,37,6,0.03,T,7
1952-01-18,43,28,0.07,T,5
1952-01-19,35,13,0.05,0.6,6
1952-01-20,41,26,0.11,0.3,5
1952-01-21,33,1,T,T,5
1952-01-22,30,-1,0.29,2.6,7
1952-01-23,41,24,0.32,T,6
1952-01-24,27,-6,T,T,6
1952-01-25,25,-13,T,T,6
1952-01-26,43,24,0.60,3.7,6
1952-01-27,40,30,0.01,0.0,5
1952-01-28,36,16,T,T,5
1952-01-29,17,-8,0.00,0.0,5
1952-01-30,16,-15,0.00,0.0,5
1952-01-31,21,-7,T,T,5
1952-02-01,44,6,0.00,0.0,4
1952-02-02,45,33,T,0.0,2
1952-02-03,43,21,0.00,0.0,2
1952-02-04,37,33,0.37,T,2
1952-02-05,40,34,0.04,T,2
1952-02-06,35,21,T,T,2
1952-02-07,33,12,0.01,0.6,2
1952-02-08,34,7,0.14,2.0,4
1952-02-09,32,15,0.18,2.8,7
1952-02-10,37,14,T,T,7
1952-02-11,36,18,0.25,3.0,9
1952-02-12,32,10,T,T,9
1952-02-13,17,-0,0.00,0.0,9
1952-02-14,23,4,0.00,0.0,8
1952-02-15,26,1,0.00,0.0,8
1952-02-16,37,-7,0.00,0.0,7
1952-02-17,31,26,0.61,8.4,11
1952-02-18,28,22,0.69,9.2,25
1952-02-19,31,17,T,T,24
1952-02-20,32,14,T,T,19
1952-02-21,31,22,0.12,2.0,21
1952-02-22,32,15,0.06,1.5,22
1952-02-23,31,1,T,T,22
1952-02-24,37,-8,0.00,0.0,20
1952-02-25,37,-1,0.00,0.0,18
1952-02-26,39,5,0.00,0.0,17
1952-02-27,31,8,0.00,0.0,16
1952-02-28,34,7,T,T,15
1952-02-29,36,M,0.00,0.0,14
1952-03-01,28,-1,T,T,14
1952-03-02,32,-13,0.00,0.0,14
1952-03-03,32,-4,0.00,0.0,13
1952-03-04,35,3,0.06,0.1,13
1952-03-05,38,26,0.58,6.5,21
1952-03-06,36,31,0.22,2.4,19
1952-03-07,35,28,0.01,T,19
1952-03-08,35,27,T,T,17
1952-03-09,39,26,T,T,16
1952-03-10,40,30,T,T,15
1952-03-11,42,30,0.46,2.0,13
1952-03-12,40,29,T,T,13
1952-03-13,36,17,T,T,13
1952-03-14,30,17,T,T,12
1952-03-15,28,9,T,T,12
1952-03-16,25,4,T,T,12
1952-03-17,38,20,0.02,0.2,12
1952-03-18,44,23,T,T,10
1952-03-19,36,23,0.25,2.5,11
1952-03-20,45,28,0.02,0.2,10
1952-03-21,48,27,T,0.0,10
1952-03-22,47,25,0.00,0.0,10
1952-03-23,36,31,0.08,0.0,10
1952-03-24,39,29,T,0.0,8
1952-03-25,44,25,0.00,0.0,6
1952-03-26,58,23,0.02,0.0,5
1952-03-27,44,28,T,0.0,3
1952-03-28,40,23,0.00,0.0,3
1952-03-29,42,27,T,T,1
1952-03-30,47,17,0.00,0.0,T
1952-03-31,41,26,0.02,T,T
1952-04-01,44,30,0.11,0.0,T
1952-04-02,41,35,0.43,0.0,T
1952-04-03,48,31,0.24,2.0,0
1952-04-04,53,31,0.02,0.0,0
1952-04-05,44,36,0.76,0.0,0
1952-04-06,45,37,0.08,0.0,0
1952-04-07,51,31,T,0.0,0
1952-04-08,51,32,T,0.0,0
1952-04-09,57,27,0.00,0.0,0
1952-04-10,M,M,0.00,0.0,0
1952-04-11,50,25,0.00,0.0,0
1952-04-12,47,26,T,0.0,0
1952-04-13,47,27,T,0.0,0
1952-04-14,42,35,1.16,0.0,0
1952-04-15,45,28,0.00,0.0,0
1952-04-16,63,23,0.00,0.0,0
1952-04-17,69,24,0.00,0.0,0
1952-04-18,70,32,0.00,0.0,0
1952-04-19,72,29,0.00,0.0,0
1952-04-20,71,40,0.00,0.0,0
1952-04-21,66,29,0.00,0.0,0
1952-04-22,74,28,0.15,0.0,0
1952-04-23,62,37,0.06,0.0,0
1952-04-24,69,30,0.00,0.0,0
1952-04-25,56,31,0.09,0.0,0
1952-04-26,69,42,T,0.0,0
1952-04-27,73,39,0.00,0.0,0
1952-04-28,54,48,0.56,0.0,0
1952-04-29,71,46,0.02,0.0,0
1952-04-30,57,35,0.00,0.0,0
1952-05-01,55,26,0.00,0.0,0
1952-05-02,60,26,0.00,0.0,0
1952-05-03,60,27,0.00,0.0,0
1952-05-04,54,30,T,0.0,0
1952-05-05,64,25,0.00,0.0,0
1952-05-06,56,32,0.07,0.0,0
1952-05-07,49,43,T,0.0,0
1952-05-08,67,41,0.00,0.0,0
1952-05-09,71,41,0.00,0.0,0
1952-05-10,80,37,0.00,0.0,0
1952-05-11,56,45,0.38,0.0,0
1952-05-12,61,45,0.51,0.0,0
1952-05-13,55,45,0.02,0.0,0
1952-05-14,62,34,0.03,0.0,0
1952-05-15,49,34,0.19,0.0,0
1952-05-16,59,34,T,0.0,0
1952-05-17,62,28,0.00,0.0,0
1952-05-18,66,39,T,0.0,0
1952-05-19,74,33,0.00,0.0,0
1952-05-20,67,44,0.28,0.0,0
1952-05-21,57,45,0.32,0.0,0
1952-05-22,60,46,0.01,0.0,0
1952-05-23,75,37,0.00,0.0,0
1952-05-24,78,40,M,0.0,0
1952-05-25,58,47,0.51,0.0,0
1952-05-26,63,47,0.02,0.0,0
1952-05-27,69,42,T,0.0,0
1952-05-28,79,33,0.00,0.0,0
1952-05-29,63,49,0.31,0.0,0
1952-05-30,73,41,0.00,0.0,0
1952-05-31,62,42,0.18,0.0,0
1952-06-01,65,56,3.06,0.0,0
1952-06-02,77,47,T,0.0,0
1952-06-03,80,44,0.00,0.0,0
1952-06-04,73,52,0.19,0.0,0
1952-06-05,81,55,0.00,0.0,0
1952-06-06,79,53,0.03,0.0,0
1952-06-07,70,59,0.25,0.0,0
1952-06-08,79,48,0.14,0.0,0
1952-06-09,82,55,T,0.0,0
1952-06-10,80,45,0.10,0.0,0
1952-06-11,61,52,0.09,0.0,0
1952-06-12,68,47,T,0.0,0
1952-06-13,79,43,0.00,0.0,0
1952-06-14,83,41,0.00,0.0,0
1952-06-15,87,63,0.00,0.0,0
1952-06-16,81,46,0.00,0.0,0
1952-06-17,87,56,0.10,0.0,0
1952-06-18,79,52,0.00,0.0,0
1952-06-19,78,46,0.17,0.0,0
1952-06-20,68,41,0.00,0.0,0
1952-06-21,75,45,0.00,0.0,0
1952-06-22,75,52,0.00,0.0,0
1952-06-23,79,46,0.00,0.0,0
1952-06-24,89,63,0.40,0.0,0
1952-06-25,86,62,T,0.0,0
1952-06-26,95,65,0.24,0.0,0
1952-06-27,82,60,0.00,0.0,0
1952-06-28,80,54,0.00,0.0,0
1952-06-29,60,54,0.40,0.0,0
1952-06-30,77,49,0.00,0.0,0
1952-07-01,83,45,0.00,0.0,0
1952-07-02,84,47,0.00,0.0,0
1952-07-03,88,52,0.00,0.0,0
1952-07-04,84,65,T,0.0,0
1952-07-05,87,55,0.00,0.0,0
1952-07-06,92,50,0.00,0.0,0
1952-07-07,92,52,0.00,0.0,0
1952-07-08,82,57,0.00,0.0,0
1952-07-09,79,65,T,0.0,0
1952-07-10,69,63,2.18,0.0,0
1952-07-11,81,60,0.29,0.0,0
1952-07-12,88,58,0.00,0.0,0
1952-07-13,86,59,0.00,0.0,0
1952-07-14,95,60,0.00,0.0,0
1952-07-15,93,66,0.19,0.0,0
1952-07-16,85,60,0.00,0.0,0
1952-07-17,85,57,0.00,0.0,0
1952-07-18,89,57,0.00,0.0,0
1952-07-19,86,66,0.22,0.0,0
1952-07-20,85,63,0.00,0.0,0
1952-07-21,72,58,0.03,0.0,0
1952-07-22,91,63,0.00,0.0,0
1952-07-23,94,59,0.30,0.0,0
1952-07-24,77,52,0.00,0.0,0
1952-07-25,82,46,0.00,0.0,0
1952-07-26,89,51,0.00,0.0,0
1952-07-27,86,67,0.15,0.0,0
1952-07-28,89,59,T,0.0,0
1952-07-29,77,48,0.02,0.0,0
1952-07-30,82,45,T,0.0,0
1952-07-31,83,56,0.00,0.0,0
1952-08-01,82,50,0.00,0.0,0
1952-08-02,80,50,0.00,0.0,0
1952-08-03,84,57,0.00,0.0,0
1952-08-04,85,54,T,0.0,0
1952-08-05,83,65,0.29,0.0,0
1952-08-06,76,59,0.00,0.0,0
1952-08-07,83,60,0.00,0.0,0
1952-08-08,79,54,0.00,0.0,0
1952-08-09,84,54,0.00,0.0,0
1952-08-10,67,56,0.37,0.0,0
1952-08-11,83,60,0.00,0.0,0
1952-08-12,75,58,0.32,0.0,0
1952-08-13,82,52,0.00,0.0,0
1952-08-14,82,49,0.00,0.0,0
1952-08-15,85,52,0.00,0.0,0
1952-08-16,74,64,0.18,0.0,0
1952-08-17,80,56,0.26,0.0,0
1952-08-18,76,50,0.00,0.0,0
1952-08-19,78,43,0.00,0.0,0
1952-08-20,84,46,0.00,0.0,0
1952-08-21,76,52,0.04,0.0,0
1952-08-22,68,53,0.00,0.0,0
1952-08-23,70,44,0.00,0.0,0
1952-08-24,75,42,0.00,0.0,0
1952-08-25,83,43,0.00,0.0,0
1952-08-26,92,50,0.00,0.0,0
1952-08-27,95,56,0.00,0.0,0
1952-08-28,92,55,0.00,0.0,0
1952-08-29,89,63,0.00,0.0,0
1952-08-30,83,56,0.10,0.0,0
1952-08-31,72,50,0.00,0.0,0
1952-09-01,70,60,1.74,0.0,0
1952-09-02,87,63,0.33,0.0,0
1952-09-03,72,50,0.15,0.0,0
1952-09-04,76,44,0.00,0.0,0
1952-09-05,81,46,0.00,0.0,0
1952-09-06,82,49,T,0.0,0
1952-09-07,67,38,0.00,0.0,0
1952-09-08,67,35,0.00,0.0,0
1952-09-09,75,38,0.00,0.0,0
1952-09-10,79,46,T,0.0,0
1952-09-11,88,58,0.00,0.0,0
1952-09-12,88,55,0.00,0.0,0
1952-09-13,87,60,0.00,0.0,0
1952-09-14,67,55,T,0.0,0
1952-09-15,56,54,0.29,0.0,0
1952-09-16,73,48,0.06,0.0,0
1952-09-17,69,44,0.06,0.0,0
1952-09-18,72,42,0.04,0.0,0
1952-09-19,74,57,0.13,0.0,0
1952-09-20,71,46,0.00,0.0,0
1952-09-21,69,41,0.20,0.0,0
1952-09-22,68,41,0.00,0.0,0
1952-09-23,56,43,0.09,0.0,0
1952-09-24,58,46,T,0.0,0
1952-09-25,70,42,0.00,0.0,0
1952-09-26,73,38,0.17,0.0,0
1952-09-27,65,33,0.00,0.0,0
1952-09-28,74,33,0.00,0.0,0
1952-09-29,82,40,0.00,0.0,0
1952-09-30,71,37,0.00,0.0,0
1952-10-01,71,34,0.00,0.0,0
1952-10-02,62,51,1.59,0.0,0
1952-10-03,53,43,0.10,0.0,0
1952-10-04,61,37,0.00,0.0,0
1952-10-05,67,36,0.01,0.0,0
1952-10-06,59,47,0.02,0.0,0
1952-10-07,51,42,0.10,0.0,0
1952-10-08,57,32,0.00,0.0,0
1952-10-09,61,29,0.00,0.0,0
1952-10-10,55,25,0.00,0.0,0
1952-10-11,54,25,0.00,0.0,0
1952-10-12,63,28,0.00,0.0,0
1952-10-13,65,29,0.00,0.0,0
1952-10-14,69,35,0.00,0.0,0
1952-10-15,67,33,0.00,0.0,0
1952-10-16,60,39,0.00,0.0,0
1952-10-17,55,25,0.00,0.0,0
1952-10-18,54,20,0.00,0.0,0
1952-10-19,52,34,0.09,T,0
1952-10-20,35,20,T,T,0
1952-10-21,48,26,0.00,0.0,0
1952-10-22,62,28,0.00,0.0,0
1952-10-23,63,31,0.00,0.0,0
1952-10-24,60,36,0.01,0.0,0
1952-10-25,42,22,0.00,0.0,0
1952-10-26,54,16,0.00,0.0,0
1952-10-27,65,37,0.00,0.0,0
1952-10-28,55,31,0.27,3.0,0
1952-10-29,35,25,T,T,3
1952-10-30,48,21,0.00,0.0,2
1952-10-31,59,27,0.00,0.0,0
1952-11-01,65,32,0.00,0.0,0
1952-11-02,66,28,0.00,0.0,0
1952-11-03,55,41,0.04,0.0,0
1952-11-04,44,20,0.00,0.0,0
1952-11-05,48,14,0.00,0.0,0
1952-11-06,52,28,T,0.0,0
1952-11-07,44,35,T,0.0,0
1952-11-08,37,17,0.04,T,0
1952-11-09,32,13,0.10,1.5,0
1952-11-10,36,30,0.01,T,2
1952-11-11,35,29,0.00,0.0,T
1952-11-12,38,26,0.07,1.0,1
1952-11-13,42,18,0.00,0.0,0
1952-11-14,49,13,0.00,0.0,0
1952-11-15,47,20,0.09,0.0,0
1952-11-16,45,38,0.04,0.0,0
1952-11-17,46,31,0.32,0.0,0
1952-11-18,46,25,0.00,0.0,0
1952-11-19,35,23,0.00,0.0,0
1952-11-20,44,34,0.17,0.0,0
1952-11-21,51,42,T,0.0,0
1952-11-22,47,43,0.34,0.0,0
1952-11-23,54,40,T,0.0,0
1952-11-24,51,37,0.00,0.0,0
1952-11-25,47,24,0.00,0.0,0
1952-11-26,47,29,0.08,0.0,0
1952-11-27,49,33,0.02,0.0,0
1952-11-28,39,23,T,T,0
1952-11-29,36,20,T,T,T
1952-11-30,36,18,T,T,0
1952-12-01,29,9,0.00,0.0,0
1952-12-02,21,5,0.01,T,0
1952-12-03,41,15,0.00,0.0,T
1952-12-04,39,7,0.00,0.0,T
1952-12-05,41,17,0.55,T,T
1952-12-06,42,30,0.34,0.0,0
1952-12-07,42,20,T,T,0
1952-12-08,34,20,0.00,0.0,0
1952-12-09,44,33,0.00,0.0,0
1952-12-10,43,39,T,0.0,0
1952-12-11,51,42,1.34,0.0,0
1952-12-12,44,31,1.48,8.6,2
1952-12-13,34,27,T,T,8
1952-12-14,35,15,T,T,7
1952-12-15,31,8,T,T,6
1952-12-16,37,11,0.01,0.1,7
1952-12-17,44,20,0.00,0.0,7
1952-12-18,39,9,0.00,0.0,6
1952-12-19,29,-1,0.00,0.0,5
1952-12-20,29,-4,0.00,0.0,5
1952-12-21,28,17,0.00,0.0,5
1952-12-22,31,22,0.00,0.0,4
1952-12-23,32,24,0.34,1.3,4
1952-12-24,42,31,T,0.0,5
1952-12-25,41,34,T,0.0,5
1952-12-26,40,28,T,T,5
1952-12-27,34,2,0.01,T,3
1952-12-28,19,-1,0.00,0.0,3
1952-12-29,33,-3,0.00,0.0,3
1952-12-30,37,12,T,T,3
1952-12-31,13,-3,0.00,0.0,3
1953-01-01,33,5,T,T,3
1953-01-02,28,5,0.00,0.0,3
1953-01-03,34,24,0.79,7.8,4
1953-01-04,32,3,0.00,0.0,10
1953-01-05,25,-10,0.00,0.0,10
1953-01-06,29,3,T,T,10
1953-01-07,28,5,0.05,0.5,10
1953-01-08,18,-11,0.00,0.0,10
1953-01-09,23,9,0.87,10.0,13
1953-01-10,33,20,0.27,T,19
1953-01-11,38,31,0.03,0.0,18
1953-01-12,35,4,0.09,0.0,13
1953-01-13,38,9,0.03,0.4,13
1953-01-14,44,29,0.00,0.0,13
1953-01-15,47,21,0.00,0.0,9
1953-01-16,53,12,T,0.0,7
1953-01-17,23,-1,0.02,0.5,7
1953-01-18,47,21,0.54,1.6,9
1953-01-19,42,25,0.00,0.0,8
1953-01-20,42,15,T,T,8
1953-01-21,33,6,0.17,2.0,7
1953-01-22,42,15,0.02,0.2,9
1953-01-23,41,9,0.00,0.0,8
1953-01-24,50,35,0.75,0.0,7
1953-01-25,48,16,0.19,T,5
1953-01-26,22,2,0.01,0.1,5
1953-01-27,23,-4,T,T,5
1953-01-28,41,21,0.29,0.8,6
1953-01-29,32,17,T,T,5
1953-01-30,30,9,T,T,5
1953-01-31,46,21,T,T,5
1953-02-01,44,4,0.10,1.0,4
1953-02-02,14,-4,0.07,1.0,5
1953-02-03,23,8,0.14,1.3,8
1953-02-04,30,4,T,T,8
1953-02-05,33,-5,0.00,0.0,7
1953-02-06,40,4,T,0.0,6
1953-02-07,40,32,0.48,0.0,3
1953-02-08,35,30,0.00,0.0,2
1953-02-09,33,22,T,T,2
1953-02-10,27,16,0.00,0.0,2
1953-02-11,32,8,0.00,0.0,2
1953-02-12,25,14,0.18,3.3,3
1953-02-13,35,17,T,T,5
1953-02-14,40,6,0.00,0.0,4
1953-02-15,38,14,0.53,4.0,3
1953-02-16,36,20,T,T,5
1953-02-17,29,4,0.00,0.0,5
1953-02-18,29,6,0.00,0.0,4
1953-02-19,37,7,0.00,0.0,4
1953-02-20,48,12,0.00,0.0,3
1953-02-21,55,32,0.16,0.0,2
1953-02-22,32,22,T,T,1
1953-02-23,32,15,0.00,0.0,T
1953-02-24,45,18,T,T,T
1953-02-25,39,20,0.08,2.0,2
1953-02-26,39,21,T,T,0
1953-02-27,40,30,0.04,T,0
1953-02-28,34,15,T,T,0
1953-03-01,23,6,0.00,0.0,0
1953-03-02,25,2,0.00,0.0,0
1953-03-03,34,1,T,T,0
1953-03-04,52,29,0.37,1.2,1
1953-03-05,38,24,0.15,1.0,T
1953-03-06,33,23,0.02,0.1,1
1953-03-07,27,8,0.01,0.3,1
1953-03-08,25,4,0.00,0.0,T
1953-03-09,30,-0,T,T,T
1953-03-10,19,7,0.02,0.5,1
1953-03-11,37,-3,0.00,0.0,T
1953-03-12,44,26,T,0.0,0
1953-03-13,46,35,0.89,0.0,0
1953-03-14,47,33,0.00,0.0,0
1953-03-15,39,31,0.59,0.0,0
1953-03-16,44,35,0.23,0.0,0
1953-03-17,40,31,0.00,0.0,0
1953-03-18,49,21,0.00,0.0,0
1953-03-19,37,27,0.02,T,0
1953-03-20,46,30,0.13,T,T
1953-03-21,51,26,0.00,0.0,0
1953-03-22,62,21,0.00,0.0,0
1953-03-23,67,28,0.00,0.0,0
1953-03-24,56,42,0.67,0.0,0
1953-03-25,55,36,0.08,0.0,0
1953-03-26,57,47,0.71,0.0,0
1953-03-27,49,42,0.37,0.0,0
1953-03-28,44,38,0.04,0.0,0
1953-03-29,50,35,T,0.0,0
1953-03-30,44,39,0.70,0.0,0
1953-03-31,51,40,0.07,0.0,0
1953-04-01,57,41,T,0.0,0
1953-04-02,58,33,T,0.0,0
1953-04-03,64,28,0.00,0.0,0
1953-04-04,67,27,T,0.0,0
1953-04-05,58,32,T,0.0,0
1953-04-06,53,27,0.00,0.0,0
1953-04-07,44,35,0.66,0.0,0
1953-04-08,56,33,0.00,0.0,0
1953-04-09,63,30,0.00,0.0,0
1953-04-10,52,33,0.40,0.0,0
1953-04-11,57,40,0.00,0.0,0
1953-04-12,56,30,0.04,0.0,0
1953-04-13,45,36,0.26,T,0
1953-04-14,37,30,0.03,0.1,T
1953-04-15,57,26,0.00,0.0,0
1953-04-16,48,25,0.31,0.0,0
1953-04-17,52,32,T,0.0,0
1953-04-18,45,25,0.00,0.0,0
1953-04-19,47,32,0.21,0.8,0
1953-04-20,39,31,0.40,5.4,5
1953-04-21,43,34,0.00,0.0,T
1953-04-22,62,29,T,0.0,0
1953-04-23,64,38,T,0.0,0
1953-04-24,64,34,0.00,0.0,0
1953-04-25,62,37,0.03,0.0,0
1953-04-26,53,44,1.00,0.0,0
1953-04-27,55,44,0.11,0.0,0
1953-04-28,50,36,0.02,0.0,0
1953-04-29,54,35,0.00,0.0,0
1953-04-30,63,32,0.00,0.0,0
1953-05-01,48,34,1.28,T,0
1953-05-02,38,33,0.87,T,0
1953-05-03,59,32,0.08,T,0
1953-05-04,73,30,0.00,0.0,0
1953-05-05,71,48,0.09,T,0
1953-05-06,78,40,0.00,0.0,0
1953-05-07,81,46,T,0.0,0
1953-05-08,67,53,0.61,0.0,0
1953-05-09,83,52,0.06,0.0,0
1953-05-10,90,47,0.00,0.0,0
1953-05-11,88,47,0.00,0.0,0
1953-05-12,80,48,0.04,0.0,0
1953-05-13,72,57,0.59,0.0,0
1953-05-14,69,54,0.07,0.0,0
1953-05-15,55,50,0.49,0.0,0
1953-05-16,71,53,0.00,0.0,0
1953-05-17,57,50,0.30,0.0,0
1953-05-18,70,49,0.15,0.0,0
1953-05-19,76,48,0.00,0.0,0
1953-05-20,81,48,0.00,0.0,0
1953-05-21,74,49,0.00,0.0,0
1953-05-22,78,47,T,0.0,0
1953-05-23,65,40,0.01,0.0,0
1953-05-24,71,34,0.00,0.0,0
1953-05-25,73,39,0.00,0.0,0
1953-05-26,67,37,T,0.0,0
1953-05-27,69,45,0.19,0.0,0
1953-05-28,59,45,T,0.0,0
1953-05-29,65,37,0.00,0.0,0
1953-05-30,64,33,0.00,0.0,0
1953-05-31,70,35,0.00,0.0,0
1953-06-01,74,34,0.00,0.0,0
1953-06-02,70,37,0.00,0.0,0
1953-06-03,70,32,0.00,0.0,0
1953-06-04,63,36,T,0.0,0
1953-06-05,83,50,0.00,0.0,0
1953-06-06,88,62,0.00,0.0,0
1953-06-07,77,59,0.01,0.0,0
1953-06-08,81,46,0.00,0.0,0
1953-06-09,88,60,0.00,0.0,0
1953-06-10,72,43,0.00,0.0,0
1953-06-11,70,37,0.00,0.0,0
1953-06-12,77,36,0.00,0.0,0
1953-06-13,73,52,0.00,0.0,0
1953-06-14,71,45,0.00,0.0,0
1953-06-15,84,41,0.00,0.0,0
1953-06-16,85,45,0.00,0.0,0
1953-06-17,83,49,0.00,0.0,0
1953-06-18,83,56,0.00,0.0,0
1953-06-19,90,56,0.00,0.0,0
1953-06-20,95,59,T,0.0,0
1953-06-21,94,67,T,0.0,0
1953-06-22,91,67,0.00,0.0,0
1953-06-23,81,55,0.00,0.0,0
1953-06-24,76,47,0.00,0.0,0
1953-06-25,84,43,0.00,0.0,0
1953-06-26,92,64,T,0.0,0
1953-06-27,89,52,0.00,0.0,0
1953-06-28,90,46,0.03,0.0,0
1953-06-29,86,53,0.04,0.0,0
1953-06-30,90,47,0.00,0.0,0
1953-07-01,80,62,T,0.0,0
1953-07-02,83,62,0.29,0.0,0
1953-07-03,79,56,0.00,0.0,0
1953-07-04,82,48,0.00,0.0,0
1953-07-05,86,46,0.00,0.0,0
1953-07-06,83,62,0.07,0.0,0
1953-07-07,84,59,0.11,0.0,0
1953-07-08,82,55,0.02,0.0,0
1953-07-09,76,53,T,0.0,0
1953-07-10,74,45,T,0.0,0
1953-07-11,84,44,T,0.0,0
1953-07-12,85,50,0.00,0.0,0
1953-07-13,61,55,0.41,0.0,0
1953-07-14,81,49,0.00,0.0,0
1953-07-15,89,58,T,0.0,0
1953-07-16,89,55,0.00,0.0,0
1953-07-17,97,56,0.00,0.0,0
1953-07-18,98,62,0.00,0.0,0
1953-07-19,95,61,T,0.0,0
1953-07-20,85,69,0.61,0.0,0
1953-07-21,89,65,0.05,0.0,0
1953-07-22,81,61,0.00,0.0,0
1953-07-23,72,57,T,0.0,0
1953-07-24,78,57,0.00,0.0,0
1953-07-25,80,45,0.00,0.0,0
1953-07-26,88,46,0.00,0.0,0
1953-07-27,87,65,0.31,0.0,0
1953-07-28,80,50,0.00,0.0,0
1953-07-29,86,48,0.00,0.0,0
1953-07-30,86,55,0.00,0.0,0
1953-07-31,80,48,0.00,0.0,0
1953-08-01,74,38,0.00,0.0,0
1953-08-02,76,39,0.00,0.0,0
1953-08-03,79,37,0.00,0.0,0
1953-08-04,75,48,0.80,0.0,0
1953-08-05,70,54,1.48,0.0,0
1953-08-06,78,47,0.00,0.0,0
1953-08-07,78,43,0.00,0.0,0
1953-08-08,81,48,0.00,0.0,0
1953-08-09,79,58,0.20,0.0,0
1953-08-10,72,64,0.57,0.0,0
1953-08-11,72,54,0.14,0.0,0
1953-08-12,85,55,0.00,0.0,0
1953-08-13,85,55,T,0.0,0
1953-08-14,86,62,0.00,0.0,0
1953-08-15,82,54,0.00,0.0,0
1953-08-16,80,47,0.00,0.0,0
1953-08-17,76,51,0.00,0.0,0
1953-08-18,72,43,0.00,0.0,0
1953-08-19,68,47,0.01,0.0,0
1953-08-20,71,42,0.00,0.0,0
1953-08-21,77,41,0.00,0.0,0
1953-08-22,81,45,0.00,0.0,0
1953-08-23,84,45,0.00,0.0,0
1953-08-24,85,46,0.02,0.0,0
1953-08-25,87,55,T,0.0,0
1953-08-26,84,58,0.00,0.0,0
1953-08-27,89,57,0.00,0.0,0
1953-08-28,93,59,0.00,0.0,0
1953-08-29,93,57,0.00,0.0,0
1953-08-30,94,54,0.00,0.0,0
1953-08-31,89,58,0.00,0.0,0
1953-09-01,91,49,0.00,0.0,0
1953-09-02,95,62,0.57,0.0,0
1953-09-03,89,65,0.00,0.0,0
1953-09-04,93,60,0.00,0.0,0
1953-09-05,90,66,0.05,0.0,0
1953-09-06,67,57,0.41,0.0,0
1953-09-07,68,49,0.24,0.0,0
1953-09-08,70,42,0.00,0.0,0
1953-09-09,66,35,0.00,0.0,0
1953-09-10,70,37,0.00,0.0,0
1953-09-11,77,38,0.00,0.0,0
1953-09-12,76,42,T,0.0,0
1953-09-13,69,49,0.51,0.0,0
1953-09-14,62,38,0.00,0.0,0
1953-09-15,70,32,0.00,0.0,0
1953-09-16,72,41,0.01,0.0,0
1953-09-17,63,43,0.00,0.0,0
1953-09-18,68,37,0.00,0.0,0
1953-09-19,67,39,0.00,0.0,0
1953-09-20,72,59,T,0.0,0
1953-09-21,71,52,0.09,0.0,0
1953-09-22,60,35,0.00,0.0,0
1953-09-23,54,28,0.00,0.0,0
1953-09-24,65,27,0.00,0.0,0
1953-09-25,72,33,0.00,0.0,0
1953-09-26,77,52,0.00,0.0,0
1953-09-27,77,51,0.00,0.0,0
1953-09-28,70,42,0.00,0.0,0
1953-09-29,65,35,0.00,0.0,0
1953-09-30,67,34,0.00,0.0,0
1953-10-01,70,36,0.00,0.0,0
1953-10-02,73,29,0.00,0.0,0
1953-10-03,82,32,0.00,0.0,0
1953-10-04,79,39,0.05,0.0,0
1953-10-05,59,37,0.13,0.0,0
1953-10-06,50,42,0.89,0.0,0
1953-10-07,44,35,0.29,T,0
1953-10-08,53,27,T,0.0,0
1953-10-09,62,23,T,0.0,0
1953-10-10,65,32,0.00,0.0,0
1953-10-11,58,32,0.13,0.0,0
1953-10-12,58,30,0.03,0.0,0
1953-10-13,57,23,0.00,0.0,0
1953-10-14,68,19,0.00,0.0,0
1953-10-15,71,26,0.00,0.0,0
1953-10-16,70,30,0.00,0.0,0
1953-10-17,72,28,0.00,0.0,0
1953-10-18,72,29,0.00,0.0,0
1953-10-19,75,39,0.00,0.0,0
1953-10-20,67,41,0.00,0.0,0
1953-10-21,63,47,0.00,0.0,0
1953-10-22,63,32,0.00,0.0,0
1953-10-23,57,30,0.00,0.0,0
1953-10-24,69,28,0.00,0.0,0
1953-10-25,60,38,0.25,0.0,0
1953-10-26,54,34,T,0.0,0
1953-10-27,57,33,0.06,0.0,0
1953-10-28,63,50,0.64,0.0,0
1953-10-29,54,47,0.72,0.0,0
1953-10-30,60,32,T,0.0,0
1953-10-31,63,28,0.00,0.0,0
1953-11-01,62,29,0.00,0.0,0
1953-11-02,61,33,0.00,0.0,0
1953-11-03,65,31,0.00,0.0,0
1953-11-04,50,29,0.00,0.0,0
1953-11-05,35,16,T,T,0
1953-11-06,32,9,0.00,0.0,0
1953-11-07,42,32,0.11,T,0
1953-11-08,45,31,0.00,0.0,0
1953-11-09,48,32,0.00,0.0,0
1953-11-10,52,23,0.00,0.0,0
1953-11-11,51,23,0.00,0.0,0
1953-11-12,51,29,0.00,0.0,0
1953-11-13,45,26,0.00,0.0,0
1953-11-14,43,27,0.00,0.0,0
1953-11-15,54,26,0.00,0.0,0
1953-11-16,53,26,0.00,0.0,0
1953-11-17,64,23,0.00,0.0,0
1953-11-18,70,24,0.00,0.0,0
1953-11-19,71,27,0.00,0.0,0
1953-11-20,70,30,0.00,0.0,0
1953-11-21,56,30,T,0.0,0
1953-11-22,68,40,0.16,0.0,0
1953-11-23,66,37,0.69,0.0,0
1953-11-24,51,31,0.00,0.0,0
1953-11-25,55,46,1.20,0.0,0
1953-11-26,47,25,0.00,0.0,0
1953-11-27,44,20,0.00,0.0,0
1953-11-28,35,28,T,T,0
1953-11-29,36,20,T,T,0
1953-11-30,32,18,T,T,0
1953-12-01,35,28,0.08,0.8,1
1953-12-02,38,17,0.00,0.0,T
1953-12-03,37,15,0.00,0.0,T
1953-12-04,52,20,T,0.0,0
1953-12-05,55,28,0.17,0.0,0
1953-12-06,42,23,0.87,0.0,0
1953-12-07,46,34,0.72,0.0,0
1953-12-08,55,25,0.00,0.0,0
1953-12-09,42,25,0.07,0.0,0
1953-12-10,55,34,0.30,T,0
1953-12-11,48,23,0.00,0.0,0
1953-12-12,52,35,T,0.0,0
1953-12-13,45,23,0.00,0.0,0
1953-12-14,40,23,0.42,4.3,1
1953-12-15,42,27,T,T,T
1953-12-16,29,5,T,T,T
1953-12-17,20,-0,0.00,0.0,T
1953-12-18,23,-2,0.08,T,0
1953-12-19,28,-7,T,T,0
1953-12-20,45,28,0.00,0.0,T
1953-12-21,52,30,0.00,0.0,0
1953-12-22,51,32,0.03,0.0,0
1953-12-23,44,16,0.00,0.0,0
1953-12-24,26,3,0.00,0.0,0
1953-12-25,39,17,0.00,0.0,0
1953-12-26,39,23,T,T,0
1953-12-27,35,9,T,T,0
1953-12-28,38,11,0.00,0.0,0
1953-12-29,42,25,0.00,0.0,0
1953-12-30,45,24,T,0.0,0
1953-12-31,29,9,0.01,T,0
1954-01-01,22,-2,0.06,0.2,M
1954-01-02,21,-2,T,M,M
1954-01-03,35,21,0.00,0.0,1
1954-01-04,28,21,T,T,1
1954-01-05,29,16,0.00,0.0,T
1954-01-06,32,18,0.38,4.2,2
1954-01-07,26,6,T,T,4
1954-01-08,14,-6,0.00,0.0,4
1954-01-09,10,-8,0.19,1.4,4
1954-01-10,14,-1,T,T,5
1954-01-11,8,-1,0.24,2.4,5
1954-01-12,20,5,0.14,2.5,10
1954-01-13,15,-16,0.00,0.0,9
1954-01-14,21,-24,T,T,8
1954-01-15,37,15,T,T,7
1954-01-16,28,10,0.17,2.9,7
1954-01-17,31,-20,T,T,10
1954-01-18,14,-28,0.00,0.0,10
1954-01-19,31,13,T,T,10
1954-01-20,44,28,0.07,0.0,9
1954-01-21,45,6,0.01,0.0,4
1954-01-22,10,-0,0.00,0.0,3
1954-01-23,21,-10,0.00,0.0,3
1954-01-24,36,9,0.00,0.0,1
1954-01-25,35,21,0.00,0.0,1
1954-01-26,42,28,T,0.0,1
1954-01-27,39,27,0.94,3.0,T
1954-01-28,27,-3,0.10,2.0,4
1954-01-29,15,-15,0.00,0.0,4
1954-01-30,30,-6,0.33,6.4,1
1954-01-31,20,-10,T,T,8
1954-02-01,20,-19,T,T,8
1954-02-02,39,8,0.27,1.2,9
1954-02-03,34,20,0.16,2.0,7
1954-02-04,40,31,0.41,4.8,13
1954-02-05,35,25,T,T,8
1954-02-06,31,15,T,T,8
1954-02-07,28,11,T,T,8
1954-02-08,33,19,0.03,0.3,8
1954-02-09,37,14,T,T,8
1954-02-10,32,15,0.09,1.6,8
1954-02-11,36,5,T,T,9
1954-02-12,17,-12,T,T,9
1954-02-13,14,-20,0.00,0.0,9
1954-02-14,35,-12,0.06,1.0,9
1954-02-15,39,30,T,0.0,9
1954-02-16,42,32,0.65,1.0,7
1954-02-17,35,30,0.74,3.0,5
1954-02-18,47,21,0.02,1.0,8
1954-02-19,55,16,0.00,0.0,7
1954-02-20,57,19,0.00,0.0,6
1954-02-21,45,28,0.33,0.0,5
1954-02-22,53,36,0.05,0.0,3
1954-02-23,38,19,0.00,0.0,2
1954-02-24,45,13,0.00,0.0,2
1954-02-25,38,30,0.44,T,1
1954-02-26,43,27,0.04,T,1
1954-02-27,43,25,0.00,0.0,1
1954-02-28,56,24,0.00,0.0,T
1954-03-01,51,31,0.02,0.0,T
1954-03-02,47,25,0.08,0.0,0
1954-03-03,47,19,0.53,0.0,0
1954-03-04,37,16,T,T,0
1954-03-05,28,14,T,T,0
1954-03-06,30,19,0.02,T,T
1954-03-07,42,21,0.02,0.3,0
1954-03-08,40,14,T,T,0
1954-03-09,42,19,T,T,0
1954-03-10,41,23,T,T,T
1954-03-11,38,13,0.00,0.0,0
1954-03-12,36,10,0.00,0.0,0
1954-03-13,28,17,0.11,0.3,T
1954-03-14,34,27,0.18,2.7,T
1954-03-15,35,14,0.07,1.7,4
1954-03-16,35,19,0.00,0.0,2
1954-03-17,40,10,0.00,0.0,2
1954-03-18,37,19,0.00,0.0,1
1954-03-19,50,14,0.19,0.2,T
1954-03-20,45,32,0.80,0.3,1
1954-03-21,38,22,T,T,0
1954-03-22,40,21,0.00,0.0,0
1954-03-23,46,24,T,0.0,0
1954-03-24,47,25,0.00,0.0,0
1954-03-25,36,22,0.24,0.4,0
1954-03-26,52,34,0.00,0.0,T
1954-03-27,38,17,T,T,0
1954-03-28,50,14,0.04,T,0
1954-03-29,45,22,0.57,2.6,0
1954-03-30,32,15,0.61,4.2,6
1954-03-31,37,4,0.00,0.0,5
1954-04-01,42,15,0.04,T,5
1954-04-02,48,23,0.02,0.0,4
1954-04-03,37,13,0.16,T,3
1954-04-04,30,10,T,T,2
1954-04-05,53,9,0.00,0.0,T
1954-04-06,52,33,0.10,0.0,0
1954-04-07,71,40,0.00,0.0,0
1954-04-08,60,35,0.05,T,0
1954-04-09,48,24,0.00,0.0,0
1954-04-10,55,21,T,0.0,0
1954-04-11,53,37,0.38,0.0,0
1954-04-12,53,26,0.00,0.0,0
1954-04-13,57,25,0.00,0.0,0
1954-04-14,47,36,0.07,0.0,0
1954-04-15,57,37,0.00,0.0,0
1954-04-16,41,36,0.31,0.0,0
1954-04-17,48,32,1.58,1.0,0
1954-04-18,64,31,0.11,2.0,2
1954-04-19,64,40,0.11,0.0,0
1954-04-20,83,35,0.00,0.0,0
1954-04-21,87,44,0.00,0.0,0
1954-04-22,87,44,0.00,0.0,0
1954-04-23,65,40,0.17,0.0,0
1954-04-24,66,31,0.00,0.0,0
1954-04-25,67,44,T,0.0,0
1954-04-26,58,31,0.00,0.0,0
1954-04-27,41,37,0.58,0.0,0
1954-04-28,46,32,0.67,T,0
1954-04-29,74,32,0.00,0.0,0
1954-04-30,78,31,0.00,0.0,0
1954-05-01,82,39,0.00,0.0,0
1954-05-02,57,46,0.09,0.0,0
1954-05-03,51,42,0.34,0.0,0
1954-05-04,49,40,0.63,0.0,0
1954-05-05,51,39,0.00,0.0,0
1954-05-06,54,40,0.00,0.0,0
1954-05-07,63,43,0.00,0.0,0
1954-05-08,51,40,0.73,0.0,0
1954-05-09,50,41,0.68,0.0,0
1954-05-10,52,41,0.60,0.0,0
1954-05-11,54,42,0.32,0.0,0
1954-05-12,52,32,T,0.0,0
1954-05-13,68,28,0.00,0.0,0
1954-05-14,79,32,0.00,0.0,0
1954-05-15,78,35,0.00,0.0,0
1954-05-16,74,48,0.45,0.0,0
1954-05-17,70,45,0.00,0.0,0
1954-05-18,69,41,0.00,0.0,0
1954-05-19,63,41,0.02,0.0,0
1954-05-20,62,43,T,0.0,0
1954-05-21,53,50,1.42,0.0,0
1954-05-22,60,50,0.40,0.0,0
1954-05-23,62,48,0.00,0.0,0
1954-05-24,69,43,T,0.0,0
1954-05-25,70,45,T,0.0,0
1954-05-26,65,39,0.00,0.0,0
1954-05-27,68,32,0.00,0.0,0
1954-05-28,74,44,T,0.0,0
1954-05-29,77,55,1.61,0.0,0
1954-05-30,76,55,0.00,0.0,0
1954-05-31,78,45,0.00,0.0,0
1954-06-01,89,54,1.16,0.0,0
1954-06-02,67,55,0.10,0.0,0
1954-06-03,70,57,0.00,0.0,0
1954-06-04,64,53,0.10,0.0,0
1954-06-05,70,48,0.02,0.0,0
1954-06-06,60,47,T,0.0,0
1954-06-07,67,53,0.08,0.0,M
1954-06-08,73,48,T,0.0,0
1954-06-09,76,44,0.00,0.0,0
1954-06-10,82,47,0.00,0.0,0
1954-06-11,82,51,0.00,0.0,0
1954-06-12,80,41,0.00,0.0,0
1954-06-13,83,56,T,0.0,0
1954-06-14,66,57,0.42,0.0,0
1954-06-15,60,53,0.30,0.0,0
1954-06-16,70,46,0.00,0.0,0
1954-06-17,75,42,0.00,0.0,0
1954-06-18,82,40,0.00,0.0,0
1954-06-19,88,45,0.00,0.0,0
1954-06-20,87,53,0.00,0.0,0
1954-06-21,90,60,0.00,0.0,0
1954-06-22,94,67,0.30,0.0,0
1954-06-23,75,62,0.92,0.0,0
1954-06-24,79,54,0.00,0.0,0
1954-06-25,84,56,T,0.0,0
1954-06-26,70,63,0.04,0.0,0
1954-06-27,71,56,0.23,0.0,0
1954-06-28,67,53,0.23,0.0,0
1954-06-29,65,58,0.16,0.0,0
1954-06-30,70,55,0.20,0.0,0
1954-07-01,80,55,0.00,0.0,0
1954-07-02,80,63,0.00,0.0,0
1954-07-03,77,54,0.00,0.0,0
1954-07-04,82,49,0.00,0.0,0
1954-07-05,74,50,0.09,0.0,0
1954-07-06,80,48,0.00,0.0,0
1954-07-07,76,58,T,0.0,0
1954-07-08,74,49,0.00,0.0,0
1954-07-09,73,42,T,0.0,0
1954-07-10,80,43,0.00,0.0,0
1954-07-11,85,47,T,0.0,0
1954-07-12,82,51,T,0.0,0
1954-07-13,88,62,T,0.0,0
1954-07-14,84,57,0.31,0.0,0
1954-07-15,73,49,0.00,0.0,0
1954-07-16,71,42,0.00,0.0,0
1954-07-17,80,41,0.00,0.0,0
1954-07-18,83,53,0.08,0.0,0
1954-07-19,87,60,0.00,0.0,0
1954-07-20,85,52,0.00,0.0,0
1954-07-21,74,56,0.19,0.0,0
1954-07-22,82,53,0.28,0.0,0
1954-07-23,75,51,0.30,0.0,0
1954-07-24,72,55,T,0.0,0
1954-07-25,75,53,T,0.0,0
1954-07-26,80,56,T,0.0,0
1954-07-27,86,55,T,0.0,0
1954-07-28,67,57,0.24,0.0,0
1954-07-29,82,62,T,0.0,0
1954-07-30,85,60,0.14,0.0,0
1954-07-31,90,55,0.07,0.0,0
1954-08-01,80,57,0.00,0.0,0
1954-08-02,81,50,0.00,0.0,0
1954-08-03,67,57,0.28,0.0,0
1954-08-04,78,57,T,0.0,0
1954-08-05,73,53,T,0.0,0
1954-08-06,78,52,0.00,0.0,0
1954-08-07,80,47,0.03,0.0,0
1954-08-08,77,51,0.00,0.0,0
1954-08-09,70,55,0.03,0.0,0
1954-08-10,74,57,0.25,0.0,0
1954-08-11,69,54,T,0.0,0
1954-08-12,69,53,T,0.0,0
1954-08-13,75,49,0.00,0.0,0
1954-08-14,80,43,0.00,0.0,0
1954-08-15,77,50,0.00,0.0,0
1954-08-16,87,58,0.08,0.0,0
1954-08-17,73,45,0.00,0.0,0
1954-08-18,79,44,0.00,0.0,0
1954-08-19,75,57,0.07,0.0,0
1954-08-20,81,54,0.00,0.0,0
1954-08-21,78,48,0.00,0.0,0
1954-08-22,81,41,0.00,0.0,0
1954-08-23,81,43,0.00,0.0,0
1954-08-24,81,61,0.00,0.0,0
1954-08-25,90,59,0.00,0.0,0
1954-08-26,71,60,T,0.0,0
1954-08-27,75,34,0.00,0.0,0
1954-08-28,74,42,T,0.0,0
1954-08-29,75,41,T,0.0,0
1954-08-30,65,56,0.11,0.0,0
1954-08-31,63,50,2.70,0.0,0
1954-09-01,68,47,0.00,0.0,0
1954-09-02,78,46,0.00,0.0,0
1954-09-03,79,50,T,0.0,0
1954-09-04,75,53,0.00,0.0,0
1954-09-05,84,48,0.08,0.0,0
1954-09-06,75,48,0.00,0.0,0
1954-09-07,73,45,0.08,0.0,0
1954-09-08,75,56,T,0.0,0
1954-09-09,69,55,0.65,0.0,0
1954-09-10,62,55,T,0.0,0
1954-09-11,61,55,2.32,0.0,0
1954-09-12,61,36,0.00,0.0,0
1954-09-13,60,35,0.08,0.0,0
1954-09-14,59,39,0.18,0.0,0
1954-09-15,65,39,0.00,0.0,0
1954-09-16,50,47,0.54,0.0,0
1954-09-17,52,47,0.06,0.0,0
1954-09-18,56,47,T,0.0,0
1954-09-19,55,49,0.50,0.0,0
1954-09-20,75,52,0.00,0.0,0
1954-09-21,65,46,0.32,0.0,0
1954-09-22,61,50,T,0.0,0
1954-09-23,60,41,0.00,0.0,0
1954-09-24,63,32,0.00,0.0,0
1954-09-25,60,38,0.04,0.0,0
1954-09-26,70,41,0.03,0.0,0
1954-09-27,65,41,T,0.0,0
1954-09-28,78,41,0.00,0.0,0
1954-09-29,72,41,0.00,0.0,0
1954-09-30,74,49,0.00,0.0,0
1954-10-01,81,63,T,0.0,0
1954-10-02,77,59,T,0.0,0
1954-10-03,69,50,0.03,0.0,0
1954-10-04,70,53,0.00,0.0,0
1954-10-05,64,46,0.01,0.0,0
1954-10-06,55,36,0.13,0.0,0
1954-10-07,46,26,0.00,0.0,0
1954-10-08,60,21,0.00,0.0,0
1954-10-09,55,30,0.00,0.0,0
1954-10-10,65,53,T,0.0,0
1954-10-11,75,57,0.16,0.0,0
1954-10-12,81,53,0.00,0.0,0
1954-10-13,79,54,0.00,0.0,0
1954-10-14,74,39,0.00,0.0,0
1954-10-15,73,59,0.10,0.0,0
1954-10-16,73,57,0.06,0.0,0
1954-10-17,64,35,0.00,0.0,0
1954-10-18,62,28,0.00,0.0,0
1954-10-19,54,35,T,0.0,0
1954-10-20,60,35,T,0.0,0
1954-10-21,61,29,0.00,0.0,0
1954-10-22,54,25,0.00,0.0,0
1954-10-23,69,23,0.00,0.0,0
1954-10-24,63,37,0.00,0.0,0
1954-10-25,59,27,0.00,0.0,0
1954-10-26,56,35,T,0.0,0
1954-10-27,51,39,0.22,0.0,0
1954-10-28,51,28,0.00,0.0,0
1954-10-29,45,26,0.35,0.0,0
1954-10-30,45,39,0.19,0.0,0
1954-10-31,48,29,0.00,0.0,0
1954-11-01,46,25,T,0.0,0
1954-11-02,44,23,T,0.0,0
1954-11-03,47,36,0.98,0.0,0
1954-11-04,49,33,0.05,0.0,0
1954-11-05,47,33,0.00,0.0,0
1954-11-06,46,23,0.00,0.0,0
1954-11-07,48,19,0.00,0.0,0
1954-11-08,53,20,0.00,0.0,0
1954-11-09,43,25,0.00,0.0,0
1954-11-10,42,14,0.00,0.0,0
1954-11-11,58,15,0.00,0.0,0
1954-11-12,47,27,0.00,0.0,0
1954-11-13,38,14,0.00,0.0,0
1954-11-14,55,30,T,0.0,0
1954-11-15,39,20,0.00,0.0,0
1954-11-16,51,16,0.00,0.0,0
1954-11-17,50,26,0.00,0.0,0
1954-11-18,48,42,0.07,0.0,0
1954-11-19,52,45,0.02,0.0,0
1954-11-20,57,50,1.11,0.0,0
1954-11-21,62,34,0.65,0.0,0
1954-11-22,40,32,0.00,0.0,0
1954-11-23,39,26,T,T,0
1954-11-24,39,31,0.02,T,T
1954-11-25,36,31,0.11,1.0,1
1954-11-26,38,32,0.07,T,1
1954-11-27,40,28,0.03,T,0
1954-11-28,49,29,0.14,T,0
1954-11-29,37,31,1.04,4.0,3
1954-11-30,43,32,0.02,T,2
1954-12-01,35,20,T,T,2
1954-12-02,26,12,T,T,2
1954-12-03,25,4,0.00,0.0,2
1954-12-04,32,3,T,T,2
1954-12-05,29,9,T,T,T
1954-12-06,14,-1,T,T,T
1954-12-07,23,12,T,T,T
1954-12-08,32,13,T,T,T
1954-12-09,37,24,0.02,0.0,0
1954-12-10,36,30,0.26,T,T
1954-12-11,31,14,T,T,T
1954-12-12,32,10,T,T,0
1954-12-13,36,14,0.00,0.0,0
1954-12-14,37,8,0.37,T,0
1954-12-15,40,32,0.30,T,0
1954-12-16,33,25,0.06,1.0,1
1954-12-17,29,7,0.00,0.0,1
1954-12-18,42,29,0.80,T,T
1954-12-19,38,26,T,T,T
1954-12-20,27,16,T,T,T
1954-12-21,22,15,0.01,0.1,T
1954-12-22,27,8,0.00,0.0,0
1954-12-23,26,3,0.01,0.1,0
1954-12-25,35,22,T,T,T
1954-12-26,34,3,0.00,0.0,T
1954-12-27,44,22,0.00,0.0,T
1954-12-28,44,30,0.07,0.0,T
1954-12-29,46,25,0.03,T,0
1954-12-30,38,23,0.58,2.0,1
1954-12-31,43,18,0.00,0.0,2
1955-01-01,35,12,0.00,0.0,2
1955-01-02,36,23,0.38,2.5,3
1955-01-03,36,24,0.00,0.0,4
1955-01-04,31,19,0.02,0.5,5
1955-01-05,27,16,0.00,0.0,4
1955-01-06,30,20,0.18,T,4
1955-01-07,22,17,T,T,4
1955-01-08,31,6,0.00,0.0,4
1955-01-09,31,1,0.00,0.0,4
1955-01-10,33,14,0.00,0.0,4
1955-01-11,28,4,0.00,0.0,3
1955-01-12,21,3,0.00,0.0,3
1955-01-13,25,8,T,0.0,3
1955-01-14,26,6,0.00,0.0,3
1955-01-15,19,4,0.04,M,3
1955-01-16,33,9,0.00,0.0,3
1955-01-17,28,11,T,0.0,3
1955-01-18,27,7,0.00,0.0,3
1955-01-19,27,10,T,T,3
1955-01-20,18,8,0.00,0.0,3
1955-01-21,17,-3,0.00,0.0,3
1955-01-22,27,8,0.06,2.0,5
1955-01-23,30,4,0.04,1.0,6
1955-01-24,33,2,0.00,0.0,6
1955-01-25,26,-5,0.00,0.0,6
1955-01-26,33,6,0.00,0.0,6
1955-01-27,28,-1,0.08,1.0,7
1955-01-28,17,-13,0.00,0.0,7
1955-01-29,26,-10,0.00,0.0,6
1955-01-30,24,-10,0.00,0.0,6
1955-01-31,15,-5,0.00,0.0,6
1955-02-01,22,-3,0.06,T,6
1955-02-02,12,-10,0.00,0.0,6
1955-02-03,5,-21,0.00,0.0,6
1955-02-04,29,-7,T,T,6
1955-02-05,27,-8,0.00,0.0,6
1955-02-06,38,18,0.40,T,6
1955-02-07,38,22,0.44,T,5
1955-02-08,28,7,T,0.0,5
1955-02-09,34,-1,0.00,0.0,5
1955-02-10,54,23,0.00,0.0,5
1955-02-11,44,22,0.72,4.0,4
1955-02-12,22,3,0.04,T,8
1955-02-13,16,-10,0.00,0.0,8
1955-02-14,23,-17,T,T,8
1955-02-15,32,19,0.08,2.0,9
1955-02-16,37,20,0.01,0.4,10
1955-02-17,37,29,0.27,4.0,13
1955-02-18,33,27,0.14,2.0,17
1955-02-19,43,27,0.00,0.0,16
1955-02-20,47,23,0.00,0.0,16
1955-02-21,42,19,T,0.0,15
1955-02-22,40,32,0.09,0.0,12
1955-02-23,41,30,0.46,0.0,7
1955-02-24,37,18,0.00,0.0,4
1955-02-25,40,11,0.00,0.0,4
1955-02-26,40,13,T,T,3
1955-02-27,35,31,0.17,1.0,3
1955-02-28,44,31,0.02,0.2,4
1955-03-01,43,32,0.85,0.0,2
1955-03-02,42,25,0.04,T,2
1955-03-03,28,11,0.00,0.0,2
1955-03-04,23,12,0.09,0.0,2
1955-03-05,34,18,0.10,1.0,3
1955-03-06,35,24,0.24,2.0,4
1955-03-07,24,15,0.12,T,5
1955-03-08,26,-1,T,T,5
1955-03-09,37,6,0.13,T,5
1955-03-10,56,28,0.00,0.0,4
1955-03-11,55,31,0.04,0.0,2
1955-03-12,46,25,T,T,1
1955-03-13,44,27,0.01,T,1
1955-03-14,40,23,0.00,0.0,T
1955-03-15,46,20,0.08,0.0,0
1955-03-16,40,32,0.17,T,0
1955-03-17,32,20,0.00,0.0,0
1955-03-18,30,18,0.01,T,0
1955-03-19,31,16,T,T,0
1955-03-20,50,10,0.00,0.0,0
1955-03-21,38,21,0.06,1.0,0
1955-03-22,33,28,0.38,2.6,1
1955-03-23,36,29,0.02,T,4
1955-03-24,46,18,T,T,2
1955-03-25,42,24,0.00,0.0,1
1955-03-26,30,23,0.27,4.0,1
1955-03-27,30,15,T,T,5
1955-03-28,28,14,T,T,4
1955-03-29,42,2,0.00,0.0,3
1955-03-30,51,20,0.00,0.0,M
1955-03-31,55,25,0.00,0.0,M
1955-04-01,59,26,0.00,0.0,M
1955-04-02,61,26,0.00,0.0,M
1955-04-03,38,32,0.67,4.9,M
1955-04-04,53,30,T,T,3
1955-04-05,62,23,0.00,0.0,T
1955-04-06,60,27,T,0.0,0
1955-04-07,46,30,T,0.0,0
1955-04-08,39,27,T,T,0
1955-04-09,55,18,0.00,0.0,0
1955-04-10,70,33,0.00,0.0,0
1955-04-11,65,28,0.00,0.0,0
1955-04-12,53,23,0.00,0.0,0
1955-04-13,51,38,T,0.0,0
1955-04-14,59,42,0.12,0.0,0
1955-04-15,70,50,T,0.0,0
1955-04-16,61,40,0.00,0.0,0
1955-04-17,52,36,0.05,0.0,0
1955-04-18,72,30,0.00,0.0,0
1955-04-19,46,34,0.43,0.0,0
1955-04-20,64,36,0.00,0.0,0
1955-04-21,47,36,0.06,0.0,0
1955-04-22,69,43,0.08,0.0,0
1955-04-23,65,42,T,0.0,0
1955-04-24,49,41,T,0.0,0
1955-04-25,42,37,0.51,0.0,0
1955-04-26,46,40,0.12,0.0,0
1955-04-27,44,32,0.24,T,0
1955-04-28,60,39,0.00,0.0,0
1955-04-29,66,37,T,0.0,0
1955-04-30,77,30,0.00,0.0,0
1955-05-01,74,35,0.00,0.0,0
1955-05-02,79,39,0.00,0.0,0
1955-05-03,79,46,0.00,0.0,0
1955-05-04,87,51,0.00,0.0,0
1955-05-05,75,44,T,0.0,0
1955-05-06,60,43,0.00,0.0,0
1955-05-07,70,35,0.03,0.0,0
1955-05-08,65,47,0.15,0.0,0
1955-05-09,51,39,0.00,0.0,0
1955-05-10,65,32,0.00,0.0,0
1955-05-11,70,38,0.00,0.0,0
1955-05-12,74,37,0.00,0.0,0
1955-05-13,73,35,0.15,0.0,0
1955-05-14,70,41,0.00,0.0,0
1955-05-15,72,32,0.00,0.0,0
1955-05-16,77,38,T,0.0,0
1955-05-17,57,32,0.00,0.0,0
1955-05-18,72,38,0.00,0.0,0
1955-05-19,63,36,0.00,0.0,0
1955-05-20,73,30,0.00,0.0,0
1955-05-21,81,35,0.00,0.0,0
1955-05-22,88,39,0.00,0.0,0
1955-05-23,79,62,0.10,0.0,0
1955-05-24,86,60,0.00,0.0,0
1955-05-25,86,56,0.58,0.0,0
1955-05-26,76,50,0.00,0.0,0
1955-05-27,66,46,T,0.0,0
1955-05-28,81,51,0.00,0.0,0
1955-05-29,85,61,1.22,0.0,0
1955-05-30,79,57,T,0.0,0
1955-05-31,75,52,0.43,0.0,0
1955-06-01,61,52,T,0.0,0
1955-06-02,61,48,0.00,0.0,0
1955-06-03,75,40,0.00,0.0,0
1955-06-04,62,43,0.03,0.0,0
1955-06-05,79,48,0.04,0.0,0
1955-06-06,85,54,T,0.0,0
1955-06-07,68,55,0.00,0.0,0
1955-06-08,65,43,T,0.0,0
1955-06-09,71,47,0.00,0.0,0
1955-06-10,80,42,0.02,0.0,0
1955-06-11,78,47,0.04,0.0,0
1955-06-12,60,54,1.13,0.0,0
1955-06-13,74,54,0.33,0.0,0
1955-06-14,65,53,0.00,0.0,0
1955-06-15,79,47,0.00,0.0,0
1955-06-16,85,50,0.00,0.0,0
1955-06-17,87,51,0.00,0.0,0
1955-06-18,94,57,0.00,0.0,0
1955-06-19,89,59,0.00,0.0,0
1955-06-20,85,60,0.00,0.0,0
1955-06-21,79,55,0.53,0.0,0
1955-06-22,85,56,0.33,0.0,0
1955-06-23,80,56,0.00,0.0,0
1955-06-24,75,52,0.65,0.0,0
1955-06-25,75,53,T,0.0,0
1955-06-26,75,50,0.33,0.0,0
1955-06-27,81,48,0.00,0.0,0
1955-06-28,85,54,0.00,0.0,0
1955-06-29,87,52,0.00,0.0,0
1955-06-30,86,57,0.00,0.0,0
1955-07-01,90,66,0.00,0.0,0
1955-07-02,88,63,0.15,0.0,0
1955-07-03,87,60,0.00,0.0,0
1955-07-04,91,55,0.00,0.0,0
1955-07-05,86,61,0.21,0.0,0
1955-07-06,76,62,0.31,0.0,0
1955-07-07,85,58,0.00,0.0,0
1955-07-08,90,55,0.00,0.0,0
1955-07-09,91,60,0.00,0.0,0
1955-07-10,96,66,0.00,0.0,0
1955-07-11,80,53,0.00,0.0,0
1955-07-12,78,46,0.00,0.0,0
1955-07-13,79,46,0.00,0.0,0
1955-07-14,89,52,0.00,0.0,0
1955-07-15,93,51,0.03,0.0,0
1955-07-16,90,70,0.09,0.0,0
1955-07-17,90,66,0.00,0.0,0
1955-07-18,90,64,0.01,0.0,0
1955-07-19,83,54,0.00,0.0,0
1955-07-20,84,48,0.00,0.0,0
1955-07-21,95,52,0.00,0.0,0
1955-07-22,96,65,0.00,0.0,0
1955-07-23,90,64,0.37,0.0,0
1955-07-24,78,63,T,0.0,0
1955-07-25,84,57,0.00,0.0,0
1955-07-26,89,60,0.00,0.0,0
1955-07-27,86,57,0.88,0.0,0
1955-07-28,81,57,T,0.0,0
1955-07-29,85,52,0.00,0.0,0
1955-07-30,82,50,0.00,0.0,0
1955-07-31,92,50,0.00,0.0,0
1955-08-01,95,60,0.00,0.0,0
1955-08-02,85,56,T,0.0,0
1955-08-03,88,49,0.00,0.0,0
1955-08-04,93,54,0.00,0.0,0
1955-08-05,95,67,0.78,0.0,0
1955-08-06,88,65,T,0.0,0
1955-08-07,85,65,0.27,0.0,0
1955-08-08,76,49,0.00,0.0,0
1955-08-09,79,44,0.00,0.0,0
1955-08-10,81,45,T,0.0,0
1955-08-11,69,63,2.87,0.0,0
1955-08-12,72,64,0.08,0.0,0
1955-08-13,74,65,2.88,0.0,0
1955-08-14,84,69,0.53,0.0,0
1955-08-15,88,69,0.00,0.0,0
1955-08-16,89,69,0.05,0.0,0
1955-08-17,89,69,0.31,0.0,0
1955-08-18,76,68,0.08,0.0,0
1955-08-19,81,65,0.01,0.0,0
1955-08-20,91,63,0.00,0.0,0
1955-08-21,94,63,0.00,0.0,0
1955-08-22,91,60,0.22,0.0,0
1955-08-23,78,59,0.23,0.0,0
1955-08-24,77,57,0.00,0.0,0
1955-08-25,78,53,0.00,0.0,0
1955-08-26,83,50,0.40,0.0,0
1955-08-27,75,46,0.17,0.0,0
1955-08-28,66,39,0.00,0.0,0
1955-08-29,75,38,0.00,0.0,0
1955-08-30,71,51,0.03,0.0,0
1955-08-31,80,59,0.09,0.0,0
1955-09-01,74,53,0.00,0.0,0
1955-09-02,77,52,0.00,0.0,0
1955-09-03,77,50,0.00,0.0,0
1955-09-04,82,52,0.00,0.0,0
1955-09-05,82,49,0.02,0.0,0
1955-09-06,77,48,0.00,0.0,0
1955-09-07,68,38,0.00,0.0,0
1955-09-08,65,33,0.00,0.0,0
1955-09-09,68,42,0.00,0.0,0
1955-09-10,69,54,0.00,0.0,0
1955-09-11,71,62,0.01,0.0,0
1955-09-12,65,40,0.12,0.0,0
1955-09-13,61,33,0.00,0.0,0
1955-09-14,66,34,0.03,0.0,0
1955-09-15,72,52,0.00,0.0,0
1955-09-16,72,44,0.00,0.0,0
1955-09-17,82,44,0.00,0.0,0
1955-09-18,88,56,0.00,0.0,0
1955-09-19,86,58,0.00,0.0,0
1955-09-20,76,55,T,0.0,0
1955-09-21,57,37,0.00,0.0,0
1955-09-22,61,30,0.00,0.0,0
1955-09-23,66,29,0.00,0.0,0
1955-09-24,54,46,0.81,0.0,0
1955-09-25,64,35,0.00,0.0,0
1955-09-26,62,30,0.00,0.0,0
1955-09-27,67,33,T,0.0,0
1955-09-28,72,48,0.26,0.0,0
1955-09-29,70,41,0.00,0.0,0
1955-09-30,62,49,0.34,0.0,0
1955-10-01,66,35,0.00,0.0,0
1955-10-02,65,34,0.00,0.0,0
1955-10-03,67,35,0.00,0.0,0
1955-10-04,72,32,0.01,0.0,0
1955-10-05,63,52,0.00,0.0,0
1955-10-06,54,48,0.68,0.0,0
1955-10-07,70,49,0.18,0.0,0
1955-10-08,69,46,0.13,0.0,0
1955-10-09,67,36,0.00,0.0,0
1955-10-10,79,37,0.00,0.0,0
1955-10-11,78,44,0.00,0.0,0
1955-10-12,74,42,0.00,0.0,0
1955-10-13,55,35,T,0.0,0
1955-10-14,53,47,0.04,0.0,0
1955-10-15,52,49,0.03,0.0,0
1955-10-16,49,42,0.15,0.0,0
1955-10-17,45,39,0.49,0.0,0
1955-10-18,58,36,0.00,0.0,0
1955-10-19,52,42,0.23,0.0,0
1955-10-20,60,40,0.00,0.0,0
1955-10-21,52,37,0.03,0.0,0
1955-10-22,41,22,0.00,0.0,0
1955-10-23,50,17,0.00,0.0,0
1955-10-24,66,38,0.27,0.0,0
1955-10-25,42,25,T,T,0
1955-10-26,41,23,0.08,T,0
1955-10-27,51,27,0.00,0.0,0
1955-10-28,60,25,0.00,0.0,0
1955-10-30,55,37,0.03,0.0,0
1955-10-31,57,48,0.81,0.0,0
1955-11-01,52,46,T,0.0,M
1955-11-02,55,44,0.00,0.0,M
1955-11-03,46,41,T,0.0,M
1955-11-04,45,32,1.49,4.0,M
1955-11-05,40,31,0.38,1.0,5
1955-11-06,47,39,0.00,0.0,0
1955-11-07,50,40,0.15,0.0,0
1955-11-08,45,29,0.01,0.0,0
1955-11-09,43,23,T,0.0,0
1955-11-10,49,26,0.08,0.0,0
1955-11-11,43,32,0.32,3.2,2
1955-11-12,55,29,0.00,0.0,0
1955-11-13,58,25,0.00,0.0,0
1955-11-14,45,28,0.15,0.0,0
1955-11-15,42,24,T,0.0,0
1955-11-16,36,30,0.27,0.0,0
1955-11-17,44,29,0.04,0.0,0
1955-11-18,40,28,T,0.0,0
1955-11-19,30,24,0.14,1.4,0
1955-11-20,29,18,T,T,1
1955-11-21,38,18,0.01,T,1
1955-11-22,32,14,T,T,0
1955-11-23,32,12,0.12,0.0,0
1955-11-24,43,31,T,0.0,0
1955-11-25,36,17,0.00,0.0,0
1955-11-26,31,14,0.00,0.0,0
1955-11-27,36,13,0.00,0.0,0
1955-11-28,39,27,T,0.0,0
1955-11-29,28,14,T,T,0
1955-11-30,34,20,T,T,0
1955-12-01,33,13,T,T,0
1955-12-02,28,15,0.06,T,0
1955-12-03,38,27,T,T,0
1955-12-04,32,29,0.42,2.0,2
1955-12-05,39,27,0.01,T,2
1955-12-06,28,3,0.02,T,2
1955-12-07,24,0,0.00,0.0,2
1955-12-08,33,10,0.00,0.0,2
1955-12-09,24,4,0.00,0.0,2
1955-12-10,28,14,T,T,2
1955-12-11,31,5,0.00,0.0,2
1955-12-12,30,6,T,T,2
1955-12-13,31,16,T,T,2
1955-12-14,30,18,T,T,2
1955-12-15,34,20,0.02,0.2,2
1955-12-16,25,6,0.00,0.0,2
1955-12-17,30,0,0.00,0.0,2
1955-12-18,33,13,T,T,2
1955-12-19,23,7,T,T,2
1955-12-20,7,-14,0.00,0.0,2
1955-12-21,5,-19,0.00,0.0,2
1955-12-22,-1,-16,0.03,T,2
1955-12-23,18,-17,0.00,0.0,2
1955-12-24,25,-5,0.04,1.0,2
1955-12-25,42,15,T,T,2
1955-12-26,21,9,0.00,0.0,2
1955-12-27,19,8,0.00,0.0,2
1955-12-28,25,-1,0.00,0.0,2
1955-12-29,29,-3,0.02,0.2,2
1955-12-30,29,-5,0.01,T,2
1955-12-31,15,-9,T,T,2
1956-01-01,14,-12,0.00,0.0,2
1956-01-02,20,-13,0.00,0.0,2
1956-01-03,26,17,0.10,2.0,2
1956-01-04,35,20,0.03,T,4
1956-01-05,36,22,0.00,0.0,4
1956-01-06,28,8,0.00,0.0,4
1956-01-07,25,-1,0.00,0.0,3
1956-01-08,24,10,0.71,1.0,3
1956-01-09,47,25,0.75,7.5,4
1956-01-10,43,37,0.25,0.0,0
1956-01-11,38,35,0.33,0.0,0
1956-01-12,37,34,0.47,1.0,1
1956-01-13,36,28,0.42,T,1
1956-01-14,29,25,0.10,T,T
1956-01-15,34,27,0.01,T,T
1956-01-16,33,27,T,T,T
1956-01-17,31,22,0.02,T,T
1956-01-19,25,7,0.00,0.0,0
1956-01-20,19,8,0.00,0.0,0
1956-01-21,30,15,0.00,0.0,0
1956-01-22,34,8,0.00,0.0,0
1956-01-23,27,10,T,T,T
1956-01-24,27,5,0.00,0.0,0
1956-01-25,30,5,0.00,0.0,T
1956-01-26,29,16,T,T,T
1956-01-27,26,20,T,T,T
1956-01-28,32,7,0.01,T,T
1956-01-29,32,7,T,T,T
1956-01-30,33,27,0.33,3.3,T
1956-01-31,30,6,0.04,4.0,4
1956-02-01,34,-7,0.00,0.0,6
1956-02-02,28,11,0.24,2.0,6
1956-02-03,31,-4,T,T,8
1956-02-04,21,-18,0.10,1.0,8
1956-02-05,39,14,0.15,1.5,9
1956-02-06,38,5,0.32,3.2,11
1956-02-07,42,26,0.45,T,15
1956-02-08,45,20,0.00,0.0,12
1956-02-09,43,28,T,0.0,10
1956-02-10,35,27,T,T,9
1956-02-11,37,28,0.06,T,8
1956-02-12,39,31,0.10,1.0,9
1956-02-13,40,30,T,T,9
1956-02-14,42,19,0.00,0.0,8
1956-02-15,44,28,0.03,0.0,8
1956-02-16,29,13,0.00,0.0,8
1956-02-17,22,0,T,T,8
1956-02-18,26,20,0.38,3.8,8
1956-02-19,38,13,0.00,0.0,13
1956-02-20,42,20,T,T,13
1956-02-21,23,5,T,T,13
1956-02-22,21,-11,0.00,0.0,11
1956-02-23,24,-7,0.00,0.0,10
1956-02-24,30,-13,T,T,10
1956-02-25,45,25,0.42,T,10
1956-02-26,33,22,0.05,T,9
1956-02-27,35,23,0.03,T,9
1956-02-28,34,3,0.12,1.2,10
1956-02-29,27,-4,0.00,0.0,10
1956-03-01,36,-5,0.00,0.0,10
1956-03-02,42,29,0.06,T,9
1956-03-03,46,31,0.00,0.0,7
1956-03-04,41,19,0.61,6.0,10
1956-03-05,36,14,0.20,T,10
1956-03-06,33,19,T,T,8
1956-03-07,32,28,0.36,4.0,12
1956-03-08,28,25,0.67,2.0,14
1956-03-09,29,15,0.03,T,16
1956-03-10,39,2,0.02,T,16
1956-03-11,42,14,0.07,T,11
1956-03-12,36,25,0.00,0.0,10
1956-03-13,35,21,0.01,T,10
1956-03-14,33,29,0.51,6.0,18
1956-03-15,31,5,T,T,16
1956-03-16,21,0,0.67,8.0,18
1956-03-17,26,-2,0.22,1.0,25
1956-03-18,30,-15,0.00,0.0,25
1956-03-19,28,-9,0.05,0.5,25
1956-03-20,42,4,T,T,26
1956-03-21,50,-4,0.00,0.0,19
1956-03-22,50,1,0.00,0.0,17
1956-03-23,39,24,0.00,0.0,17
1956-03-24,28,10,0.39,3.9,21
1956-03-25,28,7,0.00,0.0,20
1956-03-26,39,2,0.00,0.0,19
1956-03-27,37,2,0.00,0.0,17
1956-03-28,42,5,0.00,0.0,16
1956-03-29,42,7,0.02,T,15
1956-03-30,37,25,0.19,1.0,12
1956-03-31,39,20,T,T,12
1956-04-01,44,14,0.00,0.0,13
1956-04-02,51,12,0.03,0.0,10
1956-04-03,45,34,0.01,0.0,8
1956-04-04,44,35,0.23,0.0,6
1956-04-05,53,28,0.00,0.0,4
1956-04-06,60,22,0.00,0.0,3
1956-04-07,44,29,0.00,0.0,3
1956-04-08,40,27,0.11,1.5,3
1956-04-09,41,32,0.03,T,3
1956-04-10,44,23,0.00,0.0,1
1956-04-11,53,19,0.00,0.0,T
1956-04-12,55,20,0.00,0.0,T
1956-04-13,49,22,T,0.0,T
1956-04-14,49,28,T,T,T
1956-04-15,44,26,0.11,0.0,T
1956-04-16,48,37,0.49,0.0,T
1956-04-17,49,30,0.01,0.0,T
1956-04-18,51,26,0.00,0.0,0
1956-04-19,44,27,T,0.0,0
1956-04-20,48,25,0.00,0.0,0
1956-04-21,45,22,0.00,0.0,0
1956-04-22,49,30,0.06,T,0
1956-04-23,42,30,0.24,T,0
1956-04-24,43,25,0.00,0.0,0
1956-04-25,52,20,0.00,0.0,0
1956-04-26,39,28,0.08,0.0,0
1956-04-27,60,30,T,0.0,0
1956-04-28,71,45,0.35,0.0,0
1956-04-29,50,41,0.60,0.0,0
1956-04-30,55,29,0.04,0.0,0
1956-05-01,60,25,0.00,0.0,0
1956-05-02,62,23,0.13,0.0,0
1956-05-03,68,38,0.01,0.0,0
1956-05-04,59,32,0.17,0.0,0
1956-05-05,61,26,0.00,0.0,0
1956-05-06,59,35,0.00,0.0,0
1956-05-07,59,35,0.00,0.0,0
1956-05-08,52,25,0.00,0.0,0
1956-05-09,67,20,0.00,0.0,0
1956-05-10,60,30,0.15,0.0,0
1956-05-11,68,25,0.00,0.0,0
1956-05-12,83,44,0.02,0.0,0
1956-05-13,83,48,0.00,0.0,0
1956-05-14,54,43,0.18,0.0,0
1956-05-15,70,37,0.00,0.0,0
1956-05-16,60,37,0.16,0.0,0
1956-05-17,54,34,T,0.0,0
1956-05-18,54,34,T,0.0,0
1956-05-19,61,35,0.00,0.0,0
1956-05-20,59,32,0.00,0.0,0
1956-05-21,74,35,0.00,0.0,0
1956-05-22,81,48,0.00,0.0,0
1956-05-23,61,31,0.18,0.0,0
1956-05-24,52,25,0.00,0.0,0
1956-05-25,60,22,0.00,0.0,0
1956-05-26,65,26,T,0.0,0
1956-05-27,53,43,1.66,0.0,0
1956-05-28,54,35,T,0.0,0
1956-05-29,76,31,0.00,0.0,0
1956-05-30,58,48,0.28,0.0,0
1956-05-31,82,51,0.05,0.0,0
1956-06-01,84,62,0.08,0.0,0
1956-06-02,77,58,0.06,0.0,0
1956-06-03,75,62,1.74,0.0,0
1956-06-04,77,52,T,0.0,0
1956-06-05,72,48,0.11,0.0,0
1956-06-06,79,48,0.00,0.0,0
1956-06-07,84,45,0.00,0.0,0
1956-06-08,84,45,0.00,0.0,0
1956-06-09,53,45,0.08,0.0,0
1956-06-10,58,47,0.24,0.0,0
1956-06-11,75,47,0.00,0.0,0
1956-06-12,90,40,0.00,0.0,0
1956-06-13,92,58,0.00,0.0,0
1956-06-14,95,60,0.00,0.0,0
1956-06-15,93,62,0.12,0.0,0
1956-06-16,86,57,0.29,0.0,0
1956-06-17,79,51,0.00,0.0,0
1956-06-18,66,39,0.00,0.0,0
1956-06-19,73,33,0.00,0.0,0
1956-06-20,73,42,0.00,0.0,0
1956-06-21,74,56,T,0.0,0
1956-06-22,84,56,0.00,0.0,0
1956-06-23,77,48,0.26,0.0,0
1956-06-24,71,60,T,0.0,0
1956-06-25,78,49,0.16,0.0,0
1956-06-26,81,43,0.00,0.0,0
1956-06-27,76,48,0.14,0.0,0
1956-06-28,76,49,T,0.0,0
1956-06-29,72,48,0.00,0.0,0
1956-06-30,75,42,0.00,0.0,0
1956-07-01,89,52,0.00,0.0,0
1956-07-02,85,63,0.00,0.0,0
1956-07-03,85,56,0.00,0.0,0
1956-07-04,76,48,0.00,0.0,0
1956-07-05,67,47,0.26,0.0,0
1956-07-06,58,53,0.52,0.0,0
1956-07-07,75,53,T,0.0,0
1956-07-08,83,52,0.05,0.0,0
1956-07-09,87,62,0.41,0.0,0
1956-07-10,78,59,0.00,0.0,0
1956-07-11,82,57,T,0.0,0
1956-07-12,77,55,0.06,0.0,0
1956-07-13,72,58,0.70,0.0,0
1956-07-14,79,56,1.55,0.0,0
1956-07-15,79,52,T,0.0,0
1956-07-16,77,50,0.22,0.0,0
1956-07-17,70,47,0.00,0.0,0
1956-07-18,76,44,0.00,0.0,0
1956-07-19,80,42,0.00,0.0,0
1956-07-20,80,47,0.00,0.0,0
1956-07-21,70,57,0.04,0.0,0
1956-07-22,74,56,0.07,0.0,0
1956-07-23,82,62,0.19,0.0,0
1956-07-24,82,58,0.00,0.0,0
1956-07-25,80,54,0.24,0.0,0
1956-07-26,77,50,0.00,0.0,0
1956-07-27,81,46,0.00,0.0,0
1956-07-28,83,63,0.00,0.0,0
1956-07-29,69,45,0.00,0.0,0
1956-07-30,70,39,0.00,0.0,0
1956-07-31,76,54,0.00,0.0,0
1956-08-01,80,47,0.00,0.0,0
1956-08-02,72,43,0.00,0.0,0
1956-08-03,75,39,0.00,0.0,0
1956-08-04,80,49,T,0.0,0
1956-08-05,85,49,0.00,0.0,0
1956-08-06,85,55,0.00,0.0,0
1956-08-07,83,56,0.00,0.0,0
1956-08-08,86,55,0.00,0.0,0
1956-08-09,88,54,0.00,0.0,0
1956-08-10,84,66,0.08,0.0,0
1956-08-11,84,58,T,0.0,0
1956-08-12,78,52,T,0.0,0
1956-08-13,82,50,0.01,0.0,0
1956-08-14,83,58,0.00,0.0,0
1956-08-15,79,46,0.00,0.0,0
1956-08-16,84,42,0.00,0.0,0
1956-08-17,91,53,0.00,0.0,0
1956-08-18,91,57,0.03,0.0,0
1956-08-19,83,53,0.23,0.0,0
1956-08-20,72,47,0.00,0.0,0
1956-08-21,58,51,0.49,0.0,0
1956-08-22,72,49,0.00,0.0,0
1956-08-23,74,57,0.00,0.0,0
1956-08-24,72,46,0.24,0.0,0
1956-08-25,75,40,0.00,0.0,0
1956-08-26,72,43,T,0.0,0
1956-08-27,80,47,0.00,0.0,0
1956-08-28,82,57,0.00,0.0,0
1956-08-29,73,55,0.00,0.0,0
1956-08-30,61,55,0.02,0.0,0
1956-08-31,62,56,0.86,0.0,0
1956-09-01,77,57,0.01,0.0,0
1956-09-02,79,59,0.63,0.0,0
1956-09-03,80,53,0.00,0.0,0
1956-09-04,82,52,0.00,0.0,0
1956-09-05,87,53,0.00,0.0,0
1956-09-06,79,58,0.23,0.0,0
1956-09-07,68,40,0.00,0.0,0
1956-09-08,63,39,T,0.0,0
1956-09-09,63,32,0.00,0.0,0
1956-09-10,65,33,0.00,0.0,0
1956-09-11,65,43,0.10,0.0,0
1956-09-12,72,47,0.00,0.0,0
1956-09-13,77,53,0.00,0.0,0
1956-09-14,80,51,0.07,0.0,0
1956-09-15,59,45,0.11,0.0,0
1956-09-16,48,45,0.41,0.0,0
1956-09-17,55,46,1.68,0.0,0
1956-09-18,57,33,T,0.0,0
1956-09-19,62,30,0.00,0.0,0
1956-09-20,56,32,0.51,0.0,0
1956-09-21,56,27,0.00,0.0,0
1956-09-22,64,37,0.00,0.0,0
1956-09-23,54,36,1.70,0.0,0
1956-09-24,70,43,0.36,0.0,0
1956-09-25,54,33,0.00,0.0,0
1956-09-26,59,31,0.00,0.0,0
1956-09-27,55,31,0.00,0.0,0
1956-09-28,64,33,0.00,0.0,0
1956-09-30,74,36,T,0.0,0
1956-10-01,56,45,0.00,0.0,0
1956-10-02,64,45,0.17,0.0,0
1956-10-03,64,37,0.00,0.0,0
1956-10-04,55,35,0.14,0.0,0
1956-10-05,57,29,0.00,0.0,0
1956-10-06,62,28,0.13,0.0,0
1956-10-07,62,46,0.53,0.0,0
1956-10-08,70,44,0.00,0.0,0
1956-10-09,57,41,0.00,0.0,0
1956-10-10,50,25,0.00,0.0,0
1956-10-11,50,20,0.00,0.0,0
1956-10-12,54,18,0.00,0.0,0
1956-10-13,65,25,0.00,0.0,0
1956-10-14,78,34,0.00,0.0,0
1956-10-15,84,42,0.00,0.0,0
1956-10-16,83,37,0.00,0.0,0
1956-10-17,79,38,0.00,0.0,0
1956-10-18,61,37,0.00,0.0,0
1956-10-19,55,23,0.00,0.0,0
1956-10-20,59,20,0.00,0.0,0
1956-10-21,68,31,0.00,0.0,0
1956-10-22,67,37,0.00,0.0,0
1956-10-23,62,52,0.08,0.0,0
1956-10-24,59,33,0.00,0.0,0
1956-10-25,55,21,0.00,0.0,0
1956-10-26,47,18,0.00,0.0,0
1956-10-27,53,35,T,0.0,0
1956-10-28,60,29,0.00,0.0,0
1956-10-29,63,25,0.00,0.0,0
1956-10-30,68,23,0.00,0.0,0
1956-10-31,70,30,0.12,0.0,0
1956-11-01,72,55,T,0.0,0
1956-11-02,60,49,0.00,0.0,0
1956-11-03,52,37,0.00,0.0,0
1956-11-04,66,35,0.00,0.0,0
1956-11-05,61,30,0.00,0.0,0
1956-11-06,65,34,0.00,0.0,0
1956-11-07,63,31,0.00,0.0,0
1956-11-08,55,35,0.00,0.0,0
1956-11-09,47,28,T,T,0
1956-11-10,30,10,T,T,T
1956-11-11,37,8,0.25,T,T
1956-11-12,57,37,0.13,0.0,0
1956-11-13,40,22,0.14,0.0,0
1956-11-14,55,23,T,T,0
1956-11-15,71,36,0.00,0.0,0
1956-11-16,65,41,0.02,0.0,0
1956-11-17,46,29,0.00,0.0,0
1956-11-18,35,15,0.39,3.9,3
1956-11-19,38,5,0.00,0.0,3
1956-11-20,37,10,T,0.0,3
1956-11-21,60,31,0.97,0.0,0
1956-11-22,45,30,0.00,0.0,0
1956-11-23,33,9,T,T,0
1956-11-24,30,4,0.00,0.0,0
1956-11-25,36,4,T,T,0
1956-11-26,38,29,0.32,3.2,3
1956-11-27,39,29,T,T,1
1956-11-28,37,20,T,T,T
1956-11-29,39,19,T,T,T
1956-11-30,33,15,0.00,0.0,0
1956-12-01,31,6,T,T,0
1956-12-02,32,20,0.02,0.2,0
1956-12-03,28,20,0.15,1.5,2
1956-12-04,39,11,0.00,0.0,2
1956-12-05,31,6,0.00,0.0,2
1956-12-06,37,27,0.21,0.0,2
1956-12-07,43,34,0.07,0.0,1
1956-12-08,41,26,0.05,1.0,0
1956-12-09,27,21,0.55,5.5,3
1956-12-10,35,8,T,T,7
1956-12-11,44,11,T,0.0,6
1956-12-12,51,29,0.01,0.0,0
1956-12-13,39,22,0.14,T,0
1956-12-14,26,19,0.49,4.0,0
1956-12-15,32,24,0.06,0.6,T
1956-12-16,48,30,0.03,0.3,1
1956-12-17,46,26,0.00,0.0,1
1956-12-18,41,6,0.08,T,0
1956-12-19,34,4,0.00,0.0,0
1956-12-20,39,19,0.00,0.0,0
1956-12-21,49,24,0.00,0.0,0
1956-12-22,33,21,0.27,2.7,3
1956-12-23,34,21,0.04,0.4,4
1956-12-24,36,32,0.16,0.0,0
1956-12-25,38,20,T,T,0
1956-12-26,29,7,0.00,0.0,0
1956-12-27,28,5,0.09,0.9,1
1956-12-28,42,25,0.05,0.5,1
1956-12-29,33,18,0.40,4.0,4
1956-12-30,18,-12,T,T,4
1956-12-31,15,-9,0.27,2.7,4
1957-01-01,15,-16,0.00,0.0,14
1957-01-02,11,-22,0.00,0.0,9
1957-01-03,22,-15,0.00,0.0,8
1957-01-04,35,3,0.01,T,8
1957-01-05,25,2,0.00,0.0,8
1957-01-06,16,-18,0.03,0.3,8
1957-01-07,26,11,0.21,2.1,10
1957-01-08,34,8,0.00,0.0,12
1957-01-09,37,8,T,T,12
1957-01-10,36,-10,0.37,3.7,12
1957-01-11,15,-21,0.00,0.0,16
1957-01-12,33,-2,0.01,0.1,16
1957-01-13,27,-21,0.02,0.2,17
1957-01-14,3,-34,T,T,17
1957-01-15,-3,-28,T,T,17
1957-01-16,12,-9,0.15,1.5,19
1957-01-17,14,-17,T,T,19
1957-01-18,16,-29,T,T,19
1957-01-19,26,-5,T,T,19
1957-01-20,33,-14,0.00,0.0,19
1957-01-21,47,36,0.00,0.0,14
1957-01-22,56,37,0.10,0.0,10
1957-01-23,52,6,0.31,0.0,6
1957-01-24,20,-1,0.00,0.0,4
1957-01-25,20,4,0.03,T,2
1957-01-26,26,6,0.01,T,2
1957-01-27,33,12,T,T,1
1957-01-28,31,8,0.00,0.0,1
1957-01-29,25,15,0.35,3.5,1
1957-01-30,29,-5,0.00,0.0,4
1957-01-31,30,-6,T,T,3
1957-02-01,25,9,0.00,0.0,3
1957-02-02,36,11,0.00,0.0,3
1957-02-03,37,5,T,0.0,3
1957-02-04,42,29,T,T,2
1957-02-05,36,11,0.00,0.0,1
1957-02-06,44,2,0.00,0.0,1
1957-02-07,46,9,0.00,0.0,1
1957-02-08,36,11,0.00,0.0,0
1957-02-09,33,10,0.17,1.0,0
1957-02-10,49,23,T,T,1
1957-02-11,26,4,0.00,0.0,1
1957-02-12,27,-6,0.00,0.0,1
1957-02-13,30,4,T,T,1
1957-02-14,32,15,T,T,1
1957-02-15,38,8,0.00,0.0,1
1957-02-16,35,8,0.02,T,0
1957-02-17,33,20,T,T,0
1957-02-18,39,25,T,T,T
1957-02-19,35,17,T,T,T
1957-02-20,29,12,T,T,0
1957-02-21,35,11,T,T,0
1957-02-22,40,7,0.00,0.0,0
1957-02-23,45,25,T,0.0,0
1957-02-24,35,16,0.00,0.0,0
1957-02-25,54,28,T,0.0,0
1957-02-26,64,33,0.47,0.0,0
1957-02-27,44,12,0.22,T,0
1957-02-28,32,8,0.00,0.0,0
1957-03-01,28,20,0.28,2.8,2
1957-03-02,40,15,T,T,2
1957-03-03,32,19,T,T,1
1957-03-04,29,8,0.00,0.0,0
1957-03-05,33,3,0.00,0.0,0
1957-03-06,41,5,0.00,0.0,0
1957-03-07,43,13,0.00,0.0,0
1957-03-08,37,32,0.07,0.7,0
1957-03-09,36,32,0.78,3.0,2
1957-03-10,33,21,T,T,4
1957-03-11,39,8,0.00,0.0,3
1957-03-12,39,22,0.01,0.0,3
1957-03-13,56,21,0.00,0.0,2
1957-03-14,61,26,0.00,0.0,0
1957-03-15,50,25,0.12,0.0,0
1957-03-16,50,32,0.03,0.0,0
1957-03-17,42,25,T,T,0
1957-03-18,39,23,T,T,0
1957-03-19,45,15,0.00,0.0,0
1957-03-20,41,32,T,T,0
1957-03-21,51,32,0.00,0.0,0
1957-03-22,54,27,0.00,0.0,0
1957-03-23,52,20,0.00,0.0,0
1957-03-24,42,20,0.00,0.0,0
1957-03-25,46,23,0.00,0.0,0
1957-03-26,49,27,0.00,0.0,0
1957-03-27,49,26,T,T,0
1957-03-28,49,16,0.00,0.0,0
1957-03-29,50,17,0.00,0.0,0
1957-03-30,46,25,0.00,0.0,0
1957-03-31,51,15,0.00,0.0,0
1957-04-01,59,15,0.00,0.0,0
1957-04-02,50,30,0.29,0.0,0
1957-04-03,42,23,0.00,0.0,0
1957-04-04,44,18,0.00,0.0,0
1957-04-05,35,30,0.25,T,0
1957-04-06,45,33,0.21,0.0,0
1957-04-07,47,37,0.00,0.0,0
1957-04-08,46,26,0.03,0.3,0
1957-04-09,40,28,0.32,3.2,4
1957-04-10,51,25,0.00,0.0,0
1957-04-11,46,25,T,T,0
1957-04-12,58,31,0.02,0.2,0
1957-04-13,43,23,0.00,0.0,0
1957-04-14,41,22,T,T,0
1957-04-15,50,14,0.00,0.0,0
1957-04-16,59,17,0.00,0.0,0
1957-04-17,59,37,T,0.0,0
1957-04-18,66,32,0.00,0.0,0
1957-04-19,73,37,0.00,0.0,0
1957-04-20,82,46,0.00,0.0,0
1957-04-21,80,50,0.00,0.0,0
1957-04-22,75,30,0.00,0.0,0
1957-04-23,81,45,0.00,0.0,0
1957-04-24,82,37,0.00,0.0,0
1957-04-25,56,42,0.03,0.0,0
1957-04-26,80,45,T,0.0,0
1957-04-27,85,42,0.00,0.0,0
1957-04-28,75,51,0.00,0.0,0
1957-04-29,73,39,0.13,0.0,0
1957-04-30,60,39,T,0.0,0
1957-05-01,65,32,0.00,0.0,0
1957-05-02,52,35,0.00,0.0,0
1957-05-03,42,34,T,T,0
1957-05-04,64,29,0.00,0.0,0
1957-05-05,69,30,0.00,0.0,0
1957-05-06,71,28,0.00,0.0,0
1957-05-07,80,29,0.00,0.0,0
1957-05-08,81,47,0.00,0.0,0
1957-05-09,86,50,0.00,0.0,0
1957-05-10,80,48,0.08,0.0,0
1957-05-11,66,44,T,0.0,0
1957-05-12,57,46,0.16,0.0,0
1957-05-13,69,43,T,0.0,0
1957-05-14,70,40,0.19,0.0,0
1957-05-15,80,46,0.10,0.0,0
1957-05-16,55,29,0.00,0.0,0
1957-05-17,61,28,0.00,0.0,0
1957-05-18,63,35,T,0.0,0
1957-05-19,57,29,0.03,0.0,0
1957-05-20,47,40,1.18,0.0,0
1957-05-21,70,40,0.02,0.0,0
1957-05-22,71,36,T,0.0,0
1957-05-23,80,48,0.08,0.0,0
1957-05-24,73,54,0.00,0.0,0
1957-05-25,78,39,0.00,0.0,0
1957-05-26,69,51,0.49,0.0,0
1957-05-27,80,55,0.10,0.0,0
1957-05-28,59,43,0.00,0.0,0
1957-05-29,72,33,0.00,0.0,0
1957-05-30,74,36,T,0.0,0
1957-05-31,79,49,T,0.0,0
1957-06-01,80,45,0.00,0.0,0
1957-06-02,66,44,0.26,0.0,0
1957-06-03,68,42,0.00,0.0,0
1957-06-04,76,45,0.00,0.0,0
1957-06-05,78,41,0.00,0.0,0
1957-06-06,67,51,0.01,0.0,0
1957-06-07,70,39,0.51,0.0,0
1957-06-08,69,34,0.00,0.0,0
1957-06-09,77,33,0.00,0.0,0
1957-06-10,82,38,0.00,0.0,0
1957-06-11,87,52,0.00,0.0,0
1957-06-12,82,53,0.02,0.0,0
1957-06-13,81,48,0.00,0.0,0
1957-06-14,83,62,T,0.0,0
1957-06-15,95,63,0.00,0.0,0
1957-06-16,94,58,0.00,0.0,0
1957-06-17,93,58,0.00,0.0,0
1957-06-18,99,60,0.00,0.0,0
1957-06-19,86,62,0.05,0.0,0
1957-06-20,79,48,0.00,0.0,0
1957-06-21,86,39,0.00,0.0,0
1957-06-22,90,53,0.00,0.0,0
1957-06-23,95,59,0.41,0.0,0
1957-06-24,90,64,0.00,0.0,0
1957-06-25,70,58,0.60,0.0,0
1957-06-26,67,57,0.63,0.0,0
1957-06-27,83,62,0.12,0.0,0
1957-06-28,86,64,T,0.0,0
1957-06-29,81,64,0.24,0.0,0
1957-06-30,72,60,0.02,0.0,0
1957-07-01,73,55,0.01,0.0,0
1957-07-02,73,46,0.00,0.0,0
1957-07-03,79,38,0.11,0.0,0
1957-07-04,87,62,0.12,0.0,0
1957-07-05,81,59,1.20,0.0,0
1957-07-06,77,53,0.00,0.0,0
1957-07-07,85,46,T,0.0,0
1957-07-08,85,56,0.00,0.0,0
1957-07-09,79,59,0.06,0.0,0
1957-07-10,69,49,0.00,0.0,0
1957-07-11,74,49,0.01,0.0,0
1957-07-12,79,50,0.00,0.0,0
1957-07-13,84,51,0.00,0.0,0
1957-07-14,86,59,0.63,0.0,0
1957-07-15,70,53,0.00,0.0,0
1957-07-16,75,49,0.00,0.0,0
1957-07-17,82,46,0.00,0.0,0
1957-07-18,86,47,0.00,0.0,0
1957-07-19,87,50,0.00,0.0,0
1957-07-20,89,59,0.00,0.0,0
1957-07-21,82,63,0.00,0.0,0
1957-07-22,83,60,T,0.0,0
1957-07-23,74,50,0.00,0.0,0
1957-07-24,75,49,0.18,0.0,0
1957-07-25,78,50,0.00,0.0,0
1957-07-26,83,46,0.00,0.0,0
1957-07-27,85,49,0.21,0.0,0
1957-07-28,75,63,0.02,0.0,0
1957-07-29,79,61,1.12,0.0,0
1957-07-30,83,61,0.76,0.0,0
1957-07-31,87,58,0.39,0.0,0
1957-08-01,80,56,T,0.0,0
1957-08-02,85,52,0.00,0.0,0
1957-08-03,90,52,0.00,0.0,0
1957-08-04,80,59,0.22,0.0,0
1957-08-05,69,47,0.00,0.0,0
1957-08-06,72,39,0.00,0.0,0
1957-08-07,76,45,0.00,0.0,0
1957-08-08,84,43,0.00,0.0,0
1957-08-09,88,55,0.00,0.0,0
1957-08-10,73,60,0.86,0.0,0
1957-08-11,82,58,0.43,0.0,0
1957-08-12,70,53,0.00,0.0,0
1957-08-13,71,39,0.00,0.0,0
1957-08-14,76,46,0.00,0.0,0
1957-08-15,82,60,T,0.0,0
1957-08-16,73,45,0.02,0.0,0
1957-08-17,72,40,0.00,0.0,0
1957-08-18,77,41,0.00,0.0,0
1957-08-19,80,42,0.00,0.0,0
1957-08-20,81,52,0.00,0.0,0
1957-08-21,76,48,0.00,0.0,0
1957-08-22,77,44,0.00,0.0,0
1957-08-23,81,41,0.00,0.0,0
1957-08-24,82,42,0.00,0.0,0
1957-08-25,73,52,0.02,0.0,0
1957-08-26,74,60,0.22,0.0,0
1957-08-27,76,44,0.00,0.0,0
1957-08-28,80,35,0.00,0.0,0
1957-08-29,70,39,T,0.0,0
1957-08-30,72,55,T,0.0,0
1957-08-31,77,46,0.00,0.0,0
1957-09-01,80,42,0.00,0.0,0
1957-09-02,76,46,0.14,0.0,0
1957-09-03,85,62,0.30,0.0,0
1957-09-04,84,54,T,0.0,0
1957-09-05,64,52,0.00,0.0,0
1957-09-06,73,46,0.00,0.0,0
1957-09-07,75,45,0.02,0.0,0
1957-09-08,68,41,0.01,0.0,0
1957-09-09,73,39,0.00,0.0,0
1957-09-10,71,40,0.01,0.0,0
1957-09-11,79,52,0.06,0.0,0
1957-09-12,80,58,0.00,0.0,0
1957-09-13,83,64,T,0.0,0
1957-09-14,79,54,0.00,0.0,0
1957-09-15,70,48,0.34,0.0,0
1957-09-16,84,60,0.28,0.0,0
1957-09-17,73,46,0.00,0.0,0
1957-09-18,75,44,0.00,0.0,0
1957-09-19,77,47,0.00,0.0,0
1957-09-20,72,55,0.00,0.0,0
1957-09-21,76,61,0.00,0.0,0
1957-09-22,86,66,0.71,0.0,0
1957-09-23,71,51,0.36,0.0,0
1957-09-24,62,35,0.00,0.0,0
1957-09-25,71,33,0.00,0.0,0
1957-09-26,59,32,0.00,0.0,0
1957-09-27,52,28,0.00,0.0,0
1957-09-28,61,25,0.00,0.0,0
1957-09-29,74,26,0.00,0.0,0
1957-09-30,79,33,0.00,0.0,0
1957-10-01,68,36,T,0.0,0
1957-10-02,57,32,T,0.0,0
1957-10-03,55,40,0.00,0.0,0
1957-10-04,62,32,0.00,0.0,0
1957-10-05,68,35,0.00,0.0,0
1957-10-06,70,35,T,0.0,0
1957-10-07,67,48,0.20,0.0,0
1957-10-08,68,55,0.42,0.0,0
1957-10-09,76,49,0.00,0.0,0
1957-10-10,67,44,0.00,0.0,0
1957-10-11,47,30,0.00,0.0,0
1957-10-12,58,24,0.00,0.0,0
1957-10-13,63,24,0.00,0.0,0
1957-10-14,64,28,0.00,0.0,0
1957-10-15,74,32,0.00,0.0,0
1957-10-16,75,31,0.00,0.0,0
1957-10-17,70,32,T,0.0,0
1957-10-18,65,56,0.08,0.0,0
1957-10-19,59,39,0.71,0.0,0
1957-10-20,52,36,T,0.0,0
1957-10-21,54,23,0.00,0.0,0
1957-10-22,59,27,0.00,0.0,0
1957-10-23,65,45,0.00,0.0,0
1957-10-24,60,50,0.30,0.0,0
1957-10-25,60,34,0.00,0.0,0
1957-10-26,40,32,0.00,0.0,0
1957-10-27,44,23,T,T,0
1957-10-28,39,30,T,T,0
1957-10-29,50,32,0.02,0.0,0
1957-10-30,56,32,0.00,0.0,0
1957-10-31,62,36,T,0.0,0
1957-11-01,56,33,0.23,0.0,0
1957-11-02,58,51,0.36,0.0,0
1957-11-03,56,50,1.03,0.0,0
1957-11-04,50,42,0.21,0.0,0
1957-11-05,46,39,0.04,0.0,0
1957-11-06,45,26,0.00,0.0,0
1957-11-07,56,25,0.00,0.0,0
1957-11-08,59,26,0.56,0.0,0
1957-11-09,58,34,0.01,0.0,0
1957-11-10,34,21,T,T,0
1957-11-11,38,13,0.00,0.0,0
1957-11-12,55,20,0.00,0.0,0
1957-11-13,55,23,0.00,0.0,0
1957-11-14,54,30,0.21,0.0,0
1957-11-15,62,39,0.81,0.0,0
1957-11-16,61,31,0.00,0.0,0
1957-11-17,54,43,0.05,0.0,0
1957-11-18,51,37,0.16,0.0,0
1957-11-19,52,40,0.47,0.0,0
1957-11-20,46,37,T,0.0,0
1957-11-21,45,30,0.00,0.0,0
1957-11-22,44,23,0.00,0.0,0
1957-11-23,41,27,0.00,0.0,0
1957-11-24,43,30,T,T,0
1957-11-25,36,22,T,T,0
1957-11-26,24,4,0.02,T,0
1957-11-27,28,-1,0.00,0.0,0
1957-11-28,54,20,T,0.0,0
1957-11-29,55,39,0.14,0.0,0
1957-11-30,44,28,0.45,T,T
1957-12-01,34,19,T,T,T
1957-12-02,35,22,T,T,T
1957-12-03,32,18,T,T,T
1957-12-04,28,9,0.00,0.0,0
1957-12-05,31,6,0.00,0.0,0
1957-12-06,38,5,0.00,0.0,0
1957-12-07,48,36,0.10,0.0,0
1957-12-08,49,26,0.00,0.0,0
1957-12-09,32,26,0.34,T,0
1957-12-10,34,29,0.82,0.0,0
1957-12-11,38,24,0.34,M,0
1957-12-12,25,6,0.24,M,7
1957-12-13,24,-5,0.00,0.0,6
1957-12-14,35,17,0.01,T,6
1957-12-15,40,18,0.00,0.0,6
1957-12-16,42,19,0.03,T,6
1957-12-17,37,11,T,T,5
1957-12-18,30,3,0.00,0.0,4
1957-12-19,46,20,0.17,0.0,3
1957-12-20,60,41,0.26,0.0,0
1957-12-21,58,39,0.50,0.0,0
1957-12-22,47,25,0.00,0.0,0
1957-12-23,44,19,0.00,0.0,0
1957-12-24,50,28,0.03,T,0
1957-12-25,37,18,0.00,0.0,0
1957-12-26,53,21,0.72,0.0,0
1957-12-27,40,23,0.02,T,0
1957-12-28,40,23,T,T,0
1957-12-29,44,25,T,T,0
1957-12-30,35,20,T,T,0
1957-12-31,42,20,0.00,0.0,0
1958-01-01,39,28,0.22,T,0
1958-01-02,28,14,0.00,0.0,0
1958-01-03,22,0,0.00,0.0,0
1958-01-04,10,-9,0.00,0.0,0
1958-01-05,20,-6,0.00,0.0,0
1958-01-06,39,6,0.00,0.0,0
1958-01-07,35,28,0.23,2.1,0
1958-01-08,30,8,0.47,4.0,6
1958-01-09,26,-4,0.00,0.0,6
1958-01-10,31,-11,T,T,6
1958-01-11,34,4,T,T,5
1958-01-12,18,-9,0.00,0.0,5
1958-01-13,30,-7,0.00,0.0,5
1958-01-14,24,-4,0.08,1.0,5
1958-01-15,32,24,1.29,12.0,10
1958-01-16,30,26,0.07,1.0,18
1958-01-17,31,25,0.04,0.4,18
1958-01-18,25,8,0.12,2.0,18
1958-01-19,13,-9,0.03,3.0,21
1958-01-20,19,-16,0.00,0.0,21
1958-01-21,20,-4,0.07,T,21
1958-01-22,40,20,1.46,T,20
1958-01-23,33,22,0.35,T,20
1958-01-24,34,14,0.00,0.0,17
1958-01-25,37,21,0.10,T,17
1958-01-26,41,36,0.07,0.0,15
1958-01-27,39,32,0.24,T,13
1958-01-28,35,31,0.55,5.0,18
1958-01-29,35,30,0.39,3.9,21
1958-01-30,38,28,0.03,T,21
1958-01-31,39,21,0.00,0.0,21
1958-02-01,34,13,T,T,20
1958-02-02,31,13,T,T,20
1958-02-03,27,4,T,T,20
1958-02-04,15,2,0.04,T,20
1958-02-05,29,-8,0.00,0.0,19
1958-02-06,31,-5,0.00,0.0,19
1958-02-07,25,-2,0.36,3.5,18
1958-02-08,28,15,0.52,5.0,27
1958-02-09,15,3,T,T,27
1958-02-10,19,-6,T,T,27
1958-02-11,26,-21,0.00,0.0,26
1958-02-12,26,-20,0.07,1.1,26
1958-02-13,22,-4,0.04,0.6,28
1958-02-14,18,-8,T,T,28
1958-02-15,23,-17,0.00,0.0,28
1958-02-16,13,6,1.93,30.0,57
1958-02-17,9,-8,0.14,2.5,59
1958-02-18,10,-30,0.01,0.1,60
1958-02-19,24,-6,T,T,60
1958-02-20,26,10,0.00,0.0,58
1958-02-21,34,-5,0.00,0.0,36
1958-02-22,40,17,0.01,T,30
1958-02-23,21,-2,0.08,0.8,30
1958-02-24,37,20,0.02,0.2,31
1958-02-25,38,27,0.31,T,29
1958-02-26,43,11,0.00,0.0,23
1958-02-27,36,22,T,T,20
1958-02-28,34,27,0.38,3.0,18
1958-03-01,35,29,0.01,T,23
1958-03-02,41,29,T,T,23
1958-03-03,44,25,0.06,0.0,20
1958-03-04,42,32,0.22,3.0,23
1958-03-05,40,31,T,T,21
1958-03-06,40,32,0.00,0.0,21
1958-03-07,33,28,T,T,21
1958-03-08,31,20,T,T,21
1958-03-09,38,16,0.00,0.0,21
1958-03-10,45,25,0.00,0.0,21
1958-03-11,48,29,0.00,0.0,20
1958-03-12,38,31,0.00,0.0,18
1958-03-13,45,29,0.00,0.0,17
1958-03-14,37,31,0.43,5.0,15
1958-03-15,38,29,0.21,2.0,22
1958-03-16,36,25,0.05,0.5,22
1958-03-17,39,25,0.04,0.4,22
1958-03-18,45,20,0.00,0.0,20
1958-03-19,47,18,0.00,0.0,19
1958-03-20,42,28,0.00,0.0,18
1958-03-21,37,27,0.21,3.0,19
1958-03-22,41,30,0.18,2.0,24
1958-03-23,44,31,T,T,M
1958-03-24,50,28,0.00,0.0,M
1958-03-25,43,27,T,0.0,16
1958-03-26,48,27,0.00,0.0,15
1958-03-27,47,28,0.00,0.0,13
1958-03-28,51,23,0.00,0.0,11
1958-03-29,54,16,0.00,0.0,10
1958-03-30,57,18,T,0.0,8
1958-03-31,40,33,T,0.0,6
1958-04-01,44,33,0.00,0.0,5
1958-04-02,39,34,T,T,3
1958-04-03,50,30,T,T,2
1958-04-04,57,23,0.00,0.0,1
1958-04-05,61,26,0.00,0.0,0
1958-04-06,37,24,0.63,T,0
1958-04-07,42,33,0.05,T,0
1958-04-08,40,24,0.02,T,0
1958-04-09,44,24,T,T,0
1958-04-10,52,25,0.00,0.0,0
1958-04-11,42,29,0.36,0.8,0
1958-04-12,41,32,0.08,0.2,1
1958-04-13,60,29,0.00,0.0,0
1958-04-14,58,27,T,0.0,0
1958-04-15,68,29,0.00,0.0,0
1958-04-16,73,31,0.00,0.0,0
1958-04-17,76,34,0.00,0.0,0
1958-04-18,78,35,0.00,0.0,0
1958-04-19,71,34,0.00,0.0,0
1958-04-20,76,36,T,0.0,0
1958-04-21,77,47,0.17,0.0,0
1958-04-22,70,53,0.28,0.0,0
1958-04-23,62,52,0.33,0.0,0
1958-04-24,76,46,0.00,0.0,0
1958-04-25,61,42,0.00,0.0,0
1958-04-26,49,27,0.00,0.0,0
1958-04-27,55,24,T,0.0,0
1958-04-28,39,33,0.60,T,0
1958-04-29,47,36,0.29,0.0,0
1958-04-30,57,30,0.00,0.0,0
1958-05-01,71,28,0.00,0.0,0
1958-05-02,56,28,0.00,0.0,0
1958-05-03,45,25,0.46,0.0,0
1958-05-04,63,40,0.00,0.0,0
1958-05-05,58,36,0.00,0.0,0
1958-05-06,60,33,0.11,0.0,0
1958-05-07,45,37,0.27,0.0,0
1958-05-08,48,41,0.49,0.0,0
1958-05-09,60,36,0.00,0.0,0
1958-05-10,63,31,0.00,0.0,0
1958-05-11,79,45,0.21,0.0,0
1958-05-12,65,41,0.11,0.0,0
1958-05-13,52,38,0.00,0.0,0
1958-05-14,62,30,0.00,0.0,0
1958-05-15,61,31,0.05,0.0,0
1958-05-16,49,41,0.21,0.0,0
1958-05-17,80,47,0.00,0.0,0
1958-05-18,76,45,T,0.0,0
1958-05-19,74,57,0.17,0.0,0
1958-05-20,75,46,T,0.0,0
1958-05-21,64,42,0.00,0.0,0
1958-05-22,67,32,T,0.0,0
1958-05-23,64,37,0.00,0.0,0
1958-05-24,73,31,0.00,0.0,0
1958-05-25,58,50,0.12,0.0,0
1958-05-26,70,39,0.00,0.0,0
1958-05-27,72,33,0.00,0.0,0
1958-05-28,71,48,0.58,0.0,0
1958-05-29,58,40,0.06,0.0,0
1958-05-30,70,38,0.09,0.0,0
1958-05-31,80,39,0.00,0.0,0
1958-06-01,80,56,0.52,0.0,0
1958-06-02,64,42,0.91,0.0,0
1958-06-03,74,38,0.00,0.0,0
1958-06-04,76,37,0.00,0.0,0
1958-06-05,77,45,T,0.0,0
1958-06-06,62,37,T,0.0,0
1958-06-07,71,31,0.00,0.0,0
1958-06-08,70,41,0.01,0.0,0
1958-06-09,71,43,0.00,0.0,0
1958-06-10,57,38,0.39,0.0,0
1958-06-11,68,48,0.02,0.0,0
1958-06-12,76,51,0.00,0.0,0
1958-06-13,71,47,T,0.0,0
1958-06-14,64,43,T,0.0,0
1958-06-15,68,43,0.00,0.0,0
1958-06-16,62,44,T,0.0,0
1958-06-17,58,36,0.09,0.0,0
1958-06-18,67,35,0.00,0.0,0
1958-06-19,69,42,0.00,0.0,0
1958-06-20,58,47,0.00,0.0,0
1958-06-21,60,52,0.01,0.0,0
1958-06-22,71,43,0.00,0.0,0
1958-06-23,74,40,0.00,0.0,0
1958-06-24,77,44,0.00,0.0,0
1958-06-25,82,50,T,0.0,0
1958-06-26,75,58,0.01,0.0,0
1958-06-27,71,49,0.00,0.0,0
1958-06-28,77,43,0.00,0.0,0
1958-06-29,85,44,0.00,0.0,0
1958-06-30,86,55,T,0.0,0
1958-07-01,91,59,0.00,0.0,0
1958-07-02,89,69,T,0.0,0
1958-07-03,83,52,T,0.0,0
1958-07-04,78,47,0.02,0.0,0
1958-07-05,77,55,0.02,0.0,0
1958-07-06,68,63,T,0.0,0
1958-07-07,85,62,0.00,0.0,0
1958-07-08,65,59,0.41,0.0,0
1958-07-09,78,53,0.00,0.0,0
1958-07-10,84,51,0.00,0.0,0
1958-07-11,77,57,0.49,0.0,0
1958-07-12,73,55,0.26,0.0,0
1958-07-13,85,55,0.00,0.0,0
1958-07-14,82,57,0.00,0.0,0
1958-07-15,85,67,0.00,0.0,0
1958-07-16,84,65,T,0.0,0
1958-07-17,74,46,0.00,0.0,0
1958-07-18,75,41,0.00,0.0,0
1958-07-19,73,55,0.10,0.0,0
1958-07-20,69,50,T,0.0,0
1958-07-21,80,44,0.00,0.0,0
1958-07-22,81,47,T,0.0,0
1958-07-23,82,59,0.05,0.0,0
1958-07-24,88,62,0.00,0.0,0
1958-07-25,87,56,0.11,0.0,0
1958-07-26,73,57,0.24,0.0,0
1958-07-27,68,57,0.00,0.0,0
1958-07-28,66,59,0.54,0.0,0
1958-07-29,80,59,0.48,0.0,0
1958-07-30,84,59,0.00,0.0,0
1958-07-31,74,58,0.00,0.0,0
1958-08-01,82,53,0.00,0.0,0
1958-08-02,86,50,0.00,0.0,0
1958-08-03,89,54,0.00,0.0,0
1958-08-04,83,56,0.20,0.0,0
1958-08-05,80,51,0.00,0.0,0
1958-08-06,87,50,0.00,0.0,0
1958-08-07,85,62,0.00,0.0,0
1958-08-08,83,54,0.74,0.0,0
1958-08-09,76,51,T,0.0,0
1958-08-10,81,55,T,0.0,0
1958-08-11,79,46,0.00,0.0,0
1958-08-12,84,47,0.00,0.0,0
1958-08-13,86,60,0.00,0.0,0
1958-08-14,84,57,0.00,0.0,0
1958-08-15,84,60,0.00,0.0,0
1958-08-16,76,54,0.00,0.0,0
1958-08-17,80,55,0.02,0.0,0
1958-08-18,68,47,0.02,0.0,0
1958-08-19,75,45,0.00,0.0,0
1958-08-20,81,42,0.00,0.0,0
1958-08-21,87,59,0.03,0.0,0
1958-08-22,81,53,T,0.0,0
1958-08-23,76,42,0.00,0.0,0
1958-08-24,76,46,0.05,0.0,0
1958-08-25,73,57,0.55,0.0,0
1958-08-26,72,50,0.00,0.0,0
1958-08-27,76,48,0.00,0.0,0
1958-08-28,78,48,0.00,0.0,0
1958-08-29,83,51,0.00,0.0,0
1958-08-30,89,52,0.00,0.0,0
1958-08-31,90,64,T,0.0,0
1958-09-01,74,55,0.09,0.0,0
1958-09-02,66,40,0.00,0.0,0
1958-09-03,76,39,0.00,0.0,0
1958-09-04,76,50,0.00,0.0,0
1958-09-05,80,48,T,0.0,0
1958-09-06,76,47,T,0.0,0
1958-09-07,73,58,0.15,0.0,0
1958-09-08,70,48,T,0.0,0
1958-09-09,71,42,0.00,0.0,0
1958-09-10,68,52,0.19,0.0,0
1958-09-11,58,40,0.00,0.0,0
1958-09-12,66,35,0.00,0.0,0
1958-09-13,68,37,0.00,0.0,0
1958-09-14,75,43,T,0.0,0
1958-09-15,85,53,0.00,0.0,0
1958-09-16,75,59,0.03,0.0,0
1958-09-17,61,51,0.38,0.0,0
1958-09-18,57,50,0.82,0.0,0
1958-09-19,61,50,0.02,0.0,0
1958-09-20,65,53,0.00,0.0,0
1958-09-21,65,49,0.32,0.0,0
1958-09-22,73,45,0.06,0.0,0
1958-09-23,79,39,0.00,0.0,0
1958-09-24,75,44,0.00,0.0,0
1958-09-25,84,50,T,0.0,0
1958-09-26,83,52,0.00,0.0,0
1958-09-27,53,48,0.46,0.0,0
1958-09-28,60,40,0.00,0.0,0
1958-09-29,64,31,0.00,0.0,0
1958-09-30,60,33,0.00,0.0,0
1958-10-01,58,34,0.09,0.0,0
1958-10-02,60,29,0.00,0.0,0
1958-10-03,60,32,0.00,0.0,0
1958-10-04,70,35,0.00,0.0,0
1958-10-05,56,35,0.05,0.0,0
1958-10-06,54,22,0.00,0.0,0
1958-10-07,66,27,0.00,0.0,0
1958-10-08,65,35,0.00,0.0,0
1958-10-09,77,46,0.00,0.0,0
1958-10-10,79,46,0.09,0.0,0
1958-10-11,54,39,0.08,0.0,0
1958-10-12,45,30,0.00,0.0,0
1958-10-13,50,23,0.00,0.0,0
1958-10-14,53,17,0.00,0.0,0
1958-10-15,59,45,T,0.0,0
1958-10-16,76,46,0.14,0.0,0
1958-10-17,68,49,0.06,0.0,0
1958-10-18,53,27,0.00,0.0,0
1958-10-19,57,22,0.00,0.0,0
1958-10-20,58,25,0.00,0.0,0
1958-10-21,56,24,0.00,0.0,0
1958-10-22,60,31,0.00,0.0,0
1958-10-23,55,47,0.12,0.0,0
1958-10-24,53,41,0.05,0.0,0
1958-10-25,43,37,0.07,0.0,0
1958-10-26,47,35,0.48,0.0,0
1958-10-27,45,39,0.15,0.0,0
1958-10-28,47,39,0.22,0.0,0
1958-10-29,40,35,0.26,0.0,0
1958-10-30,47,30,0.00,0.0,0
1958-10-31,55,28,T,0.0,0
1958-11-01,45,26,0.00,0.0,0
1958-11-02,45,19,T,0.0,0
1958-11-03,45,25,T,T,0
1958-11-04,57,20,0.00,0.0,0
1958-11-05,59,29,0.00,0.0,0
1958-11-06,57,38,0.02,0.0,0
1958-11-07,48,25,0.00,0.0,0
1958-11-08,49,21,0.00,0.0,0
1958-11-09,42,35,0.14,0.0,0
1958-11-10,42,36,0.09,0.0,0
1958-11-11,49,28,0.00,0.0,0
1958-11-12,54,26,T,0.0,0
1958-11-13,55,20,0.00,0.0,0
1958-11-14,50,31,0.05,0.0,0
1958-11-15,56,43,0.35,0.0,0
1958-11-16,49,40,0.00,0.0,0
1958-11-17,46,41,0.00,0.0,0
1958-11-18,51,43,T,0.0,0
1958-11-19,55,45,T,0.0,0
1958-11-20,54,31,0.00,0.0,0
1958-11-21,45,30,T,T,0
1958-11-22,36,16,T,T,0
1958-11-23,40,13,0.00,0.0,0
1958-11-24,44,28,T,T,0
1958-11-25,32,18,0.00,0.0,0
1958-11-26,38,20,0.42,T,0
1958-11-27,35,13,T,T,0
1958-11-28,34,10,1.25,3.0,0
1958-11-29,36,18,0.08,1.5,2
1958-11-30,19,-3,0.08,1.5,5
1958-12-01,21,-6,0.01,T,4
1958-12-02,26,6,T,T,4
1958-12-03,22,6,0.03,T,4
1958-12-04,33,21,0.19,1.9,5
1958-12-05,38,24,0.46,T,4
1958-12-06,35,17,0.01,0.1,3
1958-12-07,26,9,0.00,0.0,3
1958-12-08,22,1,T,T,2
1958-12-09,28,10,0.01,T,2
1958-12-10,18,-8,0.00,0.0,2
1958-12-11,17,-17,0.00,0.0,2
1958-12-12,19,0,0.00,0.0,2
1958-12-13,21,-1,0.00,0.0,2
1958-12-14,27,-8,0.00,0.0,2
1958-12-15,24,-1,0.21,4.5,4
1958-12-16,23,-5,0.00,0.0,7
1958-12-17,17,-3,0.05,T,6
1958-12-18,26,10,T,T,6
1958-12-19,36,17,0.01,T,5
1958-12-20,32,-7,T,T,5
1958-12-21,18,-23,T,T,5
1958-12-22,18,-23,T,T,5
1958-12-23,39,18,T,T,5
1958-12-24,28,0,0.00,0.0,5
1958-12-25,13,-11,0.00,0.0,4
1958-12-26,18,-16,0.00,0.0,4
1958-12-27,28,-4,0.00,0.0,4
1958-12-28,37,12,0.00,0.0,4
1958-12-29,26,4,0.00,0.0,3
1958-12-30,35,18,0.01,T,3
1958-12-31,28,-2,0.00,0.0,3
1959-01-01,23,-3,T,T,3
1959-01-02,36,23,0.50,5.5,9
1959-01-03,41,30,0.00,0.0,9
1959-01-04,36,17,0.05,0.5,9
1959-01-05,17,-5,T,T,10
1959-01-06,8,-3,T,T,10
1959-01-07,23,5,T,T,10
1959-01-08,20,-1,0.00,0.0,9
1959-01-09,14,-2,T,T,9
1959-01-10,19,-3,T,T,8
1959-01-11,25,-2,T,T,8
1959-01-12,33,3,0.00,0.0,7
1959-01-13,32,17,T,T,7
1959-01-14,32,19,T,T,7
1959-01-15,31,19,0.02,0.0,7
1959-01-16,35,25,0.26,T,7
1959-01-17,25,13,T,T,7
1959-01-18,23,-5,0.00,0.0,7
1959-01-19,29,-11,0.15,1.0,7
1959-01-20,31,24,0.06,T,8
1959-01-21,37,24,0.82,4.0,12
1959-01-22,55,20,0.02,0.0,5
1959-01-23,20,7,0.00,0.0,5
1959-01-24,20,-2,0.07,0.7,5
1959-01-25,34,5,T,T,6
1959-01-26,16,-12,0.00,0.0,5
1959-01-27,26,-4,0.16,2.0,7
1959-01-28,35,-9,T,T,7
1959-01-29,38,0,0.00,0.0,7
1959-01-30,44,33,0.19,0.0,5
1959-01-31,34,-1,T,T,3
1959-02-01,11,-8,0.00,0.0,3
1959-02-02,18,-15,T,0.0,3
1959-02-03,37,-5,0.00,0.0,3
1959-02-04,43,30,0.17,T,3
1959-02-05,42,24,0.00,0.0,2
1959-02-06,35,10,T,T,1
1959-02-07,26,3,0.00,0.0,1
1959-02-08,36,-6,T,T,1
1959-02-09,15,-10,0.14,2.0,1
1959-02-10,28,13,0.44,4.0,3
1959-02-11,25,-10,0.31,3.0,11
1959-02-12,20,-23,0.00,0.0,11
1959-02-13,42,19,T,0.0,10
1959-02-14,36,6,0.20,T,10
1959-02-15,32,-1,0.12,T,9
1959-02-16,33,-10,T,T,8
1959-02-17,40,27,0.00,0.0,7
1959-02-18,33,23,0.13,1.0,6
1959-02-19,23,-2,0.03,T,7
1959-02-20,11,-8,0.00,0.0,7
1959-02-21,25,-9,0.01,T,7
1959-02-22,19,-9,0.00,0.0,7
1959-02-23,13,-10,0.25,4.0,7
1959-02-24,30,9,0.15,2.0,13
1959-02-25,35,-13,0.00,0.0,13
1959-02-26,36,-12,0.00,0.0,12
1959-02-27,35,6,0.00,0.0,11
1959-02-28,46,15,0.00,0.0,11
1959-03-01,45,20,0.00,0.0,10
1959-03-02,44,28,0.00,0.0,8
1959-03-03,48,18,0.01,0.0,8
1959-03-04,42,32,0.41,0.0,7
1959-03-05,39,25,0.00,0.0,7
1959-03-06,40,27,0.50,T,7
1959-03-07,37,15,T,T,7
1959-03-08,28,6,0.00,0.0,6
1959-03-09,29,5,0.15,3.0,9
1959-03-10,35,16,T,T,10
1959-03-11,35,-3,0.00,0.0,10
1959-03-12,24,11,0.81,9.5,9
1959-03-13,29,19,0.06,0.6,20
1959-03-14,43,14,0.00,0.0,19
1959-03-15,42,14,0.20,0.0,17
1959-03-16,39,30,T,0.0,12
1959-03-17,42,24,0.03,T,10
1959-03-18,30,9,T,T,10
1959-03-19,52,4,0.00,0.0,9
1959-03-20,62,31,0.00,0.0,6
1959-03-21,58,29,T,0.0,5
1959-03-22,32,12,T,T,4
1959-03-23,36,9,0.00,0.0,4
1959-03-24,49,11,0.00,0.0,4
1959-03-25,40,21,0.01,0.0,2
1959-03-26,48,25,0.00,0.0,2
1959-03-27,32,25,0.21,3.0,1
1959-03-28,32,10,0.00,0.0,4
1959-03-29,47,2,0.00,0.0,3
1959-03-30,50,24,0.00,0.0,2
1959-03-31,54,26,0.00,0.0,1
1959-04-01,61,27,0.00,0.0,1
1959-04-02,47,35,0.56,0.0,0
1959-04-03,52,35,0.13,0.0,0
1959-04-04,49,37,0.04,0.0,0
1959-04-05,57,35,0.00,0.0,0
1959-04-06,47,32,T,T,0
1959-04-07,48,24,T,T,0
1959-04-08,60,38,0.04,0.0,0
1959-04-09,44,35,0.26,0.0,0
1959-04-10,56,37,0.02,0.0,0
1959-04-11,47,34,0.04,0.0,0
1959-04-12,43,30,0.00,0.0,0
1959-04-13,50,17,0.00,0.0,0
1959-04-14,60,19,0.00,0.0,0
1959-04-15,62,24,0.00,0.0,0
1959-04-16,70,27,T,0.0,0
1959-04-17,69,35,0.00,0.0,0
1959-04-18,64,28,T,0.0,0
1959-04-19,70,42,0.00,0.0,0
1959-04-20,48,30,0.03,T,0
1959-04-21,53,24,0.00,0.0,0
1959-04-22,63,20,0.00,0.0,0
1959-04-23,65,24,0.00,0.0,0
1959-04-24,71,29,0.00,0.0,0
1959-04-25,73,41,0.00,0.0,0
1959-04-26,61,42,T,0.0,0
1959-04-27,49,34,0.36,0.0,0
1959-04-28,54,33,T,T,0
1959-04-29,46,34,0.13,T,0
1959-04-30,51,39,0.28,0.0,0
1959-05-01,56,32,0.01,0.0,0
1959-05-02,61,32,0.00,0.0,0
1959-05-03,65,35,0.00,0.0,0
1959-05-04,69,31,0.00,0.0,0
1959-05-05,74,33,0.00,0.0,0
1959-05-06,83,35,0.00,0.0,0
1959-05-07,82,50,0.08,0.0,0
1959-05-08,62,32,0.00,0.0,0
1959-05-09,71,26,0.00,0.0,0
1959-05-10,75,32,0.00,0.0,0
1959-05-11,85,54,0.41,0.0,0
1959-05-12,79,60,T,0.0,0
1959-05-13,71,51,T,0.0,0
1959-05-14,67,47,T,0.0,0
1959-05-15,49,42,0.02,0.0,0
1959-05-16,52,36,T,0.0,0
1959-05-17,55,28,T,0.0,0
1959-05-18,65,29,0.00,0.0,0
1959-05-19,68,35,0.03,0.0,0
1959-05-20,85,60,0.16,0.0,0
1959-05-21,85,57,0.85,0.0,0
1959-05-22,85,64,0.04,0.0,0
1959-05-23,64,47,T,0.0,0
1959-05-24,54,37,T,0.0,0
1959-05-25,75,31,0.00,0.0,0
1959-05-26,81,41,0.00,0.0,0
1959-05-27,88,53,0.00,0.0,0
1959-05-28,86,58,0.00,0.0,0
1959-05-29,83,55,0.76,0.0,0
1959-05-30,78,61,0.43,0.0,0
1959-05-31,75,46,0.00,0.0,0
1959-06-01,63,46,0.53,0.0,0
1959-06-02,65,57,0.19,0.0,0
1959-06-03,78,52,0.05,0.0,0
1959-06-04,83,49,0.00,0.0,0
1959-06-05,84,50,0.00,0.0,0
1959-06-06,80,52,0.50,0.0,0
1959-06-07,70,54,0.00,0.0,0
1959-06-08,87,56,T,0.0,0
1959-06-09,90,59,0.00,0.0,0
1959-06-10,92,55,0.00,0.0,0
1959-06-11,75,54,0.00,0.0,0
1959-06-12,77,52,0.17,0.0,0
1959-06-13,79,58,0.06,0.0,0
1959-06-14,58,45,0.32,0.0,0
1959-06-15,50,43,0.65,0.0,0
1959-06-16,58,45,0.15,0.0,0
1959-06-17,53,47,0.16,0.0,0
1959-06-18,57,50,0.19,0.0,0
1959-06-19,59,50,0.47,0.0,0
1959-06-20,80,47,0.24,0.0,0
1959-06-21,79,55,0.00,0.0,0
1959-06-22,70,55,0.10,0.0,0
1959-06-23,74,47,0.00,0.0,0
1959-06-24,72,43,0.00,0.0,0
1959-06-25,74,57,T,0.0,0
1959-06-26,69,60,0.13,0.0,0
1959-06-27,75,64,0.01,0.0,0
1959-06-28,65,60,T,0.0,0
1959-06-29,93,60,0.00,0.0,0
1959-06-30,80,57,0.00,0.0,0
1959-07-01,74,50,0.00,0.0,0
1959-07-02,75,57,0.02,0.0,0
1959-07-03,77,49,0.00,0.0,0
1959-07-04,85,45,0.00,0.0,0
1959-07-05,86,54,0.00,0.0,0
1959-07-06,78,57,0.25,0.0,0
1959-07-07,71,50,0.00,0.0,0
1959-07-08,85,44,0.00,0.0,0
1959-07-09,89,49,0.00,0.0,0
1959-07-10,84,61,0.17,0.0,0
1959-07-11,86,63,1.06,0.0,0
1959-07-12,82,60,0.09,0.0,0
1959-07-13,85,62,0.00,0.0,0
1959-07-14,80,60,0.00,0.0,0
1959-07-15,77,58,0.00,0.0,0
1959-07-16,86,57,0.00,0.0,0
1959-07-17,88,58,0.00,0.0,0
1959-07-18,86,58,0.00,0.0,0
1959-07-19,85,65,T,0.0,0
1959-07-20,80,64,0.05,0.0,0
1959-07-21,83,67,0.45,0.0,0
1959-07-22,86,65,0.00,0.0,0
1959-07-23,89,65,0.00,0.0,0
1959-07-24,88,68,0.57,0.0,0
1959-07-25,75,52,T,0.0,0
1959-07-26,83,50,0.00,0.0,0
1959-07-27,87,50,0.00,0.0,0
1959-07-28,93,54,0.00,0.0,0
1959-07-29,95,60,0.00,0.0,0
1959-07-30,92,64,0.00,0.0,0
1959-07-31,87,69,0.21,0.0,0
1959-08-01,85,57,T,0.0,0
1959-08-02,73,42,0.00,0.0,0
1959-08-03,78,39,0.00,0.0,0
1959-08-04,82,45,0.00,0.0,0
1959-08-05,62,56,0.13,0.0,0
1959-08-06,67,55,0.32,0.0,0
1959-08-07,75,59,0.42,0.0,0
1959-08-08,80,60,T,0.0,0
1959-08-09,70,60,0.27,0.0,0
1959-08-10,73,61,1.89,0.0,0
1959-08-11,82,59,0.00,0.0,0
1959-08-12,84,54,0.00,0.0,0
1959-08-13,85,57,0.00,0.0,0
1959-08-14,88,54,0.00,0.0,0
1959-08-15,93,61,0.00,0.0,0
1959-08-16,94,65,0.09,0.0,0
1959-08-17,93,68,0.58,0.0,0
1959-08-18,85,62,0.07,0.0,0
1959-08-19,83,57,0.00,0.0,0
1959-08-20,87,57,0.00,0.0,0
1959-08-21,86,65,T,0.0,0
1959-08-22,78,48,0.03,0.0,0
1959-08-23,73,43,0.00,0.0,0
1959-08-24,59,53,1.32,0.0,0
1959-08-25,83,53,0.00,0.0,0
1959-08-26,90,52,0.00,0.0,0
1959-08-27,88,64,0.00,0.0,0
1959-08-28,85,65,0.03,0.0,0
1959-08-29,81,66,0.07,0.0,0
1959-08-30,71,66,0.02,0.0,0
1959-08-31,79,65,0.65,0.0,0
1959-09-01,88,69,T,0.0,0
1959-09-02,85,65,0.55,0.0,0
1959-09-03,80,65,0.25,0.0,0
1959-09-04,84,56,0.00,0.0,0
1959-09-05,84,54,0.00,0.0,0
1959-09-06,85,55,0.00,0.0,0
1959-09-07,84,58,0.00,0.0,0
1959-09-08,90,58,0.00,0.0,0
1959-09-09,89,64,0.00,0.0,0
1959-09-10,83,59,T,0.0,0
1959-09-11,67,46,0.45,0.0,0
1959-09-12,70,36,0.00,0.0,0
1959-09-13,67,38,0.00,0.0,0
1959-09-14,56,35,T,0.0,0
1959-09-15,44,38,0.88,0.0,0
1959-09-16,52,35,0.00,0.0,0
1959-09-17,58,28,0.00,0.0,0
1959-09-18,50,35,0.10,0.0,0
1959-09-19,64,33,0.00,0.0,0
1959-09-20,72,37,0.00,0.0,0
1959-09-21,78,44,T,0.0,0
1959-09-22,79,60,0.00,0.0,0
1959-09-23,85,57,0.00,0.0,0
1959-09-24,84,60,0.02,0.0,0
1959-09-25,68,41,0.00,0.0,0
1959-09-26,73,40,0.00,0.0,0
1959-09-27,76,49,0.00,0.0,0
1959-09-28,80,59,0.00,0.0,0
1959-09-29,78,60,0.04,0.0,0
1959-09-30,71,64,0.36,0.0,0
1959-10-01,67,61,0.23,0.0,0
1959-10-02,61,44,0.00,0.0,0
1959-10-03,58,44,0.00,0.0,0
1959-10-04,79,54,0.00,0.0,0
1959-10-05,71,49,T,0.0,0
1959-10-06,62,56,0.23,0.0,0
1959-10-07,57,53,0.42,0.0,0
1959-10-08,64,53,0.04,0.0,0
1959-10-09,59,53,0.28,0.0,0
1959-10-10,70,44,0.00,0.0,0
1959-10-11,59,45,0.09,0.0,0
1959-10-12,52,43,T,0.0,0
1959-10-13,52,38,0.00,0.0,0
1959-10-14,48,38,0.00,0.0,0
1959-10-15,49,26,0.00,0.0,0
1959-10-16,57,31,0.00,0.0,0
1959-10-17,60,40,0.03,0.0,0
1959-10-18,48,28,0.09,T,0
1959-10-19,43,24,T,T,0
1959-10-20,60,24,0.02,0.0,0
1959-10-21,47,21,0.00,0.0,0
1959-10-22,50,16,0.00,0.0,0
1959-10-23,60,41,0.58,0.0,0
1959-10-24,67,57,1.88,0.0,0
1959-10-25,68,49,0.16,0.0,0
1959-10-26,59,45,T,0.0,0
1959-10-27,49,39,T,0.0,0
1959-10-28,42,23,0.00,0.0,0
1959-10-29,45,20,0.00,0.0,0
1959-10-30,44,20,0.00,0.0,0
1959-10-31,49,35,0.32,0.0,0
1959-11-01,51,34,0.08,0.0,0
1959-11-02,47,32,0.06,T,0
1959-11-03,42,32,0.00,0.0,0
1959-11-04,51,40,0.28,0.0,0
1959-11-05,65,48,0.04,0.0,0
1959-11-06,66,40,0.36,0.0,0
1959-11-07,41,32,0.30,1.0,0
1959-11-08,41,26,0.00,0.0,0
1959-11-09,46,23,0.00,0.0,0
1959-11-10,48,18,0.00,0.0,0
1959-11-11,52,20,0.00,0.0,0
1959-11-12,47,29,T,0.0,0
1959-11-13,45,30,T,0.0,0
1959-11-14,65,41,0.76,0.0,0
1959-11-15,43,24,0.05,0.0,0
1959-11-16,37,20,T,0.0,0
1959-11-17,41,24,0.29,T,0
1959-11-18,28,17,0.00,0.0,0
1959-11-19,30,20,T,T,0
1959-11-20,34,10,0.00,0.0,0
1959-11-21,32,29,0.05,T,0
1959-11-22,41,29,0.00,0.0,0
1959-11-23,37,30,0.01,0.0,0
1959-11-24,48,36,0.92,0.0,0
1959-11-25,57,35,0.49,0.0,0
1959-11-26,39,24,T,T,0
1959-11-27,36,25,0.16,1.0,1
1959-11-28,60,31,2.12,0.0,0
1959-11-29,31,13,0.15,1.0,1
1959-11-30,30,6,T,T,1
1959-12-01,35,29,T,T,1
1959-12-02,39,27,0.00,0.0,1
1959-12-03,45,27,0.00,0.0,0
1959-12-04,44,26,0.00,0.0,0
1959-12-05,43,26,0.00,0.0,0
1959-12-06,44,36,0.00,0.0,0
1959-12-07,49,33,0.31,T,0
1959-12-08,37,33,T,T,0
1959-12-09,39,28,0.00,0.0,0
1959-12-10,36,30,T,T,0
1959-12-11,38,25,0.08,0.8,0
1959-12-12,33,29,0.93,4.0,4
1959-12-13,36,25,0.03,0.0,2
1959-12-14,31,14,0.00,0.0,1
1959-12-15,35,15,0.00,0.0,1
1959-12-16,46,33,T,0.0,0
1959-12-17,42,28,0.00,0.0,0
1959-12-18,33,20,0.04,0.6,0
1959-12-19,32,20,T,T,0
1959-12-20,22,8,0.00,0.0,0
1959-12-21,20,7,0.01,T,0
1959-12-22,19,4,T,0.0,0
1959-12-23,18,-3,0.00,0.0,0
1959-12-24,27,-2,0.00,0.0,0
1959-12-25,29,4,0.00,0.0,0
1959-12-26,37,16,0.00,0.0,0
1959-12-27,29,16,0.10,1.0,0
1959-12-28,M,M,0.76,7.0,3
1959-12-29,33,23,0.51,5.0,14
1959-12-30,34,26,0.03,0.3,14
1959-12-31,29,5,0.00,0.0,13
1960-01-01,28,-4,0.00,0.0,12
1960-01-02,34,-9,0.00,0.0,11
1960-01-03,41,34,1.07,0.0,8
1960-01-04,36,27,T,T,5
1960-01-05,30,18,T,T,4
1960-01-06,29,2,T,T,4
1960-01-07,28,10,T,T,4
1960-01-08,39,20,T,T,4
1960-01-09,20,-5,0.00,0.0,3
1960-01-10,7,-5,0.08,1.5,3
1960-01-11,21,-10,T,T,5
1960-01-12,26,-10,0.00,0.0,5
1960-01-13,25,9,0.00,0.0,5
1960-01-14,34,1,0.00,0.0,5
1960-01-15,33,18,0.09,0.5,4
1960-01-16,32,17,T,T,4
1960-01-17,30,15,T,T,4
1960-01-18,30,5,0.18,3.0,3
1960-01-19,30,22,0.18,3.0,9
1960-01-20,26,21,T,T,8
1960-01-21,26,17,0.05,0.5,8
1960-01-22,29,18,T,T,9
1960-01-23,30,21,0.00,0.0,7
1960-01-24,25,0,T,T,7
1960-01-25,32,0,0.00,0.0,7
1960-01-26,31,5,T,T,7
1960-01-27,24,7,0.15,1.5,7
1960-01-28,27,24,0.44,4.0,11
1960-01-29,35,25,T,T,15
1960-01-30,35,12,T,T,15
1960-01-31,35,12,0.00,0.0,13
1960-02-01,28,21,T,T,11
1960-02-02,26,18,0.11,1.0,12
1960-02-03,32,19,0.01,T,13
1960-02-04,43,4,0.00,0.0,12
1960-02-05,44,6,0.00,0.0,11
1960-02-06,39,32,0.10,T,10
1960-02-07,39,20,T,T,7
1960-02-08,26,11,0.00,0.0,7
1960-02-09,40,20,0.14,M,12
1960-02-10,38,24,0.01,T,11
1960-02-11,50,36,0.86,0.0,7
1960-02-12,41,19,0.00,0.0,5
1960-02-13,22,10,0.00,0.0,4
1960-02-14,24,13,0.29,3.0,5
1960-02-15,28,11,0.00,0.0,7
1960-02-16,37,6,0.00,0.0,7
1960-02-17,43,16,0.00,0.0,6
1960-02-18,48,25,0.00,0.0,5
1960-02-19,35,21,1.09,10.0,8
1960-02-20,33,25,0.04,0.4,13
1960-02-21,31,9,T,T,11
1960-02-22,30,-3,0.00,0.0,10
1960-02-23,32,14,0.00,0.0,10
1960-02-24,32,16,0.00,0.0,8
1960-02-25,35,14,0.01,T,7
1960-02-26,38,30,0.26,2.6,10
1960-02-27,33,27,0.01,T,8
1960-02-28,32,22,T,T,8
1960-02-29,26,2,T,0.0,7
1960-03-01,22,7,0.00,0.0,6
1960-03-02,25,2,0.00,0.0,6
1960-03-03,19,-1,0.17,2.0,6
1960-03-04,27,17,0.46,7.0,14
1960-03-05,33,21,0.03,3.0,17
1960-03-06,30,24,0.00,0.0,15
1960-03-07,33,7,0.01,0.1,14
1960-03-08,27,17,0.01,0.1,14
1960-03-09,24,0,0.00,0.0,14
1960-03-10,21,-5,0.00,0.0,13
1960-03-11,18,-3,0.00,0.0,11
1960-03-12,34,-5,0.03,0.3,11
1960-03-13,35,21,0.04,0.4,11
1960-03-14,33,25,T,T,8
1960-03-15,37,14,0.00,0.0,8
1960-03-16,40,5,0.00,0.0,7
1960-03-17,32,27,0.27,6.0,7
1960-03-18,40,27,0.05,0.5,13
1960-03-19,37,29,T,T,13
1960-03-20,46,19,T,T,10
1960-03-21,35,18,T,T,9
1960-03-22,28,0,T,T,9
1960-03-23,33,20,0.00,0.0,9
1960-03-24,37,19,0.02,0.2,9
1960-03-25,23,3,T,T,7
1960-03-26,33,-8,0.00,0.0,7
1960-03-27,45,17,0.00,0.0,6
1960-03-28,43,24,0.00,0.0,4
1960-03-29,48,18,0.00,0.0,3
1960-03-30,43,36,0.39,0.0,2
1960-03-31,49,39,0.63,0.0,2
1960-04-01,41,35,0.12,0.0,0
1960-04-02,52,34,T,0.0,0
1960-04-03,39,31,0.66,0.0,0
1960-04-04,54,34,0.84,0.0,0
1960-04-05,41,32,0.64,0.0,0
1960-04-06,37,29,T,0.0,0
1960-04-07,44,23,0.00,0.0,0
1960-04-08,39,22,0.03,0.0,0
1960-04-09,43,31,0.10,0.0,0
1960-04-10,41,23,T,0.0,0
1960-04-11,48,18,T,0.0,0
1960-04-12,55,36,0.05,0.0,0
1960-04-13,54,38,0.00,0.0,0
1960-04-14,67,35,0.13,0.0,0
1960-04-15,69,37,0.00,0.0,0
1960-04-16,54,37,T,0.0,0
1960-04-17,73,41,0.04,0.0,0
1960-04-18,63,35,0.16,0.0,0
1960-04-19,50,27,0.00,0.0,0
1960-04-20,55,22,0.00,0.0,0
1960-04-21,72,31,0.10,0.0,0
1960-04-22,67,43,0.18,0.0,0
1960-04-23,60,42,T,0.0,0
1960-04-24,49,42,0.67,0.0,0
1960-04-25,56,37,0.46,0.0,0
1960-04-26,58,31,T,0.0,0
1960-04-27,48,43,0.25,0.0,0
1960-04-28,64,33,0.00,0.0,0
1960-04-29,68,31,0.00,0.0,0
1960-04-30,71,32,0.00,0.0,0
1960-05-01,53,42,0.23,0.0,0
1960-05-02,58,32,0.00,0.0,0
1960-05-03,74,29,0.00,0.0,0
1960-05-04,79,38,0.00,0.0,0
1960-05-05,80,37,0.00,0.0,0
1960-05-06,84,39,0.00,0.0,0
1960-05-07,78,47,0.00,0.0,0
1960-05-08,68,55,0.00,0.0,0
1960-05-09,65,55,0.74,0.0,0
1960-05-10,69,50,0.03,0.0,0
1960-05-11,58,48,0.09,0.0,0
1960-05-12,71,53,T,0.0,0
1960-05-13,62,53,0.31,0.0,0
1960-05-14,68,50,0.09,0.0,0
1960-05-15,59,50,T,0.0,0
1960-05-16,65,54,0.06,0.0,0
1960-05-17,74,47,0.00,0.0,0
1960-05-18,65,50,0.07,0.0,0
1960-05-19,77,46,0.00,0.0,0
1960-05-20,81,40,0.00,0.0,0
1960-05-21,74,46,0.00,0.0,0
1960-05-22,58,42,0.02,0.0,0
1960-05-23,59,48,0.03,0.0,0
1960-05-24,55,52,1.57,0.0,0
1960-05-25,69,51,0.17,0.0,0
1960-05-26,78,50,0.00,0.0,0
1960-05-27,84,47,0.00,0.0,0
1960-05-28,81,52,0.00,0.0,0
1960-05-29,81,48,0.00,0.0,0
1960-05-30,76,54,0.00,0.0,0
1960-05-31,63,56,0.30,0.0,0
1960-06-01,68,55,0.21,0.0,0
1960-06-02,78,55,0.06,0.0,0
1960-06-03,72,54,0.16,0.0,0
1960-06-04,81,61,0.00,0.0,0
1960-06-05,83,65,0.00,0.0,0
1960-06-06,75,48,0.00,0.0,0
1960-06-07,65,40,0.00,0.0,0
1960-06-08,68,37,0.00,0.0,0
1960-06-09,69,36,0.00,0.0,0
1960-06-10,75,42,0.00,0.0,0
1960-06-11,80,43,0.00,0.0,0
1960-06-12,71,52,0.00,0.0,0
1960-06-13,80,49,0.00,0.0,0
1960-06-14,73,48,0.13,0.0,0
1960-06-15,59,50,0.13,0.0,0
1960-06-16,81,57,T,0.0,0
1960-06-17,88,63,0.17,0.0,0
1960-06-18,72,50,0.00,0.0,0
1960-06-19,75,46,0.00,0.0,0
1960-06-20,69,47,0.00,0.0,0
1960-06-21,75,44,0.00,0.0,0
1960-06-22,80,42,0.02,0.0,0
1960-06-23,80,59,0.01,0.0,0
1960-06-24,74,62,0.38,0.0,0
1960-06-25,67,56,T,0.0,0
1960-06-26,82,49,0.00,0.0,0
1960-06-27,84,50,0.00,0.0,0
1960-06-28,88,54,0.00,0.0,0
1960-06-29,83,55,0.00,0.0,0
1960-06-30,83,56,0.37,0.0,0
1960-07-01,78,51,0.20,0.0,0
1960-07-02,80,57,0.02,0.0,0
1960-07-03,79,54,0.36,0.0,0
1960-07-04,73,51,0.00,0.0,0
1960-07-05,68,47,T,0.0,0
1960-07-06,71,45,0.00,0.0,0
1960-07-07,74,47,0.00,0.0,0
1960-07-08,77,48,0.02,0.0,0
1960-07-09,78,50,0.00,0.0,0
1960-07-10,82,45,T,0.0,0
1960-07-11,88,55,0.00,0.0,0
1960-07-12,89,57,0.00,0.0,0
1960-07-13,81,60,0.24,0.0,0
1960-07-14,64,57,0.12,0.0,0
1960-07-15,76,46,0.00,0.0,0
1960-07-16,82,47,0.00,0.0,0
1960-07-17,82,49,0.01,0.0,0
1960-07-18,77,62,0.36,0.0,0
1960-07-19,79,61,0.16,0.0,0
1960-07-20,72,52,T,0.0,0
1960-07-21,77,47,0.00,0.0,0
1960-07-22,80,47,0.11,0.0,0
1960-07-23,84,65,0.00,0.0,0
1960-07-24,75,51,0.00,0.0,0
1960-07-25,80,49,0.00,0.0,0
1960-07-26,82,52,0.00,0.0,0
1960-07-27,70,62,0.13,0.0,0
1960-07-28,84,61,0.00,0.0,0
1960-07-29,85,58,0.00,0.0,0
1960-07-30,67,62,1.39,0.0,0
1960-07-31,76,51,0.00,0.0,0
1960-08-01,79,50,0.00,0.0,0
1960-08-02,80,56,0.01,0.0,0
1960-08-03,79,57,0.00,0.0,0
1960-08-04,78,53,0.00,0.0,0
1960-08-05,66,54,0.04,0.0,0
1960-08-06,81,57,0.00,0.0,0
1960-08-07,82,51,0.00,0.0,0
1960-08-08,85,62,T,0.0,0
1960-08-09,75,49,0.00,0.0,0
1960-08-10,58,55,0.24,0.0,0
1960-08-11,76,51,0.00,0.0,0
1960-08-12,78,50,0.00,0.0,0
1960-08-13,80,51,0.00,0.0,0
1960-08-14,82,61,0.00,0.0,0
1960-08-15,77,58,0.21,0.0,0
1960-08-16,77,53,0.00,0.0,0
1960-08-17,82,51,0.00,0.0,0
1960-08-18,85,50,0.00,0.0,0
1960-08-19,81,54,0.02,0.0,0
1960-08-20,80,63,0.07,0.0,0
1960-08-21,79,62,0.02,0.0,0
1960-08-22,84,61,0.51,0.0,0
1960-08-23,81,52,0.05,0.0,0
1960-08-24,66,43,0.00,0.0,0
1960-08-25,75,42,0.00,0.0,0
1960-08-26,80,45,0.00,0.0,0
1960-08-27,85,53,0.00,0.0,0
1960-08-28,86,51,0.00,0.0,0
1960-08-29,91,52,0.15,0.0,0
1960-08-30,82,56,0.03,0.0,0
1960-08-31,82,53,0.00,0.0,0
1960-09-01,85,56,0.00,0.0,0
1960-09-02,69,46,0.00,0.0,0
1960-09-03,70,38,0.00,0.0,0
1960-09-04,60,42,0.34,0.0,0
1960-09-05,71,42,0.00,0.0,0
1960-09-06,72,40,0.00,0.0,0
1960-09-07,84,45,0.00,0.0,0
1960-09-08,92,57,0.00,0.0,0
1960-09-09,85,58,0.04,0.0,0
1960-09-10,74,48,0.00,0.0,0
1960-09-11,57,46,0.35,0.0,0
1960-09-12,61,53,3.49,0.0,0
1960-09-13,73,53,0.42,0.0,0
1960-09-14,66,46,T,0.0,0
1960-09-15,72,44,0.00,0.0,0
1960-09-16,67,39,0.00,0.0,0
1960-09-17,63,37,T,0.0,0
1960-09-18,68,50,T,0.0,0
1960-09-19,62,53,0.00,0.0,0
1960-09-20,57,49,0.55,0.0,0
1960-09-21,62,50,0.00,0.0,0
1960-09-22,71,47,0.00,0.0,0
1960-09-23,71,47,0.00,0.0,0
1960-09-24,67,52,0.00,0.0,0
1960-09-25,69,46,0.00,0.0,0
1960-09-26,77,42,0.00,0.0,0
1960-09-27,77,45,0.00,0.0,0
1960-09-28,71,56,T,0.0,0
1960-09-29,70,55,0.06,0.0,0
1960-09-30,75,57,0.92,0.0,0
1960-10-01,56,31,0.00,0.0,0
1960-10-02,58,31,T,0.0,0
1960-10-03,60,35,T,0.0,0
1960-10-04,55,30,0.00,0.0,0
1960-10-05,63,31,0.00,0.0,0
1960-10-06,61,43,0.08,0.0,0
1960-10-07,54,34,0.00,0.0,0
1960-10-08,63,33,0.00,0.0,0
1960-10-09,67,33,0.00,0.0,0
1960-10-10,63,33,0.00,0.0,0
1960-10-11,63,34,T,0.0,0
1960-10-12,59,30,0.00,0.0,0
1960-10-13,58,24,0.00,0.0,0
1960-10-14,68,39,0.00,0.0,0
1960-10-15,75,48,0.02,0.0,0
1960-10-16,55,52,0.53,0.0,0
1960-10-17,67,40,0.00,0.0,0
1960-10-18,55,30,0.00,0.0,0
1960-10-19,49,28,0.38,0.0,0
1960-10-20,47,37,0.43,0.0,0
1960-10-21,43,23,0.00,0.0,0
1960-10-22,52,20,0.00,0.0,0
1960-10-23,50,28,0.13,0.0,0
1960-10-24,49,37,0.65,0.0,0
1960-10-25,43,34,0.60,0.0,0
1960-10-26,55,30,0.00,0.0,0
1960-10-27,54,29,0.00,0.0,0
1960-10-28,58,31,0.00,0.0,0
1960-10-29,55,29,0.00,0.0,0
1960-10-30,62,30,0.00,0.0,0
1960-10-31,49,45,T,0.0,0
1960-11-01,51,46,0.77,0.0,0
1960-11-02,55,41,0.00,0.0,0
1960-11-03,50,42,T,0.0,0
1960-11-04,48,30,0.00,0.0,0
1960-11-05,43,33,0.00,0.0,0
1960-11-06,37,30,T,M,M
1960-11-07,35,17,T,M,M
1960-11-08,43,13,0.00,0.0,0
1960-11-09,49,31,T,0.0,0
1960-11-10,49,37,0.07,0.0,0
1960-11-11,42,23,0.00,0.0,0
1960-11-12,45,19,0.00,0.0,0
1960-11-13,49,25,0.00,0.0,0
1960-11-14,57,25,0.00,0.0,0
1960-11-15,56,32,0.04,0.0,0
1960-11-16,60,48,T,0.0,0
1960-11-17,52,44,0.00,0.0,0
1960-11-18,51,28,0.00,0.0,0
1960-11-19,51,24,0.00,0.0,0
1960-11-20,46,21,0.00,0.0,0
1960-11-21,48,22,0.00,0.0,0
1960-11-22,57,25,0.00,0.0,0
1960-11-23,45,20,0.09,0.0,0
1960-11-24,44,16,0.00,0.0,0
1960-11-25,48,19,0.00,0.0,0
1960-11-26,53,18,0.00,0.0,0
1960-11-27,54,28,0.00,0.0,0
1960-11-28,47,32,0.18,0.0,0
1960-11-29,45,32,0.90,0.0,0
1960-11-30,45,30,T,T,0
1960-12-01,31,21,T,M,M
1960-12-02,37,11,0.00,0.0,0
1960-12-03,42,19,0.00,0.0,0
1960-12-04,44,15,0.00,0.0,0
1960-12-05,51,20,0.00,0.0,0
1960-12-06,49,27,T,0.0,0
1960-12-07,47,31,T,0.0,0
1960-12-08,31,10,T,0.0,0
1960-12-09,26,2,0.00,0.0,0
1960-12-10,34,-2,0.01,0.0,0
1960-12-11,14,-7,0.00,0.0,0
1960-12-12,10,4,0.35,M,1
1960-12-13,12,-8,T,M,4
1960-12-14,23,-12,0.00,0.0,4
1960-12-15,32,-1,0.00,0.0,4
1960-12-16,33,26,0.33,M,3
1960-12-17,28,-17,0.00,0.0,6
1960-12-18,30,-4,0.00,0.0,6
1960-12-19,25,-1,T,M,5
1960-12-20,30,-4,0.00,0.0,4
1960-12-21,31,13,0.46,M,6
1960-12-22,25,-5,0.02,M,9
1960-12-23,18,-13,T,M,8
1960-12-24,22,-18,T,M,8
1960-12-25,32,11,T,M,7
1960-12-26,40,13,T,T,9
1960-12-27,35,-10,0.01,M,6
1960-12-28,14,-19,T,M,6
1960-12-29,14,-14,0.15,M,6
1960-12-30,35,3,T,M,9
1960-12-31,41,22,0.00,0.0,9
1961-01-01,32,21,0.84,M,9
1961-01-02,30,-1,0.00,0.0,17
1961-01-03,27,-1,T,M,17
1961-01-04,33,-4,T,M,15
1961-01-05,24,-9,T,M,15
1961-01-06,24,2,T,M,14
1961-01-07,45,17,0.00,0.0,13
1961-01-08,37,19,0.01,M,10
1961-01-09,22,1,T,M,9
1961-01-10,24,-7,0.00,0.0,9
1961-01-11,36,-8,0.00,0.0,8
1961-01-12,34,-2,T,M,7
1961-01-13,32,-3,0.00,0.0,7
1961-01-14,46,19,0.00,0.0,6
1961-01-15,28,15,0.00,0.0,6
1961-01-16,24,15,0.09,M,6
1961-01-17,38,6,0.00,0.0,6
1961-01-18,38,-2,0.00,0.0,5
1961-01-19,6,-14,0.00,0.0,4
1961-01-20,4,0,0.40,M,5
1961-01-21,17,-17,0.00,0.0,9
1961-01-22,15,-26,T,M,9
1961-01-23,15,-17,0.00,0.0,9
1961-01-24,12,-25,0.00,0.0,9
1961-01-25,12,-15,0.00,0.0,9
1961-01-26,10,-18,0.05,M,9
1961-01-27,15,-14,0.02,M,9
1961-01-28,19,-17,T,M,9
1961-01-29,24,-16,T,M,9
1961-01-30,18,-12,0.00,0.0,9
1961-01-31,20,-19,T,M,8
1961-02-01,3,-23,0.00,0.0,8
1961-02-02,8,-26,0.00,0.0,8
1961-02-03,15,-22,0.00,0.0,8
1961-02-04,25,12,0.71,M,8
1961-02-05,31,-8,0.00,0.0,20
1961-02-06,33,-8,T,M,19
1961-02-07,31,-6,0.00,0.0,17
1961-02-08,43,-8,0.00,0.0,16
1961-02-09,46,3,0.00,0.0,16
1961-02-10,41,24,T,M,16
1961-02-11,33,2,0.00,0.0,15
1961-02-12,34,-1,0.00,0.0,15
1961-02-13,34,-8,0.00,0.0,15
1961-02-14,41,26,0.05,M,15
1961-02-15,32,13,0.00,0.0,14
1961-02-16,30,-2,0.00,0.0,14
1961-02-17,35,-3,T,M,14
1961-02-18,38,32,0.11,0.0,13
1961-02-19,55,31,T,0.0,12
1961-02-20,33,15,0.00,0.0,8
1961-02-21,38,5,0.00,0.0,7
1961-02-22,49,12,0.00,0.0,6
1961-02-23,38,28,0.42,0.0,5
1961-02-24,38,22,0.00,0.0,3
1961-02-25,39,31,0.76,0.0,M
1961-02-26,41,26,0.14,M,M
1961-02-27,47,24,0.00,0.0,M
1961-02-28,42,25,0.00,0.0,M
1961-03-01,36,14,0.12,0.0,2
1961-03-02,40,24,0.03,M,4
1961-03-03,54,24,0.00,0.0,M
1961-03-04,44,27,0.00,0.0,M
1961-03-05,37,29,0.03,0.0,M
1961-03-06,34,31,0.18,0.0,0
1961-03-07,43,28,T,M,0
1961-03-08,33,22,0.11,M,M
1961-03-09,30,17,0.61,M,7
1961-03-10,24,15,T,M,9
1961-03-11,31,7,0.00,0.0,7
1961-03-12,39,1,0.00,0.0,7
1961-03-13,42,6,0.00,0.0,4
1961-03-14,33,24,0.28,M,7
1961-03-15,41,25,T,M,7
1961-03-16,35,14,T,M,4
1961-03-17,20,-1,0.00,0.0,4
1961-03-18,41,-4,0.00,0.0,4
1961-03-19,43,21,0.00,0.0,2
1961-03-20,33,12,0.00,0.0,2
1961-03-21,41,4,0.00,0.0,1
1961-03-22,53,8,0.00,0.0,1
1961-03-23,51,17,0.00,0.0,0
1961-03-24,48,33,T,M,0
1961-03-25,43,33,T,0.0,0
1961-03-26,46,26,0.00,0.0,0
1961-03-27,61,23,0.00,0.0,0
1961-03-28,65,30,T,0.0,0
1961-03-29,47,29,0.18,0.0,0
1961-03-30,37,27,T,M,0
1961-03-31,48,24,0.00,0.0,0
1961-04-01,37,33,0.12,M,M
1961-04-02,41,30,T,M,M
1961-04-03,40,28,T,M,M
1961-04-04,45,28,0.00,0.0,0
1961-04-05,50,24,0.00,0.0,0
1961-04-06,47,28,0.00,0.0,0
1961-04-07,44,32,T,0.0,0
1961-04-08,45,31,0.02,M,M
1961-04-09,53,23,0.00,0.0,0
1961-04-10,38,32,0.71,M,M
1961-04-11,38,32,0.04,M,3
1961-04-12,50,35,0.00,0.0,M
1961-04-13,42,32,0.12,M,M
1961-04-14,37,32,0.31,M,1
1961-04-15,55,28,0.00,0.0,0
1961-04-16,39,33,0.64,0.0,0
1961-04-17,50,33,0.02,0.0,0
1961-04-18,48,27,0.30,0.0,0
1961-04-19,47,27,0.04,M,M
1961-04-20,62,21,0.00,0.0,0
1961-04-21,68,25,0.00,0.0,0
1961-04-22,55,41,0.24,0.0,0
1961-04-23,64,38,0.42,0.0,0
1961-04-24,52,34,T,0.0,0
1961-04-25,51,45,0.06,0.0,0
1961-04-26,55,38,0.30,0.0,0
1961-04-27,58,37,0.00,0.0,0
1961-04-28,63,33,0.00,0.0,0
1961-04-29,46,38,0.10,0.0,0
1961-04-30,53,32,0.00,0.0,0
1961-05-01,62,27,T,0.0,0
1961-05-02,46,32,0.68,0.0,0
1961-05-03,48,31,0.04,0.0,0
1961-05-04,60,28,0.00,0.0,0
1961-05-05,55,28,0.00,0.0,0
1961-05-06,65,25,0.00,0.0,0
1961-05-07,52,44,0.17,0.0,0
1961-05-08,75,47,0.00,0.0,0
1961-05-09,58,47,0.72,0.0,0
1961-05-10,65,39,0.01,0.0,0
1961-05-11,70,33,0.00,0.0,0
1961-05-12,62,40,T,0.0,0
1961-05-13,83,55,T,0.0,0
1961-05-14,88,55,0.00,0.0,0
1961-05-15,88,55,0.00,0.0,0
1961-05-16,71,53,0.21,0.0,0
1961-05-17,60,36,0.00,0.0,0
1961-05-18,61,32,0.00,0.0,0
1961-05-19,55,39,T,0.0,0
1961-05-20,59,38,0.00,0.0,0
1961-05-21,65,46,0.26,0.0,0
1961-05-22,60,42,0.06,0.0,0
1961-05-23,60,40,0.02,0.0,0
1961-05-24,67,40,T,0.0,0
1961-05-25,79,43,0.00,0.0,0
1961-05-26,65,39,0.54,0.0,0
1961-05-27,46,38,0.36,0.0,0
1961-05-28,72,41,0.00,0.0,0
1961-05-29,63,34,0.04,0.0,0
1961-05-30,52,28,0.00,0.0,0
1961-05-31,70,25,0.00,0.0,0
1961-06-01,72,45,T,0.0,0
1961-06-02,78,55,0.43,0.0,0
1961-06-03,69,45,0.00,0.0,0
1961-06-04,73,41,0.00,0.0,0
1961-06-05,83,55,0.00,0.0,0
1961-06-06,75,41,0.00,0.0,0
1961-06-07,75,34,0.00,0.0,0
1961-06-08,76,50,0.17,0.0,0
1961-06-09,72,61,0.05,0.0,0
1961-06-10,77,57,0.38,0.0,0
1961-06-11,80,53,0.00,0.0,0
1961-06-12,87,66,0.00,0.0,0
1961-06-13,89,60,0.13,0.0,0
1961-06-14,66,41,0.09,0.0,0
1961-06-15,60,39,0.00,0.0,0
1961-06-16,71,33,0.00,0.0,0
1961-06-17,78,40,0.00,0.0,0
1961-06-18,80,44,0.00,0.0,0
1961-06-19,82,45,0.00,0.0,0
1961-06-20,80,56,0.00,0.0,0
1961-06-21,73,55,0.15,0.0,0
1961-06-22,70,60,0.34,0.0,0
1961-06-23,83,59,0.00,0.0,0
1961-06-24,73,53,0.10,0.0,0
1961-06-25,77,47,0.41,0.0,0
1961-06-26,67,49,0.00,0.0,0
1961-06-27,75,48,0.00,0.0,0
1961-06-28,81,49,0.00,0.0,0
1961-06-29,88,54,0.00,0.0,0
1961-06-30,81,56,0.00,0.0,0
1961-07-01,77,47,0.00,0.0,0
1961-07-02,80,43,0.45,0.0,0
1961-07-03,81,58,0.00,0.0,0
1961-07-04,67,48,0.01,0.0,0
1961-07-05,70,45,0.00,0.0,0
1961-07-06,76,44,0.00,0.0,0
1961-07-07,78,50,T,0.0,0
1961-07-08,70,58,0.03,0.0,0
1961-07-09,75,58,T,0.0,0
1961-07-10,73,54,0.00,0.0,0
1961-07-11,81,49,0.00,0.0,0
1961-07-12,86,55,0.00,0.0,0
1961-07-13,89,62,T,0.0,0
1961-07-14,71,60,0.04,0.0,0
1961-07-15,64,58,0.25,0.0,0
1961-07-16,66,57,0.25,0.0,0
1961-07-17,85,60,0.01,0.0,0
1961-07-18,83,60,0.04,0.0,0
1961-07-19,84,60,0.00,0.0,0
1961-07-20,78,62,0.00,0.0,0
1961-07-21,86,63,T,0.0,0
1961-07-22,86,62,0.00,0.0,0
1961-07-23,88,61,0.00,0.0,0
1961-07-24,85,66,0.22,0.0,0
1961-07-25,88,69,T,0.0,0
1961-07-26,84,57,0.00,0.0,0
1961-07-27,84,56,0.00,0.0,0
1961-07-28,83,55,0.03,0.0,0
1961-07-29,81,60,0.02,0.0,0
1961-07-30,83,59,0.00,0.0,0
1961-07-31,76,55,T,0.0,0
1961-08-01,77,49,0.00,0.0,0
1961-08-02,70,45,0.01,0.0,0
1961-08-03,67,56,0.01,0.0,0
1961-08-04,84,59,0.00,0.0,0
1961-08-05,83,57,0.00,0.0,0
1961-08-06,84,55,T,0.0,0
1961-08-07,81,58,0.00,0.0,0
1961-08-08,84,52,0.00,0.0,0
1961-08-09,90,58,0.00,0.0,0
1961-08-10,88,57,0.02,0.0,0
1961-08-11,84,67,T,0.0,0
1961-08-12,83,65,0.00,0.0,0
1961-08-13,70,45,0.00,0.0,0
1961-08-14,72,39,0.00,0.0,0
1961-08-15,86,42,T,0.0,0
1961-08-16,73,44,0.01,0.0,0
1961-08-17,76,37,0.00,0.0,0
1961-08-18,81,42,0.00,0.0,0
1961-08-19,87,48,0.00,0.0,0
1961-08-20,85,54,0.45,0.0,0
1961-08-21,67,60,0.28,0.0,0
1961-08-22,72,56,T,0.0,0
1961-08-23,70,53,T,0.0,0
1961-08-24,72,61,T,0.0,0
1961-08-25,84,67,0.84,0.0,0
1961-08-26,72,64,0.89,0.0,0
1961-08-27,81,58,0.00,0.0,0
1961-08-28,76,52,T,0.0,0
1961-08-29,72,60,1.82,0.0,0
1961-08-30,79,55,0.00,0.0,0
1961-08-31,81,58,0.00,0.0,0
1961-09-01,89,61,T,0.0,0
1961-09-02,79,64,0.02,0.0,0
1961-09-03,86,66,0.00,0.0,0
1961-09-04,91,69,0.00,0.0,0
1961-09-05,86,68,0.00,0.0,0
1961-09-06,83,58,0.00,0.0,0
1961-09-07,72,58,0.00,0.0,0
1961-09-08,81,59,0.00,0.0,0
1961-09-09,85,57,0.00,0.0,0
1961-09-10,87,56,0.00,0.0,0
1961-09-11,90,63,0.00,0.0,0
1961-09-12,87,65,0.00,0.0,0
1961-09-13,67,61,T,0.0,0
1961-09-14,85,61,0.00,0.0,0
1961-09-15,76,50,0.91,0.0,0
1961-09-16,67,36,0.00,0.0,0
1961-09-17,65,34,0.00,0.0,0
1961-09-18,71,37,0.00,0.0,0
1961-09-19,74,42,0.00,0.0,0
1961-09-20,77,49,0.00,0.0,0
1961-09-21,61,59,0.35,0.0,0
1961-09-22,83,56,0.00,0.0,0
1961-09-23,86,56,T,0.0,0
1961-09-24,84,62,0.00,0.0,0
1961-09-25,74,62,0.39,0.0,0
1961-09-26,81,63,0.00,0.0,0
1961-09-27,72,45,0.00,0.0,0
1961-09-28,66,43,0.00,0.0,0
1961-09-29,60,37,0.00,0.0,0
1961-09-30,66,35,0.00,0.0,0
1961-10-01,70,43,0.00,0.0,0
1961-10-02,67,43,T,0.0,0
1961-10-03,60,46,1.11,0.0,0
1961-10-04,48,41,0.26,0.0,0
1961-10-05,59,30,0.00,0.0,0
1961-10-06,75,38,0.00,0.0,0
1961-10-07,74,48,0.00,0.0,0
1961-10-08,70,50,0.00,0.0,0
1961-10-09,77,46,T,0.0,0
1961-10-10,78,42,0.00,0.0,0
1961-10-11,59,51,0.00,0.0,0
1961-10-12,70,51,0.00,0.0,0
1961-10-13,72,52,T,0.0,0
1961-10-14,63,39,0.85,0.0,0
1961-10-15,39,28,0.02,0.0,0
1961-10-16,48,24,0.00,0.0,0
1961-10-17,65,24,0.00,0.0,0
1961-10-18,77,31,0.00,0.0,0
1961-10-19,76,36,0.00,0.0,0
1961-10-20,68,40,0.00,0.0,0
1961-10-21,57,43,0.00,0.0,0
1961-10-22,55,26,0.00,0.0,0
1961-10-23,54,20,0.00,0.0,0
1961-10-24,58,24,0.00,0.0,0
1961-10-25,63,25,0.00,0.0,0
1961-10-26,60,35,0.07,0.0,0
1961-10-27,43,25,0.00,0.0,0
1961-10-28,54,18,0.00,0.0,0
1961-10-29,63,39,T,0.0,0
1961-10-30,64,50,0.18,0.0,0
1961-10-31,52,40,0.01,0.0,0
1961-11-01,47,26,T,0.0,0
1961-11-02,50,19,0.00,0.0,0
1961-11-03,62,37,0.00,0.0,0
1961-11-04,63,50,0.13,0.0,0
1961-11-05,62,50,0.30,0.0,0
1961-11-06,58,49,0.29,0.0,0
1961-11-07,52,36,0.80,0.0,0
1961-11-08,46,27,0.00,0.0,0
1961-11-09,36,27,T,T,0
1961-11-10,32,25,T,T,0
1961-11-11,37,22,0.00,0.0,0
1961-11-12,47,18,T,0.0,0
1961-11-13,51,33,0.04,0.0,0
1961-11-14,57,46,0.09,0.0,0
1961-11-15,52,26,0.00,0.0,0
1961-11-16,46,25,0.24,0.0,0
1961-11-17,55,39,0.07,0.0,0
1961-11-18,40,29,T,T,0
1961-11-19,38,19,0.00,0.0,0
1961-11-20,31,15,0.35,M,0
1961-11-21,34,28,0.06,M,6
1961-11-22,37,29,0.00,0.0,4
1961-11-23,37,33,T,0.0,1
1961-11-24,41,35,0.44,0.0,0
1961-11-25,44,24,0.00,0.0,0
1961-11-26,48,20,0.00,0.0,0
1961-11-27,41,21,0.02,T,M
1961-11-28,30,21,0.14,M,0
1961-11-29,31,25,T,T,0
1961-11-30,36,18,0.00,0.0,0
1961-12-01,37,12,0.00,0.0,0
1961-12-02,37,18,0.00,0.0,0
1961-12-03,38,18,0.00,0.0,0
1961-12-04,43,25,0.14,0.0,0
1961-12-05,48,35,0.26,0.0,0
1961-12-06,39,26,0.00,0.0,0
1961-12-07,39,26,T,T,0
1961-12-08,35,23,T,T,0
1961-12-09,30,12,0.00,0.0,0
1961-12-10,33,21,0.01,T,0
1961-12-11,41,26,0.00,0.0,0
1961-12-12,34,23,0.12,T,0
1961-12-13,36,25,T,0.0,0
1961-12-14,30,22,T,T,0
1961-12-15,28,0,T,T,T
1961-12-16,19,-3,0.00,0.0,0
1961-12-17,21,4,0.10,M,M
1961-12-18,28,21,0.32,M,M
1961-12-19,32,27,0.49,M,M
1961-12-20,33,28,0.13,M,M
1961-12-21,30,23,0.03,M,M
1961-12-22,24,-1,T,T,M
1961-12-23,26,-4,0.00,0.0,M
1961-12-24,22,12,0.15,M,7
1961-12-25,28,15,0.04,M,11
1961-12-26,33,12,0.00,0.0,10
1961-12-27,35,26,T,T,9
1961-12-28,32,24,0.62,M,10
1961-12-29,28,-1,T,M,14
1961-12-30,20,-6,0.00,0.0,13
1961-12-31,29,-4,0.00,0.0,12
1962-01-01,28,7,T,T,11
1962-01-02,21,-5,0.00,0.0,11
1962-01-03,32,4,0.00,0.0,10
1962-01-04,37,-1,T,T,10
1962-01-05,22,-2,0.02,M,10
1962-01-06,34,22,0.63,0.0,9
1962-01-07,36,29,0.12,M,10
1962-01-08,38,26,T,T,10
1962-01-09,30,17,T,T,9
1962-01-10,17,9,0.00,0.0,9
1962-01-11,23,-12,0.00,0.0,9
1962-01-12,29,-7,0.00,0.0,8
1962-01-13,26,-10,0.00,0.0,8
1962-01-14,34,-5,0.00,0.0,8
1962-01-15,46,21,0.54,M,9
1962-01-16,40,11,0.00,0.0,6
1962-01-17,26,1,0.00,0.0,6
1962-01-18,18,-14,0.00,0.0,6
1962-01-19,21,-6,0.00,0.0,5
1962-01-20,22,5,0.06,M,5
1962-01-21,27,-3,T,M,5
1962-01-22,43,25,0.01,M,4
1962-01-23,40,20,T,M,4
1962-01-24,33,2,T,M,4
1962-01-25,38,29,T,M,3
1962-01-26,37,19,0.10,M,3
1962-01-27,42,4,T,M,3
1962-01-28,17,1,0.00,0.0,3
1962-01-29,11,-5,0.00,0.0,2
1962-01-30,28,-2,0.30,M,5
1962-01-31,11,-16,T,M,9
1962-02-01,6,-22,0.03,M,9
1962-02-02,14,-22,0.01,M,7
1962-02-03,26,11,0.05,M,7
1962-02-04,39,23,T,M,6
1962-02-05,44,26,T,M,5
1962-02-06,40,3,T,M,2
1962-02-07,15,-7,T,M,2
1962-02-08,24,0,T,M,2
1962-02-09,29,14,0.11,M,2
1962-02-10,20,-12,0.06,M,6
1962-02-11,18,-18,0.00,M,6
1962-02-12,23,-16,0.00,M,6
1962-02-13,33,-10,0.00,M,5
1962-02-14,26,5,0.22,M,3
1962-02-15,30,2,0.32,M,15
1962-02-16,30,-5,0.02,M,14
1962-02-17,35,18,0.06,M,15
1962-02-18,26,-7,0.00,M,15
1962-02-19,20,-2,0.28,M,13
1962-02-20,33,4,0.01,M,18
1962-02-21,25,-7,0.00,M,18
1962-02-22,25,10,0.14,M,19
1962-02-23,37,21,T,M,19
1962-02-24,24,12,0.99,M,26
1962-02-25,30,-13,0.00,M,28
1962-02-26,31,21,0.18,M,26
1962-02-27,35,28,T,M,26
1962-02-28,34,31,0.13,M,20
1962-03-01,35,7,T,M,15
1962-03-02,15,-2,0.00,0.0,14
1962-03-03,20,-2,T,M,14
1962-03-04,30,9,0.07,M,14
1962-03-05,35,22,0.05,M,16
1962-03-06,34,28,T,M,16
1962-03-07,40,14,0.00,0.0,15
1962-03-08,47,3,0.00,0.0,13
1962-03-09,43,1,0.00,0.0,12
1962-03-10,50,9,0.00,0.0,12
1962-03-11,48,8,0.00,0.0,11
1962-03-12,34,28,0.70,M,10
1962-03-13,39,30,0.12,M,21
1962-03-14,40,24,T,M,19
1962-03-15,42,25,0.00,0.0,16
1962-03-16,45,28,0.00,0.0,15
1962-03-17,42,27,0.01,M,15
1962-03-18,39,19,0.00,0.0,12
1962-03-19,42,10,0.00,0.0,10
1962-03-20,50,12,0.00,0.0,9
1962-03-21,40,26,T,M,9
1962-03-22,49,19,0.00,0.0,8
1962-03-23,41,26,0.00,0.0,7
1962-03-24,47,28,0.00,0.0,6
1962-03-25,43,34,0.00,0.0,5
1962-03-26,45,33,0.07,M,4
1962-03-27,44,32,0.01,M,3
1962-03-28,56,28,T,0.0,2
1962-03-29,65,26,T,0.0,1
1962-03-30,72,34,0.00,0.0,0
1962-03-31,44,34,0.88,0.0,0
1962-04-01,38,33,0.79,0.0,0
1962-04-02,40,29,0.00,0.0,0
1962-04-03,37,21,T,0.0,0
1962-04-04,47,15,0.00,0.0,0
1962-04-05,57,21,0.00,0.0,0
1962-04-06,63,24,T,0.0,0
1962-04-07,54,44,0.37,0.0,0
1962-04-08,59,38,0.03,0.0,0
1962-04-09,63,31,0.06,0.0,0
1962-04-10,51,36,0.00,0.0,0
1962-04-11,55,29,0.00,0.0,0
1962-04-12,55,27,0.01,0.0,0
1962-04-13,36,31,0.38,M,3
1962-04-14,43,32,0.02,M,M
1962-04-15,47,31,0.00,0.0,0
1962-04-16,41,30,T,M,0
1962-04-17,43,23,T,M,0
1962-04-18,50,18,0.00,0.0,0
1962-04-19,53,25,0.00,0.0,0
1962-04-20,59,27,0.00,0.0,0
1962-04-21,67,23,0.00,0.0,0
1962-04-22,71,31,T,0.0,0
1962-04-23,63,31,T,0.0,0
1962-04-24,44,24,0.00,0.0,0
1962-04-25,70,24,T,0.0,0
1962-04-26,73,38,T,0.0,0
1962-04-27,87,35,0.00,0.0,0
1962-04-28,88,47,T,0.0,0
1962-04-29,73,42,0.32,0.0,0
1962-04-30,42,39,0.44,0.0,0
1962-05-01,48,38,T,0.0,0
1962-05-02,43,39,0.06,0.0,0
1962-05-03,46,37,0.32,0.0,0
1962-05-04,51,40,0.12,0.0,0
1962-05-05,58,35,0.00,0.0,0
1962-05-06,52,34,0.28,0.0,0
1962-05-07,51,30,0.00,0.0,0
1962-05-08,50,26,0.00,0.0,0
1962-05-09,56,34,0.00,0.0,0
1962-05-10,62,29,0.00,0.0,0
1962-05-11,65,25,0.00,0.0,0
1962-05-12,67,26,0.00,0.0,0
1962-05-13,70,30,0.00,0.0,0
1962-05-14,52,42,0.20,0.0,0
1962-05-15,67,49,0.92,0.0,0
1962-05-16,59,50,T,0.0,0
1962-05-17,82,49,0.00,0.0,0
1962-05-18,89,54,0.13,0.0,0
1962-05-19,89,57,M,0.0,0
1962-05-20,81,53,0.66,0.0,0
1962-05-21,71,44,0.01,0.0,0
1962-05-22,73,39,0.00,0.0,0
1962-05-23,77,36,0.00,0.0,0
1962-05-24,72,50,1.34,0.0,0
1962-05-25,73,44,0.00,0.0,0
1962-05-26,72,40,0.00,0.0,0
1962-05-27,65,42,0.00,0.0,0
1962-05-28,74,34,0.00,0.0,0
1962-05-29,77,37,0.00,0.0,0
1962-05-30,87,52,0.00,0.0,0
1962-05-31,79,59,0.18,0.0,0
1962-06-01,82,56,0.00,0.0,0
1962-06-02,63,54,0.00,0.0,0
1962-06-03,71,45,0.00,0.0,0
1962-06-04,78,39,0.00,0.0,0
1962-06-05,65,55,0.06,0.0,0
1962-06-06,73,46,0.43,0.0,0
1962-06-07,75,41,0.00,0.0,0
1962-06-08,74,43,0.00,0.0,0
1962-06-09,83,38,0.00,0.0,0
1962-06-10,85,57,T,0.0,0
1962-06-11,82,60,0.05,0.0,0
1962-06-12,63,51,0.26,0.0,0
1962-06-13,69,50,0.00,0.0,0
1962-06-14,77,43,0.00,0.0,0
1962-06-15,86,43,0.00,0.0,0
1962-06-16,88,53,0.00,0.0,0
1962-06-17,88,48,0.00,0.0,0
1962-06-18,74,58,0.00,0.0,0
1962-06-19,80,56,0.01,0.0,0
1962-06-20,71,52,0.05,0.0,0
1962-06-21,78,54,0.04,0.0,0
1962-06-22,76,50,0.00,0.0,0
1962-06-23,76,61,0.27,0.0,0
1962-06-24,74,62,0.15,0.0,0
1962-06-25,80,60,0.03,0.0,0
1962-06-26,78,54,0.01,0.0,0
1962-06-27,80,46,0.00,0.0,0
1962-06-28,86,47,0.00,0.0,0
1962-06-29,87,52,0.00,0.0,0
1962-06-30,84,54,0.20,0.0,0
1962-07-01,75,47,0.02,0.0,0
1962-07-02,74,39,0.00,0.0,0
1962-07-03,75,38,0.00,0.0,0
1962-07-04,77,40,0.00,0.0,0
1962-07-05,67,43,0.00,0.0,0
1962-07-06,76,38,0.00,0.0,0
1962-07-07,81,46,0.00,0.0,0
1962-07-08,88,43,0.00,0.0,0
1962-07-09,83,62,0.72,0.0,0
1962-07-10,78,53,0.01,0.0,0
1962-07-11,81,48,0.00,0.0,0
1962-07-12,82,55,0.01,0.0,0
1962-07-13,75,55,0.31,0.0,0
1962-07-14,80,50,0.00,0.0,0
1962-07-15,73,58,0.11,0.0,0
1962-07-16,74,55,0.07,0.0,0
1962-07-17,76,55,T,0.0,0
1962-07-18,75,58,0.39,0.0,0
1962-07-19,80,51,0.00,0.0,0
1962-07-20,83,45,0.00,0.0,0
1962-07-21,84,59,T,0.0,0
1962-07-22,75,54,0.01,0.0,0
1962-07-23,74,51,0.37,0.0,0
1962-07-24,73,49,0.19,0.0,0
1962-07-25,79,49,0.00,0.0,0
1962-07-26,76,56,0.08,0.0,0
1962-07-27,66,52,0.00,0.0,0
1962-07-28,80,45,0.00,0.0,0
1962-07-29,79,58,T,0.0,0
1962-07-30,82,61,0.34,0.0,0
1962-07-31,76,61,0.21,0.0,0
1962-08-01,80,58,0.00,0.0,0
1962-08-02,79,51,0.00,0.0,0
1962-08-03,84,48,0.00,0.0,0
1962-08-04,82,61,0.00,0.0,0
1962-08-05,84,61,0.00,0.0,0
1962-08-06,86,63,0.03,0.0,0
1962-08-07,77,64,0.35,0.0,0
1962-08-08,79,61,0.00,0.0,0
1962-08-09,63,56,0.03,0.0,0
1962-08-10,59,54,0.86,0.0,0
1962-08-11,66,55,0.02,0.0,0
1962-08-12,77,49,0.00,0.0,0
1962-08-13,74,53,0.00,0.0,0
1962-08-14,71,60,0.47,0.0,0
1962-08-15,74,52,0.00,0.0,0
1962-08-16,80,50,0.00,0.0,0
1962-08-17,80,59,0.28,0.0,0
1962-08-18,70,47,0.00,0.0,0
1962-08-19,72,42,0.00,0.0,0
1962-08-20,84,57,T,0.0,0
1962-08-21,80,61,T,0.0,0
1962-08-22,69,50,T,0.0,0
1962-08-23,75,48,0.00,0.0,0
1962-08-24,79,45,0.00,0.0,0
1962-08-25,81,49,0.00,0.0,0
1962-08-26,85,52,0.00,0.0,0
1962-08-27,83,55,0.00,0.0,0
1962-08-28,70,59,0.02,0.0,0
1962-08-29,70,64,0.32,0.0,0
1962-08-30,84,56,T,0.0,0
1962-08-31,87,54,0.00,0.0,0
1962-09-01,86,58,0.00,0.0,0
1962-09-02,71,45,0.00,0.0,0
1962-09-03,76,43,0.00,0.0,0
1962-09-04,75,46,0.00,0.0,0
1962-09-05,60,53,0.48,0.0,0
1962-09-06,61,35,0.03,0.0,0
1962-09-07,70,33,0.00,0.0,0
1962-09-08,76,39,0.00,0.0,0
1962-09-09,75,41,T,0.0,0
1962-09-10,81,63,0.01,0.0,0
1962-09-11,70,62,0.86,0.0,0
1962-09-12,68,47,T,0.0,0
1962-09-13,79,44,0.00,0.0,0
1962-09-14,77,56,T,0.0,0
1962-09-15,70,46,0.00,0.0,0
1962-09-16,65,39,0.00,0.0,0
1962-09-17,68,41,0.31,0.0,0
1962-09-18,63,51,0.01,0.0,0
1962-09-19,61,45,0.05,0.0,0
1962-09-20,56,31,0.00,0.0,0
1962-09-21,50,27,0.00,0.0,0
1962-09-22,54,30,0.01,0.0,0
1962-09-23,64,42,0.00,0.0,0
1962-09-24,62,36,0.00,0.0,0
1962-09-25,67,33,0.16,0.0,0
1962-09-26,67,52,0.07,0.0,0
1962-09-27,57,50,0.39,0.0,0
1962-09-28,53,45,0.09,0.0,0
1962-09-29,59,50,0.05,0.0,0
1962-09-30,63,45,0.00,0.0,0
1962-10-01,62,40,0.00,0.0,0
1962-10-02,71,40,0.00,0.0,0
1962-10-03,76,40,0.00,0.0,0
1962-10-04,63,45,0.03,0.0,0
1962-10-05,56,50,1.65,0.0,0
1962-10-06,51,49,2.84,0.0,0
1962-10-07,53,49,0.84,0.0,0
1962-10-08,61,49,0.01,0.0,0
1962-10-09,52,47,0.09,0.0,0
1962-10-10,50,45,0.21,0.0,0
1962-10-11,54,42,0.02,0.0,0
1962-10-12,69,48,0.13,0.0,0
1962-10-13,53,35,0.00,0.0,0
1962-10-14,56,29,0.00,0.0,0
1962-10-15,60,25,0.00,0.0,0
1962-10-16,65,41,T,0.0,0
1962-10-17,63,39,0.01,0.0,0
1962-10-18,57,30,0.00,0.0,0
1962-10-19,66,28,0.00,0.0,0
1962-10-20,73,37,0.00,0.0,0
1962-10-21,52,43,0.02,0.0,0
1962-10-22,58,29,0.00,0.0,0
1962-10-23,52,37,0.12,0.0,0
1962-10-24,45,27,T,T,0
1962-10-25,42,28,T,T,0
1962-10-26,37,28,T,T,0
1962-10-27,45,31,T,T,0
1962-10-28,58,41,0.07,0.0,0
1962-10-29,49,22,0.01,0.0,0
1962-10-30,41,20,0.03,0.0,0
1962-10-31,45,36,0.89,0.0,0
1962-11-01,44,28,0.17,0.0,0
1962-11-02,49,21,0.00,0.0,0
1962-11-03,34,24,0.41,4.1,0
1962-11-04,39,32,0.04,0.0,1
1962-11-05,37,32,0.00,0.0,0
1962-11-06,33,28,T,T,0
1962-11-07,45,17,0.00,0.0,0
1962-11-08,56,31,0.00,0.0,0
1962-11-09,54,24,0.00,0.0,0
1962-11-10,53,39,0.40,0.0,0
1962-11-11,45,32,0.20,0.0,0
1962-11-12,41,20,0.00,0.0,0
1962-11-13,35,20,0.02,0.2,0
1962-11-14,32,27,T,T,T
1962-11-15,38,26,0.00,0.0,0
1962-11-16,47,20,0.00,0.0,0
1962-11-17,40,19,0.08,0.8,0
1962-11-18,30,24,0.04,0.4,T
1962-11-19,35,13,0.00,0.0,0
1962-11-20,35,16,0.00,0.0,0
1962-11-21,41,30,T,T,0
1962-11-22,41,33,0.78,T,0
1962-11-23,40,27,T,T,0
1962-11-24,36,28,0.05,0.5,0
1962-11-25,37,21,0.00,0.0,0
1962-11-26,38,16,0.00,0.0,0
1962-11-27,43,13,0.00,0.0,0
1962-11-28,48,14,0.00,0.0,0
1962-11-29,50,16,0.00,0.0,0
1962-11-30,51,15,0.00,0.0,0
1962-12-01,51,16,0.00,0.0,0
1962-12-02,51,19,0.00,0.0,0
1962-12-03,39,21,0.00,0.0,0
1962-12-04,40,27,0.00,0.0,0
1962-12-05,40,27,0.18,0.0,0
1962-12-06,44,38,0.81,0.0,0
1962-12-07,38,30,0.06,0.6,0
1962-12-08,38,31,0.03,0.3,0
1962-12-09,38,26,0.35,3.5,0
1962-12-10,32,23,0.02,0.2,4
1962-12-11,26,6,0.00,0.0,3
1962-12-12,24,-3,0.00,0.0,2
1962-12-13,22,-7,0.00,0.0,1
1962-12-14,22,3,0.01,0.1,1
1962-12-15,12,-3,0.00,0.0,1
1962-12-16,26,-0,0.03,0.3,2
1962-12-17,19,-1,0.01,0.1,2
1962-12-18,28,-1,0.00,0.0,2
1962-12-19,39,11,T,0.0,2
1962-12-20,38,-6,T,T,2
1962-12-21,15,-13,T,T,2
1962-12-22,26,7,0.60,6.0,5
1962-12-23,33,15,T,T,10
1962-12-24,30,-4,T,T,10
1962-12-25,24,-11,0.01,0.1,10
1962-12-26,38,15,0.05,0.5,10
1962-12-27,23,-10,0.00,0.0,7
1962-12-28,31,-0,0.00,0.0,6
1962-12-29,25,-7,0.40,4.0,M
1962-12-30,29,-10,T,M,M
1962-12-31,5,-9,0.17,1.7,12
1963-01-01,11,-1,T,M,13
1963-01-02,29,5,0.00,M,13
1963-01-03,31,5,0.00,M,13
1963-01-04,33,18,T,M,13
1963-01-05,29,15,T,M,10
1963-01-06,32,13,0.00,M,9
1963-01-07,34,22,0.00,M,9
1963-01-08,35,27,0.01,M,9
1963-01-09,35,29,T,M,7
1963-01-10,45,22,0.00,M,8
1963-01-11,36,23,0.18,M,7
1963-01-12,29,25,0.19,M,7
1963-01-13,33,15,0.39,M,14
1963-01-14,21,-4,0.00,M,17
1963-01-15,26,-5,0.00,M,17
1963-01-16,18,-17,0.00,M,16
1963-01-17,24,-5,0.00,M,16
1963-01-18,25,1,T,M,15
1963-01-19,32,22,0.00,M,15
1963-01-20,38,26,0.37,M,18
1963-01-21,38,6,0.00,M,12
1963-01-22,17,3,0.00,M,11
1963-01-23,30,8,0.53,M,12
1963-01-24,8,-13,T,M,19
1963-01-25,18,-14,0.00,M,18
1963-01-26,21,-12,T,M,17
1963-01-27,25,10,0.86,M,24
1963-01-28,17,-7,0.00,M,25
1963-01-29,25,-23,0.00,M,25
1963-01-30,29,14,T,M,23
1963-01-31,24,-7,T,M,21
1963-02-01,24,-17,0.00,M,20
1963-02-02,30,-5,0.47,M,20
1963-02-03,33,-6,T,M,19
1963-02-04,14,-24,0.04,M,19
1963-02-05,29,14,0.03,M,19
1963-02-06,40,19,T,M,19
1963-02-07,32,2,T,M,17
1963-02-08,2,-16,0.00,M,17
1963-02-09,30,-17,0.00,M,17
1963-02-10,34,16,T,M,16
1963-02-11,29,13,0.01,M,16
1963-02-12,29,25,0.63,M,16
1963-02-13,31,19,0.02,M,23
1963-02-14,26,15,T,M,22
1963-02-15,17,-0,T,M,21
1963-02-16,10,-16,0.00,M,20
1963-02-17,24,-17,0.00,M,20
1963-02-18,41,21,0.00,M,19
1963-02-19,42,30,0.32,M,18
1963-02-20,39,25,0.08,M,25
1963-02-21,33,4,T,M,21
1963-02-22,13,-4,T,M,20
1963-02-23,18,-8,0.00,M,20
1963-02-24,30,9,0.03,M,20
1963-02-25,28,3,T,M,21
1963-02-26,21,-10,T,M,20
1963-02-27,26,-20,0.00,M,20
1963-02-28,28,1,0.00,M,20
1963-03-01,29,-7,0.16,M,19
1963-03-02,33,20,0.19,M,24
1963-03-03,37,7,0.00,M,24
1963-03-04,30,9,0.19,M,23
1963-03-05,43,15,0.02,M,26
1963-03-06,34,14,0.56,M,20
1963-03-07,34,25,0.01,M,23
1963-03-08,38,6,0.00,M,21
1963-03-09,41,25,T,M,20
1963-03-10,36,20,0.22,M,24
1963-03-11,36,9,0.00,M,24
1963-03-12,30,23,0.32,M,25
1963-03-13,38,28,0.21,M,26
1963-03-14,37,17,T,M,23
1963-03-15,35,6,0.00,M,23
1963-03-16,43,2,0.00,M,22
1963-03-17,35,29,0.26,M,21
1963-03-18,39,27,T,M,21
1963-03-19,43,23,0.00,M,20
1963-03-20,33,28,0.12,M,21
1963-03-21,42,24,0.05,M,25
1963-03-22,38,19,0.00,M,24
1963-03-23,37,12,0.00,M,23
1963-03-24,52,10,0.00,M,21
1963-03-25,58,30,0.00,M,16
1963-03-26,67,33,0.00,M,11
1963-03-27,50,34,0.09,M,8
1963-03-28,46,25,0.00,M,5
1963-03-29,50,16,0.00,M,2
1963-03-30,56,36,T,M,2
1963-03-31,54,25,0.00,M,1
1963-04-01,62,19,0.00,0.0,0
1963-04-02,61,38,0.04,0.0,0
1963-04-03,44,34,0.10,0.0,0
1963-04-04,45,21,0.25,T,0
1963-04-05,38,20,0.02,T,0
1963-04-06,50,29,0.00,0.0,0
1963-04-07,51,27,T,0.0,0
1963-04-08,46,22,0.00,0.0,0
1963-04-09,48,21,0.00,0.0,0
1963-04-10,40,24,T,T,0
1963-04-11,46,33,T,T,0
1963-04-12,55,30,0.00,0.0,0
1963-04-13,51,24,0.00,0.0,0
1963-04-14,52,21,0.00,0.0,0
1963-04-15,57,28,0.00,0.0,0
1963-04-16,64,30,0.00,0.0,0
1963-04-17,60,28,0.05,0.0,0
1963-04-18,68,34,0.03,0.0,0
1963-04-19,54,26,0.14,0.0,0
1963-04-20,68,43,0.23,0.0,0
1963-04-21,68,40,0.15,0.0,0
1963-04-22,50,35,0.00,0.0,0
1963-04-23,40,28,0.19,T,0
1963-04-24,45,33,0.02,T,0
1963-04-25,52,29,0.00,0.0,0
1963-04-26,48,28,0.00,0.0,0
1963-04-27,52,23,0.00,0.0,0
1963-04-28,62,24,0.00,0.0,0
1963-04-29,70,25,0.00,0.0,0
1963-04-30,53,42,0.46,0.0,0
1963-05-01,52,34,0.04,T,0
1963-05-02,53,33,0.04,T,0
1963-05-03,71,24,0.00,0.0,0
1963-05-04,77,35,0.00,0.0,0
1963-05-05,65,36,0.01,0.0,0
1963-05-06,64,29,0.00,0.0,0
1963-05-07,67,30,0.00,0.0,0
1963-05-08,71,47,0.13,0.0,0
1963-05-09,82,54,0.04,0.0,0
1963-05-10,63,35,0.47,T,0
1963-05-11,40,33,0.21,0.0,0
1963-05-12,59,30,0.00,0.0,0
1963-05-13,68,27,T,0.0,0
1963-05-14,74,46,0.23,0.0,0
1963-05-15,67,39,0.00,0.0,0
1963-05-16,73,34,0.00,0.0,0
1963-05-17,76,36,0.00,0.0,0
1963-05-18,59,49,0.54,0.0,0
1963-05-19,76,47,0.00,0.0,0
1963-05-20,67,38,0.07,0.0,0
1963-05-21,70,34,0.01,0.0,0
1963-05-22,68,46,0.03,0.0,0
1963-05-23,53,37,0.00,0.0,0
1963-05-24,65,28,0.00,0.0,0
1963-05-25,71,30,0.00,0.0,0
1963-05-26,71,36,0.00,0.0,0
1963-05-27,79,37,0.00,0.0,0
1963-05-28,72,39,T,0.0,0
1963-05-29,67,55,0.15,0.0,0
1963-05-30,73,51,0.00,0.0,0
1963-05-31,80,44,0.00,0.0,0
1963-06-01,86,42,0.00,0.0,0
1963-06-02,86,48,0.00,0.0,0
1963-06-03,85,43,0.00,0.0,0
1963-06-04,85,60,T,0.0,0
1963-06-05,85,58,0.00,0.0,0
1963-06-06,85,62,0.03,0.0,0
1963-06-07,76,59,0.02,0.0,0
1963-06-08,76,53,0.00,0.0,0
1963-06-09,74,58,0.15,0.0,0
1963-06-10,71,43,0.00,0.0,0
1963-06-11,55,40,0.20,0.0,0
1963-06-12,59,51,0.02,0.0,0
1963-06-13,79,48,0.00,0.0,0
1963-06-14,75,45,0.32,0.0,0
1963-06-15,57,46,0.06,0.0,0
1963-06-16,69,45,0.00,0.0,0
1963-06-17,75,43,0.01,0.0,0
1963-06-18,77,47,0.00,0.0,0
1963-06-19,82,42,0.00,0.0,0
1963-06-20,77,54,0.02,0.0,0
1963-06-21,66,50,0.16,0.0,0
1963-06-22,67,49,0.01,0.0,0
1963-06-23,78,43,0.00,0.0,0
1963-06-24,91,45,0.00,0.0,0
1963-06-25,91,49,0.00,0.0,0
1963-06-26,92,57,0.00,0.0,0
1963-06-27,92,51,0.00,0.0,0
1963-06-28,86,61,1.37,0.0,0
1963-06-29,81,61,0.00,0.0,0
1963-06-30,89,64,0.00,0.0,0
1963-07-01,92,62,0.00,0.0,0
1963-07-02,95,64,0.03,0.0,0
1963-07-03,73,54,0.00,0.0,0
1963-07-04,70,53,0.00,0.0,0
1963-07-05,72,49,T,0.0,0
1963-07-06,73,43,0.00,0.0,0
1963-07-07,76,47,0.07,0.0,0
1963-07-08,77,55,0.01,0.0,0
1963-07-09,71,46,0.00,0.0,0
1963-07-10,70,44,0.00,0.0,0
1963-07-11,75,45,0.00,0.0,0
1963-07-12,86,50,0.00,0.0,0
1963-07-13,85,56,0.00,0.0,0
1963-07-14,82,60,0.02,0.0,0
1963-07-15,79,62,0.00,0.0,0
1963-07-16,82,61,0.00,0.0,0
1963-07-17,87,53,0.00,0.0,0
1963-07-18,88,60,0.10,0.0,0
1963-07-19,86,62,T,0.0,0
1963-07-20,85,59,T,0.0,0
1963-07-21,85,61,0.06,0.0,0
1963-07-22,82,61,0.00,0.0,0
1963-07-23,88,59,0.00,0.0,0
1963-07-24,93,57,0.00,0.0,0
1963-07-25,96,60,0.00,0.0,0
1963-07-26,97,61,0.00,0.0,0
1963-07-27,94,60,0.00,0.0,0
1963-07-28,95,62,0.16,0.0,0
1963-07-29,95,66,0.00,0.0,0
1963-07-30,77,57,0.13,0.0,0
1963-07-31,85,47,0.00,0.0,0
1963-08-01,81,49,0.10,0.0,0
1963-08-02,75,62,T,0.0,0
1963-08-03,87,57,0.00,0.0,0
1963-08-04,80,60,0.20,0.0,0
1963-08-05,78,62,0.03,0.0,0
1963-08-06,84,54,0.00,0.0,0
1963-08-07,85,56,T,0.0,0
1963-08-08,86,58,0.00,0.0,0
1963-08-09,84,55,0.00,0.0,0
1963-08-10,73,45,0.00,0.0,0
1963-08-11,77,41,0.13,0.0,0
1963-08-12,73,48,0.00,0.0,0
1963-08-13,64,46,0.38,0.0,0
1963-08-14,64,55,0.20,0.0,0
1963-08-15,71,48,0.01,0.0,0
1963-08-16,72,45,0.00,0.0,0
1963-08-17,74,44,0.02,0.0,0
1963-08-18,63,44,0.04,0.0,0
1963-08-19,76,40,T,0.0,0
1963-08-20,71,55,0.30,0.0,0
1963-08-21,84,47,0.00,0.0,0
1963-08-22,85,54,0.00,0.0,0
1963-08-23,83,59,0.01,0.0,0
1963-08-24,63,53,0.00,0.0,0
1963-08-25,67,44,0.00,0.0,0
1963-08-26,72,36,0.00,0.0,0
1963-08-27,75,44,0.00,0.0,0
1963-08-28,80,39,0.00,0.0,0
1963-08-29,65,58,0.43,0.0,0
1963-08-30,76,59,0.00,0.0,0
1963-08-31,73,48,0.12,0.0,0
1963-09-01,73,41,0.00,0.0,0
1963-09-02,79,41,0.00,0.0,0
1963-09-03,80,50,T,0.0,0
1963-09-04,68,39,0.25,0.0,0
1963-09-05,66,37,0.00,0.0,0
1963-09-06,61,42,T,0.0,0
1963-09-07,79,45,0.00,0.0,0
1963-09-08,81,42,0.00,0.0,0
1963-09-09,79,47,0.00,0.0,0
1963-09-10,65,38,0.00,0.0,0
1963-09-11,77,34,0.00,0.0,0
1963-09-12,73,47,T,0.0,0
1963-09-13,59,32,0.00,0.0,0
1963-09-14,67,28,0.00,0.0,0
1963-09-15,68,31,0.00,0.0,0
1963-09-16,75,38,0.00,0.0,0
1963-09-17,65,39,0.00,0.0,0
1963-09-18,83,45,0.00,0.0,0
1963-09-19,83,42,0.02,0.0,0
1963-09-20,64,41,0.01,0.0,0
1963-09-21,63,36,T,0.0,0
1963-09-22,57,36,0.00,0.0,0
1963-09-23,51,27,0.00,0.0,0
1963-09-24,63,20,0.00,0.0,0
1963-09-25,72,24,0.00,0.0,0
1963-09-26,78,32,0.00,0.0,0
1963-09-27,72,46,T,0.0,0
1963-09-28,63,37,0.00,0.0,0
1963-09-29,50,38,1.21,0.0,0
1963-09-30,56,30,0.00,0.0,0
1963-10-01,66,26,0.00,0.0,0
1963-10-02,77,32,0.00,0.0,0
1963-10-03,72,42,0.15,0.0,0
1963-10-04,51,29,0.00,0.0,0
1963-10-05,69,23,0.00,0.0,0
1963-10-06,81,28,0.00,0.0,0
1963-10-07,87,44,T,0.0,0
1963-10-08,73,46,0.04,0.0,0
1963-10-09,55,28,0.00,0.0,0
1963-10-10,68,25,0.00,0.0,0
1963-10-11,70,31,0.02,0.0,0
1963-10-12,56,32,T,0.0,0
1963-10-13,59,27,0.00,0.0,0
1963-10-14,73,25,0.00,0.0,0
1963-10-15,79,35,0.00,0.0,0
1963-10-16,80,35,0.00,0.0,0
1963-10-17,73,38,0.00,0.0,0
1963-10-18,79,42,0.00,0.0,0
1963-10-19,80,40,0.00,0.0,0
1963-10-20,73,36,0.00,0.0,0
1963-10-21,65,39,0.00,0.0,0
1963-10-22,55,30,0.00,0.0,0
1963-10-23,71,34,0.00,0.0,0
1963-10-24,79,37,0.00,0.0,0
1963-10-25,80,41,0.00,0.0,0
1963-10-26,80,39,0.00,0.0,0
1963-10-27,79,42,T,0.0,0
1963-10-28,62,47,T,0.0,0
1963-10-29,47,34,0.08,T,0
1963-10-30,42,35,0.00,0.0,0
1963-10-31,52,31,0.00,0.0,0
1963-11-01,50,36,0.35,0.0,0
1963-11-02,46,34,0.26,0.4,0
1963-11-03,42,30,0.00,0.0,0
1963-11-04,54,22,0.00,0.0,0
1963-11-05,53,31,T,0.0,0
1963-11-06,48,43,0.31,0.0,0
1963-11-07,55,46,1.13,0.0,0
1963-11-08,55,50,0.57,0.0,0
1963-11-09,50,44,0.34,0.0,0
1963-11-10,46,42,0.02,0.0,0
1963-11-11,43,38,0.31,0.0,0
1963-11-12,47,31,0.04,0.0,0
1963-11-13,46,30,T,0.0,0
1963-11-14,44,30,0.03,0.1,0
1963-11-15,42,29,0.01,0.1,T
1963-11-16,47,36,T,0.0,0
1963-11-17,50,34,0.00,0.0,0
1963-11-18,54,42,0.13,0.0,0
1963-11-19,53,34,T,0.0,0
1963-11-20,50,29,0.00,0.0,0
1963-11-21,46,33,0.04,0.0,0
1963-11-22,58,44,0.00,0.0,0
1963-11-23,61,44,0.44,0.0,0
1963-11-24,47,26,0.00,0.0,0
1963-11-25,35,18,0.00,0.0,0
1963-11-26,43,19,0.00,0.0,0
1963-11-27,54,35,0.00,0.0,0
1963-11-28,36,24,0.00,0.0,0
1963-11-29,45,35,0.78,0.0,0
1963-11-30,53,24,0.15,T,0
1963-12-01,25,17,T,T,T
1963-12-02,31,18,T,T,0
1963-12-03,28,25,0.29,4.0,1
1963-12-04,30,13,T,T,4
1963-12-05,33,2,0.00,0.0,3
1963-12-06,23,4,0.01,T,3
1963-12-07,34,18,0.00,0.0,3
1963-12-08,39,17,0.00,0.0,2
1963-12-09,46,31,0.63,T,0
1963-12-10,36,23,T,T,0
1963-12-11,27,9,0.00,0.0,0
1963-12-12,17,9,0.20,5.0,0
1963-12-13,29,11,0.02,T,5
1963-12-14,28,10,T,T,3
1963-12-15,16,-0,0.00,0.0,3
1963-12-16,17,-7,0.00,0.0,2
1963-12-17,20,-13,0.00,0.0,1
1963-12-18,12,-7,0.04,T,1
1963-12-19,16,-8,T,T,2
1963-12-20,15,-9,T,T,2
1963-12-21,9,-15,0.00,0.0,2
1963-12-22,25,-4,T,T,2
1963-12-23,15,-7,0.05,1.0,2
1963-12-24,29,11,0.14,2.0,5
1963-12-25,30,20,0.01,0.1,5
1963-12-26,20,8,0.09,1.0,4
1963-12-27,9,-2,0.15,1.5,5
1963-12-28,20,-14,0.00,0.0,6
1963-12-29,30,-1,T,T,6
1963-12-30,14,-17,0.00,0.0,6
1963-12-31,16,-23,0.00,0.0,5
1964-01-01,13,-19,0.31,3.0,5
1964-01-02,34,13,0.03,T,8
1964-01-03,43,30,0.00,0.0,7
1964-01-04,40,30,T,T,5
1964-01-05,32,3,T,T,6
1964-01-06,33,-1,0.08,1.0,5
1964-01-07,38,11,0.00,0.0,6
1964-01-08,29,-3,0.00,0.0,6
1964-01-09,34,-3,0.34,2.6,6
1964-01-10,37,22,0.03,T,7
1964-01-11,22,-0,T,T,7
1964-01-12,9,-12,0.00,0.0,7
1964-01-13,6,-3,0.46,7.0,M
1964-01-14,14,-16,0.07,M,M
1964-01-15,25,-22,0.00,0.0,15
1964-01-16,31,-9,T,T,13
1964-01-17,30,1,T,T,12
1964-01-18,35,1,0.00,0.0,12
1964-01-19,40,6,0.00,0.0,12
1964-01-20,39,19,0.38,0.0,11
1964-01-21,41,29,1.14,T,7
1964-01-22,41,20,0.00,0.0,6
1964-01-23,36,12,0.00,0.0,5
1964-01-24,38,24,0.00,0.0,5
1964-01-25,47,29,1.01,0.0,4
1964-01-26,38,20,0.01,T,3
1964-01-27,33,16,T,T,2
1964-01-28,23,7,0.27,7.0,2
1964-01-29,28,-5,0.00,0.0,9
1964-01-30,30,10,T,T,6
1964-01-31,35,1,0.00,0.0,5
1964-02-01,36,30,0.12,T,4
1964-02-02,33,13,T,T,4
1964-02-03,19,-0,0.00,0.0,4
1964-02-04,36,-0,0.00,0.0,4
1964-02-05,39,22,0.01,T,4
1964-02-06,35,15,0.08,1.0,3
1964-02-07,38,32,0.20,2.0,5
1964-02-08,35,22,T,T,3
1964-02-09,24,-1,0.00,0.0,3
1964-02-10,22,-10,0.00,0.0,3
1964-02-11,31,-10,0.00,0.0,3
1964-02-12,36,-6,0.00,0.0,3
1964-02-13,31,7,T,T,2
1964-02-14,33,11,T,T,2
1964-02-15,35,1,0.00,0.0,2
1964-02-16,26,13,0.70,12.0,4
1964-02-17,26,-3,0.00,0.0,17
1964-02-18,32,-13,0.00,0.0,14
1964-02-19,28,7,0.13,2.5,12
1964-02-20,33,23,T,T,15
1964-02-21,25,9,T,T,15
1964-02-22,22,-3,T,T,13
1964-02-23,37,-10,0.00,0.0,13
1964-02-24,32,10,T,T,11
1964-02-25,31,-9,0.00,0.0,10
1964-02-26,32,14,0.02,T,10
1964-02-27,21,-6,0.06,1.0,10
1964-02-28,36,-17,0.00,0.0,10
1964-02-29,37,11,0.00,0.0,9
1964-03-01,47,20,0.00,0.0,7
1964-03-02,53,27,0.00,0.0,5
1964-03-03,58,23,0.00,0.0,4
1964-03-04,54,22,0.23,0.0,2
1964-03-05,57,35,1.03,0.0,1
1964-03-06,38,18,T,T,0
1964-03-07,50,15,0.00,0.0,0
1964-03-08,40,23,T,T,0
1964-03-09,37,32,0.29,T,0
1964-03-10,32,20,1.51,11.0,3
1964-03-11,32,16,0.07,0.7,14
1964-03-12,37,22,0.06,1.0,11
1964-03-13,40,15,0.00,0.0,10
1964-03-14,48,15,0.00,0.0,9
1964-03-15,45,34,0.00,0.0,5
1964-03-16,36,18,T,T,3
1964-03-17,41,11,T,T,1
1964-03-18,32,23,0.03,1.0,2
1964-03-19,32,20,0.00,0.0,1
1964-03-20,42,23,0.00,0.0,1
1964-03-21,39,19,0.00,0.0,0
1964-03-22,44,29,0.00,0.0,0
1964-03-23,41,22,0.00,0.0,0
1964-03-24,47,16,0.00,0.0,0
1964-03-25,45,32,0.11,0.0,0
1964-03-26,37,31,0.42,3.0,0
1964-03-27,35,27,T,T,3
1964-03-28,44,18,T,T,1
1964-03-29,46,27,0.44,6.0,8
1964-03-30,36,19,T,T,3
1964-03-31,29,9,0.00,0.0,1
1964-04-01,33,3,0.00,0.0,1
1964-04-02,40,9,T,T,T
1964-04-03,36,29,0.30,T,T
1964-04-04,32,15,T,T,T
1964-04-05,45,9,0.00,0.0,0
1964-04-06,47,18,0.17,0.0,0
1964-04-07,47,34,0.45,0.0,0
1964-04-08,51,36,T,0.0,0
1964-04-09,40,34,0.00,0.0,0
1964-04-10,56,25,0.03,0.0,0
1964-04-11,56,25,0.00,0.0,0
1964-04-12,65,22,0.00,0.0,0
1964-04-13,66,30,0.00,0.0,0
1964-04-14,57,47,0.73,0.0,0
1964-04-15,55,42,0.12,0.0,0
1964-04-16,54,29,0.00,0.0,0
1964-04-17,60,26,0.00,0.0,0
1964-04-18,69,35,0.00,0.0,0
1964-04-19,56,39,0.00,0.0,0
1964-04-20,41,35,0.02,T,0
1964-04-21,55,34,0.00,0.0,0
1964-04-22,40,34,0.67,0.0,0
1964-04-23,56,38,T,0.0,0
1964-04-24,47,40,0.05,0.0,0
1964-04-25,50,32,T,0.0,0
1964-04-26,67,30,0.00,0.0,0
1964-04-27,77,32,0.00,0.0,0
1964-04-28,65,40,0.00,0.0,0
1964-04-29,59,35,0.00,0.0,0
1964-04-30,68,28,0.00,0.0,0
1964-05-01,65,30,0.00,0.0,0
1964-05-02,68,29,0.00,0.0,0
1964-05-03,73,27,0.00,0.0,0
1964-05-04,77,31,0.00,0.0,0
1964-05-05,75,40,0.00,0.0,0
1964-05-06,78,37,0.00,0.0,0
1964-05-07,87,42,0.00,0.0,0
1964-05-08,82,52,0.02,0.0,0
1964-05-09,84,58,0.26,0.0,0
1964-05-10,63,55,0.00,0.0,0
1964-05-11,68,44,0.00,0.0,0
1964-05-12,77,37,0.00,0.0,0
1964-05-13,73,49,0.27,0.0,0
1964-05-14,54,47,1.09,0.0,0
1964-05-15,69,44,T,0.0,0
1964-05-16,78,44,0.06,0.0,0
1964-05-17,72,45,0.03,0.0,0
1964-05-18,70,41,0.00,0.0,0
1964-05-19,73,38,0.18,0.0,0
1964-05-20,70,39,0.02,0.0,0
1964-05-21,65,31,0.00,0.0,0
1964-05-22,79,41,0.00,0.0,0
1964-05-23,91,58,0.00,0.0,0
1964-05-24,90,60,0.00,0.0,0
1964-05-25,74,51,0.02,0.0,0
1964-05-26,75,38,0.01,0.0,0
1964-05-27,72,50,0.02,0.0,0
1964-05-28,54,44,T,0.0,0
1964-05-29,59,34,0.00,0.0,0
1964-05-30,66,35,0.00,0.0,0
1964-05-31,68,35,0.00,0.0,0
1964-06-01,68,41,T,0.0,0
1964-06-02,69,40,0.00,0.0,0
1964-06-03,69,35,0.03,0.0,0
1964-06-04,60,47,0.11,0.0,0
1964-06-05,64,35,0.00,0.0,0
1964-06-06,75,32,0.00,0.0,0
1964-06-07,78,53,T,0.0,0
1964-06-08,74,53,T,0.0,0
1964-06-09,81,52,0.00,0.0,0
1964-06-10,82,55,T,0.0,0
1964-06-11,74,43,0.00,0.0,0
1964-06-12,82,44,0.00,0.0,0
1964-06-13,69,46,T,0.0,0
1964-06-14,75,49,0.00,0.0,0
1964-06-15,70,45,0.14,0.0,0
1964-06-16,62,46,T,0.0,0
1964-06-17,70,46,0.00,0.0,0
1964-06-18,77,39,0.00,0.0,0
1964-06-19,86,46,0.00,0.0,0
1964-06-20,93,64,0.00,0.0,0
1964-06-21,90,60,T,0.0,0
1964-06-22,87,52,0.00,0.0,0
1964-06-23,86,48,0.00,0.0,0
1964-06-24,81,63,0.55,0.0,0
1964-06-25,75,49,0.00,0.0,0
1964-06-26,84,44,0.03,0.0,0
1964-06-27,77,49,0.30,0.0,0
1964-06-28,77,42,0.00,0.0,0
1964-06-29,82,42,T,0.0,0
1964-06-30,94,62,0.03,0.0,0
1964-07-01,92,61,0.42,0.0,0
1964-07-02,84,64,0.70,0.0,0
1964-07-03,82,63,0.01,0.0,0
1964-07-04,81,62,T,0.0,0
1964-07-05,73,54,0.00,0.0,0
1964-07-06,73,53,0.35,0.0,0
1964-07-07,82,52,0.02,0.0,0
1964-07-08,84,52,0.00,0.0,0
1964-07-09,74,57,T,0.0,0
1964-07-10,75,55,0.00,0.0,0
1964-07-11,86,52,0.00,0.0,0
1964-07-12,80,63,0.00,0.0,0
1964-07-13,68,62,0.34,0.0,0
1964-07-14,76,61,0.24,0.0,0
1964-07-15,81,58,0.00,0.0,0
1964-07-16,82,51,0.00,0.0,0
1964-07-17,87,56,0.00,0.0,0
1964-07-18,90,58,0.00,0.0,0
1964-07-19,88,66,0.00,0.0,0
1964-07-20,80,56,0.00,0.0,0
1964-07-21,87,64,0.52,0.0,0
1964-07-22,89,65,T,0.0,0
1964-07-23,84,63,0.00,0.0,0
1964-07-24,72,61,0.00,0.0,0
1964-07-25,68,55,T,0.0,0
1964-07-26,79,53,0.00,0.0,0
1964-07-27,88,60,0.00,0.0,0
1964-07-28,95,56,0.00,0.0,0
1964-07-29,91,58,T,0.0,0
1964-07-30,75,47,0.00,0.0,0
1964-07-31,73,41,0.00,0.0,0
1964-08-01,76,38,0.00,0.0,0
1964-08-02,70,48,0.00,0.0,0
1964-08-03,74,44,0.00,0.0,0
1964-08-04,81,41,0.00,0.0,0
1964-08-05,71,49,0.08,0.0,0
1964-08-06,71,43,0.00,0.0,0
1964-08-07,81,41,0.00,0.0,0
1964-08-08,82,54,0.06,0.0,0
1964-08-09,62,43,0.00,0.0,0
1964-08-10,73,40,0.00,0.0,0
1964-08-11,76,50,0.00,0.0,0
1964-08-12,80,62,0.45,0.0,0
1964-08-13,67,47,0.00,0.0,0
1964-08-14,65,40,0.03,0.0,0
1964-08-15,66,41,T,0.0,0
1964-08-16,78,42,0.00,0.0,0
1964-08-17,78,55,T,0.0,0
1964-08-18,72,51,0.00,0.0,0
1964-08-19,70,45,0.00,0.0,0
1964-08-20,69,39,0.02,0.0,0
1964-08-21,72,42,0.00,0.0,0
1964-08-22,57,51,1.61,0.0,0
1964-08-23,60,55,1.29,0.0,0
1964-08-24,75,52,T,0.0,0
1964-08-25,82,49,0.00,0.0,0
1964-08-26,70,52,0.38,0.0,0
1964-08-27,76,49,0.00,0.0,0
1964-08-28,77,47,0.00,0.0,0
1964-08-29,85,50,0.00,0.0,0
1964-08-30,87,60,0.00,0.0,0
1964-08-31,79,60,0.06,0.0,0
1964-09-01,71,45,0.00,0.0,0
1964-09-02,70,40,0.00,0.0,0
1964-09-03,71,39,0.00,0.0,0
1964-09-04,72,55,0.28,0.0,0
1964-09-05,71,51,0.04,0.0,0
1964-09-06,71,48,0.00,0.0,0
1964-09-07,75,48,0.00,0.0,0
1964-09-08,82,45,T,0.0,0
1964-09-09,79,62,T,0.0,0
1964-09-10,70,61,0.12,0.0,0
1964-09-11,84,58,T,0.0,0
1964-09-12,60,41,0.00,0.0,0
1964-09-13,63,33,0.00,0.0,0
1964-09-14,67,38,0.00,0.0,0
1964-09-15,58,31,0.00,0.0,0
1964-09-16,62,30,0.00,0.0,0
1964-09-17,64,35,T,0.0,0
1964-09-18,69,40,0.00,0.0,0
1964-09-19,66,34,0.00,0.0,0
1964-09-20,66,32,0.00,0.0,0
1964-09-21,71,35,0.00,0.0,0
1964-09-22,70,36,0.00,0.0,0
1964-09-23,74,56,0.01,0.0,0
1964-09-24,74,54,0.00,0.0,0
1964-09-25,59,36,0.05,0.0,0
1964-09-26,69,36,0.00,0.0,0
1964-09-27,71,44,0.03,0.0,0
1964-09-28,56,32,0.00,0.0,0
1964-09-29,49,33,T,0.0,0
1964-09-30,62,35,0.00,0.0,0
1964-10-01,62,32,0.00,0.0,0
1964-10-02,61,38,T,0.0,0
1964-10-03,67,37,0.13,0.0,0
1964-10-04,72,32,0.00,0.0,0
1964-10-05,52,25,0.00,0.0,0
1964-10-06,57,20,0.00,0.0,0
1964-10-07,50,20,0.00,0.0,0
1964-10-08,56,13,0.00,0.0,0
1964-10-09,60,34,0.00,0.0,0
1964-10-10,50,35,T,T,0
1964-10-11,47,22,T,T,0
1964-10-12,61,16,0.00,0.0,0
1964-10-13,53,42,0.04,0.0,0
1964-10-14,56,31,0.00,0.0,0
1964-10-15,76,27,0.00,0.0,0
1964-10-16,78,33,0.00,0.0,0
1964-10-17,69,35,T,0.0,0
1964-10-18,70,45,0.07,0.0,0
1964-10-19,47,38,0.20,0.0,0
1964-10-20,50,33,0.18,0.0,0
1964-10-21,50,33,0.51,T,0
1964-10-22,53,29,0.00,0.0,0
1964-10-23,41,28,0.00,0.0,0
1964-10-24,44,21,0.00,0.0,0
1964-10-25,57,25,0.00,0.0,0
1964-10-26,64,29,0.00,0.0,0
1964-10-27,72,33,0.00,0.0,0
1964-10-28,67,39,0.00,0.0,0
1964-10-29,62,44,0.07,0.0,0
1964-10-30,52,30,0.02,0.0,0
1964-10-31,45,22,0.00,0.0,0
1964-11-01,58,17,0.00,0.0,0
1964-11-02,56,24,0.00,0.0,0
1964-11-03,55,21,0.00,0.0,0
1964-11-04,55,21,0.00,0.0,0
1964-11-05,37,22,0.47,0.0,0
1964-11-06,48,37,0.04,0.0,0
1964-11-07,49,28,0.00,0.0,0
1964-11-08,56,27,0.00,0.0,0
1964-11-09,56,24,0.00,0.0,0
1964-11-10,40,32,0.08,0.0,0
1964-11-11,37,35,0.41,0.0,0
1964-11-12,50,37,T,0.0,0
1964-11-13,62,36,0.00,0.0,0
1964-11-14,46,22,T,0.0,0
1964-11-15,41,18,0.00,0.0,0
1964-11-16,39,29,0.19,T,0
1964-11-17,40,30,T,T,0
1964-11-18,41,19,0.01,T,0
1964-11-19,38,14,0.53,T,0
1964-11-20,47,20,0.11,0.0,0
1964-11-21,40,19,0.01,0.1,0
1964-11-22,30,20,0.01,0.1,0
1964-11-23,36,8,T,T,0
1964-11-24,38,24,0.00,0.0,0
1964-11-25,M,26,0.01,0.0,0
1964-11-26,58,M,0.71,0.0,0
1964-11-27,47,19,0.00,0.0,0
1964-11-28,36,14,0.22,T,0
1964-11-29,43,29,0.26,0.0,0
1964-11-30,29,21,T,T,0
1964-12-01,21,14,T,T,0
1964-12-02,28,9,T,T,0
1964-12-03,27,16,0.28,3.0,2
1964-12-04,29,24,1.13,2.0,4
1964-12-05,27,24,0.10,1.0,6
1964-12-06,25,11,0.23,2.3,8
1964-12-07,24,-7,T,T,9
1964-12-08,16,-9,T,T,8
1964-12-09,28,-0,0.02,T,8
1964-12-10,24,-8,0.00,0.0,8
1964-12-11,32,2,T,0.0,8
1964-12-12,39,32,0.03,0.0,7
1964-12-13,40,30,T,0.0,6
1964-12-14,40,29,T,0.0,5
1964-12-15,30,9,T,T,5
1964-12-16,24,-4,0.00,0.0,4
1964-12-17,37,13,0.02,T,4
1964-12-18,34,2,0.01,T,4
1964-12-19,27,-5,0.00,0.0,4
1964-12-20,25,17,0.02,0.4,4
1964-12-21,32,11,0.00,0.0,4
1964-12-22,26,15,0.06,0.7,4
1964-12-23,37,24,T,0.0,5
1964-12-24,41,34,0.01,0.0,4
1964-12-25,54,40,T,0.0,3
1964-12-26,53,41,0.26,0.0,1
1964-12-27,48,27,0.65,4.0,0
1964-12-28,27,19,0.37,4.0,9
1964-12-29,23,10,0.00,0.0,8
1964-12-30,30,19,T,0.0,7
1964-12-31,35,18,0.02,T,7
1965-01-01,23,-4,0.00,0.0,6
1965-01-02,10,-8,0.16,3.0,6
1965-01-03,26,10,0.00,0.0,9
1965-01-04,32,3,0.00,0.0,9
1965-01-05,26,-2,T,T,9
1965-01-06,35,9,T,T,6
1965-01-07,26,-6,0.04,0.5,6
1965-01-08,32,17,0.05,T,7
1965-01-09,44,25,0.03,0.0,6
1965-01-10,25,17,0.00,0.0,4
1965-01-11,30,3,0.00,0.0,3
1965-01-12,38,10,0.00,0.0,3
1965-01-13,36,19,0.01,T,3
1965-01-14,31,-13,0.02,0.5,3
1965-01-15,-1,-21,0.00,0.0,3
1965-01-16,2,-8,0.14,1.1,3
1965-01-17,11,-13,0.02,0.8,5
1965-01-18,16,-12,0.00,0.0,5
1965-01-19,19,-12,T,T,5
1965-01-20,27,15,0.13,2.3,6
1965-01-21,29,7,0.00,0.0,7
1965-01-22,41,2,T,T,7
1965-01-23,17,7,0.00,0.0,5
1965-01-24,20,10,0.45,5.3,7
1965-01-25,36,11,T,T,10
1965-01-26,32,9,0.16,2.0,7
1965-01-27,36,20,0.05,0.5,10
1965-01-28,29,1,0.03,0.2,9
1965-01-29,13,1,T,T,9
1965-01-30,19,-9,0.00,0.0,9
1965-01-31,27,-9,0.00,0.0,9
1965-02-01,22,-12,0.01,T,9
1965-02-02,24,10,T,T,9
1965-02-03,19,-5,0.00,0.0,8
1965-02-04,15,-12,0.00,0.0,8
1965-02-05,15,-13,0.04,1.9,7
1965-02-06,29,12,0.01,T,9
1965-02-07,37,27,0.38,T,9
1965-02-08,45,35,0.28,0.0,6
1965-02-09,37,18,0.00,0.0,4
1965-02-10,24,15,0.36,T,4
1965-02-11,43,19,T,0.0,4
1965-02-12,35,22,0.12,0.0,3
1965-02-13,36,10,T,0.0,3
1965-02-14,17,1,0.00,0.0,3
1965-02-15,37,-1,0.00,0.0,3
1965-02-16,42,15,0.00,0.0,3
1965-02-17,31,8,0.00,0.0,2
1965-02-18,36,16,0.01,0.1,2
1965-02-19,22,3,0.00,0.0,2
1965-02-20,18,-4,0.00,0.0,2
1965-02-21,22,4,0.03,T,2
1965-02-22,24,9,0.10,1.7,4
1965-02-23,21,3,0.00,0.0,3
1965-02-24,31,-4,0.00,0.0,3
1965-02-25,43,22,0.22,0.4,3
1965-02-26,42,12,0.00,0.0,3
1965-02-27,27,8,0.00,0.0,3
1965-02-28,31,9,T,T,3
1965-03-01,35,11,0.00,0.0,3
1965-03-02,45,16,0.00,0.0,2
1965-03-03,50,27,0.00,0.0,1
1965-03-04,55,24,0.00,0.0,0
1965-03-05,44,23,T,0.0,0
1965-03-06,40,33,0.02,T,0
1965-03-07,46,33,0.00,0.0,0
1965-03-08,48,25,0.00,0.0,0
1965-03-09,46,20,0.00,0.0,0
1965-03-10,41,26,T,T,0
1965-03-11,34,17,T,T,0
1965-03-12,34,12,0.00,0.0,0
1965-03-13,39,11,0.00,0.0,0
1965-03-14,37,20,T,T,0
1965-03-15,39,18,0.00,0.0,0
1965-03-16,39,13,T,T,0
1965-03-17,40,17,0.00,0.0,T
1965-03-18,35,29,0.01,T,T
1965-03-19,42,23,0.01,T,T
1965-03-20,26,18,0.01,T,0
1965-03-21,25,11,T,T,T
1965-03-22,29,13,T,T,T
1965-03-23,33,25,0.06,2.1,2
1965-03-24,35,17,T,T,T
1965-03-25,41,12,0.00,0.0,0
1965-03-26,35,30,0.06,1.0,0
1965-03-27,35,18,T,T,T
1965-03-28,42,12,0.00,0.0,0
1965-03-29,25,16,0.23,3.2,0
1965-03-30,31,20,T,T,3
1965-03-31,31,15,0.00,0.0,2
1965-04-01,42,4,0.00,0.0,1
1965-04-02,44,20,0.00,0.0,T
1965-04-03,40,24,0.00,0.0,0
1965-04-04,48,23,0.00,0.0,0
1965-04-05,55,19,0.00,0.0,0
1965-04-06,58,21,0.00,0.0,0
1965-04-07,43,26,0.01,T,0
1965-04-08,46,34,T,0.0,0
1965-04-09,49,32,0.00,0.0,0
1965-04-10,54,28,0.00,0.0,0
1965-04-11,57,21,0.00,0.0,0
1965-04-12,45,36,0.65,0.0,0
1965-04-13,42,35,0.15,0.0,0
1965-04-14,56,26,0.00,0.0,0
1965-04-15,57,25,0.11,0.0,0
1965-04-16,53,36,0.22,0.0,0
1965-04-17,47,32,0.35,4.0,0
1965-04-18,45,28,0.07,0.7,5
1965-04-19,54,32,T,T,0
1965-04-20,61,27,0.00,0.0,0
1965-04-21,60,30,T,0.0,0
1965-04-22,55,29,0.01,0.0,0
1965-04-23,48,24,T,0.0,0
1965-04-24,47,25,T,T,T
1965-04-25,60,19,0.00,0.0,0
1965-04-26,43,33,0.25,T,T
1965-04-27,47,39,0.02,0.0,0
1965-04-28,62,32,0.00,0.0,0
1965-04-29,66,25,0.00,0.0,0
1965-04-30,73,31,0.00,0.0,0
1965-05-01,68,32,0.00,0.0,0
1965-05-02,69,32,0.00,0.0,0
1965-05-03,76,30,0.00,0.0,0
1965-05-04,69,36,0.00,0.0,0
1965-05-05,66,28,0.00,0.0,0
1965-05-06,72,31,0.00,0.0,0
1965-05-07,55,37,0.00,0.0,0
1965-05-08,69,45,T,0.0,0
1965-05-09,83,48,0.00,0.0,0
1965-05-10,86,55,0.00,0.0,0
1965-05-11,78,55,0.03,0.0,0
1965-05-12,78,40,0.00,0.0,0
1965-05-13,62,36,T,0.0,0
1965-05-14,68,29,0.00,0.0,0
1965-05-15,79,31,0.00,0.0,0
1965-05-16,81,45,0.30,0.0,0
1965-05-17,72,56,0.13,0.0,0
1965-05-18,68,53,0.00,0.0,0
1965-05-19,63,45,0.00,0.0,0
1965-05-20,75,39,0.00,0.0,0
1965-05-21,72,33,0.00,0.0,0
1965-05-22,76,48,0.13,0.0,0
1965-05-23,63,35,0.00,0.0,0
1965-05-24,72,30,0.00,0.0,0
1965-05-25,78,34,0.00,0.0,0
1965-05-26,88,57,0.00,0.0,0
1965-05-27,80,53,0.50,0.0,0
1965-05-28,77,47,0.00,0.0,0
1965-05-29,65,46,0.00,0.0,0
1965-05-30,63,35,0.00,0.0,0
1965-05-31,64,39,T,0.0,0
1965-06-01,68,38,0.01,0.0,0
1965-06-02,56,49,0.30,0.0,0
1965-06-03,63,37,0.00,0.0,0
1965-06-04,74,36,0.00,0.0,0
1965-06-05,80,45,0.00,0.0,0
1965-06-06,86,42,0.00,0.0,0
1965-06-07,90,55,0.04,0.0,0
1965-06-08,86,63,0.00,0.0,0
1965-06-09,85,60,0.33,0.0,0
1965-06-10,79,47,0.14,0.0,0
1965-06-11,74,42,0.00,0.0,0
1965-06-12,79,41,0.05,0.0,0
1965-06-13,58,46,0.09,0.0,0
1965-06-14,54,47,0.39,0.0,0
1965-06-15,61,44,0.00,0.0,0
1965-06-16,73,44,0.00,0.0,0
1965-06-17,72,41,0.00,0.0,0
1965-06-18,70,48,0.04,0.0,0
1965-06-19,78,45,0.03,0.0,0
1965-06-20,88,48,0.00,0.0,0
1965-06-21,89,58,0.00,0.0,0
1965-06-22,85,53,0.00,0.0,0
1965-06-23,87,48,0.24,0.0,0
1965-06-24,75,55,0.01,0.0,0
1965-06-25,70,42,0.00,0.0,0
1965-06-26,78,37,0.00,0.0,0
1965-06-27,83,42,0.00,0.0,0
1965-06-28,90,53,0.00,0.0,0
1965-06-29,89,67,0.00,0.0,0
1965-06-30,71,48,T,0.0,0
1965-07-01,75,44,0.00,0.0,0
1965-07-02,82,42,0.00,0.0,0
1965-07-03,72,59,0.35,0.0,0
1965-07-04,80,52,0.00,0.0,0
1965-07-05,80,50,0.92,0.0,0
1965-07-06,67,43,T,0.0,0
1965-07-07,75,38,T,0.0,0
1965-07-08,82,55,0.21,0.0,0
1965-07-09,87,48,0.00,0.0,0
1965-07-10,82,55,T,0.0,0
1965-07-11,81,49,0.00,0.0,0
1965-07-12,80,47,0.00,0.0,0
1965-07-13,86,49,0.00,0.0,0
1965-07-14,89,67,0.09,0.0,0
1965-07-15,84,53,0.00,0.0,0
1965-07-16,85,47,0.00,0.0,0
1965-07-17,78,57,0.00,0.0,0
1965-07-18,76,63,0.15,0.0,0
1965-07-19,75,47,0.00,0.0,0
1965-07-20,70,41,0.00,0.0,0
1965-07-21,77,42,0.00,0.0,0
1965-07-22,81,45,0.09,0.0,0
1965-07-23,79,60,T,0.0,0
1965-07-24,86,63,0.00,0.0,0
1965-07-25,85,57,0.00,0.0,0
1965-07-26,79,52,0.00,0.0,0
1965-07-27,81,48,0.05,0.0,0
1965-07-28,74,50,0.00,0.0,0
1965-07-29,73,50,0.00,0.0,0
1965-07-30,79,44,0.00,0.0,0
1965-07-31,80,49,0.00,0.0,0
1965-08-01,79,48,T,0.0,0
1965-08-02,67,59,T,0.0,0
1965-08-03,73,53,0.00,0.0,0
1965-08-04,77,46,0.00,0.0,0
1965-08-05,85,44,0.00,0.0,0
1965-08-06,90,52,0.00,0.0,0
1965-08-07,93,62,0.03,0.0,0
1965-08-08,86,61,0.39,0.0,0
1965-08-09,77,69,0.12,0.0,0
1965-08-10,89,65,0.04,0.0,0
1965-08-11,79,53,0.12,0.0,0
1965-08-12,84,49,0.00,0.0,0
1965-08-13,86,62,T,0.0,0
1965-08-14,91,57,0.00,0.0,0
1965-08-15,95,64,0.00,0.0,0
1965-08-16,93,62,0.00,0.0,0
1965-08-17,90,60,0.00,0.0,0
1965-08-18,85,69,0.10,0.0,0
1965-08-19,79,63,0.37,0.0,0
1965-08-20,74,50,0.00,0.0,0
1965-08-21,75,44,0.00,0.0,0
1965-08-22,71,52,0.02,0.0,0
1965-08-23,74,45,0.03,0.0,0
1965-08-24,75,41,0.00,0.0,0
1965-08-25,80,44,0.00,0.0,0
1965-08-26,64,59,0.06,0.0,0
1965-08-27,83,62,0.02,0.0,0
1965-08-28,81,50,0.03,0.0,0
1965-08-29,64,37,0.02,0.0,0
1965-08-30,61,35,0.00,0.0,0
1965-08-31,58,30,T,0.0,0
1965-09-01,66,52,1.73,0.0,0
1965-09-02,72,45,0.01,0.0,0
1965-09-03,75,45,0.00,0.0,0
1965-09-04,76,44,0.00,0.0,0
1965-09-05,76,45,0.00,0.0,0
1965-09-06,78,43,0.00,0.0,0
1965-09-07,77,49,0.00,0.0,0
1965-09-08,72,49,0.03,0.0,0
1965-09-09,72,47,0.08,0.0,0
1965-09-10,85,60,0.24,0.0,0
1965-09-11,70,40,0.00,0.0,0
1965-09-12,64,36,0.00,0.0,0
1965-09-13,52,39,1.52,0.0,0
1965-09-14,61,47,T,0.0,0
1965-09-15,67,53,0.02,0.0,0
1965-09-16,69,47,0.00,0.0,0
1965-09-17,65,42,0.00,0.0,0
1965-09-18,70,53,0.08,0.0,0
1965-09-19,58,55,0.41,0.0,0
1965-09-20,84,58,0.00,0.0,0
1965-09-21,89,67,0.00,0.0,0
1965-09-22,90,65,0.00,0.0,0
1965-09-23,85,70,0.00,0.0,0
1965-09-24,70,57,1.02,0.0,0
1965-09-25,64,43,0.32,0.0,0
1965-09-26,69,37,0.00,0.0,0
1965-09-27,50,26,0.00,0.0,0
1965-09-28,57,24,0.01,0.0,0
1965-09-29,60,44,0.00,0.0,0
1965-09-30,60,31,0.00,0.0,0
1965-10-01,64,45,0.73,0.0,0
1965-10-02,59,34,T,0.0,0
1965-10-03,58,32,0.13,0.0,0
1965-10-04,38,34,T,T,0
1965-10-05,38,30,T,T,0
1965-10-06,49,18,0.00,0.0,0
1965-10-07,60,25,0.20,0.0,0
1965-10-08,65,45,0.37,0.0,0
1965-10-09,63,35,0.00,0.0,0
1965-10-10,64,40,0.00,0.0,0
1965-10-11,58,42,T,0.0,0
1965-10-12,59,42,0.24,0.0,0
1965-10-13,52,28,0.00,0.0,0
1965-10-14,60,29,T,0.0,0
1965-10-15,64,34,0.13,0.0,0
1965-10-16,55,30,0.00,0.0,0
1965-10-17,57,26,0.00,0.0,0
1965-10-18,68,24,0.00,0.0,0
1965-10-19,79,38,0.00,0.0,0
1965-10-20,77,50,0.00,0.0,0
1965-10-21,71,42,0.00,0.0,0
1965-10-22,53,44,0.05,0.0,0
1965-10-23,61,44,0.34,0.0,0
1965-10-24,50,38,0.03,0.0,0
1965-10-25,47,30,0.00,0.0,0
1965-10-26,58,30,T,0.0,0
1965-10-27,44,28,0.16,0.0,0
1965-10-28,41,25,0.09,1.0,1
1965-10-29,38,24,0.00,0.0,0
1965-10-30,54,24,0.00,0.0,0
1965-10-31,63,40,0.05,0.0,0
1965-11-01,43,25,0.01,M,0
1965-11-02,35,20,0.00,0.0,0
1965-11-03,50,20,0.00,0.0,0
1965-11-04,62,30,0.00,0.0,0
1965-11-05,39,19,0.00,0.0,0
1965-11-06,55,29,0.00,0.0,0
1965-11-07,44,35,0.20,0.0,0
1965-11-08,45,29,0.29,0.0,0
1965-11-09,48,19,0.09,0.0,0
1965-11-10,40,12,0.00,0.0,0
1965-11-11,41,16,0.00,0.0,0
1965-11-12,41,33,T,0.0,0
1965-11-13,46,40,0.24,0.0,0
1965-11-14,47,28,T,0.0,0
1965-11-15,35,20,T,T,0
1965-11-16,46,32,0.74,T,0
1965-11-17,47,26,0.72,0.4,0
1965-11-18,29,19,0.11,3.6,4
1965-11-19,35,16,0.02,T,3
1965-11-20,30,12,0.03,0.2,1
1965-11-21,36,28,0.04,0.7,2
1965-11-22,37,32,0.01,0.0,1
1965-11-23,39,33,0.00,0.0,T
1965-11-24,37,20,0.00,0.0,T
1965-11-25,40,17,T,T,0
1965-11-26,41,28,0.04,0.0,0
1965-11-27,39,28,0.80,0.7,T
1965-11-28,40,28,T,T,0
1965-11-29,34,17,0.02,0.6,T
1965-11-30,34,13,T,T,1
1965-12-01,37,9,0.00,0.0,T
1965-12-02,38,23,T,T,0
1965-12-03,42,29,0.09,0.0,0
1965-12-04,42,33,0.27,T,0
1965-12-05,36,28,0.00,0.0,0
1965-12-06,32,24,0.09,1.2,1
1965-12-07,28,9,T,T,1
1965-12-08,30,8,0.00,0.0,1
1965-12-09,35,12,0.00,0.0,T
1965-12-10,41,24,0.00,0.0,T
1965-12-11,28,19,T,T,0
1965-12-12,24,21,0.14,1.5,0
1965-12-13,33,24,0.19,2.0,2
1965-12-14,34,31,T,0.0,1
1965-12-15,34,31,0.08,T,1
1965-12-16,40,31,T,T,1
1965-12-17,35,28,0.02,T,1
1965-12-18,35,21,T,T,1
1965-12-19,30,3,0.02,T,1
1965-12-20,17,-4,0.00,0.0,1
1965-12-21,26,-6,T,T,1
1965-12-22,33,16,T,T,1
1965-12-23,37,18,T,T,0
1965-12-24,41,29,0.14,T,0
1965-12-25,37,27,0.41,1.0,0
1965-12-26,27,7,0.10,0.5,2
1965-12-27,15,-4,0.00,0.0,2
1965-12-28,31,3,0.00,0.0,1
1965-12-29,35,14,0.00,0.0,1
1965-12-30,39,18,0.00,0.0,1
1965-12-31,53,33,0.00,0.0,1
1966-01-01,56,33,T,0.0,0
1966-01-02,33,22,0.06,0.5,0
1966-01-03,36,23,0.20,2.4,2
1966-01-04,36,11,0.00,0.0,2
1966-01-05,39,6,0.00,0.0,2
1966-01-06,33,13,0.06,1.0,1
1966-01-07,34,21,T,T,1
1966-01-08,26,2,0.47,9.0,2
1966-01-09,16,-2,0.00,0.0,8
1966-01-10,33,4,0.00,0.0,8
1966-01-11,27,1,T,T,5
1966-01-12,11,-9,0.00,0.0,5
1966-01-13,15,-15,T,T,5
1966-01-14,30,4,T,T,4
1966-01-15,26,-2,T,T,4
1966-01-16,9,-17,0.00,0.0,4
1966-01-17,26,-8,T,T,3
1966-01-18,31,11,0.02,0.4,3
1966-01-19,27,16,0.21,3.9,4
1966-01-20,33,9,0.02,0.4,7
1966-01-21,34,15,T,T,7
1966-01-22,35,2,0.00,0.0,7
1966-01-23,30,17,0.59,8.0,7
1966-01-24,30,20,0.26,7.2,22
1966-01-25,27,-4,0.00,0.0,18
1966-01-26,20,-15,0.00,0.0,16
1966-01-27,25,1,0.02,0.4,13
1966-01-28,16,2,0.00,0.0,13
1966-01-29,26,-12,0.00,0.0,10
1966-01-30,31,11,0.59,10.8,13
1966-01-31,18,4,0.04,M,21
1966-02-01,28,-6,T,T,19
1966-02-02,37,-1,T,T,14
1966-02-03,37,21,T,T,12
1966-02-04,32,13,0.07,0.7,12
1966-02-05,30,2,0.07,1.2,14
1966-02-06,26,-2,T,T,14
1966-02-07,27,-15,0.00,0.0,13
1966-02-08,37,-15,0.00,0.0,13
1966-02-09,30,1,T,T,13
1966-02-10,46,13,0.00,0.0,13
1966-02-11,54,40,0.02,0.0,9
1966-02-12,45,24,0.00,0.0,7
1966-02-13,37,21,0.73,2.1,4
1966-02-14,41,30,0.01,0.0,5
1966-02-15,34,14,0.04,0.4,3
1966-02-16,30,10,0.18,3.6,3
1966-02-17,32,9,0.00,0.0,7
1966-02-18,25,9,T,0.1,4
1966-02-19,14,-5,0.01,0.1,4
1966-02-20,8,-22,T,0.4,4
1966-02-21,18,-5,T,T,4
1966-02-22,30,-4,T,T,4
1966-02-23,37,1,0.00,0.0,3
1966-02-24,37,3,0.00,0.0,3
1966-02-25,30,24,0.79,12.6,4
1966-02-26,39,18,0.01,0.9,16
1966-02-27,48,6,0.00,0.0,12
1966-02-28,41,15,0.09,0.0,9
1966-03-01,45,33,0.37,T,6
1966-03-02,43,33,T,T,4
1966-03-03,49,24,0.00,0.0,2
1966-03-04,44,21,0.16,0.0,2
1966-03-05,38,33,0.29,0.0,2
1966-03-06,38,30,0.27,2.3,2
1966-03-07,35,23,T,T,5
1966-03-08,33,12,0.00,0.0,2
1966-03-09,41,4,0.00,0.0,1
1966-03-10,49,9,T,0.0,1
1966-03-11,40,18,0.00,0.0,1
1966-03-12,29,12,0.10,0.6,1
1966-03-13,34,27,0.11,2.0,3
1966-03-14,46,11,0.00,0.0,2
1966-03-15,35,12,0.00,0.0,1
1966-03-16,41,4,0.00,0.0,1
1966-03-17,49,8,0.00,0.0,T
1966-03-18,64,31,0.00,0.0,T
1966-03-19,50,31,0.03,0.0,0
1966-03-20,47,31,0.01,0.0,0
1966-03-21,48,25,0.00,0.0,0
1966-03-22,44,22,0.06,0.0,0
1966-03-23,46,35,0.01,0.0,0
1966-03-24,42,37,0.22,0.0,0
1966-03-25,41,25,0.42,0.0,0
1966-03-26,42,21,0.00,0.0,0
1966-03-27,36,17,0.00,0.0,0
1966-03-28,27,11,0.00,0.0,0
1966-03-29,37,13,0.01,T,T
1966-03-30,40,23,0.04,T,0
1966-03-31,42,25,0.00,0.0,0
1966-04-01,42,20,T,T,0
1966-04-02,40,27,0.07,T,T
1966-04-03,45,24,0.00,0.0,0
1966-04-04,48,20,0.00,0.0,0
1966-04-05,47,25,0.00,0.0,0
1966-04-06,45,27,T,T,0
1966-04-07,49,25,0.14,0.0,0
1966-04-08,42,29,0.05,T,T
1966-04-09,44,28,0.01,0.1,T
1966-04-10,45,28,0.01,T,0
1966-04-11,45,27,0.00,0.0,0
1966-04-12,51,29,0.00,0.0,0
1966-04-13,47,22,0.00,0.0,0
1966-04-14,57,25,0.00,0.0,0
1966-04-15,59,22,0.00,0.0,0
1966-04-16,58,25,0.00,0.0,0
1966-04-17,62,30,0.00,0.0,0
1966-04-18,62,22,0.00,0.0,0
1966-04-19,62,25,0.00,0.0,0
1966-04-20,45,41,T,0.0,0
1966-04-21,57,36,T,0.0,0
1966-04-22,63,33,0.00,0.0,0
1966-04-23,65,27,T,0.0,0
1966-04-24,48,38,0.36,0.0,0
1966-04-25,65,35,0.00,0.0,0
1966-04-26,48,30,0.00,0.0,0
1966-04-27,47,24,0.00,0.0,0
1966-04-28,38,31,0.01,T,0
1966-04-29,59,29,0.00,0.0,0
1966-04-30,64,27,0.46,0.0,0
1966-05-01,65,41,0.16,0.0,0
1966-05-02,51,25,0.00,0.0,0
1966-05-03,60,20,0.08,0.0,0
1966-05-04,49,29,T,T,0
1966-05-05,62,23,0.04,0.0,0
1966-05-06,59,37,0.08,0.0,0
1966-05-07,46,28,0.00,0.0,0
1966-05-08,50,27,0.30,2.0,2
1966-05-09,41,32,0.69,1.8,0
1966-05-10,45,29,0.00,0.0,1
1966-05-11,53,26,0.00,0.0,0
1966-05-12,49,28,0.21,0.0,0
1966-05-13,49,31,0.17,0.0,0
1966-05-14,71,30,0.00,0.0,0
1966-05-15,75,35,0.00,0.0,0
1966-05-16,65,45,T,0.0,0
1966-05-17,62,46,0.02,0.0,0
1966-05-18,63,45,0.03,0.0,0
1966-05-19,61,52,0.19,0.0,0
1966-05-20,75,48,0.03,0.0,0
1966-05-21,70,45,0.00,0.0,0
1966-05-22,71,41,0.00,0.0,0
1966-05-23,82,35,0.00,0.0,0
1966-05-24,86,42,0.00,0.0,0
1966-05-25,78,49,0.00,0.0,0
1966-05-26,81,42,0.00,0.0,0
1966-05-27,84,42,0.00,0.0,0
1966-05-28,74,60,0.10,0.0,0
1966-05-29,71,44,0.00,0.0,0
1966-05-30,65,36,0.00,0.0,0
1966-05-31,65,32,0.00,0.0,0
1966-06-01,64,36,T,0.0,0
1966-06-02,70,40,0.00,0.0,0
1966-06-03,79,33,0.00,0.0,0
1966-06-04,85,58,T,0.0,0
1966-06-05,83,58,0.16,0.0,0
1966-06-06,86,60,T,0.0,0
1966-06-07,80,61,T,0.0,0
1966-06-08,74,53,0.20,0.0,0
1966-06-09,73,44,0.21,0.0,0
1966-06-10,54,46,0.93,0.0,0
1966-06-11,65,42,T,0.0,0
1966-06-12,75,38,0.00,0.0,0
1966-06-13,71,45,0.00,0.0,0
1966-06-14,84,62,0.58,0.0,0
1966-06-15,78,55,0.01,0.0,0
1966-06-16,63,51,0.13,0.0,0
1966-06-17,76,49,0.00,0.0,0
1966-06-18,78,45,0.00,0.0,0
1966-06-19,75,46,0.00,0.0,0
1966-06-20,84,49,0.00,0.0,0
1966-06-21,76,47,T,0.0,0
1966-06-22,81,40,0.00,0.0,0
1966-06-23,88,49,0.00,0.0,0
1966-06-24,88,63,0.00,0.0,0
1966-06-25,63,55,T,0.0,0
1966-06-26,83,55,0.00,0.0,0
1966-06-27,91,60,0.00,0.0,0
1966-06-28,87,55,0.00,0.0,0
1966-06-29,89,56,0.12,0.0,0
1966-06-30,79,54,0.00,0.0,0
1966-07-01,85,48,0.00,0.0,0
1966-07-02,92,53,0.00,0.0,0
1966-07-03,97,59,0.00,0.0,0
1966-07-04,82,55,0.08,0.0,0
1966-07-05,84,48,0.00,0.0,0
1966-07-06,71,59,1.10,0.0,0
1966-07-07,84,66,T,0.0,0
1966-07-08,81,54,0.04,0.0,0
1966-07-09,81,54,T,0.0,0
1966-07-10,85,55,0.31,0.0,0
1966-07-11,84,58,0.00,0.0,0
1966-07-12,84,58,0.06,0.0,0
1966-07-13,89,60,0.00,0.0,0
1966-07-14,77,50,0.00,0.0,0
1966-07-15,74,45,0.00,0.0,0
1966-07-16,79,42,0.00,0.0,0
1966-07-17,84,44,0.00,0.0,0
1966-07-18,82,56,T,0.0,0
1966-07-19,73,58,0.86,0.0,0
1966-07-20,70,46,0.10,0.0,0
1966-07-21,71,40,0.02,0.0,0
1966-07-22,80,50,0.00,0.0,0
1966-07-23,84,52,0.00,0.0,0
1966-07-24,86,60,0.00,0.0,0
1966-07-25,88,57,0.00,0.0,0
1966-07-26,81,52,0.22,0.0,0
1966-07-27,78,45,0.00,0.0,0
1966-07-28,68,54,0.22,0.0,0
1966-07-29,75,60,0.16,0.0,0
1966-07-30,77,50,0.00,0.0,0
1966-07-31,83,48,0.00,0.0,0
1966-08-01,86,44,0.00,0.0,0
1966-08-02,78,58,0.23,0.0,0
1966-08-03,72,48,0.02,0.0,0
1966-08-04,81,43,0.00,0.0,0
1966-08-05,86,50,0.00,0.0,0
1966-08-06,85,50,0.00,0.0,0
1966-08-07,90,56,0.00,0.0,0
1966-08-08,90,58,0.00,0.0,0
1966-08-09,86,54,0.00,0.0,0
1966-08-10,84,60,T,0.0,0
1966-08-11,88,57,0.82,0.0,0
1966-08-12,75,57,0.45,0.0,0
1966-08-13,73,48,0.00,0.0,0
1966-08-14,78,43,0.04,0.0,0
1966-08-15,67,58,0.05,0.0,0
1966-08-16,80,62,T,0.0,0
1966-08-17,75,63,0.01,0.0,0
1966-08-18,84,54,0.00,0.0,0
1966-08-19,84,56,0.00,0.0,0
1966-08-20,79,48,0.00,0.0,0
1966-08-21,79,46,0.00,0.0,0
1966-08-22,64,58,1.61,0.0,0
1966-08-23,69,55,1.19,0.0,0
1966-08-24,73,48,0.00,0.0,0
1966-08-25,75,50,0.06,0.0,0
1966-08-26,75,51,0.02,0.0,0
1966-08-27,80,50,0.13,0.0,0
1966-08-28,74,45,0.00,0.0,0
1966-08-29,81,44,0.00,0.0,0
1966-08-30,86,57,0.00,0.0,0
1966-08-31,81,57,0.00,0.0,0
1966-09-01,84,55,0.00,0.0,0
1966-09-02,86,50,0.16,0.0,0
1966-09-03,62,55,T,0.0,0
1966-09-04,56,49,1.64,0.0,0
1966-09-05,73,53,T,0.0,0
1966-09-06,72,45,0.02,0.0,0
1966-09-07,68,43,0.00,0.0,0
1966-09-08,74,46,0.00,0.0,0
1966-09-09,76,47,0.00,0.0,0
1966-09-10,79,48,0.00,0.0,0
1966-09-11,68,40,0.00,0.0,0
1966-09-12,70,38,0.00,0.0,0
1966-09-13,73,42,0.00,0.0,0
1966-09-14,61,51,0.11,0.0,0
1966-09-15,71,40,0.11,0.0,0
1966-09-16,64,36,0.00,0.0,0
1966-09-17,74,38,0.00,0.0,0
1966-09-18,75,47,0.00,0.0,0
1966-09-19,66,52,T,0.0,0
1966-09-20,61,35,0.00,0.0,0
1966-09-21,56,33,0.94,0.0,0
1966-09-22,64,51,0.25,0.0,0
1966-09-23,62,45,T,0.0,0
1966-09-24,55,40,0.00,0.0,0
1966-09-25,60,34,0.00,0.0,0
1966-09-26,59,30,0.00,0.0,0
1966-09-27,60,28,0.00,0.0,0
1966-09-28,64,39,0.00,0.0,0
1966-09-29,59,42,0.13,0.0,0
1966-09-30,60,46,0.02,0.0,0
1966-10-01,48,44,0.39,0.0,0
1966-10-02,56,32,0.00,0.0,0
1966-10-03,64,30,0.00,0.0,0
1966-10-04,67,34,0.15,0.0,0
1966-10-05,59,40,0.02,0.0,0
1966-10-06,52,35,0.00,0.0,0
1966-10-07,67,35,0.00,0.0,0
1966-10-08,77,35,0.00,0.0,0
1966-10-09,78,40,0.00,0.0,0
1966-10-10,61,33,0.06,0.0,0
1966-10-11,60,31,0.00,0.0,0
1966-10-12,48,27,0.02,0.0,0
1966-10-13,55,24,0.00,0.0,0
1966-10-14,65,33,0.00,0.0,0
1966-10-15,64,37,0.00,0.0,0
1966-10-16,62,50,0.02,0.0,0
1966-10-17,50,39,T,0.0,0
1966-10-18,48,35,T,0.0,0
1966-10-19,47,39,0.86,0.0,0
1966-10-20,46,37,0.63,0.0,0
1966-10-21,58,29,0.00,0.0,0
1966-10-22,65,28,0.00,0.0,0
1966-10-23,64,37,0.00,0.0,0
1966-10-24,62,32,0.00,0.0,0
1966-10-25,62,24,0.00,0.0,0
1966-10-26,57,20,0.00,0.0,0
1966-10-27,64,22,0.00,0.0,0
1966-10-28,70,26,0.00,0.0,0
1966-10-29,64,31,T,T,0
1966-10-30,39,19,T,T,0
1966-10-31,47,15,0.00,0.0,0
1966-11-01,64,39,0.00,0.0,0
1966-11-02,63,49,0.01,0.0,0
1966-11-03,66,37,0.96,0.0,0
1966-11-04,41,30,0.00,0.0,0
1966-11-05,47,25,0.01,0.0,0
1966-11-06,39,33,0.20,T,0
1966-11-07,45,33,0.02,0.0,0
1966-11-08,49,37,0.01,0.0,0
1966-11-09,55,49,T,0.0,0
1966-11-10,63,51,0.12,0.0,0
1966-11-11,62,40,0.15,0.0,0
1966-11-12,50,35,0.00,0.0,0
1966-11-13,40,19,0.00,0.0,0
1966-11-14,42,15,0.00,0.0,0
1966-11-15,37,18,0.00,0.0,0
1966-11-16,35,17,0.00,0.0,0
1966-11-17,56,32,0.02,0.0,0
1966-11-18,56,42,0.09,0.0,0
1966-11-19,50,18,T,T,0
1966-11-20,40,12,0.00,0.0,0
1966-11-21,41,9,0.00,0.0,0
1966-11-22,43,8,0.00,0.0,0
1966-11-23,46,9,0.00,0.0,0
1966-11-24,44,19,0.00,0.0,0
1966-11-25,54,32,0.05,0.0,0
1966-11-26,47,34,T,0.0,0
1966-11-27,45,33,0.00,0.0,0
1966-11-28,56,44,T,0.0,0
1966-11-29,51,30,0.20,T,0
1966-11-30,37,31,0.37,T,0
1966-12-01,40,32,T,T,0
1966-12-02,33,15,0.06,T,1
1966-12-03,20,3,T,T,1
1966-12-04,21,-1,0.00,0.0,0
1966-12-05,35,1,T,T,0
1966-12-06,38,23,T,T,T
1966-12-07,34,21,0.29,0.0,0
1966-12-08,43,33,0.20,0.0,0
1966-12-09,47,37,0.00,0.0,0
1966-12-10,62,42,0.00,0.0,0
1966-12-11,62,30,0.08,0.0,0
1966-12-12,33,15,0.00,0.0,0
1966-12-13,28,9,0.00,0.0,0
1966-12-14,32,26,0.21,2.1,1
1966-12-15,33,4,0.00,0.0,2
1966-12-16,32,4,0.00,0.0,2
1966-12-17,40,28,0.00,0.0,0
1966-12-18,46,25,T,T,1
1966-12-19,25,6,0.00,0.0,0
1966-12-20,26,3,T,T,0
1966-12-21,28,17,T,T,0
1966-12-22,32,18,T,T,0
1966-12-23,26,10,T,T,0
1966-12-24,24,4,0.43,5.6,0
1966-12-25,21,16,0.61,6.0,11
1966-12-26,26,1,0.00,0.0,11
1966-12-27,26,-5,0.00,0.0,11
1966-12-28,23,-3,0.00,0.0,9
1966-12-29,31,14,0.81,5.4,12
1966-12-30,28,4,0.00,0.0,14
1966-12-31,27,-6,0.00,0.0,13
1967-01-01,28,6,0.11,4.4,12
1967-01-02,38,11,0.01,T,13
1967-01-03,33,15,T,T,12
1967-01-04,34,30,0.07,1.6,11
1967-01-05,34,24,0.07,3.0,14
1967-01-06,24,-4,0.00,0.0,13
1967-01-07,22,-8,0.17,2.0,12
1967-01-08,33,21,T,0.0,12
1967-01-09,35,7,T,T,11
1967-01-10,27,7,0.00,0.0,12
1967-01-11,32,1,0.00,0.0,12
1967-01-12,28,6,0.10,2.0,12
1967-01-13,40,18,0.00,0.0,13
1967-01-14,35,15,0.03,0.0,12
1967-01-15,43,26,T,T,12
1967-01-16,28,2,T,T,10
1967-01-17,39,4,0.00,0.0,10
1967-01-18,28,-10,0.00,0.0,10
1967-01-19,16,-16,0.00,0.0,10
1967-01-20,32,-4,0.00,0.0,9
1967-01-21,46,7,0.00,0.0,9
1967-01-22,48,28,0.00,0.0,7
1967-01-23,44,28,0.03,0.0,5
1967-01-24,55,28,0.00,0.0,5
1967-01-25,40,31,0.00,0.0,4
1967-01-26,41,32,0.00,0.0,3
1967-01-27,35,25,0.14,T,3
1967-01-28,33,25,0.17,1.7,4
1967-01-29,26,11,T,T,5
1967-01-30,21,7,0.00,0.0,5
1967-01-31,28,-5,0.04,0.4,5
1967-02-01,36,16,0.02,T,4
1967-02-02,32,20,0.67,9.1,5
1967-02-03,20,-10,T,T,12
1967-02-04,28,-14,0.16,2.2,12
1967-02-05,42,17,T,T,13
1967-02-06,17,-8,0.00,0.0,11
1967-02-07,5,-8,0.13,2.3,10
1967-02-08,23,-22,0.00,0.0,12
1967-02-09,33,-5,0.00,0.0,12
1967-02-10,35,7,0.00,0.0,11
1967-02-11,40,14,0.02,T,9
1967-02-12,14,-17,0.00,0.0,8
1967-02-13,12,-27,0.00,0.0,8
1967-02-14,35,-15,0.01,T,8
1967-02-15,50,16,0.00,0.0,8
1967-02-16,43,7,0.11,T,8
1967-02-17,19,-2,0.00,0.0,6
1967-02-18,19,-3,0.00,0.0,5
1967-02-19,21,-6,T,T,5
1967-02-20,23,-3,0.22,6.8,5
1967-02-21,30,15,0.10,1.0,10
1967-02-22,34,-4,0.00,0.0,9
1967-02-23,30,21,0.71,10.4,8
1967-02-24,24,12,T,T,18
1967-02-25,12,-4,0.01,0.1,18
1967-02-26,24,-4,0.00,0.0,15
1967-02-27,34,-16,T,T,14
1967-02-28,38,19,0.03,0.3,12
1967-03-01,19,-6,T,T,11
1967-03-02,27,-13,0.00,0.0,11
1967-03-03,41,22,0.01,T,11
1967-03-04,35,12,0.03,T,9
1967-03-05,30,9,0.18,1.7,7
1967-03-06,32,24,0.05,0.5,10
1967-03-07,30,8,0.45,6.0,12
1967-03-08,34,-0,0.00,0.0,18
1967-03-09,38,4,T,T,17
1967-03-10,54,10,0.00,0.0,15
1967-03-11,62,28,0.00,0.0,12
1967-03-12,45,18,0.00,0.0,8
1967-03-13,38,12,0.00,0.0,7
1967-03-14,38,30,0.22,0.0,5
1967-03-15,31,25,0.11,2.2,4
1967-03-16,25,-0,0.11,3.9,10
1967-03-17,18,-7,0.00,0.0,7
1967-03-18,12,-14,0.00,0.0,7
1967-03-19,31,-18,0.00,0.0,7
1967-03-20,42,7,0.00,0.0,7
1967-03-21,35,6,T,T,6
1967-03-22,34,20,0.01,T,5
1967-03-23,37,19,T,T,4
1967-03-24,41,15,0.00,0.0,4
1967-03-25,45,18,0.00,0.0,4
1967-03-26,52,21,0.00,0.0,2
1967-03-27,47,26,0.07,0.0,1
1967-03-28,45,34,0.01,0.0,1
1967-03-29,49,28,0.05,0.0,T
1967-03-30,50,23,0.00,0.0,T
1967-03-31,59,32,0.00,0.0,T
1967-04-01,74,30,0.00,0.0,T
1967-04-02,72,38,T,0.0,0
1967-04-03,64,30,0.12,T,0
1967-04-04,43,19,0.00,0.0,0
1967-04-05,61,34,0.00,0.0,0
1967-04-06,37,31,0.63,0.1,0
1967-04-07,33,29,0.23,3.9,0
1967-04-08,47,27,T,T,4
1967-04-09,60,24,T,0.0,0
1967-04-10,50,29,0.27,0.0,0
1967-04-11,35,20,0.00,0.0,0
1967-04-12,40,20,0.00,0.0,0
1967-04-13,62,18,0.00,0.0,0
1967-04-14,68,26,0.00,0.0,0
1967-04-15,49,35,0.69,0.0,0
1967-04-16,38,34,0.24,0.0,0
1967-04-17,40,34,0.57,0.0,0
1967-04-18,36,33,0.42,T,0
1967-04-19,42,33,0.07,T,0
1967-04-20,50,30,0.00,0.0,0
1967-04-21,61,23,0.00,0.0,0
1967-04-22,50,41,0.22,0.0,0
1967-04-23,48,34,0.07,0.0,0
1967-04-24,44,29,0.09,0.0,0
1967-04-25,47,26,0.00,0.0,0
1967-04-26,58,21,0.00,0.0,0
1967-04-27,58,27,T,0.0,0
1967-04-28,59,30,0.00,0.0,0
1967-04-29,60,26,0.00,0.0,0
1967-04-30,69,25,0.00,0.0,0
1967-05-01,81,31,0.00,0.0,0
1967-05-02,66,38,0.03,0.0,0
1967-05-03,51,37,0.63,0.0,0
1967-05-04,60,27,0.02,0.0,0
1967-05-05,53,38,0.03,0.0,0
1967-05-06,57,28,0.00,0.0,0
1967-05-07,50,26,0.45,T,0
1967-05-08,48,32,0.17,T,T
1967-05-09,48,38,0.08,0.0,0
1967-05-10,50,32,0.13,0.0,0
1967-05-11,54,29,0.50,0.0,0
1967-05-12,54,40,0.03,0.0,0
1967-05-13,60,31,0.00,0.0,0
1967-05-14,66,28,0.00,0.0,0
1967-05-15,48,44,0.57,0.0,0
1967-05-16,51,34,T,0.0,0
1967-05-17,65,32,0.00,0.0,0
1967-05-18,61,37,0.03,0.0,0
1967-05-19,80,40,0.33,0.0,0
1967-05-20,65,43,0.04,0.0,0
1967-05-21,59,36,0.00,0.0,0
1967-05-22,62,34,0.03,0.0,0
1967-05-23,65,36,0.00,0.0,0
1967-05-24,65,32,0.00,0.0,0
1967-05-25,47,35,2.17,T,0
1967-05-26,47,37,0.37,0.0,0
1967-05-27,64,42,0.00,0.0,0
1967-05-28,66,40,0.00,0.0,0
1967-05-29,65,36,0.00,0.0,0
1967-05-30,64,30,0.00,0.0,0
1967-05-31,61,36,0.00,0.0,0
1967-06-01,80,33,0.00,0.0,0
1967-06-02,83,48,T,0.0,0
1967-06-03,85,46,0.00,0.0,0
1967-06-04,88,50,0.00,0.0,0
1967-06-05,88,50,0.00,0.0,0
1967-06-06,86,55,0.00,0.0,0
1967-06-07,85,57,0.00,0.0,0
1967-06-08,70,50,0.63,0.0,0
1967-06-09,86,50,0.02,0.0,0
1967-06-10,86,63,0.00,0.0,0
1967-06-11,88,61,0.00,0.0,0
1967-06-12,88,59,T,0.0,0
1967-06-13,65,56,0.02,0.0,0
1967-06-14,68,54,0.12,0.0,0
1967-06-15,81,55,0.02,0.0,0
1967-06-16,91,62,0.08,0.0,0
1967-06-17,88,66,0.06,0.0,0
1967-06-18,74,61,0.06,0.0,0
1967-06-19,73,50,0.00,0.0,0
1967-06-20,64,48,0.11,0.0,0
1967-06-21,75,55,0.26,0.0,0
1967-06-22,75,60,0.14,0.0,0
1967-06-23,82,62,0.52,0.0,0
1967-06-24,85,54,0.00,0.0,0
1967-06-25,85,60,0.03,0.0,0
1967-06-26,78,51,0.00,0.0,0
1967-06-27,84,47,0.00,0.0,0
1967-06-28,83,49,0.00,0.0,0
1967-06-29,77,49,0.00,0.0,0
1967-06-30,60,45,T,0.0,0
1967-07-01,85,57,0.00,0.0,0
1967-07-02,82,67,T,0.0,0
1967-07-03,80,54,0.47,0.0,0
1967-07-04,78,47,0.00,0.0,0
1967-07-05,70,53,0.71,0.0,0
1967-07-06,72,47,0.00,0.0,0
1967-07-07,80,46,0.00,0.0,0
1967-07-08,84,55,0.00,0.0,0
1967-07-09,79,65,T,0.0,0
1967-07-10,85,62,0.00,0.0,0
1967-07-11,80,59,0.00,0.0,0
1967-07-12,84,60,0.17,0.0,0
1967-07-13,80,56,0.00,0.0,0
1967-07-14,82,55,T,0.0,0
1967-07-15,76,63,T,0.0,0
1967-07-16,75,56,1.87,0.0,0
1967-07-17,81,54,T,0.0,0
1967-07-18,78,60,0.00,0.0,0
1967-07-19,80,60,0.00,0.0,0
1967-07-20,82,62,T,0.0,0
1967-07-21,85,60,0.00,0.0,0
1967-07-22,82,60,T,0.0,0
1967-07-23,83,57,0.12,0.0,0
1967-07-24,84,64,0.09,0.0,0
1967-07-25,85,63,T,0.0,0
1967-07-26,81,58,0.00,0.0,0
1967-07-27,84,52,0.00,0.0,0
1967-07-28,72,65,0.26,0.0,0
1967-07-29,83,65,0.00,0.0,0
1967-07-30,83,61,T,0.0,0
1967-07-31,84,59,T,0.0,0
1967-08-01,78,55,0.25,0.0,0
1967-08-02,80,53,0.00,0.0,0
1967-08-03,77,63,0.00,0.0,0
1967-08-04,80,69,0.02,0.0,0
1967-08-05,82,59,0.00,0.0,0
1967-08-06,75,58,0.00,0.0,0
1967-08-07,82,55,0.00,0.0,0
1967-08-08,79,50,T,0.0,0
1967-08-09,83,64,0.03,0.0,0
1967-08-10,83,56,T,0.0,0
1967-08-11,71,54,0.00,0.0,0
1967-08-12,76,53,0.00,0.0,0
1967-08-13,76,55,0.16,0.0,0
1967-08-14,79,56,0.02,0.0,0
1967-08-15,82,54,0.00,0.0,0
1967-08-16,86,53,0.00,0.0,0
1967-08-17,86,56,0.00,0.0,0
1967-08-18,86,59,0.34,0.0,0
1967-08-19,80,63,0.25,0.0,0
1967-08-20,79,60,0.18,0.0,0
1967-08-21,79,54,0.00,0.0,0
1967-08-22,80,53,0.00,0.0,0
1967-08-23,73,44,0.00,0.0,0
1967-08-24,76,47,0.00,0.0,0
1967-08-25,77,45,0.00,0.0,0
1967-08-26,70,55,0.02,0.0,0
1967-08-27,76,65,0.85,0.0,0
1967-08-28,80,58,0.65,0.0,0
1967-08-29,81,51,0.00,0.0,0
1967-08-30,83,55,T,0.0,0
1967-08-31,66,40,0.10,0.0,0
1967-09-01,69,40,0.00,0.0,0
1967-09-02,58,37,0.00,0.0,0
1967-09-03,67,42,T,0.0,0
1967-09-04,75,46,0.00,0.0,0
1967-09-05,79,49,0.00,0.0,0
1967-09-06,73,42,0.00,0.0,0
1967-09-07,74,38,0.00,0.0,0
1967-09-08,84,45,0.00,0.0,0
1967-09-09,79,55,T,0.0,0
1967-09-10,68,37,1.04,0.0,0
1967-09-11,67,34,0.00,0.0,0
1967-09-12,72,39,0.00,0.0,0
1967-09-13,76,41,0.00,0.0,0
1967-09-14,79,45,0.00,0.0,0
1967-09-15,75,43,0.00,0.0,0
1967-09-16,79,56,0.00,0.0,0
1967-09-17,83,52,0.00,0.0,0
1967-09-18,79,52,0.00,0.0,0
1967-09-19,77,46,0.00,0.0,0
1967-09-20,77,45,0.00,0.0,0
1967-09-21,72,50,0.01,0.0,0
1967-09-22,65,47,0.01,0.0,0
1967-09-23,53,41,0.00,0.0,0
1967-09-24,55,35,0.12,0.0,0
1967-09-25,55,32,0.03,0.0,0
1967-09-26,71,31,0.00,0.0,0
1967-09-27,77,49,0.00,0.0,0
1967-09-28,72,55,0.03,0.0,0
1967-09-29,72,65,0.24,0.0,0
1967-09-30,76,51,0.12,0.0,0
1967-10-01,57,44,T,0.0,0
1967-10-02,68,39,0.00,0.0,0
1967-10-03,85,39,0.00,0.0,0
1967-10-04,75,54,0.00,0.0,0
1967-10-05,71,45,0.03,0.0,0
1967-10-06,54,35,0.00,0.0,0
1967-10-07,51,26,0.00,0.0,0
1967-10-08,55,25,0.00,0.0,0
1967-10-09,64,51,0.08,0.0,0
1967-10-10,60,53,2.32,0.0,0
1967-10-11,60,44,T,0.0,0
1967-10-12,52,42,0.19,0.0,0
1967-10-13,54,36,0.00,0.0,0
1967-10-14,52,34,0.14,0.0,0
1967-10-15,67,43,0.00,0.0,0
1967-10-16,64,44,0.00,0.0,0
1967-10-17,72,55,0.00,0.0,0
1967-10-18,66,52,1.66,0.0,0
1967-10-19,62,37,0.03,0.0,0
1967-10-20,52,32,0.00,0.0,0
1967-10-21,55,32,T,0.0,0
1967-10-22,52,36,0.00,0.0,0
1967-10-23,59,27,0.00,0.0,0
1967-10-24,63,29,0.00,0.0,0
1967-10-25,58,45,0.14,0.0,0
1967-10-26,58,31,0.76,0.0,0
1967-10-27,53,29,T,0.0,0
1967-10-28,50,34,0.00,0.0,0
1967-10-29,43,29,0.00,0.0,0
1967-10-30,49,27,0.00,0.0,0
1967-10-31,52,24,0.00,0.0,0
1967-11-01,62,29,0.00,0.0,0
1967-11-02,53,39,0.18,0.0,0
1967-11-03,58,42,0.09,0.0,0
1967-11-04,50,37,0.30,0.0,0
1967-11-05,44,29,T,T,0
1967-11-06,40,23,0.00,0.0,0
1967-11-07,39,23,0.00,0.0,0
1967-11-08,38,19,0.00,0.0,0
1967-11-09,36,16,T,T,0
1967-11-10,43,21,0.00,0.0,0
1967-11-11,44,17,T,0.0,0
1967-11-12,56,38,0.09,0.0,0
1967-11-13,44,29,T,0.0,0
1967-11-14,34,26,T,T,0
1967-11-15,31,18,0.23,5.0,T
1967-11-16,29,8,T,T,5
1967-11-17,30,8,0.08,0.8,5
1967-11-18,36,28,0.02,0.0,4
1967-11-19,38,28,T,T,1
1967-11-20,30,14,T,T,1
1967-11-21,32,10,0.00,0.0,1
1967-11-22,32,17,0.10,T,1
1967-11-23,40,32,0.48,T,1
1967-11-24,40,25,0.01,T,M
1967-11-25,33,23,0.27,M,M
1967-11-26,43,23,0.06,0.0,4
1967-11-27,43,22,0.00,0.0,1
1967-11-28,30,21,T,T,1
1967-11-29,29,11,0.01,0.1,1
1967-11-30,25,6,0.00,0.0,1
1967-12-01,26,-0,0.00,0.0,1
1967-12-02,30,-1,0.00,0.0,1
1967-12-03,37,23,0.94,T,2
1967-12-04,32,20,0.00,0.0,1
1967-12-05,38,20,0.00,0.0,1
1967-12-06,34,12,0.00,0.0,0
1967-12-07,30,25,0.06,1.1,0
1967-12-08,33,28,0.34,0.2,2
1967-12-09,33,17,T,T,1
1967-12-10,28,17,T,T,1
1967-12-11,33,18,T,T,1
1967-12-12,45,33,1.02,0.0,1
1967-12-13,47,35,0.00,0.0,0
1967-12-14,38,29,T,T,0
1967-12-15,30,19,T,T,T
1967-12-16,25,14,T,T,T
1967-12-17,36,17,0.00,0.0,0
1967-12-18,35,19,0.04,T,T
1967-12-19,47,30,0.00,0.0,0
1967-12-20,45,24,0.00,0.0,0
1967-12-21,43,18,0.00,0.0,0
1967-12-22,49,34,0.02,0.0,0
1967-12-23,34,23,T,T,0
1967-12-24,24,13,T,T,0
1967-12-25,30,6,T,T,0
1967-12-26,35,6,0.14,T,T
1967-12-27,22,-1,0.00,0.0,0
1967-12-28,26,18,0.57,6.0,0
1967-12-29,27,3,0.79,8.0,14
1967-12-30,27,-6,T,T,11
1967-12-31,20,-8,0.07,1.0,12
1968-01-01,20,-18,0.03,T,12
1968-01-02,5,-24,T,T,11
1968-01-03,15,-0,0.10,2.0,10
1968-01-04,24,4,0.06,2.0,11
1968-01-05,18,-11,T,T,12
1968-01-06,23,-11,0.01,1.0,11
1968-01-07,18,-5,0.21,6.3,16
1968-01-08,-5,-14,0.00,0.0,16
1968-01-09,-0,-19,T,T,16
1968-01-10,8,-21,0.00,0.0,16
1968-01-11,6,-30,0.00,0.0,16
1968-01-12,10,-26,0.00,0.0,16
1968-01-13,19,-15,0.00,0.0,16
1968-01-14,16,-13,0.03,T,15
1968-01-15,34,12,0.03,T,12
1968-01-16,12,-12,0.00,0.0,11
1968-01-17,16,-17,0.00,0.0,11
1968-01-18,26,-5,0.00,0.0,11
1968-01-19,38,7,0.00,0.0,11
1968-01-20,40,27,0.00,0.0,11
1968-01-21,39,21,T,T,11
1968-01-22,32,5,0.00,0.0,11
1968-01-23,33,26,0.19,2.1,9
1968-01-24,26,5,T,T,11
1968-01-25,15,-7,T,T,11
1968-01-26,32,7,0.00,0.0,11
1968-01-27,37,-2,0.00,0.0,10
1968-01-28,31,22,0.11,2.0,M
1968-01-29,32,26,0.06,M,M
1968-01-30,35,31,0.28,1.4,15
1968-01-31,41,18,0.00,0.0,15
1968-02-01,34,13,T,0.0,15
1968-02-02,42,31,0.35,0.0,13
1968-02-03,40,24,0.21,0.0,10
1968-02-04,32,20,T,T,8
1968-02-05,25,14,T,T,8
1968-02-06,33,14,T,T,8
1968-02-07,30,13,0.00,0.0,8
1968-02-08,22,7,0.00,0.0,8
1968-02-09,32,-4,0.00,0.0,8
1968-02-10,17,6,0.24,4.0,8
1968-02-11,14,4,T,T,11
1968-02-12,20,-4,T,T,11
1968-02-13,6,-8,0.01,T,11
1968-02-14,27,-9,0.02,1.0,11
1968-02-15,27,-5,0.06,4.7,15
1968-02-16,22,-10,0.00,0.0,14
1968-02-17,29,7,0.01,1.0,13
1968-02-18,20,-0,0.02,0.6,13
1968-02-19,20,-5,T,T,14
1968-02-20,19,-12,T,T,14
1968-02-21,4,-18,0.00,0.0,14
1968-02-22,20,-13,0.04,T,14
1968-02-23,21,8,0.01,0.1,14
1968-02-24,29,-12,0.00,0.0,13
1968-02-25,33,-8,0.00,0.0,13
1968-02-26,35,-7,0.00,0.0,12
1968-02-27,36,-1,0.00,0.0,11
1968-02-28,43,8,0.00,0.0,10
1968-02-29,36,30,0.16,2.0,12
1968-03-01,33,29,0.19,1.8,14
1968-03-02,35,18,T,T,15
1968-03-03,18,5,T,T,14
1968-03-04,38,2,0.00,0.0,12
1968-03-05,38,18,T,T,9
1968-03-06,36,3,0.00,0.0,8
1968-03-07,30,-6,0.00,0.0,5
1968-03-08,47,3,0.00,0.0,5
1968-03-09,53,22,0.00,0.0,5
1968-03-10,47,27,0.00,0.0,4
1968-03-11,39,20,0.00,0.0,4
1968-03-12,31,13,0.35,4.2,2
1968-03-13,33,22,0.08,0.2,6
1968-03-14,32,7,0.00,0.0,5
1968-03-15,41,2,0.00,0.0,4
1968-03-16,50,33,T,0.0,3
1968-03-17,45,38,0.72,0.0,T
1968-03-18,42,36,0.58,0.0,T
1968-03-19,52,38,0.02,0.0,T
1968-03-20,49,37,0.00,0.0,T
1968-03-21,56,35,0.15,0.0,T
1968-03-22,44,35,0.27,0.0,T
1968-03-23,44,34,0.80,0.0,T
1968-03-24,34,25,0.01,0.1,T
1968-03-25,41,22,0.00,0.0,T
1968-03-26,53,20,0.00,0.0,0
1968-03-27,62,30,T,0.0,0
1968-03-28,64,26,T,0.0,0
1968-03-29,67,32,T,0.0,0
1968-03-30,54,28,0.00,0.0,0
1968-03-31,71,23,0.00,0.0,0
1968-04-01,53,34,0.24,0.0,0
1968-04-02,53,30,0.00,0.0,0
1968-04-03,60,24,0.00,0.0,0
1968-04-04,64,34,0.12,0.0,0
1968-04-05,60,25,T,0.0,0
1968-04-06,48,20,0.00,0.0,0
1968-04-07,62,19,0.00,0.0,0
1968-04-08,57,28,0.05,0.0,0
1968-04-09,58,42,0.00,0.0,0
1968-04-10,58,30,T,0.0,0
1968-04-11,54,30,0.14,1.0,1
1968-04-12,70,25,0.00,0.0,0
1968-04-13,81,33,0.00,0.0,0
1968-04-14,78,36,0.00,0.0,0
1968-04-15,53,30,0.25,0.0,0
1968-04-16,62,32,0.00,0.0,0
1968-04-17,73,26,0.00,0.0,0
1968-04-18,72,28,0.00,0.0,0
1968-04-19,76,33,0.00,0.0,0
1968-04-20,64,35,0.00,0.0,0
1968-04-21,68,47,0.01,0.0,0
1968-04-22,58,46,0.04,0.0,0
1968-04-23,60,35,0.00,0.0,0
1968-04-24,55,38,1.16,0.0,0
1968-04-25,55,42,0.40,0.0,0
1968-04-26,52,40,0.00,0.0,0
1968-04-27,48,34,0.07,0.0,0
1968-04-28,57,28,0.00,0.0,0
1968-04-29,62,25,0.00,0.0,0
1968-04-30,65,32,0.13,0.0,0
1968-05-01,60,38,0.00,0.0,0
1968-05-02,59,34,0.00,0.0,0
1968-05-03,66,35,0.24,0.0,0
1968-05-04,57,43,0.29,0.0,0
1968-05-05,58,38,0.00,0.0,0
1968-05-06,55,30,0.00,0.0,0
1968-05-07,54,25,0.00,0.0,0
1968-05-08,71,25,0.00,0.0,0
1968-05-09,72,45,0.02,0.0,0
1968-05-10,70,40,0.36,0.0,0
1968-05-11,70,37,T,0.0,0
1968-05-12,53,45,0.90,0.0,0
1968-05-13,70,44,0.00,0.0,0
1968-05-14,75,35,0.00,0.0,0
1968-05-15,77,38,0.00,0.0,0
1968-05-16,80,41,0.22,0.0,0
1968-05-17,60,50,0.46,0.0,0
1968-05-18,58,44,0.55,0.0,0
1968-05-19,59,44,T,0.0,0
1968-05-20,50,44,1.12,0.0,0
1968-05-21,62,43,0.12,0.0,0
1968-05-22,65,42,T,0.0,0
1968-05-23,67,42,0.00,0.0,0
1968-05-24,70,46,0.00,0.0,0
1968-05-25,60,39,0.00,0.0,0
1968-05-26,60,33,0.00,0.0,0
1968-05-27,68,30,0.00,0.0,0
1968-05-28,72,33,0.00,0.0,0
1968-05-29,58,43,0.19,0.0,0
1968-05-30,74,52,T,0.0,0
1968-05-31,73,50,0.36,0.0,0
1968-06-01,76,50,0.00,0.0,0
1968-06-02,63,53,0.07,0.0,0
1968-06-03,71,55,0.09,0.0,0
1968-06-04,68,50,0.24,0.0,0
1968-06-05,82,50,0.00,0.0,0
1968-06-06,90,55,0.00,0.0,0
1968-06-07,89,55,0.00,0.0,0
1968-06-08,73,58,0.05,0.0,0
1968-06-09,87,57,0.07,0.0,0
1968-06-10,58,52,0.31,0.0,0
1968-06-11,57,51,T,0.0,0
1968-06-12,73,56,T,0.0,0
1968-06-13,68,59,0.54,0.0,0
1968-06-14,79,55,0.00,0.0,0
1968-06-15,85,50,0.14,0.0,0
1968-06-16,71,56,0.03,0.0,0
1968-06-17,56,52,0.54,0.0,0
1968-06-18,73,51,T,0.0,0
1968-06-19,73,50,0.76,0.0,0
1968-06-20,59,47,0.03,0.0,0
1968-06-21,72,47,0.00,0.0,0
1968-06-22,76,47,0.04,0.0,0
1968-06-23,67,50,T,0.0,0
1968-06-24,69,50,0.11,0.0,0
1968-06-25,75,60,T,0.0,0
1968-06-26,60,54,0.62,0.0,0
1968-06-27,57,54,0.02,0.0,0
1968-06-28,55,49,0.29,0.0,0
1968-06-29,76,49,0.09,0.0,0
1968-06-30,85,66,0.41,0.0,0
1968-07-01,90,68,0.00,0.0,0
1968-07-02,84,66,T,0.0,0
1968-07-03,77,56,T,0.0,0
1968-07-04,75,50,0.00,0.0,0
1968-07-05,78,48,0.00,0.0,0
1968-07-06,75,50,T,0.0,0
1968-07-07,80,48,0.00,0.0,0
1968-07-08,86,52,0.00,0.0,0
1968-07-09,87,56,0.00,0.0,0
1968-07-10,74,56,0.41,0.0,0
1968-07-11,78,55,0.00,0.0,0
1968-07-12,85,57,0.00,0.0,0
1968-07-13,86,56,0.00,0.0,0
1968-07-14,87,61,0.00,0.0,0
1968-07-15,92,65,0.00,0.0,0
1968-07-16,92,67,T,0.0,0
1968-07-17,88,68,0.01,0.0,0
1968-07-18,90,68,0.00,0.0,0
1968-07-19,86,65,0.59,0.0,0
1968-07-20,78,53,0.00,0.0,0
1968-07-21,82,49,0.00,0.0,0
1968-07-22,89,58,0.00,0.0,0
1968-07-23,81,59,0.00,0.0,0
1968-07-24,69,57,0.60,0.0,0
1968-07-25,78,56,0.00,0.0,0
1968-07-26,80,50,0.00,0.0,0
1968-07-27,79,53,0.03,0.0,0
1968-07-28,81,53,T,0.0,0
1968-07-29,71,48,T,0.0,0
1968-07-30,73,45,0.00,0.0,0
1968-07-31,78,46,0.00,0.0,0
1968-08-01,80,61,T,0.0,0
1968-08-02,80,58,0.67,0.0,0
1968-08-03,84,56,0.00,0.0,0
1968-08-04,85,58,0.06,0.0,0
1968-08-05,83,60,0.00,0.0,0
1968-08-06,68,59,0.09,0.0,0
1968-08-07,77,58,0.07,0.0,0
1968-08-08,82,58,0.00,0.0,0
1968-08-09,80,61,0.01,0.0,0
1968-08-10,77,59,T,0.0,0
1968-08-11,69,48,0.00,0.0,0
1968-08-12,76,44,0.00,0.0,0
1968-08-13,81,49,0.00,0.0,0
1968-08-14,85,54,0.00,0.0,0
1968-08-15,73,48,0.00,0.0,0
1968-08-16,78,40,T,0.0,0
1968-08-17,83,63,0.21,0.0,0
1968-08-18,71,44,0.00,0.0,0
1968-08-19,71,42,0.00,0.0,0
1968-08-20,75,61,0.72,0.0,0
1968-08-21,77,60,0.00,0.0,0
1968-08-22,68,49,0.00,0.0,0
1968-08-23,71,50,0.00,0.0,0
1968-08-24,81,55,0.00,0.0,0
1968-08-25,90,64,0.00,0.0,0
1968-08-26,74,50,T,0.0,0
1968-08-27,67,44,0.00,0.0,0
1968-08-28,66,42,0.00,0.0,0
1968-08-29,69,42,0.00,0.0,0
1968-08-30,73,43,0.00,0.0,0
1968-08-31,77,44,0.00,0.0,0
1968-09-01,80,45,0.00,0.0,0
1968-09-02,81,55,0.16,0.0,0
1968-09-03,75,54,0.06,0.0,0
1968-09-04,78,54,0.00,0.0,0
1968-09-05,71,55,0.00,0.0,0
1968-09-06,61,57,0.39,0.0,0
1968-09-07,76,47,0.07,0.0,0
1968-09-08,75,45,0.00,0.0,0
1968-09-09,76,48,0.00,0.0,0
1968-09-10,70,60,0.00,0.0,0
1968-09-11,67,60,2.93,0.0,0
1968-09-12,65,49,0.03,0.0,0
1968-09-13,65,47,0.00,0.0,0
1968-09-14,68,42,0.00,0.0,0
1968-09-15,71,41,0.00,0.0,0
1968-09-16,77,43,0.00,0.0,0
1968-09-17,79,51,0.00,0.0,0
1968-09-18,78,50,0.00,0.0,0
1968-09-19,82,50,0.00,0.0,0
1968-09-20,81,54,0.00,0.0,0
1968-09-21,85,53,0.00,0.0,0
1968-09-22,79,54,0.00,0.0,0
1968-09-23,77,49,0.00,0.0,0
1968-09-24,70,50,0.00,0.0,0
1968-09-25,80,64,0.12,0.0,0
1968-09-26,72,48,T,0.0,0
1968-09-27,67,45,0.00,0.0,0
1968-09-28,66,42,T,0.0,0
1968-09-29,55,34,0.00,0.0,0
1968-09-30,63,32,0.00,0.0,0
1968-10-01,79,41,0.00,0.0,0
1968-10-02,77,48,0.00,0.0,0
1968-10-03,73,56,0.18,0.0,0
1968-10-04,58,39,T,0.0,0
1968-10-05,49,33,0.00,0.0,0
1968-10-06,56,27,0.00,0.0,0
1968-10-07,48,42,0.83,0.0,0
1968-10-08,53,36,0.00,0.0,0
1968-10-09,59,33,0.00,0.0,0
1968-10-10,54,36,0.00,0.0,0
1968-10-11,64,40,0.06,0.0,0
1968-10-12,65,42,0.00,0.0,0
1968-10-13,68,38,0.00,0.0,0
1968-10-14,68,35,0.00,0.0,0
1968-10-15,75,37,0.00,0.0,0
1968-10-16,79,45,0.00,0.0,0
1968-10-17,76,44,0.00,0.0,0
1968-10-18,79,51,0.00,0.0,0
1968-10-19,64,50,0.39,0.0,0
1968-10-20,63,43,T,0.0,0
1968-10-21,51,47,0.01,0.0,0
1968-10-22,63,38,0.00,0.0,0
1968-10-23,64,35,0.00,0.0,0
1968-10-24,59,30,0.00,0.0,0
1968-10-25,53,45,0.32,0.0,0
1968-10-26,50,35,0.00,0.0,0
1968-10-27,53,33,0.00,0.0,0
1968-10-28,50,38,0.01,0.0,0
1968-10-29,50,35,T,0.0,0
1968-10-30,42,32,T,T,0
1968-10-31,43,23,0.00,0.0,0
1968-11-01,50,17,T,0.0,0
1968-11-02,57,35,0.35,0.0,0
1968-11-03,53,35,0.00,0.0,0
1968-11-04,50,28,0.00,0.0,0
1968-11-05,50,27,0.00,0.0,0
1968-11-06,45,25,0.00,0.0,0
1968-11-07,41,33,1.25,T,T
1968-11-08,36,31,0.33,2.0,2
1968-11-09,38,34,0.00,0.0,1
1968-11-10,34,32,0.53,2.0,T
1968-11-11,36,24,T,T,2
1968-11-12,32,24,0.48,3.6,1
1968-11-13,35,29,0.33,4.0,6
1968-11-14,38,19,0.00,0.0,6
1968-11-15,32,19,0.34,2.0,5
1968-11-16,36,27,0.04,0.0,6
1968-11-17,29,26,T,T,5
1968-11-18,35,28,1.01,T,4
1968-11-19,42,31,0.03,T,3
1968-11-20,33,25,0.03,0.3,4
1968-11-21,33,16,0.01,0.1,4
1968-11-22,42,30,0.03,0.3,3
1968-11-23,44,25,0.00,0.0,2
1968-11-24,49,25,0.01,0.0,1
1968-11-25,40,30,T,T,1
1968-11-26,34,22,T,T,1
1968-11-27,36,17,0.13,1.0,2
1968-11-28,32,15,0.69,0.0,2
1968-11-29,47,28,0.25,T,1
1968-11-30,30,14,0.00,0.0,0
1968-12-01,35,8,T,0.0,0
1968-12-02,35,29,0.05,0.0,0
1968-12-03,37,30,0.00,0.0,0
1968-12-04,37,30,1.19,T,0
1968-12-05,39,32,0.05,T,0
1968-12-06,34,28,T,T,0
1968-12-07,33,18,T,T,0
1968-12-08,27,12,T,T,0
1968-12-09,17,3,T,T,0
1968-12-10,14,-1,0.00,0.0,0
1968-12-11,23,-5,0.00,0.0,0
1968-12-12,38,19,0.00,0.0,0
1968-12-13,45,32,T,0.0,0
1968-12-14,38,32,1.09,T,0
1968-12-15,32,11,1.02,13.0,7
1968-12-16,14,4,0.01,0.1,13
1968-12-17,19,-2,0.00,0.0,10
1968-12-18,32,-3,0.00,0.0,8
1968-12-19,29,4,0.09,1.0,7
1968-12-20,30,23,0.21,2.1,9
1968-12-21,34,23,0.00,0.0,11
1968-12-22,32,25,0.08,T,10
1968-12-23,34,28,0.41,3.0,13
1968-12-24,30,3,T,T,13
1968-12-25,3,-9,0.00,0.0,13
1968-12-26,1,-16,0.00,0.0,13
1968-12-27,7,-19,0.06,T,12
1968-12-28,30,6,0.96,5.0,14
1968-12-29,35,10,0.03,T,12
1968-12-30,25,-3,0.00,0.0,12
1968-12-31,19,-6,T,T,12
1969-01-01,22,7,0.11,1.3,13
1969-01-02,18,2,0.00,0.0,13
1969-01-03,24,-2,T,T,13
1969-01-04,25,4,T,T,12
1969-01-05,24,-10,0.00,0.0,12
1969-01-06,29,-7,0.01,0.2,12
1969-01-07,32,24,0.56,7.5,19
1969-01-08,24,1,T,T,20
1969-01-09,18,-5,0.05,1.0,17
1969-01-10,23,7,T,T,17
1969-01-11,23,-10,T,T,17
1969-01-12,25,-4,T,T,17
1969-01-13,27,10,0.02,T,17
1969-01-14,27,20,0.00,0.0,17
1969-01-15,29,16,0.00,0.0,17
1969-01-16,27,-2,0.00,0.0,16
1969-01-17,29,3,T,T,16
1969-01-18,38,25,0.09,T,16
1969-01-19,41,20,T,T,14
1969-01-20,36,10,0.00,0.0,13
1969-01-21,37,1,0.00,0.0,12
1969-01-22,40,8,0.00,0.0,12
1969-01-23,35,4,T,0.0,12
1969-01-24,39,33,0.51,0.0,10
1969-01-25,38,25,T,0.0,8
1969-01-26,25,7,T,T,7
1969-01-27,15,-2,0.00,0.0,7
1969-01-28,20,-8,0.00,0.0,7
1969-01-29,19,-0,0.07,T,7
1969-01-30,33,19,0.49,4.0,11
1969-01-31,38,27,0.28,T,11
1969-02-01,30,17,0.07,2.0,9
1969-02-02,37,25,0.01,T,10
1969-02-03,31,28,0.60,8.0,9
1969-02-04,28,12,0.03,T,17
1969-02-05,17,-0,0.03,T,17
1969-02-06,25,-12,T,T,17
1969-02-07,30,-2,T,T,17
1969-02-08,33,-7,0.00,0.0,17
1969-02-09,28,9,0.73,7.8,17
1969-02-10,28,17,0.26,4.7,30
1969-02-11,35,2,0.00,0.0,28
1969-02-12,39,11,0.08,1.0,25
1969-02-13,32,20,0.11,0.6,27
1969-02-14,20,3,T,T,22
1969-02-15,23,-5,T,T,16
1969-02-16,30,-11,0.00,0.0,16
1969-02-17,34,-11,0.00,0.0,16
1969-02-18,40,-1,0.00,0.0,15
1969-02-19,35,28,0.01,T,15
1969-02-20,45,24,0.00,0.0,14
1969-02-21,46,16,0.00,0.0,14
1969-02-22,46,15,0.00,0.0,13
1969-02-23,35,19,0.00,0.0,13
1969-02-24,32,26,0.42,6.2,13
1969-02-25,32,25,0.50,10.7,28
1969-02-26,32,25,0.09,1.5,30
1969-02-27,30,24,T,T,31
1969-02-28,40,12,0.00,0.0,31
1969-03-01,43,-0,0.00,0.0,31
1969-03-02,35,16,T,T,27
1969-03-03,34,28,0.51,5.0,30
1969-03-04,33,14,0.00,0.0,34
1969-03-05,24,-5,0.00,0.0,32
1969-03-06,32,-17,0.00,0.0,32
1969-03-07,27,-0,0.00,0.0,31
1969-03-08,32,8,0.01,T,30
1969-03-09,36,-0,0.00,0.0,30
1969-03-10,32,21,T,T,29
1969-03-11,28,12,0.02,T,26
1969-03-12,34,13,0.01,T,26
1969-03-13,38,23,T,T,24
1969-03-14,41,29,0.01,T,23
1969-03-15,40,26,T,T,22
1969-03-16,39,22,0.00,0.0,20
1969-03-17,44,16,T,T,18
1969-03-18,47,30,0.00,0.0,16
1969-03-19,37,32,0.18,T,15
1969-03-20,40,32,0.04,T,16
1969-03-21,36,33,0.04,1.0,14
1969-03-22,40,25,0.00,0.0,13
1969-03-23,55,20,0.00,0.0,12
1969-03-24,52,19,0.15,T,10
1969-03-25,40,33,0.90,0.2,6
1969-03-26,42,33,T,T,6
1969-03-27,38,29,T,T,5
1969-03-28,45,19,0.00,0.0,5
1969-03-29,42,31,0.07,0.0,5
1969-03-30,31,21,T,T,5
1969-03-31,28,15,T,T,M
1969-04-01,38,8,0.00,M,M
1969-04-02,40,27,0.20,T,4
1969-04-03,42,17,0.00,0.0,3
1969-04-04,58,25,0.00,0.0,3
1969-04-05,46,38,0.23,0.0,2
1969-04-06,50,26,0.05,0.0,1
1969-04-07,60,22,0.00,0.0,0
1969-04-08,51,27,0.00,0.0,0
1969-04-09,60,21,0.00,0.0,0
1969-04-10,57,48,0.23,0.0,0
1969-04-11,50,28,0.00,0.0,0
1969-04-12,50,24,0.00,0.0,0
1969-04-13,64,23,0.00,0.0,0
1969-04-14,70,30,0.00,0.0,0
1969-04-15,76,30,0.00,0.0,0
1969-04-16,59,45,0.15,0.0,0
1969-04-17,65,48,T,0.0,0
1969-04-18,66,39,0.65,0.0,0
1969-04-19,40,31,0.84,T,0
1969-04-20,47,25,0.00,0.0,T
1969-04-21,57,24,0.00,0.0,0
1969-04-22,46,40,0.12,0.0,0
1969-04-23,47,39,0.89,0.0,0
1969-04-24,44,34,0.01,0.0,0
1969-04-25,60,32,0.00,0.0,0
1969-04-26,60,29,0.00,0.0,0
1969-04-27,80,41,T,0.0,0
1969-04-28,84,43,0.12,0.0,0
1969-04-29,56,41,T,0.0,0
1969-04-30,58,34,T,0.0,0
1969-05-01,63,29,0.00,0.0,0
1969-05-02,69,27,0.00,0.0,0
1969-05-03,72,45,T,0.0,0
1969-05-04,66,35,0.00,0.0,0
1969-05-05,55,35,0.00,0.0,0
1969-05-06,65,28,0.00,0.0,0
1969-05-07,56,30,0.13,0.0,0
1969-05-08,59,39,0.06,0.0,0
1969-05-09,63,55,0.57,0.0,0
1969-05-10,56,37,0.00,0.0,0
1969-05-11,59,36,0.30,0.0,0
1969-05-12,55,34,T,0.0,0
1969-05-13,57,33,T,0.0,0
1969-05-14,57,37,T,0.0,0
1969-05-15,65,32,0.00,0.0,0
1969-05-16,78,37,0.00,0.0,0
1969-05-17,84,45,0.09,0.0,0
1969-05-18,62,49,0.10,0.0,0
1969-05-19,67,49,0.01,0.0,0
1969-05-20,70,52,0.78,0.0,0
1969-05-21,63,36,0.00,0.0,0
1969-05-22,66,32,0.00,0.0,0
1969-05-23,62,41,T,0.0,0
1969-05-24,56,46,0.10,0.0,0
1969-05-25,74,49,0.13,0.0,0
1969-05-26,57,33,0.00,0.0,0
1969-05-27,67,28,0.00,0.0,0
1969-05-28,77,40,0.01,0.0,0
1969-05-29,85,54,0.09,0.0,0
1969-05-30,79,50,0.02,0.0,0
1969-05-31,71,42,0.00,0.0,0
1969-06-01,75,38,0.00,0.0,0
1969-06-02,82,54,0.00,0.0,0
1969-06-03,75,55,0.37,0.0,0
1969-06-04,64,42,0.00,0.0,0
1969-06-05,73,41,0.00,0.0,0
1969-06-06,70,55,0.15,0.0,0
1969-06-07,75,49,0.00,0.0,0
1969-06-08,72,47,0.05,0.0,0
1969-06-09,75,46,0.00,0.0,0
1969-06-10,81,42,0.00,0.0,0
1969-06-11,81,46,0.00,0.0,0
1969-06-12,89,54,0.00,0.0,0
1969-06-13,89,67,T,0.0,0
1969-06-14,85,67,0.00,0.0,0
1969-06-15,78,63,0.97,0.0,0
1969-06-16,65,46,0.02,0.0,0
1969-06-17,73,48,0.00,0.0,0
1969-06-18,74,47,0.00,0.0,0
1969-06-19,75,60,T,0.0,0
1969-06-20,76,57,0.29,0.0,0
1969-06-21,73,50,0.07,0.0,0
1969-06-22,75,47,0.00,0.0,0
1969-06-23,59,50,0.82,0.0,0
1969-06-24,58,54,0.19,0.0,0
1969-06-25,66,50,0.00,0.0,0
1969-06-26,82,50,0.00,0.0,0
1969-06-27,97,64,0.00,0.0,0
1969-06-28,88,67,T,0.0,0
1969-06-29,77,56,0.00,0.0,0
1969-06-30,84,54,0.02,0.0,0
1969-07-01,80,51,0.00,0.0,0
1969-07-02,77,46,0.00,0.0,0
1969-07-03,75,46,0.00,0.0,0
1969-07-04,80,49,0.00,0.0,0
1969-07-05,80,62,0.02,0.0,0
1969-07-06,71,43,0.00,0.0,0
1969-07-07,72,43,0.00,0.0,0
1969-07-08,75,39,0.00,0.0,0
1969-07-09,80,42,0.00,0.0,0
1969-07-10,74,46,0.05,0.0,0
1969-07-11,77,56,0.00,0.0,0
1969-07-12,70,63,0.87,0.0,0
1969-07-13,67,62,0.47,0.0,0
1969-07-14,78,55,0.00,0.0,0
1969-07-15,88,52,0.00,0.0,0
1969-07-16,92,62,0.00,0.0,0
1969-07-17,90,66,0.00,0.0,0
1969-07-18,85,61,0.00,0.0,0
1969-07-19,80,54,0.00,0.0,0
1969-07-20,78,56,0.00,0.0,0
1969-07-21,76,62,0.01,0.0,0
1969-07-22,80,58,0.39,0.0,0
1969-07-23,78,55,0.00,0.0,0
1969-07-24,77,54,0.00,0.0,0
1969-07-25,74,49,0.00,0.0,0
1969-07-26,64,60,0.35,0.0,0
1969-07-27,68,60,0.21,0.0,0
1969-07-28,75,67,0.66,0.0,0
1969-07-29,79,68,3.77,0.0,0
1969-07-30,81,66,0.35,0.0,0
1969-07-31,84,62,0.00,0.0,0
1969-08-01,84,60,T,0.0,0
1969-08-02,85,63,0.32,0.0,0
1969-08-03,84,63,0.00,0.0,0
1969-08-04,70,62,0.71,0.0,0
1969-08-05,73,62,0.72,0.0,0
1969-08-06,83,60,0.00,0.0,0
1969-08-07,84,60,0.00,0.0,0
1969-08-08,81,64,0.40,0.0,0
1969-08-09,80,62,0.05,0.0,0
1969-08-10,73,59,0.87,0.0,0
1969-08-11,75,55,0.00,0.0,0
1969-08-12,80,55,0.00,0.0,0
1969-08-13,83,55,0.00,0.0,0
1969-08-14,87,58,0.00,0.0,0
1969-08-15,83,60,0.00,0.0,0
1969-08-16,87,68,0.47,0.0,0
1969-08-17,84,68,0.35,0.0,0
1969-08-18,85,66,0.00,0.0,0
1969-08-19,80,58,0.01,0.0,0
1969-08-20,72,44,0.00,0.0,0
1969-08-21,68,42,0.00,0.0,0
1969-08-22,72,41,0.00,0.0,0
1969-08-23,83,47,0.00,0.0,0
1969-08-24,89,58,0.00,0.0,0
1969-08-25,88,60,0.09,0.0,0
1969-08-26,70,45,0.00,0.0,0
1969-08-27,71,39,0.00,0.0,0
1969-08-28,80,50,0.00,0.0,0
1969-08-29,85,59,T,0.0,0
1969-08-30,84,61,0.00,0.0,0
1969-08-31,88,60,0.00,0.0,0
1969-09-01,88,64,0.00,0.0,0
1969-09-02,75,65,0.31,0.0,0
1969-09-03,70,62,T,0.0,0
1969-09-04,81,60,0.00,0.0,0
1969-09-05,77,60,0.00,0.0,0
1969-09-06,80,65,0.36,0.0,0
1969-09-07,83,60,0.02,0.0,0
1969-09-08,62,56,0.41,0.0,0
1969-09-09,65,51,0.08,0.0,0
1969-09-10,63,43,0.00,0.0,0
1969-09-11,67,43,0.00,0.0,0
1969-09-12,73,52,0.00,0.0,0
1969-09-13,75,49,0.00,0.0,0
1969-09-14,77,51,0.00,0.0,0
1969-09-15,79,61,0.00,0.0,0
1969-09-16,82,55,0.00,0.0,0
1969-09-17,70,49,0.24,0.0,0
1969-09-18,62,38,0.00,0.0,0
1969-09-19,62,35,0.00,0.0,0
1969-09-20,64,36,0.00,0.0,0
1969-09-21,68,37,0.00,0.0,0
1969-09-22,70,40,0.00,0.0,0
1969-09-23,74,45,0.00,0.0,0
1969-09-24,73,46,0.00,0.0,0
1969-09-25,57,52,0.31,0.0,0
1969-09-26,56,51,0.06,0.0,0
1969-09-27,70,47,0.02,0.0,0
1969-09-28,62,41,0.00,0.0,0
1969-09-29,58,37,0.00,0.0,0
1969-09-30,63,37,T,0.0,0
1969-10-01,67,41,0.00,0.0,0
1969-10-02,62,42,0.53,0.0,0
1969-10-03,62,52,0.33,0.0,0
1969-10-04,55,34,0.00,0.0,0
1969-10-05,64,33,0.00,0.0,0
1969-10-06,70,39,0.00,0.0,0
1969-10-07,67,40,0.00,0.0,0
1969-10-08,72,46,T,0.0,0
1969-10-09,68,37,0.00,0.0,0
1969-10-10,71,36,0.00,0.0,0
1969-10-11,69,37,0.00,0.0,0
1969-10-12,77,50,0.00,0.0,0
1969-10-13,62,46,0.00,0.0,0
1969-10-14,65,43,0.00,0.0,0
1969-10-15,57,30,0.00,0.0,0
1969-10-16,60,28,T,0.0,0
1969-10-17,59,44,T,0.0,0
1969-10-18,55,42,0.02,0.0,0
1969-10-19,60,35,0.00,0.0,0
1969-10-20,67,47,0.16,0.0,0
1969-10-21,56,37,0.17,T,0
1969-10-22,37,27,0.54,3.0,3
1969-10-23,29,18,0.03,T,4
1969-10-24,44,15,0.00,0.0,2
1969-10-25,53,35,0.00,0.0,T
1969-10-26,57,34,0.00,0.0,0
1969-10-27,51,38,T,0.0,0
1969-10-28,40,24,0.00,0.0,0
1969-10-29,50,19,0.00,0.0,0
1969-10-30,53,20,0.00,0.0,0
1969-10-31,52,21,0.00,0.0,0
1969-11-01,49,31,0.00,0.0,0
1969-11-02,50,38,0.29,0.0,0
1969-11-03,60,49,0.05,0.0,0
1969-11-04,60,46,0.44,0.0,0
1969-11-05,48,43,1.68,0.0,0
1969-11-06,45,41,0.49,0.0,0
1969-11-07,54,43,0.27,0.0,0
1969-11-08,60,42,0.41,0.0,0
1969-11-09,54,43,0.05,0.0,0
1969-11-10,48,41,0.10,0.0,0
1969-11-11,46,43,0.65,0.0,0
1969-11-12,48,43,0.25,0.0,0
1969-11-13,47,29,0.13,0.0,0
1969-11-14,38,29,0.27,T,0
1969-11-15,43,29,0.07,0.0,0
1969-11-16,35,20,0.00,0.0,0
1969-11-17,42,18,0.00,0.0,0
1969-11-18,50,26,0.00,0.0,0
1969-11-19,50,45,0.08,0.0,0
1969-11-20,50,27,0.89,1.0,1
1969-11-21,27,16,T,T,T
1969-11-22,30,8,0.00,0.0,T
1969-11-23,44,20,0.04,0.0,T
1969-11-24,38,17,0.03,0.0,T
1969-11-25,39,14,0.00,0.0,0
1969-11-26,45,19,T,T,0
1969-11-27,36,16,0.00,0.0,0
1969-11-28,39,13,0.00,0.0,0
1969-11-29,39,25,0.00,0.0,0
1969-11-30,35,27,T,T,0
1969-12-01,31,23,0.04,0.4,1
1969-12-02,25,11,0.00,0.0,T
1969-12-03,32,16,T,T,T
1969-12-04,24,18,T,T,T
1969-12-05,28,18,T,T,T
1969-12-06,30,9,T,T,T
1969-12-07,28,5,0.00,0.0,T
1969-12-08,37,24,0.40,1.0,1
1969-12-09,38,33,0.06,0.0,T
1969-12-10,36,33,0.32,0.0,0
1969-12-11,57,34,0.27,0.0,0
1969-12-12,45,36,0.00,0.0,0
1969-12-13,37,20,T,T,0
1969-12-14,32,17,0.11,1.0,0
1969-12-15,30,25,0.07,1.0,2
1969-12-16,25,12,0.00,0.0,2
1969-12-17,26,5,0.00,0.0,2
1969-12-18,19,3,0.04,0.4,2
1969-12-19,28,13,0.11,1.1,4
1969-12-20,27,5,T,T,4
1969-12-21,30,4,T,T,4
1969-12-22,28,22,0.92,10.6,4
1969-12-23,22,2,0.00,0.0,14
1969-12-24,15,-10,T,T,13
1969-12-25,10,-18,0.00,0.0,12
1969-12-26,26,9,1.32,9.4,13
1969-12-27,28,23,1.80,2.7,22
1969-12-28,27,21,0.16,0.7,23
1969-12-29,31,10,0.00,0.0,22
1969-12-30,22,11,0.00,0.0,21
1969-12-31,20,-5,0.10,1.0,21
1970-01-01,14,-17,0.00,0.0,22
1970-01-02,21,-12,0.00,0.0,22
1970-01-03,13,-14,T,T,21
1970-01-04,17,-12,0.00,0.0,21
1970-01-05,16,-12,T,T,21
1970-01-06,25,-5,0.00,0.0,20
1970-01-07,14,-7,0.00,0.0,20
1970-01-08,16,-14,T,T,20
1970-01-09,16,-11,0.00,0.0,20
1970-01-10,17,-7,0.00,0.0,19
1970-01-11,19,-0,0.00,0.0,18
1970-01-12,14,-7,T,T,18
1970-01-13,22,-5,0.02,T,18
1970-01-14,11,-8,0.00,0.0,18
1970-01-15,18,-8,0.00,0.0,18
1970-01-16,17,-11,0.00,0.0,18
1970-01-17,38,13,T,T,17
1970-01-18,26,-9,0.12,1.5,19
1970-01-19,8,-18,T,T,20
1970-01-20,12,-21,T,T,20
1970-01-21,5,-4,0.02,0.2,20
1970-01-22,13,-15,0.00,0.0,19
1970-01-23,12,-22,T,T,19
1970-01-24,18,-19,0.00,0.0,19
1970-01-25,20,-1,0.07,0.7,19
1970-01-26,30,18,0.17,1.2,21
1970-01-27,32,6,0.00,0.0,21
1970-01-28,34,1,T,T,19
1970-01-29,43,34,0.03,0.0,17
1970-01-30,38,7,T,T,16
1970-01-31,29,-5,0.00,0.0,16
1970-02-01,46,15,0.00,0.0,16
1970-02-02,47,24,0.30,0.0,15
1970-02-03,46,27,0.64,T,13
1970-02-04,27,-7,0.17,2.0,13
1970-02-05,20,-9,0.00,0.0,12
1970-02-06,37,14,0.01,T,12
1970-02-07,40,10,0.00,0.0,11
1970-02-08,42,9,0.00,0.0,11
1970-02-09,37,17,0.00,0.0,10
1970-02-10,41,32,0.28,0.0,9
1970-02-11,42,26,0.33,T,7
1970-02-12,27,13,T,T,7
1970-02-13,19,6,T,T,7
1970-02-14,21,-9,0.00,0.0,7
1970-02-15,21,5,0.41,4.1,8
1970-02-16,29,6,0.00,0.0,11
1970-02-17,37,-1,T,T,11
1970-02-18,42,12,0.00,0.0,11
1970-02-19,35,7,T,T,9
1970-02-20,27,-3,0.00,0.0,8
1970-02-21,25,15,T,T,7
1970-02-22,42,20,T,T,7
1970-02-23,36,-0,T,T,6
1970-02-24,25,-2,T,T,5
1970-02-25,31,3,0.03,0.3,5
1970-02-26,15,-7,0.00,0.0,5
1970-02-27,28,-5,T,T,5
1970-02-28,32,22,0.02,1.0,6
1970-03-01,34,19,0.01,0.1,5
1970-03-02,33,16,0.12,2.1,8
1970-03-03,37,5,0.00,0.0,7
1970-03-04,38,3,0.13,T,6
1970-03-05,37,31,0.05,0.4,6
1970-03-06,34,27,0.00,0.0,6
1970-03-07,40,14,0.00,0.0,6
1970-03-08,33,10,0.05,2.0,7
1970-03-09,30,-0,0.00,0.0,7
1970-03-10,35,17,0.00,0.0,6
1970-03-11,37,22,0.00,0.0,5
1970-03-12,44,27,0.00,0.0,5
1970-03-13,34,27,0.45,4.5,3
1970-03-14,36,26,0.19,1.9,8
1970-03-15,35,14,T,T,7
1970-03-16,33,10,T,T,7
1970-03-17,39,5,0.00,0.0,5
1970-03-18,47,13,0.00,0.0,4
1970-03-19,51,15,0.00,0.0,3
1970-03-20,51,16,0.38,1.0,4
1970-03-21,39,32,0.27,T,5
1970-03-22,50,31,0.08,0.8,2
1970-03-23,36,33,0.12,0.5,3
1970-03-24,40,33,T,T,2
1970-03-25,45,27,0.00,0.0,2
1970-03-26,42,23,0.18,0.0,2
1970-03-27,42,29,0.12,0.0,2
1970-03-28,49,21,T,0.0,2
1970-03-29,34,18,T,T,2
1970-03-30,40,14,0.00,0.0,2
1970-03-31,38,20,0.00,0.0,T
1970-04-01,50,18,0.00,0.0,T
1970-04-02,37,30,1.68,3.7,1
1970-04-03,40,31,0.03,0.3,2
1970-04-04,43,27,0.02,0.2,2
1970-04-05,42,20,T,T,1
1970-04-06,45,15,0.00,0.0,1
1970-04-07,50,28,0.00,0.0,1
1970-04-08,61,24,0.00,0.0,T
1970-04-09,66,33,0.00,0.0,T
1970-04-10,43,30,0.01,T,T
1970-04-11,41,27,T,T,0
1970-04-12,53,27,0.00,0.0,0
1970-04-13,54,27,0.00,0.0,0
1970-04-14,62,24,0.00,0.0,0
1970-04-15,65,26,0.00,0.0,0
1970-04-16,66,26,0.00,0.0,0
1970-04-17,67,45,0.07,0.0,0
1970-04-18,47,37,T,0.0,0
1970-04-19,50,27,0.00,0.0,0
1970-04-20,39,25,0.21,0.0,0
1970-04-21,43,37,0.12,0.0,0
1970-04-22,52,37,0.00,0.0,0
1970-04-23,47,31,0.00,0.0,0
1970-04-24,49,42,0.92,0.0,0
1970-04-25,60,35,0.00,0.0,0
1970-04-26,74,30,0.00,0.0,0
1970-04-27,80,37,0.00,0.0,0
1970-04-28,83,43,0.00,0.0,0
1970-04-29,76,46,0.00,0.0,0
1970-04-30,78,41,0.00,0.0,0
1970-05-01,85,51,0.00,0.0,0
1970-05-02,80,56,T,0.0,0
1970-05-03,56,38,0.60,0.0,0
1970-05-04,67,36,0.00,0.0,0
1970-05-05,72,45,0.25,0.0,0
1970-05-06,45,35,0.05,T,T
1970-05-07,52,30,0.00,0.0,0
1970-05-08,62,31,0.00,0.0,0
1970-05-09,70,45,0.05,0.0,0
1970-05-10,85,49,T,0.0,0
1970-05-11,79,58,0.06,0.0,0
1970-05-12,76,50,0.00,0.0,0
1970-05-13,76,53,0.04,0.0,0
1970-05-14,70,43,0.09,0.0,0
1970-05-15,64,38,0.15,0.0,0
1970-05-16,59,49,0.34,0.0,0
1970-05-17,57,50,1.24,0.0,0
1970-05-18,53,47,0.80,0.0,0
1970-05-19,60,45,0.00,0.0,0
1970-05-20,75,47,0.00,0.0,0
1970-05-21,76,40,0.00,0.0,0
1970-05-22,82,50,0.10,0.0,0
1970-05-23,68,42,0.00,0.0,0
1970-05-24,67,38,0.00,0.0,0
1970-05-25,51,47,0.01,0.0,0
1970-05-26,63,47,0.23,0.0,0
1970-05-27,64,45,0.00,0.0,0
1970-05-28,63,37,0.00,0.0,0
1970-05-29,71,33,0.00,0.0,0
1970-05-30,74,40,0.00,0.0,0
1970-05-31,84,45,0.00,0.0,0
1970-06-01,87,61,0.00,0.0,0
1970-06-02,89,65,0.00,0.0,0
1970-06-03,80,53,0.17,0.0,0
1970-06-04,74,50,0.00,0.0,0
1970-06-05,71,52,0.00,0.0,0
1970-06-06,63,52,0.18,0.0,0
1970-06-07,74,50,T,0.0,0
1970-06-08,85,48,0.00,0.0,0
1970-06-09,86,55,0.00,0.0,0
1970-06-10,88,54,0.00,0.0,0
1970-06-11,88,58,0.08,0.0,0
1970-06-12,78,46,0.00,0.0,0
1970-06-13,70,41,0.00,0.0,0
1970-06-14,76,37,0.00,0.0,0
1970-06-15,80,41,0.00,0.0,0
1970-06-16,72,49,0.00,0.0,0
1970-06-17,78,57,0.00,0.0,0
1970-06-18,76,63,0.61,0.0,0
1970-06-19,81,58,0.07,0.0,0
1970-06-20,69,41,T,0.0,0
1970-06-21,70,49,0.00,0.0,0
1970-06-22,76,51,0.03,0.0,0
1970-06-23,80,49,0.00,0.0,0
1970-06-24,84,50,0.00,0.0,0
1970-06-25,73,46,0.03,0.0,0
1970-06-26,64,43,0.90,0.0,0
1970-06-27,60,45,0.57,0.0,0
1970-06-28,71,44,0.00,0.0,0
1970-06-29,77,40,T,0.0,0
1970-06-30,68,58,0.30,0.0,0
1970-07-01,78,53,0.00,0.0,0
1970-07-02,64,61,0.06,0.0,0
1970-07-03,80,60,0.00,0.0,0
1970-07-04,79,63,1.35,0.0,0
1970-07-05,72,58,0.00,0.0,0
1970-07-06,80,53,0.00,0.0,0
1970-07-07,85,47,0.00,0.0,0
1970-07-08,84,52,0.00,0.0,0
1970-07-09,87,60,0.00,0.0,0
1970-07-10,83,58,0.09,0.0,0
1970-07-11,84,65,0.08,0.0,0
1970-07-12,79,52,0.01,0.0,0
1970-07-13,77,47,0.00,0.0,0
1970-07-14,78,51,0.00,0.0,0
1970-07-15,77,64,T,0.0,0
1970-07-16,79,64,0.44,0.0,0
1970-07-17,82,59,T,0.0,0
1970-07-18,83,57,0.48,0.0,0
1970-07-19,76,51,0.00,0.0,0
1970-07-20,84,65,0.00,0.0,0
1970-07-21,73,50,0.00,0.0,0
1970-07-22,78,47,0.00,0.0,0
1970-07-23,86,50,0.00,0.0,0
1970-07-24,90,56,0.00,0.0,0
1970-07-25,90,57,0.00,0.0,0
1970-07-26,91,65,0.00,0.0,0
1970-07-27,92,64,0.00,0.0,0
1970-07-28,90,62,0.04,0.0,0
1970-07-29,90,67,0.00,0.0,0
1970-07-30,91,67,T,0.0,0
1970-07-31,84,70,0.00,0.0,0
1970-08-01,80,68,0.21,0.0,0
1970-08-02,88,65,0.00,0.0,0
1970-08-03,78,52,T,0.0,0
1970-08-04,75,50,0.00,0.0,0
1970-08-05,77,48,0.00,0.0,0
1970-08-06,85,56,0.00,0.0,0
1970-08-07,85,54,0.00,0.0,0
1970-08-08,87,53,0.00,0.0,0
1970-08-09,90,54,0.00,0.0,0
1970-08-10,89,55,0.05,0.0,0
1970-08-11,79,56,T,0.0,0
1970-08-12,83,60,0.03,0.0,0
1970-08-13,91,55,0.00,0.0,0
1970-08-14,91,61,0.00,0.0,0
1970-08-15,92,59,0.00,0.0,0
1970-08-16,92,63,0.02,0.0,0
1970-08-17,83,60,0.07,0.0,0
1970-08-18,79,50,0.00,0.0,0
1970-08-19,83,44,0.00,0.0,0
1970-08-20,74,63,0.05,0.0,0
1970-08-21,76,51,0.28,0.0,0
1970-08-22,77,49,0.00,0.0,0
1970-08-23,65,60,1.06,0.0,0
1970-08-24,74,50,0.00,0.0,0
1970-08-25,78,49,0.00,0.0,0
1970-08-26,85,52,T,0.0,0
1970-08-27,76,54,T,0.0,0
1970-08-28,80,54,0.08,0.0,0
1970-08-29,76,49,0.00,0.0,0
1970-08-30,71,42,0.10,0.0,0
1970-08-31,69,44,0.04,0.0,0
1970-09-01,65,38,T,0.0,0
1970-09-02,70,41,0.00,0.0,0
1970-09-03,62,38,0.32,0.0,0
1970-09-04,80,58,0.52,0.0,0
1970-09-05,75,58,T,0.0,0
1970-09-06,67,55,0.00,0.0,0
1970-09-07,63,49,0.05,0.0,0
1970-09-08,66,51,T,0.0,0
1970-09-09,62,51,0.00,0.0,0
1970-09-10,74,59,0.05,0.0,0
1970-09-11,70,43,0.00,0.0,0
1970-09-12,74,40,0.00,0.0,0
1970-09-13,74,42,T,0.0,0
1970-09-14,54,48,0.11,0.0,0
1970-09-15,51,48,0.86,0.0,0
1970-09-16,76,46,0.41,0.0,0
1970-09-17,65,41,0.00,0.0,0
1970-09-18,56,53,1.31,0.0,0
1970-09-19,70,46,0.00,0.0,0
1970-09-20,74,46,0.00,0.0,0
1970-09-21,76,46,0.00,0.0,0
1970-09-22,89,62,0.01,0.0,0
1970-09-23,78,64,0.00,0.0,0
1970-09-24,75,50,0.00,0.0,0
1970-09-25,84,59,0.00,0.0,0
1970-09-26,81,57,0.00,0.0,0
1970-09-27,71,48,0.70,0.0,0
1970-09-28,62,45,0.28,0.0,0
1970-09-29,55,43,0.12,0.0,0
1970-09-30,53,43,0.01,0.0,0
1970-10-01,60,44,0.00,0.0,0
1970-10-02,59,41,T,0.0,0
1970-10-03,69,47,0.57,0.0,0
1970-10-04,55,37,0.00,0.0,0
1970-10-05,59,35,0.00,0.0,0
1970-10-06,65,35,0.00,0.0,0
1970-10-07,77,50,0.00,0.0,0
1970-10-08,72,52,0.00,0.0,0
1970-10-09,78,51,0.00,0.0,0
1970-10-10,75,52,0.00,0.0,0
1970-10-11,62,57,0.06,0.0,0
1970-10-12,64,58,T,0.0,0
1970-10-13,66,59,0.28,0.0,0
1970-10-14,73,60,0.04,0.0,0
1970-10-15,67,50,0.38,0.0,0
1970-10-16,50,36,0.01,0.0,0
1970-10-17,42,32,T,T,0
1970-10-18,57,28,0.00,0.0,0
1970-10-19,51,25,0.00,0.0,0
1970-10-20,57,20,0.00,0.0,0
1970-10-21,60,29,T,0.0,0
1970-10-22,57,47,0.43,0.0,0
1970-10-23,60,54,0.03,0.0,0
1970-10-24,60,53,0.02,0.0,0
1970-10-25,55,48,0.00,0.0,0
1970-10-26,51,42,0.00,0.0,0
1970-10-27,44,29,0.00,0.0,0
1970-10-28,53,27,0.00,0.0,0
1970-10-29,56,22,0.00,0.0,0
1970-10-30,58,24,0.00,0.0,0
1970-10-31,55,24,0.00,0.0,0
1970-11-01,61,30,0.00,0.0,0
1970-11-02,63,32,0.00,0.0,0
1970-11-03,58,37,0.00,0.0,0
1970-11-04,51,37,T,0.0,0
1970-11-05,46,37,T,0.0,0
1970-11-06,48,35,0.00,0.0,0
1970-11-07,57,33,0.00,0.0,0
1970-11-08,51,23,0.00,0.0,0
1970-11-09,52,20,0.00,0.0,0
1970-11-10,48,30,0.04,0.0,0
1970-11-11,54,47,0.08,0.0,0
1970-11-12,52,45,0.00,0.0,0
1970-11-13,48,43,0.00,0.0,0
1970-11-14,47,41,T,0.0,0
1970-11-15,42,33,0.40,0.8,0
1970-11-16,40,27,0.05,T,0
1970-11-17,45,23,T,0.0,0
1970-11-18,44,28,T,0.0,0
1970-11-19,42,38,0.31,0.0,0
1970-11-20,47,40,0.10,0.0,0
1970-11-21,50,37,0.15,0.0,0
1970-11-22,45,30,0.12,0.0,0
1970-11-23,46,22,0.06,T,0
1970-11-24,30,17,T,T,0
1970-11-25,34,10,0.00,0.0,0
1970-11-26,33,12,T,T,0
1970-11-27,39,29,0.00,0.0,0
1970-11-28,38,33,0.07,0.0,0
1970-11-29,37,34,0.04,T,0
1970-11-30,45,30,0.07,T,0
1970-12-01,41,24,0.00,0.0,0
1970-12-02,58,35,0.03,0.0,0
1970-12-03,52,35,T,0.0,0
1970-12-04,40,19,0.67,T,0
1970-12-05,28,16,0.03,0.7,T
1970-12-06,30,18,0.02,1.0,1
1970-12-07,21,1,0.00,0.0,1
1970-12-08,15,1,0.05,1.4,1
1970-12-09,26,15,0.38,5.1,3
1970-12-10,29,4,T,0.1,6
1970-12-11,21,-1,0.00,0.0,5
1970-12-12,20,13,T,T,5
1970-12-13,21,17,0.14,3.8,5
1970-12-14,25,9,0.03,0.5,8
1970-12-15,25,-2,T,T,8
1970-12-16,21,-10,T,T,8
1970-12-17,34,20,0.44,5.8,9
1970-12-18,30,17,T,T,9
1970-12-19,36,14,T,T,8
1970-12-20,32,11,T,T,8
1970-12-21,23,-7,0.01,0.3,7
1970-12-22,6,-15,0.42,7.6,6
1970-12-23,21,6,0.07,2.9,14
1970-12-24,27,17,0.51,8.5,19
1970-12-25,22,-3,T,T,20
1970-12-26,25,5,0.01,0.4,19
1970-12-27,23,-4,0.00,0.0,15
1970-12-28,20,-0,0.00,0.0,14
1970-12-29,20,5,T,T,12
1970-12-30,18,-3,0.00,0.0,11
1970-12-31,30,-7,0.00,0.0,10
1971-01-01,18,5,0.39,7.0,10
1971-01-02,32,12,T,T,17
1971-01-03,35,6,0.00,0.0,16
1971-01-04,29,4,0.02,T,16
1971-01-05,40,26,0.17,0.0,14
1971-01-06,30,20,0.00,0.0,12
1971-01-07,24,3,T,0.1,11
1971-01-08,16,-12,0.00,0.0,12
1971-01-09,12,-18,0.00,0.0,11
1971-01-10,23,-10,T,T,10
1971-01-11,35,19,0.03,3.0,10
1971-01-12,29,-6,0.02,0.6,14
1971-01-13,12,-21,0.00,0.0,13
1971-01-14,15,-2,0.20,4.0,13
1971-01-15,25,6,0.00,0.0,15
1971-01-16,10,-20,0.00,0.0,15
1971-01-17,12,-27,0.00,0.0,15
1971-01-18,6,-27,T,T,15
1971-01-19,9,-28,T,T,15
1971-01-20,9,-28,T,T,14
1971-01-21,22,-20,0.05,1.1,14
1971-01-22,32,8,0.03,T,15
1971-01-23,34,9,0.19,3.0,14
1971-01-24,38,1,0.00,0.0,17
1971-01-25,43,24,0.00,0.0,16
1971-01-26,35,16,0.37,3.0,15
1971-01-27,17,-3,T,T,17
1971-01-28,13,-19,T,T,17
1971-01-29,19,5,0.02,T,15
1971-01-30,28,5,0.38,6.0,21
1971-01-31,18,-18,0.00,0.0,20
1971-02-01,14,-28,T,T,19
1971-02-02,8,-16,0.00,0.0,18
1971-02-03,13,-29,0.00,0.0,18
1971-02-04,16,-25,0.00,0.0,18
1971-02-05,29,6,0.44,4.1,20
1971-02-06,39,14,0.00,0.0,22
1971-02-07,32,5,0.09,1.0,19
1971-02-08,34,28,0.93,9.3,29
1971-02-09,34,18,0.04,T,26
1971-02-10,19,1,T,T,25
1971-02-11,28,-5,T,T,25
1971-02-12,43,28,T,T,25
1971-02-13,44,30,0.37,0.0,25
1971-02-14,42,15,0.04,T,21
1971-02-15,28,8,0.00,0.0,21
1971-02-16,30,7,0.00,0.0,21
1971-02-17,35,-3,0.02,0.3,19
1971-02-18,48,29,T,T,19
1971-02-19,40,27,0.00,0.0,19
1971-02-20,30,27,0.33,3.9,17
1971-02-21,31,26,0.06,0.4,20
1971-02-22,30,23,0.00,0.0,20
1971-02-23,30,26,0.39,3.5,21
1971-02-24,33,13,0.08,2.5,24
1971-02-25,37,13,0.09,1.6,21
1971-02-26,47,16,0.00,0.0,22
1971-02-27,39,32,0.22,0.0,20
1971-02-28,42,29,T,T,17
1971-03-01,41,22,T,T,17
1971-03-02,41,11,0.00,0.0,15
1971-03-03,27,22,0.16,4.0,11
1971-03-04,30,22,0.71,8.0,20
1971-03-05,30,20,0.02,0.5,26
1971-03-06,42,8,0.00,0.0,26
1971-03-07,29,20,0.75,9.7,26
1971-03-08,29,19,T,T,35
1971-03-09,29,14,0.00,0.0,35
1971-03-10,37,-4,T,T,35
1971-03-11,34,23,0.16,0.9,35
1971-03-12,40,17,T,T,36
1971-03-13,38,4,0.02,0.3,32
1971-03-14,47,30,T,T,28
1971-03-15,51,34,0.06,0.0,24
1971-03-16,52,29,T,0.0,23
1971-03-17,35,19,0.00,0.0,22
1971-03-18,35,18,0.00,0.0,20
1971-03-19,35,10,0.87,12.3,19
1971-03-20,40,27,0.21,1.9,31
1971-03-21,38,26,T,T,31
1971-03-22,41,21,0.00,0.0,26
1971-03-23,37,10,0.00,0.0,20
1971-03-24,29,2,0.00,0.0,20
1971-03-25,33,7,0.00,0.0,20
1971-03-26,38,1,0.00,0.0,15
1971-03-27,43,5,0.00,0.0,12
1971-03-28,45,11,0.00,0.0,10
1971-03-29,45,27,0.00,0.0,7
1971-03-30,40,24,0.02,T,6
1971-03-31,40,20,0.00,0.0,6
1971-04-01,50,15,T,0.0,5
1971-04-02,49,34,0.12,0.0,4
1971-04-03,50,27,0.13,0.0,4
1971-04-04,43,23,0.00,0.0,2
1971-04-05,45,19,0.00,0.0,0
1971-04-06,46,19,0.00,0.0,0
1971-04-07,42,29,0.86,11.0,5
1971-04-08,39,21,0.00,0.0,5
1971-04-09,58,14,0.00,0.0,2
1971-04-10,52,35,T,T,0
1971-04-11,57,31,0.00,0.0,0
1971-04-12,66,26,0.00,0.0,0
1971-04-13,59,29,0.00,0.0,0
1971-04-14,43,29,T,T,0
1971-04-15,41,27,0.00,0.0,0
1971-04-16,37,22,0.09,T,0
1971-04-17,52,22,0.00,0.0,0
1971-04-18,48,32,0.00,0.0,0
1971-04-19,63,35,0.00,0.0,0
1971-04-20,63,30,0.00,0.0,0
1971-04-21,55,36,T,0.0,0
1971-04-22,47,36,0.03,0.0,0
1971-04-23,46,28,0.00,0.0,0
1971-04-24,63,25,0.00,0.0,0
1971-04-25,45,35,0.01,0.0,0
1971-04-26,48,35,0.03,0.0,0
1971-04-27,52,28,T,0.0,0
1971-04-28,55,27,0.18,0.0,0
1971-04-29,46,38,0.29,0.0,0
1971-04-30,52,39,T,0.0,0
1971-05-01,56,35,0.00,0.0,0
1971-05-02,60,37,0.27,0.0,0
1971-05-03,50,43,1.14,0.0,0
1971-05-04,46,41,0.40,0.0,0
1971-05-05,63,40,T,0.0,0
1971-05-06,67,34,0.00,0.0,0
1971-05-07,68,32,0.00,0.0,0
1971-05-08,63,32,0.02,0.0,0
1971-05-09,53,43,0.14,0.0,0
1971-05-10,76,43,0.00,0.0,0
1971-05-11,83,38,0.00,0.0,0
1971-05-12,75,42,T,0.0,0
1971-05-13,64,41,0.37,0.0,0
1971-05-14,60,38,0.00,0.0,0
1971-05-15,75,28,0.00,0.0,0
1971-05-16,60,49,T,0.0,0
1971-05-17,72,47,T,0.0,0
1971-05-18,82,42,0.00,0.0,0
1971-05-19,90,48,0.00,0.0,0
1971-05-20,82,55,T,0.0,0
1971-05-21,70,51,0.14,0.0,0
1971-05-22,60,39,0.05,0.0,0
1971-05-23,60,33,0.00,0.0,0
1971-05-24,68,30,0.01,0.0,0
1971-05-25,67,51,0.75,0.0,0
1971-05-26,68,52,0.00,0.0,0
1971-05-27,56,50,T,0.0,0
1971-05-28,66,40,0.00,0.0,0
1971-05-29,75,35,0.00,0.0,0
1971-05-30,73,42,T,0.0,0
1971-05-31,75,40,0.00,0.0,0
1971-06-01,72,34,0.00,0.0,0
1971-06-02,75,35,T,0.0,0
1971-06-03,76,49,T,0.0,0
1971-06-04,77,52,0.03,0.0,0
1971-06-05,69,39,0.00,0.0,0
1971-06-06,78,34,0.00,0.0,0
1971-06-07,94,47,0.00,0.0,0
1971-06-08,86,61,0.01,0.0,0
1971-06-09,73,45,0.00,0.0,0
1971-06-10,70,36,0.00,0.0,0
1971-06-11,77,35,0.00,0.0,0
1971-06-12,80,42,T,0.0,0
1971-06-13,84,53,T,0.0,0
1971-06-14,71,51,0.00,0.0,0
1971-06-15,65,48,0.00,0.0,0
1971-06-16,81,50,0.00,0.0,0
1971-06-17,88,49,0.00,0.0,0
1971-06-18,87,51,0.00,0.0,0
1971-06-19,89,54,0.00,0.0,0
1971-06-20,90,57,0.00,0.0,0
1971-06-21,78,62,0.17,0.0,0
1971-06-22,84,55,0.00,0.0,0
1971-06-23,84,57,0.00,0.0,0
1971-06-24,86,55,T,0.0,0
1971-06-25,85,56,1.16,0.0,0
1971-06-26,77,50,0.03,0.0,0
1971-06-27,78,46,0.00,0.0,0
1971-06-28,79,50,0.00,0.0,0
1971-06-29,82,56,0.00,0.0,0
1971-06-30,92,62,T,0.0,0
1971-07-01,88,68,0.14,0.0,0
1971-07-02,77,53,0.01,0.0,0
1971-07-03,75,46,0.00,0.0,0
1971-07-04,84,43,0.00,0.0,0
1971-07-05,87,49,0.00,0.0,0
1971-07-06,84,53,0.00,0.0,0
1971-07-07,84,56,0.00,0.0,0
1971-07-08,89,54,0.00,0.0,0
1971-07-09,89,60,0.00,0.0,0
1971-07-10,87,54,0.00,0.0,0
1971-07-11,78,50,0.00,0.0,0
1971-07-12,78,42,0.00,0.0,0
1971-07-13,79,40,0.23,0.0,0
1971-07-14,73,54,0.07,0.0,0
1971-07-15,78,49,0.00,0.0,0
1971-07-16,81,53,0.02,0.0,0
1971-07-17,86,62,0.09,0.0,0
1971-07-18,77,54,0.00,0.0,0
1971-07-19,75,50,1.01,0.0,0
1971-07-20,74,53,0.00,0.0,0
1971-07-21,82,47,0.00,0.0,0
1971-07-22,85,51,0.00,0.0,0
1971-07-23,87,57,0.00,0.0,0
1971-07-24,83,63,0.35,0.0,0
1971-07-25,81,62,0.05,0.0,0
1971-07-26,86,62,0.00,0.0,0
1971-07-27,81,54,0.46,0.0,0
1971-07-28,81,47,0.00,0.0,0
1971-07-29,80,56,0.55,0.0,0
1971-07-30,75,65,T,0.0,0
1971-07-31,80,66,0.25,0.0,0
1971-08-01,83,64,0.00,0.0,0
1971-08-02,79,68,0.08,0.0,0
1971-08-03,74,68,0.35,0.0,0
1971-08-04,71,55,0.02,0.0,0
1971-08-05,75,50,0.00,0.0,0
1971-08-06,80,49,0.00,0.0,0
1971-08-07,80,52,0.00,0.0,0
1971-08-08,85,48,0.00,0.0,0
1971-08-09,87,60,0.00,0.0,0
1971-08-10,88,62,0.00,0.0,0
1971-08-11,85,68,0.19,0.0,0
1971-08-12,72,50,0.00,0.0,0
1971-08-13,84,44,0.00,0.0,0
1971-08-14,85,52,0.00,0.0,0
1971-08-15,68,53,0.00,0.0,0
1971-08-16,78,49,0.00,0.0,0
1971-08-17,87,46,0.00,0.0,0
1971-08-18,90,55,0.00,0.0,0
1971-08-19,91,55,0.00,0.0,0
1971-08-20,83,63,T,0.0,0
1971-08-21,84,55,0.06,0.0,0
1971-08-22,84,59,0.00,0.0,0
1971-08-23,64,44,0.20,0.0,0
1971-08-24,69,38,0.00,0.0,0
1971-08-25,67,36,T,0.0,0
1971-08-26,76,50,0.00,0.0,0
1971-08-27,65,55,0.50,0.0,0
1971-08-28,73,55,2.77,0.0,0
1971-08-29,81,57,0.00,0.0,0
1971-08-30,82,58,0.00,0.0,0
1971-08-31,73,44,0.00,0.0,0
1971-09-01,72,40,0.00,0.0,0
1971-09-02,77,41,0.00,0.0,0
1971-09-03,84,51,0.00,0.0,0
1971-09-04,87,61,0.00,0.0,0
1971-09-05,87,63,0.05,0.0,0
1971-09-06,71,60,1.05,0.0,0
1971-09-07,81,60,0.00,0.0,0
1971-09-08,84,66,0.00,0.0,0
1971-09-09,79,48,0.00,0.0,0
1971-09-10,80,45,0.00,0.0,0
1971-09-11,78,53,0.00,0.0,0
1971-09-12,76,66,0.98,0.0,0
1971-09-13,70,62,0.18,0.0,0
1971-09-14,67,62,0.48,0.0,0
1971-09-15,80,63,0.11,0.0,0
1971-09-16,79,60,T,0.0,0
1971-09-17,66,55,0.05,0.0,0
1971-09-18,66,50,0.00,0.0,0
1971-09-19,67,48,T,0.0,0
1971-09-20,66,53,T,0.0,0
1971-09-21,69,44,0.30,0.0,0
1971-09-22,69,42,0.00,0.0,0
1971-09-23,68,44,0.00,0.0,0
1971-09-24,59,36,0.07,0.0,0
1971-09-25,63,33,0.00,0.0,0
1971-09-26,68,38,0.00,0.0,0
1971-09-27,60,39,0.00,0.0,0
1971-09-28,59,52,0.00,0.0,0
1971-09-29,74,58,0.00,0.0,0
1971-09-30,74,46,0.00,0.0,0
1971-10-01,73,47,0.00,0.0,0
1971-10-02,82,44,0.00,0.0,0
1971-10-03,65,42,0.00,0.0,0
1971-10-04,62,40,T,0.0,0
1971-10-05,72,47,0.00,0.0,0
1971-10-06,68,46,0.41,0.0,0
1971-10-07,56,41,0.00,0.0,0
1971-10-08,57,34,0.00,0.0,0
1971-10-09,49,34,0.08,0.0,0
1971-10-10,56,48,1.84,0.0,0
1971-10-11,60,40,0.00,0.0,0
1971-10-12,58,41,T,0.0,0
1971-10-13,62,34,0.00,0.0,0
1971-10-14,72,50,0.00,0.0,0
1971-10-15,75,45,0.00,0.0,0
1971-10-16,73,45,0.00,0.0,0
1971-10-17,61,34,0.00,0.0,0
1971-10-18,64,32,0.00,0.0,0
1971-10-19,66,33,0.00,0.0,0
1971-10-20,58,39,0.00,0.0,0
1971-10-21,70,40,0.00,0.0,0
1971-10-22,64,42,0.00,0.0,0
1971-10-23,71,45,0.00,0.0,0
1971-10-24,56,45,0.01,0.0,0
1971-10-25,53,47,0.36,0.0,0
1971-10-26,67,51,0.00,0.0,0
1971-10-27,67,48,0.00,0.0,0
1971-10-28,77,48,0.00,0.0,0
1971-10-29,71,39,T,0.0,0
1971-10-30,71,36,0.00,0.0,0
1971-10-31,48,42,0.00,0.0,0
1971-11-01,70,39,T,0.0,0
1971-11-02,51,39,0.12,0.0,0
1971-11-03,50,36,T,0.0,0
1971-11-04,49,28,T,0.0,0
1971-11-05,46,24,T,T,0
1971-11-06,53,21,0.00,0.0,0
1971-11-07,51,25,0.18,T,0
1971-11-08,32,20,T,T,0
1971-11-09,33,12,0.00,0.0,0
1971-11-10,38,17,0.02,0.3,0
1971-11-11,34,30,0.12,1.9,2
1971-11-12,37,19,0.00,0.0,1
1971-11-13,37,22,0.00,0.0,0
1971-11-14,38,12,0.00,0.0,0
1971-11-15,33,15,0.00,0.0,0
1971-11-16,50,21,0.00,0.0,0
1971-11-17,44,15,0.00,0.0,0
1971-11-18,45,30,0.00,0.0,0
1971-11-19,52,28,T,0.0,0
1971-11-20,46,23,0.00,0.0,0
1971-11-21,34,22,0.22,1.0,0
1971-11-22,35,26,0.07,1.0,2
1971-11-23,27,10,T,T,2
1971-11-24,28,8,T,T,1
1971-11-25,29,26,1.37,15.2,2
1971-11-26,36,11,0.01,0.4,16
1971-11-27,34,15,T,0.2,13
1971-11-28,42,30,T,T,12
1971-11-29,35,29,0.51,2.4,11
1971-11-30,35,25,0.31,0.9,12
1971-12-01,27,8,T,T,12
1971-12-02,26,-0,0.00,0.0,12
1971-12-03,36,-0,0.03,0.2,10
1971-12-04,28,2,T,T,9
1971-12-05,29,-5,0.00,0.0,8
1971-12-06,29,-2,0.37,4.6,7
1971-12-07,39,29,0.05,T,12
1971-12-08,40,30,0.01,T,10
1971-12-09,36,31,0.20,0.0,9
1971-12-10,42,33,0.02,0.0,7
1971-12-11,48,35,0.04,0.0,6
1971-12-12,40,21,0.00,0.0,5
1971-12-13,41,29,0.00,0.0,5
1971-12-14,31,24,0.03,0.5,5
1971-12-15,33,24,0.29,1.1,6
1971-12-16,49,33,0.07,0.0,6
1971-12-17,40,27,T,T,4
1971-12-18,27,-0,0.17,3.2,7
1971-12-19,14,-10,0.10,2.0,7
1971-12-20,25,14,0.13,2.0,10
1971-12-21,38,23,0.00,0.0,10
1971-12-22,34,-6,T,T,9
1971-12-23,28,-12,0.00,0.0,9
1971-12-24,42,24,0.08,T,8
1971-12-25,35,11,0.01,0.3,5
1971-12-26,40,13,T,T,5
1971-12-27,33,19,0.05,T,3
1971-12-28,42,23,0.04,0.0,2
1971-12-29,37,20,0.00,0.0,2
1971-12-30,30,14,0.77,10.1,2
1971-12-31,18,-10,0.11,2.4,13
1972-01-01,19,-18,0.00,0.0,13
1972-01-02,38,6,0.48,5.0,12
1972-01-03,37,28,0.00,0.0,15
1972-01-04,31,18,T,T,14
1972-01-05,29,-9,0.08,1.0,15
1972-01-06,21,-17,0.00,0.0,14
1972-01-07,29,-10,T,T,13
1972-01-08,27,-4,T,T,13
1972-01-09,39,-1,0.01,T,13
1972-01-10,48,18,0.00,0.0,11
1972-01-11,43,18,T,T,6
1972-01-12,41,20,0.02,T,5
1972-01-13,50,20,0.03,0.0,4
1972-01-14,46,8,0.01,T,2
1972-01-15,22,5,T,T,2
1972-01-16,7,-11,0.00,0.0,2
1972-01-17,16,-14,0.02,0.6,2
1972-01-18,40,4,0.00,0.0,2
1972-01-19,47,29,T,0.0,2
1972-01-20,30,18,0.27,4.0,2
1972-01-21,30,-1,0.00,0.0,6
1972-01-22,29,-5,T,T,5
1972-01-23,47,28,0.05,0.0,3
1972-01-24,37,26,0.14,1.0,3
1972-01-25,45,15,0.32,T,2
1972-01-26,15,4,T,T,1
1972-01-27,21,-2,0.00,0.0,1
1972-01-28,25,3,0.11,1.0,2
1972-01-29,30,-3,0.00,0.0,2
1972-01-30,29,-4,0.00,0.0,2
1972-01-31,24,2,0.00,0.0,2
1972-02-01,29,-3,0.00,0.0,2
1972-02-02,28,7,0.00,0.0,2
1972-02-03,30,16,0.33,3.6,2
1972-02-04,40,18,0.19,1.0,5
1972-02-05,18,6,0.00,0.0,5
1972-02-06,25,-0,0.00,0.0,5
1972-02-07,20,-9,0.03,T,5
1972-02-08,16,-12,0.00,0.0,4
1972-02-09,29,-7,0.00,0.0,4
1972-02-10,26,-9,0.00,0.0,4
1972-02-11,25,-6,0.00,0.0,3
1972-02-12,34,-8,0.00,0.0,3
1972-02-13,40,16,0.45,T,3
1972-02-14,42,33,T,0.0,2
1972-02-15,50,27,T,0.0,1
1972-02-16,37,18,0.00,0.0,T
1972-02-17,35,8,0.00,0.0,T
1972-02-18,34,15,T,T,T
1972-02-19,26,13,0.73,7.5,T
1972-02-20,15,-0,0.03,0.2,8
1972-02-21,20,-11,T,T,8
1972-02-22,30,-7,T,T,8
1972-02-23,11,-17,T,T,8
1972-02-24,32,8,0.15,1.8,10
1972-02-25,34,16,T,T,10
1972-02-26,30,19,0.52,7.0,13
1972-02-27,36,-1,0.00,0.0,17
1972-02-28,41,26,T,T,16
1972-02-29,43,29,T,T,15
1972-03-01,65,29,0.00,0.0,12
1972-03-02,36,30,0.48,0.0,5
1972-03-03,34,11,0.43,2.8,2
1972-03-04,29,1,0.00,0.0,5
1972-03-05,32,19,0.20,2.9,6
1972-03-06,21,15,0.00,0.0,7
1972-03-07,42,-4,T,T,7
1972-03-08,42,19,0.02,T,5
1972-03-09,21,-0,T,T,5
1972-03-10,29,-8,T,T,3
1972-03-11,31,-3,0.00,0.0,3
1972-03-12,40,29,0.00,0.0,2
1972-03-13,40,22,0.00,0.0,1
1972-03-14,30,14,0.16,2.0,1
1972-03-15,33,23,0.47,5.8,7
1972-03-16,44,21,0.03,0.0,8
1972-03-17,39,35,0.66,0.0,3
1972-03-18,41,29,0.20,0.0,2
1972-03-19,36,17,T,T,1
1972-03-20,36,8,0.00,0.0,1
1972-03-21,46,26,T,T,0
1972-03-22,41,32,0.48,T,0
1972-03-23,44,34,0.05,T,T
1972-03-24,35,29,0.25,1.5,1
1972-03-25,32,23,T,T,1
1972-03-26,30,20,T,T,1
1972-03-27,31,19,T,T,1
1972-03-28,41,21,T,T,1
1972-03-29,55,34,0.00,0.0,0
1972-03-30,39,33,0.03,T,0
1972-03-31,47,30,0.03,T,T
1972-04-01,56,27,0.00,0.0,0
1972-04-02,47,24,0.20,1.0,0
1972-04-03,42,32,T,T,1
1972-04-04,39,25,0.04,0.4,0
1972-04-05,41,24,T,T,0
1972-04-06,42,20,0.29,3.7,0
1972-04-07,31,13,T,T,3
1972-04-08,36,19,0.00,0.0,2
1972-04-09,44,20,T,T,T
1972-04-10,48,25,0.00,0.0,0
1972-04-11,48,23,0.00,0.0,0
1972-04-12,56,27,0.00,0.0,0
1972-04-13,36,25,0.63,T,0
1972-04-14,43,34,T,0.0,0
1972-04-15,41,34,0.09,0.0,0
1972-04-16,51,36,0.20,0.0,0
1972-04-17,60,37,0.10,0.0,0
1972-04-18,56,36,0.00,0.0,0
1972-04-19,70,34,0.00,0.0,0
1972-04-20,43,30,0.60,2.0,0
1972-04-21,48,20,0.00,0.0,1
1972-04-22,54,24,0.09,T,0
1972-04-23,49,35,0.17,0.0,0
1972-04-24,55,38,0.00,0.0,0
1972-04-25,48,27,0.00,0.0,0
1972-04-26,51,22,0.00,0.0,0
1972-04-27,45,21,0.00,0.0,0
1972-04-28,58,26,0.00,0.0,0
1972-04-29,62,29,0.00,0.0,0
1972-04-30,73,26,0.00,0.0,0
1972-05-01,76,40,0.00,0.0,0
1972-05-02,49,40,0.20,0.0,0
1972-05-03,45,40,0.20,0.0,0
1972-05-04,50,43,0.75,0.0,0
1972-05-05,50,33,T,0.0,0
1972-05-06,69,31,0.00,0.0,0
1972-05-07,66,46,T,0.0,0
1972-05-08,53,42,0.04,0.0,0
1972-05-09,45,39,0.20,0.0,0
1972-05-10,58,33,0.00,0.0,0
1972-05-11,58,26,0.07,0.0,0
1972-05-12,62,30,0.00,0.0,0
1972-05-13,78,31,0.00,0.0,0
1972-05-14,70,47,T,0.0,0
1972-05-15,61,55,0.15,0.0,0
1972-05-16,68,56,0.11,0.0,0
1972-05-17,69,55,0.98,0.0,0
1972-05-18,78,50,T,0.0,0
1972-05-19,73,53,0.00,0.0,0
1972-05-20,60,53,0.17,0.0,0
1972-05-21,85,55,0.00,0.0,0
1972-05-22,83,46,0.00,0.0,0
1972-05-23,88,37,0.00,0.0,0
1972-05-24,80,47,0.00,0.0,0
1972-05-25,73,38,0.00,0.0,0
1972-05-26,75,33,0.00,0.0,0
1972-05-27,82,39,0.00,0.0,0
1972-05-28,88,43,0.00,0.0,0
1972-05-29,87,47,0.00,0.0,0
1972-05-30,82,55,T,0.0,0
1972-05-31,68,62,0.40,0.0,0
1972-06-01,73,61,0.54,0.0,0
1972-06-02,66,51,0.02,0.0,0
1972-06-03,81,45,0.00,0.0,0
1972-06-04,71,55,0.14,0.0,0
1972-06-05,76,53,0.00,0.0,0
1972-06-06,75,48,0.17,0.0,0
1972-06-07,62,45,0.17,0.0,0
1972-06-08,65,44,0.13,0.0,0
1972-06-09,74,55,0.02,0.0,0
1972-06-10,57,40,T,0.0,0
1972-06-11,64,34,0.00,0.0,0
1972-06-12,70,33,T,0.0,0
1972-06-13,73,53,0.00,0.0,0
1972-06-14,85,57,0.00,0.0,0
1972-06-15,86,66,0.22,0.0,0
1972-06-16,72,62,0.36,0.0,0
1972-06-17,77,55,0.00,0.0,0
1972-06-18,74,52,T,0.0,0
1972-06-19,65,55,0.07,0.0,0
1972-06-20,81,62,T,0.0,0
1972-06-21,80,65,0.03,0.0,0
1972-06-22,72,61,0.13,0.0,0
1972-06-23,67,59,0.55,0.0,0
1972-06-24,67,58,0.50,0.0,0
1972-06-25,66,56,0.78,0.0,0
1972-06-26,72,55,0.05,0.0,0
1972-06-27,76,54,0.00,0.0,0
1972-06-28,79,56,0.00,0.0,0
1972-06-29,83,60,0.00,0.0,0
1972-06-30,64,58,0.51,0.0,0
1972-07-01,78,57,0.00,0.0,0
1972-07-02,89,55,0.00,0.0,0
1972-07-03,71,57,0.45,0.0,0
1972-07-04,72,52,0.00,0.0,0
1972-07-05,64,46,0.00,0.0,0
1972-07-06,75,49,0.00,0.0,0
1972-07-07,78,46,0.00,0.0,0
1972-07-08,73,50,T,0.0,0
1972-07-09,83,54,0.00,0.0,0
1972-07-10,72,57,1.13,0.0,0
1972-07-11,83,59,0.06,0.0,0
1972-07-12,92,58,0.00,0.0,0
1972-07-13,78,67,T,0.0,0
1972-07-14,85,68,T,0.0,0
1972-07-15,90,71,0.02,0.0,0
1972-07-16,89,71,0.09,0.0,0
1972-07-17,88,65,T,0.0,0
1972-07-18,92,63,0.00,0.0,0
1972-07-19,88,71,0.07,0.0,0
1972-07-20,84,68,T,0.0,0
1972-07-21,87,69,0.11,0.0,0
1972-07-22,83,60,T,0.0,0
1972-07-23,80,64,1.96,0.0,0
1972-07-24,81,63,0.13,0.0,0
1972-07-25,81,61,0.14,0.0,0
1972-07-26,75,60,0.01,0.0,0
1972-07-27,76,59,0.00,0.0,0
1972-07-28,77,57,T,0.0,0
1972-07-29,75,55,0.24,0.0,0
1972-07-30,79,54,0.00,0.0,0
1972-07-31,79,51,T,0.0,0
1972-08-01,81,60,0.08,0.0,0
1972-08-02,73,58,0.13,0.0,0
1972-08-03,76,60,0.29,0.0,0
1972-08-04,69,46,0.07,0.0,0
1972-08-05,75,41,0.00,0.0,0
1972-08-06,76,47,0.00,0.0,0
1972-08-07,77,60,0.07,0.0,0
1972-08-08,74,58,0.00,0.0,0
1972-08-09,79,57,0.01,0.0,0
1972-08-10,65,50,0.00,0.0,0
1972-08-11,74,43,0.00,0.0,0
1972-08-12,73,55,T,0.0,0
1972-08-13,82,55,0.00,0.0,0
1972-08-14,59,50,0.04,0.0,0
1972-08-15,73,47,0.22,0.0,0
1972-08-16,73,45,T,0.0,0
1972-08-17,68,54,0.01,0.0,0
1972-08-18,72,59,0.03,0.0,0
1972-08-19,78,53,0.00,0.0,0
1972-08-20,77,50,0.00,0.0,0
1972-08-21,83,50,0.00,0.0,0
1972-08-22,86,51,0.00,0.0,0
1972-08-23,86,55,T,0.0,0
1972-08-24,87,65,0.00,0.0,0
1972-08-25,89,67,0.12,0.0,0
1972-08-26,83,63,0.00,0.0,0
1972-08-27,73,63,1.19,0.0,0
1972-08-28,77,61,0.08,0.0,0
1972-08-29,79,52,0.00,0.0,0
1972-08-30,77,50,0.00,0.0,0
1972-08-31,85,50,0.00,0.0,0
1972-09-01,87,57,0.00,0.0,0
1972-09-02,77,53,0.00,0.0,0
1972-09-03,71,56,T,0.0,0
1972-09-04,65,53,0.00,0.0,0
1972-09-05,73,44,0.00,0.0,0
1972-09-06,74,45,0.00,0.0,0
1972-09-07,79,43,0.00,0.0,0
1972-09-08,70,50,0.03,0.0,0
1972-09-09,66,47,0.02,0.0,0
1972-09-10,67,44,0.00,0.0,0
1972-09-11,75,36,0.00,0.0,0
1972-09-12,74,53,0.00,0.0,0
1972-09-13,61,50,0.25,0.0,0
1972-09-14,70,48,0.52,0.0,0
1972-09-15,70,42,0.00,0.0,0
1972-09-16,76,44,0.00,0.0,0
1972-09-17,80,50,0.00,0.0,0
1972-09-18,80,59,0.00,0.0,0
1972-09-19,63,46,0.91,0.0,0
1972-09-20,65,39,0.00,0.0,0
1972-09-21,67,36,0.01,0.0,0
1972-09-22,64,40,0.01,0.0,0
1972-09-23,65,33,0.00,0.0,0
1972-09-24,60,40,T,0.0,0
1972-09-25,74,55,0.00,0.0,0
1972-09-26,76,56,0.02,0.0,0
1972-09-27,72,48,0.00,0.0,0
1972-09-28,64,37,0.00,0.0,0
1972-09-29,54,38,0.02,0.0,0
1972-09-30,70,43,0.05,0.0,0
1972-10-01,58,33,0.00,0.0,0
1972-10-02,63,33,0.00,0.0,0
1972-10-03,72,39,0.00,0.0,0
1972-10-04,75,45,0.00,0.0,0
1972-10-05,70,45,0.00,0.0,0
1972-10-06,66,43,0.13,0.0,0
1972-10-07,58,54,1.68,0.0,0
1972-10-08,62,48,T,0.0,0
1972-10-09,48,38,T,T,0
1972-10-10,50,27,0.00,0.0,0
1972-10-11,60,25,0.00,0.0,0
1972-10-12,56,42,0.14,0.0,0
1972-10-13,48,27,0.00,0.0,0
1972-10-14,51,26,0.17,0.0,0
1972-10-15,43,26,0.09,T,0
1972-10-16,50,25,T,0.0,0
1972-10-17,52,32,0.01,0.0,0
1972-10-18,44,22,0.00,0.0,0
1972-10-19,44,21,0.00,0.0,0
1972-10-20,42,16,0.00,0.0,0
1972-10-21,48,15,0.00,0.0,0
1972-10-22,46,38,0.02,0.0,0
1972-10-23,52,41,0.13,0.0,0
1972-10-24,61,42,T,0.0,0
1972-10-25,45,37,0.00,0.0,0
1972-10-26,55,31,0.00,0.0,0
1972-10-27,63,26,0.00,0.0,0
1972-10-28,53,30,0.22,0.0,0
1972-10-29,54,37,0.60,0.0,0
1972-10-30,41,25,0.00,0.0,0
1972-10-31,45,24,0.00,0.0,0
1972-11-01,45,32,0.00,0.0,0
1972-11-02,49,40,0.60,0.0,0
1972-11-03,54,37,0.03,0.0,0
1972-11-04,37,31,0.17,1.2,0
1972-11-05,37,31,0.17,1.2,1
1972-11-06,43,30,T,0.0,0
1972-11-07,38,30,0.00,0.0,0
1972-11-08,45,34,0.93,0.0,0
1972-11-09,41,36,0.44,0.0,0
1972-11-10,45,28,0.00,0.0,0
1972-11-11,41,28,0.22,0.0,0
1972-11-12,41,34,0.02,0.0,0
1972-11-13,44,38,0.02,0.0,0
1972-11-14,38,30,0.69,5.8,0
1972-11-15,30,25,0.15,2.0,8
1972-11-16,33,10,0.00,0.0,7
1972-11-17,27,7,T,T,4
1972-11-18,43,18,0.00,0.0,4
1972-11-19,38,14,T,T,3
1972-11-20,38,31,0.98,T,2
1972-11-21,33,21,0.00,0.0,1
1972-11-22,28,10,0.00,0.0,1
1972-11-23,28,5,0.00,0.0,1
1972-11-24,38,21,0.00,0.0,1
1972-11-25,38,31,0.00,0.0,T
1972-11-26,54,33,0.86,T,T
1972-11-27,42,40,0.02,0.0,0
1972-11-28,40,33,0.30,T,0
1972-11-29,36,20,T,T,T
1972-11-30,32,16,0.40,6.3,0
1972-12-01,37,25,0.56,6.0,10
1972-12-02,30,13,0.00,0.0,8
1972-12-03,46,18,0.00,0.0,7
1972-12-04,21,10,0.64,8.0,6
1972-12-05,28,18,0.23,1.7,15
1972-12-06,43,27,0.63,0.0,14
1972-12-07,35,1,0.00,0.0,10
1972-12-08,26,-4,0.42,3.9,9
1972-12-09,34,26,0.04,0.0,11
1972-12-10,37,22,0.05,T,10
1972-12-11,34,2,T,T,10
1972-12-12,24,-1,0.14,1.0,10
1972-12-13,45,23,0.03,0.1,10
1972-12-14,33,12,0.00,0.0,10
1972-12-15,21,7,0.43,4.8,8
1972-12-16,31,12,0.31,4.0,15
1972-12-17,13,-7,0.00,0.0,17
1972-12-18,30,-10,T,T,17
1972-12-19,34,24,0.01,0.1,17
1972-12-20,32,20,0.04,0.4,17
1972-12-21,24,18,0.26,1.4,17
1972-12-22,33,23,0.37,3.6,20
1972-12-23,36,25,0.00,0.0,21
1972-12-24,37,32,0.00,0.0,17
1972-12-25,36,32,0.01,0.0,15
1972-12-26,35,32,0.07,T,14
1972-12-27,33,22,T,T,13
1972-12-28,31,21,0.08,1.0,14
1972-12-29,22,14,0.00,0.0,14
1972-12-30,25,13,0.45,3.8,14
1972-12-31,34,20,0.51,1.6,18
1973-01-01,44,33,0.13,0.0,16
1973-01-02,36,19,T,T,15
1973-01-03,34,15,0.00,0.0,15
1973-01-04,37,15,0.31,2.5,16
1973-01-05,38,23,0.00,0.0,18
1973-01-06,23,1,T,0.2,17
1973-01-07,9,-5,0.00,0.0,17
1973-01-08,6,-16,0.00,0.0,17
1973-01-09,3,-19,T,T,17
1973-01-10,24,-7,0.00,0.0,17
1973-01-11,28,-6,0.00,0.0,17
1973-01-12,23,3,T,T,16
1973-01-13,24,-10,0.00,0.0,16
1973-01-14,32,3,0.00,0.0,16
1973-01-15,37,21,0.00,0.0,14
1973-01-16,47,26,0.00,0.0,14
1973-01-17,53,21,0.00,0.0,11
1973-01-18,50,31,0.00,0.0,8
1973-01-19,53,25,0.21,0.0,8
1973-01-20,45,16,0.63,1.0,7
1973-01-21,30,7,0.00,0.0,7
1973-01-22,34,5,0.61,0.0,7
1973-01-23,43,34,0.07,0.0,6
1973-01-24,39,22,T,T,6
1973-01-25,34,12,0.00,0.0,6
1973-01-26,44,23,0.00,0.0,6
1973-01-27,37,22,0.00,0.0,6
1973-01-28,33,24,0.07,0.6,5
1973-01-29,26,5,0.88,11.5,11
1973-01-30,23,-14,T,T,18
1973-01-31,18,-17,0.02,0.4,18
1973-02-01,12,-17,T,T,17
1973-02-02,34,12,0.97,T,17
1973-02-03,44,28,0.04,0.0,16
1973-02-04,38,24,T,T,12
1973-02-05,39,18,0.00,0.0,11
1973-02-06,34,3,0.00,0.0,10
1973-02-07,40,22,0.00,0.0,9
1973-02-08,38,23,0.04,T,8
1973-02-09,23,-2,0.00,0.0,8
1973-02-10,27,-10,0.00,0.0,7
1973-02-11,20,-3,0.00,0.0,7
1973-02-12,17,-4,T,T,7
1973-02-13,26,10,T,T,7
1973-02-14,40,2,0.00,0.0,7
1973-02-15,35,28,0.33,4.4,10
1973-02-16,28,3,T,T,11
1973-02-17,10,-10,0.00,0.0,11
1973-02-18,26,-19,0.00,0.0,11
1973-02-19,37,-5,0.00,0.0,11
1973-02-20,45,29,0.00,0.0,10
1973-02-21,43,29,0.07,T,8
1973-02-22,35,26,0.04,T,7
1973-02-23,31,23,0.02,0.3,7
1973-02-24,31,7,0.00,0.0,7
1973-02-25,28,3,T,T,7
1973-02-26,33,7,T,T,7
1973-02-27,24,-1,0.00,0.0,6
1973-02-28,38,-3,0.00,0.0,6
1973-03-01,48,14,0.00,0.0,6
1973-03-02,44,28,T,0.0,5
1973-03-03,35,32,T,0.0,4
1973-03-04,50,32,T,0.0,4
1973-03-05,51,30,0.00,0.0,3
1973-03-06,40,29,0.00,0.0,3
1973-03-07,38,32,0.01,0.0,3
1973-03-08,55,35,0.31,0.0,2
1973-03-09,48,29,0.00,0.0,2
1973-03-10,41,29,T,0.0,1
1973-03-11,41,31,0.13,0.0,1
1973-03-12,58,37,T,0.0,T
1973-03-13,53,29,T,0.0,T
1973-03-14,42,27,0.00,0.0,T
1973-03-15,43,30,0.13,0.0,T
1973-03-16,60,32,0.00,0.0,T
1973-03-17,52,39,1.02,T,0
1973-03-18,42,30,0.03,T,0
1973-03-19,39,31,T,T,0
1973-03-20,35,25,T,T,0
1973-03-21,36,19,0.00,0.0,0
1973-03-22,43,30,T,T,0
1973-03-23,50,25,0.00,0.0,0
1973-03-24,56,21,0.00,0.0,0
1973-03-25,61,23,0.00,0.0,0
1973-03-26,45,38,0.47,0.0,0
1973-03-27,47,24,0.00,0.0,0
1973-03-28,53,18,0.00,0.0,0
1973-03-29,54,25,0.00,0.0,0
1973-03-30,53,26,0.00,0.0,0
1973-03-31,64,39,0.00,0.0,0
1973-04-01,52,42,0.63,0.0,0
1973-04-02,42,33,0.91,T,0
1973-04-03,45,33,0.09,1.0,1
1973-04-04,45,32,0.75,2.0,0
1973-04-05,40,32,0.05,1.1,3
1973-04-06,49,33,0.00,0.0,T
1973-04-07,53,35,0.00,0.0,0
1973-04-08,48,25,0.00,0.0,0
1973-04-09,49,22,0.00,0.0,0
1973-04-10,38,31,0.59,4.0,1
1973-04-11,35,31,T,T,4
1973-04-12,39,25,0.00,0.0,3
1973-04-13,39,21,0.00,0.0,2
1973-04-14,52,18,0.00,0.0,T
1973-04-15,68,23,0.00,0.0,0
1973-04-16,78,27,0.00,0.0,0
1973-04-17,69,44,0.00,0.0,0
1973-04-18,72,43,T,0.0,0
1973-04-19,76,42,0.00,0.0,0
1973-04-20,70,31,0.00,0.0,0
1973-04-21,76,45,0.00,0.0,0
1973-04-22,84,50,0.12,0.0,0
1973-04-23,73,49,0.00,0.0,0
1973-04-24,69,40,0.00,0.0,0
1973-04-25,65,42,0.00,0.0,0
1973-04-26,53,43,0.08,0.0,0
1973-04-27,46,42,0.21,0.0,0
1973-04-28,59,44,0.67,0.0,0
1973-04-29,46,39,T,0.0,0
1973-04-30,57,34,0.00,0.0,0
1973-05-01,69,34,T,0.0,0
1973-05-02,75,49,0.02,0.0,0
1973-05-03,72,50,0.33,0.0,0
1973-05-04,54,40,T,0.0,0
1973-05-05,51,40,T,0.0,0
1973-05-06,54,37,T,0.0,0
1973-05-07,67,30,0.00,0.0,0
1973-05-08,70,33,0.07,0.0,0
1973-05-09,54,46,0.33,0.0,0
1973-05-10,76,48,0.46,0.0,0
1973-05-11,68,51,0.38,0.0,0
1973-05-12,65,44,0.16,0.0,0
1973-05-13,58,41,0.00,0.0,0
1973-05-14,56,38,0.00,0.0,0
1973-05-15,62,37,0.21,0.0,0
1973-05-16,64,45,0.39,0.0,0
1973-05-17,65,35,0.00,0.0,0
1973-05-18,50,42,0.17,0.0,0
1973-05-19,50,38,T,0.0,0
1973-05-20,69,35,0.34,0.0,0
1973-05-21,54,47,1.38,0.0,0
1973-05-22,57,40,0.10,0.0,0
1973-05-23,70,39,0.00,0.0,0
1973-05-24,73,39,0.00,0.0,0
1973-05-25,58,47,0.00,0.0,0
1973-05-26,64,47,0.00,0.0,0
1973-05-27,67,48,0.00,0.0,0
1973-05-28,55,48,0.65,0.0,0
1973-05-29,73,55,0.02,0.0,0
1973-05-30,74,55,0.14,0.0,0
1973-05-31,71,57,0.09,0.0,0
1973-06-01,74,47,0.23,0.0,0
1973-06-02,65,43,0.00,0.0,0
1973-06-03,75,35,0.00,0.0,0
1973-06-04,71,44,0.03,0.0,0
1973-06-05,77,59,0.05,0.0,0
1973-06-06,77,57,T,0.0,0
1973-06-07,83,56,0.00,0.0,0
1973-06-08,85,53,0.00,0.0,0
1973-06-09,84,56,T,0.0,0
1973-06-10,82,53,0.00,0.0,0
1973-06-11,92,60,0.37,0.0,0
1973-06-12,86,60,0.32,0.0,0
1973-06-13,75,59,0.17,0.0,0
1973-06-14,76,55,0.03,0.0,0
1973-06-15,62,43,0.05,0.0,0
1973-06-16,56,48,0.65,0.0,0
1973-06-17,69,49,0.01,0.0,0
1973-06-18,64,43,0.00,0.0,0
1973-06-19,80,56,0.00,0.0,0
1973-06-20,83,55,0.00,0.0,0
1973-06-21,87,67,0.20,0.0,0
1973-06-22,78,67,0.31,0.0,0
1973-06-23,80,63,0.00,0.0,0
1973-06-24,82,64,T,0.0,0
1973-06-25,79,60,0.00,0.0,0
1973-06-26,81,59,0.00,0.0,0
1973-06-27,79,65,0.20,0.0,0
1973-06-28,79,65,0.57,0.0,0
1973-06-29,76,68,0.95,0.0,0
1973-06-30,73,65,1.56,0.0,0
1973-07-01,85,64,0.00,0.0,0
1973-07-02,88,63,0.00,0.0,0
1973-07-03,85,64,0.00,0.0,0
1973-07-04,74,69,2.44,0.0,0
1973-07-05,82,64,0.15,0.0,0
1973-07-06,80,57,0.00,0.0,0
1973-07-07,88,56,0.00,0.0,0
1973-07-08,95,63,0.00,0.0,0
1973-07-09,89,66,0.00,0.0,0
1973-07-10,82,64,T,0.0,0
1973-07-11,77,56,0.00,0.0,0
1973-07-12,68,50,0.00,0.0,0
1973-07-13,78,47,0.00,0.0,0
1973-07-14,83,59,0.05,0.0,0
1973-07-15,72,59,0.20,0.0,0
1973-07-16,80,55,0.00,0.0,0
1973-07-17,80,50,0.00,0.0,0
1973-07-18,81,56,0.00,0.0,0
1973-07-19,83,53,0.00,0.0,0
1973-07-20,83,59,T,0.0,0
1973-07-21,78,58,0.01,0.0,0
1973-07-22,84,55,0.00,0.0,0
1973-07-23,84,48,0.00,0.0,0
1973-07-24,89,50,0.00,0.0,0
1973-07-25,88,55,0.00,0.0,0
1973-07-26,80,59,T,0.0,0
1973-07-27,84,70,0.32,0.0,0
1973-07-28,90,66,0.00,0.0,0
1973-07-29,80,60,0.01,0.0,0
1973-07-30,85,59,0.00,0.0,0
1973-07-31,87,62,0.00,0.0,0
1973-08-01,84,63,0.04,0.0,0
1973-08-02,73,69,0.83,0.0,0
1973-08-03,87,69,T,0.0,0
1973-08-04,85,63,0.00,0.0,0
1973-08-05,85,59,0.00,0.0,0
1973-08-06,82,56,T,0.0,0
1973-08-07,87,62,0.01,0.0,0
1973-08-08,85,64,0.00,0.0,0
1973-08-09,91,65,0.00,0.0,0
1973-08-10,94,70,0.35,0.0,0
1973-08-11,81,65,T,0.0,0
1973-08-12,83,62,0.00,0.0,0
1973-08-13,77,60,T,0.0,0
1973-08-14,79,58,T,0.0,0
1973-08-15,66,62,0.25,0.0,0
1973-08-16,83,59,0.00,0.0,0
1973-08-17,85,59,0.00,0.0,0
1973-08-18,86,60,0.00,0.0,0
1973-08-19,79,59,0.00,0.0,0
1973-08-20,81,57,0.00,0.0,0
1973-08-21,80,56,0.00,0.0,0
1973-08-22,76,54,0.03,0.0,0
1973-08-23,77,53,0.00,0.0,0
1973-08-24,75,49,0.00,0.0,0
1973-08-25,83,46,0.00,0.0,0
1973-08-26,80,56,T,0.0,0
1973-08-27,87,64,0.22,0.0,0
1973-08-28,86,62,1.47,0.0,0
1973-08-29,89,57,0.00,0.0,0
1973-08-30,93,64,0.00,0.0,0
1973-08-31,93,64,0.12,0.0,0
1973-09-01,84,64,0.08,0.0,0
1973-09-02,89,68,T,0.0,0
1973-09-03,89,68,0.00,0.0,0
1973-09-04,87,67,0.00,0.0,0
1973-09-05,83,65,T,0.0,0
1973-09-06,75,58,0.12,0.0,0
1973-09-07,68,51,0.00,0.0,0
1973-09-08,62,46,0.00,0.0,0
1973-09-09,60,42,0.00,0.0,0
1973-09-10,70,42,0.00,0.0,0
1973-09-11,75,44,0.00,0.0,0
1973-09-12,68,47,0.00,0.0,0
1973-09-13,68,43,0.00,0.0,0
1973-09-14,60,46,0.36,0.0,0
1973-09-15,60,50,0.04,0.0,0
1973-09-16,65,42,0.00,0.0,0
1973-09-17,63,35,T,0.0,0
1973-09-18,63,47,0.71,0.0,0
1973-09-19,67,38,0.00,0.0,0
1973-09-20,65,37,0.02,0.0,0
1973-09-21,56,31,0.00,0.0,0
1973-09-22,54,32,0.76,0.0,0
1973-09-23,71,52,T,0.0,0
1973-09-24,54,48,0.09,0.0,0
1973-09-25,65,45,0.00,0.0,0
1973-09-26,69,43,0.00,0.0,0
1973-09-27,76,48,T,0.0,0
1973-09-28,69,40,0.02,0.0,0
1973-09-29,69,39,0.00,0.0,0
1973-09-30,63,34,0.00,0.0,0
1973-10-01,71,35,0.00,0.0,0
1973-10-02,64,35,0.04,0.0,0
1973-10-03,64,57,0.34,0.0,0
1973-10-04,71,56,0.01,0.0,0
1973-10-05,68,40,0.60,0.0,0
1973-10-06,62,36,0.00,0.0,0
1973-10-07,64,32,0.00,0.0,0
1973-10-08,67,30,0.00,0.0,0
1973-10-09,70,30,0.00,0.0,0
1973-10-10,58,33,0.00,0.0,0
1973-10-11,63,35,0.00,0.0,0
1973-10-12,73,33,0.00,0.0,0
1973-10-13,75,37,0.01,0.0,0
1973-10-14,62,44,0.14,0.0,0
1973-10-15,63,37,T,0.0,0
1973-10-16,52,34,T,0.0,0
1973-10-17,49,35,0.00,0.0,0
1973-10-18,47,32,0.07,0.0,0
1973-10-19,55,31,0.00,0.0,0
1973-10-20,45,41,0.01,0.0,0
1973-10-21,55,30,0.00,0.0,0
1973-10-22,61,26,0.00,0.0,0
1973-10-23,67,31,0.00,0.0,0
1973-10-24,73,34,0.00,0.0,0
1973-10-25,53,39,T,0.0,0
1973-10-26,59,41,0.00,0.0,0
1973-10-27,49,29,0.00,0.0,0
1973-10-28,48,23,0.00,0.0,0
1973-10-29,48,33,0.06,0.0,0
1973-10-30,60,41,0.86,0.0,0
1973-10-31,60,36,0.00,0.0,0
1973-11-01,49,36,0.54,0.0,0
1973-11-02,57,43,0.06,0.0,0
1973-11-03,47,38,0.11,0.0,0
1973-11-04,43,24,0.00,0.0,0
1973-11-05,41,21,0.00,0.0,0
1973-11-06,33,26,0.05,T,T
1973-11-07,40,16,0.00,0.0,0
1973-11-08,43,28,T,T,0
1973-11-09,38,27,T,T,0
1973-11-10,34,16,T,T,0
1973-11-11,38,12,0.00,0.0,0
1973-11-12,41,24,T,T,0
1973-11-13,48,39,0.00,0.0,0
1973-11-14,66,37,0.00,0.0,0
1973-11-15,46,32,0.42,0.0,0
1973-11-16,42,29,0.44,T,0
1973-11-17,37,23,0.00,0.0,0
1973-11-18,44,28,0.00,0.0,0
1973-11-19,42,25,0.00,0.0,0
1973-11-20,39,20,0.00,0.0,0
1973-11-21,43,16,T,0.0,0
1973-11-22,47,40,0.04,0.0,0
1973-11-23,45,35,T,0.0,0
1973-11-24,40,33,0.18,0.0,0
1973-11-25,52,35,0.08,0.0,0
1973-11-26,44,28,0.00,0.0,0
1973-11-27,39,32,0.15,0.0,0
1973-11-28,44,37,0.33,0.0,0
1973-11-29,49,35,T,T,0
1973-11-30,41,33,0.03,T,0
1973-12-01,34,26,T,T,0
1973-12-02,34,20,T,T,0
1973-12-03,39,17,0.00,0.0,0
1973-12-04,47,24,T,0.0,0
1973-12-05,60,37,0.58,0.0,0
1973-12-06,61,38,0.02,0.0,0
1973-12-07,39,22,0.00,0.0,0
1973-12-08,29,15,0.00,0.0,0
1973-12-09,47,24,0.44,T,0
1973-12-10,47,29,0.00,0.0,0
1973-12-11,36,27,T,T,0
1973-12-12,34,16,T,T,T
1973-12-13,37,12,T,T,0
1973-12-14,39,31,0.73,T,0
1973-12-15,31,18,0.00,0.0,0
1973-12-16,25,15,0.16,1.7,0
1973-12-17,18,14,1.67,5.5,4
1973-12-18,14,-5,0.03,T,6
1973-12-19,17,-6,0.00,0.0,5
1973-12-20,28,12,0.13,0.3,5
1973-12-21,42,22,2.25,T,6
1973-12-22,23,13,T,2.0,4
1973-12-23,29,15,T,T,4
1973-12-24,21,-0,0.00,0.0,4
1973-12-25,29,-2,T,T,4
1973-12-26,43,29,0.26,0.0,3
1973-12-27,40,35,0.44,0.0,3
1973-12-28,41,29,0.19,0.0,3
1973-12-29,45,26,T,T,3
1973-12-30,42,26,0.00,0.0,2
1973-12-31,27,24,0.24,2.3,4
1974-01-01,34,26,0.18,T,3
1974-01-02,27,13,T,T,3
1974-01-03,26,16,0.02,0.2,3
1974-01-04,31,10,T,T,3
1974-01-05,31,-0,0.00,0.0,3
1974-01-06,29,2,T,T,3
1974-01-07,31,11,T,T,3
1974-01-08,22,-5,T,0.1,3
1974-01-09,8,-5,0.30,6.6,3
1974-01-10,18,8,0.21,5.0,9
1974-01-11,24,12,0.31,4.0,16
1974-01-12,22,-0,0.00,0.0,9
1974-01-13,19,-16,T,T,9
1974-01-14,27,-17,0.00,0.0,9
1974-01-15,38,24,0.01,0.1,8
1974-01-16,25,13,0.35,1.2,8
1974-01-17,13,-13,0.00,0.0,8
1974-01-18,14,-21,0.01,T,8
1974-01-19,33,5,0.08,T,8
1974-01-20,23,-7,T,0.0,8
1974-01-21,34,22,0.56,0.0,8
1974-01-22,43,24,0.00,0.0,7
1974-01-23,41,19,0.12,0.0,7
1974-01-24,38,30,0.00,0.0,6
1974-01-25,44,20,0.00,0.0,6
1974-01-26,50,21,T,0.0,6
1974-01-27,60,36,0.16,0.0,5
1974-01-28,45,33,0.34,0.3,T
1974-01-29,38,30,0.09,1.0,1
1974-01-30,50,27,0.00,0.0,T
1974-01-31,51,24,0.06,0.0,T
1974-02-01,26,11,0.00,0.0,T
1974-02-02,14,8,T,T,T
1974-02-03,16,5,0.00,0.0,T
1974-02-04,17,2,0.00,0.0,T
1974-02-05,11,1,0.00,0.0,T
1974-02-06,29,-1,T,T,T
1974-02-07,29,11,0.56,7.0,5
1974-02-08,18,-10,0.00,0.0,7
1974-02-09,25,-5,0.00,0.0,6
1974-02-10,29,-15,0.00,0.0,5
1974-02-11,30,13,T,T,5
1974-02-12,33,-3,T,T,5
1974-02-13,48,13,T,0.0,4
1974-02-14,38,-2,T,T,2
1974-02-15,25,-8,0.00,0.0,2
1974-02-16,29,-6,0.00,0.0,2
1974-02-17,34,21,T,T,2
1974-02-18,29,9,0.00,0.0,2
1974-02-19,32,7,0.34,3.5,2
1974-02-20,40,30,T,0.0,5
1974-02-21,43,15,0.00,0.0,4
1974-02-22,41,23,1.26,T,2
1974-02-23,40,22,0.14,T,1
1974-02-24,33,12,0.00,0.0,1
1974-02-25,34,16,0.00,0.0,1
1974-02-26,32,11,0.00,0.0,1
1974-02-27,39,9,0.00,0.0,1
1974-02-28,48,23,T,0.0,T
1974-03-01,50,30,0.00,0.0,0
1974-03-02,35,16,T,T,0
1974-03-03,35,31,0.02,T,T
1974-03-04,47,33,0.12,0.0,0
1974-03-05,55,38,T,0.0,0
1974-03-06,58,25,0.00,0.0,0
1974-03-07,63,35,0.00,0.0,0
1974-03-08,40,25,0.00,0.0,0
1974-03-09,31,23,T,T,0
1974-03-10,34,23,T,T,T
1974-03-11,37,19,0.00,0.0,0
1974-03-12,29,15,0.00,0.0,0
1974-03-13,24,10,0.00,0.0,0
1974-03-14,39,20,T,T,0
1974-03-15,45,14,0.00,0.0,0
1974-03-16,35,30,1.05,1.0,0
1974-03-17,35,22,0.53,1.0,1
1974-03-18,36,22,T,T,1
1974-03-19,41,22,T,T,T
1974-03-20,37,20,T,T,T
1974-03-21,33,20,0.73,5.0,0
1974-03-22,39,13,T,T,5
1974-03-23,50,8,0.00,0.0,5
1974-03-24,42,21,0.13,T,0
1974-03-25,30,13,0.00,0.0,0
1974-03-26,43,11,T,T,0
1974-03-27,37,19,0.00,0.0,0
1974-03-28,28,8,0.00,0.0,0
1974-03-29,38,1,0.00,0.0,0
1974-03-30,35,24,0.05,0.5,1
1974-03-31,41,34,0.11,T,T
1974-04-01,48,29,0.00,0.0,T
1974-04-02,38,27,0.18,0.0,0
1974-04-03,71,32,0.00,0.0,0
1974-04-04,71,48,0.04,0.0,0
1974-04-05,63,40,0.35,0.0,0
1974-04-06,40,32,0.00,0.0,0
1974-04-07,55,24,0.21,0.0,0
1974-04-08,40,30,0.06,T,0
1974-04-09,30,23,1.06,9.0,4
1974-04-10,35,21,T,T,8
1974-04-11,55,14,0.00,0.0,6
1974-04-12,49,23,T,0.0,3
1974-04-13,43,36,T,0.0,T
1974-04-14,70,35,0.16,0.0,0
1974-04-15,53,42,0.12,0.0,0
1974-04-16,50,28,T,0.0,0
1974-04-17,65,24,0.00,0.0,0
1974-04-18,63,31,0.00,0.0,0
1974-04-19,52,26,0.00,0.0,0
1974-04-20,58,22,0.00,0.0,0
1974-04-21,76,26,0.00,0.0,0
1974-04-22,79,51,0.08,0.0,0
1974-04-23,64,46,0.11,0.0,0
1974-04-24,46,36,0.34,0.0,0
1974-04-25,56,27,0.00,0.0,0
1974-04-26,54,29,0.00,0.0,0
1974-04-27,70,26,0.00,0.0,0
1974-04-28,83,38,0.00,0.0,0
1974-04-29,78,53,T,0.0,0
1974-04-30,78,52,T,0.0,0
1974-05-01,66,34,0.32,0.0,0
1974-05-02,58,30,0.00,0.0,0
1974-05-03,53,30,0.34,0.0,0
1974-05-04,52,28,0.06,0.0,0
1974-05-05,57,24,0.00,0.0,0
1974-05-06,50,32,0.10,0.0,0
1974-05-07,49,35,0.10,0.0,0
1974-05-08,57,34,0.00,0.0,0
1974-05-09,64,40,T,0.0,0
1974-05-10,47,41,0.69,0.0,0
1974-05-11,62,45,0.00,0.0,0
1974-05-12,51,47,0.77,0.0,0
1974-05-13,58,44,0.05,0.0,0
1974-05-14,76,36,0.00,0.0,0
1974-05-15,90,55,0.00,0.0,0
1974-05-16,75,48,T,0.0,0
1974-05-17,78,46,0.08,0.0,0
1974-05-18,70,41,0.00,0.0,0
1974-05-19,62,35,0.00,0.0,0
1974-05-20,65,32,0.00,0.0,0
1974-05-21,67,35,0.00,0.0,0
1974-05-22,84,51,T,0.0,0
1974-05-23,55,47,0.42,0.0,0
1974-05-24,57,47,0.35,0.0,0
1974-05-25,63,45,0.01,0.0,0
1974-05-26,51,44,0.20,0.0,0
1974-05-27,55,43,0.00,0.0,0
1974-05-28,66,41,0.03,0.0,0
1974-05-29,53,41,0.08,0.0,0
1974-05-30,69,49,T,0.0,0
1974-05-31,68,51,T,0.0,0
1974-06-01,75,49,0.06,0.0,0
1974-06-02,73,43,0.00,0.0,0
1974-06-03,76,41,T,0.0,0
1974-06-04,79,49,T,0.0,0
1974-06-05,88,50,0.00,0.0,0
1974-06-06,78,50,0.00,0.0,0
1974-06-07,76,44,0.00,0.0,0
1974-06-08,86,40,0.00,0.0,0
1974-06-09,89,57,0.00,0.0,0
1974-06-10,93,62,0.00,0.0,0
1974-06-11,81,58,0.03,0.0,0
1974-06-12,70,45,0.15,0.0,0
1974-06-13,76,42,0.00,0.0,0
1974-06-14,73,48,0.27,0.0,0
1974-06-15,80,51,0.00,0.0,0
1974-06-16,63,59,0.14,0.0,0
1974-06-17,81,61,0.41,0.0,0
1974-06-18,80,52,T,0.0,0
1974-06-19,78,49,0.00,0.0,0
1974-06-20,81,59,0.05,0.0,0
1974-06-21,72,56,0.17,0.0,0
1974-06-22,77,58,T,0.0,0
1974-06-23,74,52,0.00,0.0,0
1974-06-24,78,50,T,0.0,0
1974-06-25,70,56,0.08,0.0,0
1974-06-26,62,54,0.17,0.0,0
1974-06-27,70,52,0.04,0.0,0
1974-06-28,75,52,T,0.0,0
1974-06-29,74,57,0.35,0.0,0
1974-06-30,81,59,0.02,0.0,0
1974-07-01,79,52,0.12,0.0,0
1974-07-02,83,50,0.08,0.0,0
1974-07-03,83,65,0.03,0.0,0
1974-07-04,91,65,0.07,0.0,0
1974-07-05,71,65,0.32,0.0,0
1974-07-06,79,57,0.00,0.0,0
1974-07-07,85,56,0.02,0.0,0
1974-07-08,87,63,T,0.0,0
1974-07-09,90,66,0.03,0.0,0
1974-07-10,83,58,T,0.0,0
1974-07-11,73,51,0.02,0.0,0
1974-07-12,78,48,0.00,0.0,0
1974-07-13,86,53,0.00,0.0,0
1974-07-14,93,60,0.05,0.0,0
1974-07-15,82,61,0.42,0.0,0
1974-07-16,77,55,0.00,0.0,0
1974-07-17,79,47,0.00,0.0,0
1974-07-18,86,59,0.00,0.0,0
1974-07-19,78,57,0.57,0.0,0
1974-07-20,72,49,0.00,0.0,0
1974-07-21,78,45,T,0.0,0
1974-07-22,84,53,0.00,0.0,0
1974-07-23,78,55,0.15,0.0,0
1974-07-24,72,55,T,0.0,0
1974-07-25,77,54,0.05,0.0,0
1974-07-26,77,51,0.00,0.0,0
1974-07-27,74,59,0.05,0.0,0
1974-07-28,83,60,0.09,0.0,0
1974-07-29,82,66,0.17,0.0,0
1974-07-30,76,63,0.07,0.0,0
1974-07-31,82,59,0.00,0.0,0
1974-08-01,80,55,0.00,0.0,0
1974-08-02,84,55,0.00,0.0,0
1974-08-03,88,69,0.60,0.0,0
1974-08-04,85,67,0.28,0.0,0
1974-08-05,77,56,0.00,0.0,0
1974-08-06,80,54,0.00,0.0,0
1974-08-07,82,54,0.00,0.0,0
1974-08-08,85,53,0.17,0.0,0
1974-08-09,67,57,0.00,0.0,0
1974-08-10,78,53,0.00,0.0,0
1974-08-11,83,50,0.00,0.0,0
1974-08-12,89,52,0.00,0.0,0
1974-08-13,87,54,0.00,0.0,0
1974-08-14,82,56,0.00,0.0,0
1974-08-15,77,50,0.00,0.0,0
1974-08-16,84,43,0.00,0.0,0
1974-08-17,79,49,0.43,0.0,0
1974-08-18,80,57,0.00,0.0,0
1974-08-19,85,55,0.00,0.0,0
1974-08-20,85,56,0.00,0.0,0
1974-08-21,85,56,0.00,0.0,0
1974-08-22,90,60,0.00,0.0,0
1974-08-23,80,59,0.01,0.0,0
1974-08-24,84,64,0.00,0.0,0
1974-08-25,77,51,0.00,0.0,0
1974-08-26,76,46,0.00,0.0,0
1974-08-27,82,64,0.07,0.0,0
1974-08-28,76,61,0.02,0.0,0
1974-08-29,63,59,1.36,0.0,0
1974-08-30,69,59,0.12,0.0,0
1974-08-31,79,57,0.00,0.0,0
1974-09-01,75,58,0.12,0.0,0
1974-09-02,66,53,0.42,0.0,0
1974-09-03,56,53,1.35,0.0,0
1974-09-04,58,44,0.10,0.0,0
1974-09-05,69,44,0.00,0.0,0
1974-09-06,66,46,0.00,0.0,0
1974-09-07,71,52,0.06,0.0,0
1974-09-08,75,53,0.00,0.0,0
1974-09-09,80,56,0.00,0.0,0
1974-09-10,77,55,0.00,0.0,0
1974-09-11,80,60,0.00,0.0,0
1974-09-12,83,60,0.01,0.0,0
1974-09-13,84,67,1.20,0.0,0
1974-09-14,67,45,0.06,0.0,0
1974-09-15,69,44,0.00,0.0,0
1974-09-16,66,41,0.00,0.0,0
1974-09-17,70,39,0.05,0.0,0
1974-09-18,65,41,0.00,0.0,0
1974-09-19,71,41,T,0.0,0
1974-09-20,76,60,0.05,0.0,0
1974-09-21,63,51,1.30,0.0,0
1974-09-22,62,45,0.01,0.0,0
1974-09-23,51,35,T,0.0,0
1974-09-24,57,30,0.00,0.0,0
1974-09-25,55,32,0.18,0.0,0
1974-09-26,61,47,0.00,0.0,0
1974-09-27,76,44,0.00,0.0,0
1974-09-28,65,50,0.56,0.0,0
1974-09-29,72,56,0.85,0.0,0
1974-09-30,60,34,0.00,0.0,0
1974-10-01,50,29,0.00,0.0,0
1974-10-02,50,39,0.12,T,0
1974-10-03,43,38,0.00,0.0,0
1974-10-04,51,27,0.00,0.0,0
1974-10-05,69,27,0.00,0.0,0
1974-10-06,76,38,0.00,0.0,0
1974-10-07,65,35,0.00,0.0,0
1974-10-08,53,28,0.00,0.0,0
1974-10-09,56,27,0.00,0.0,0
1974-10-10,54,33,T,0.0,0
1974-10-11,58,28,0.00,0.0,0
1974-10-12,59,33,T,0.0,0
1974-10-13,56,27,0.00,0.0,0
1974-10-14,61,27,0.04,0.0,0
1974-10-15,62,39,0.12,0.0,0
1974-10-16,44,39,0.57,0.0,0
1974-10-17,49,40,0.16,0.0,0
1974-10-18,47,21,0.01,0.0,0
1974-10-19,43,17,0.00,0.0,0
1974-10-20,34,27,T,T,0
1974-10-21,39,26,T,T,0
1974-10-22,63,20,0.00,0.0,0
1974-10-23,61,35,0.00,0.0,0
1974-10-24,52,24,0.00,0.0,0
1974-10-25,48,26,0.01,0.0,0
1974-10-26,52,35,0.00,0.0,0
1974-10-27,47,20,T,T,0
1974-10-28,55,15,0.00,0.0,0
1974-10-29,67,25,0.00,0.0,0
1974-10-30,61,39,0.04,0.0,0
1974-10-31,69,53,0.24,0.0,0
1974-11-01,74,53,T,0.0,0
1974-11-02,53,27,0.00,0.0,0
1974-11-03,52,24,0.00,0.0,0
1974-11-04,54,38,0.41,0.0,0
1974-11-05,44,42,0.67,0.0,0
1974-11-06,50,43,0.03,0.0,0
1974-11-07,51,30,0.00,0.0,0
1974-11-08,53,30,0.00,0.0,0
1974-11-09,49,25,0.00,0.0,0
1974-11-10,50,25,0.00,0.0,0
1974-11-11,58,26,0.00,0.0,0
1974-11-12,51,36,0.00,0.0,0
1974-11-13,49,32,0.31,0.0,0
1974-11-14,53,29,T,0.0,0
1974-11-15,43,32,0.38,T,0
1974-11-16,44,32,T,T,0
1974-11-17,37,25,0.14,0.5,0
1974-11-18,51,25,0.00,0.0,T
1974-11-19,49,24,0.00,0.0,0
1974-11-20,42,28,0.64,0.0,0
1974-11-21,41,25,0.94,T,0
1974-11-22,29,20,0.00,0.0,0
1974-11-23,38,14,0.00,0.0,0
1974-11-24,44,27,T,0.0,0
1974-11-25,42,25,0.08,T,0
1974-11-26,25,20,T,T,T
1974-11-27,32,15,0.00,0.0,T
1974-11-28,31,14,0.00,0.0,0
1974-11-29,34,19,0.04,T,T
1974-11-30,35,12,0.00,0.0,0
1974-12-01,28,9,0.00,0.0,0
1974-12-02,37,20,0.43,T,0
1974-12-03,35,28,T,T,0
1974-12-04,28,11,T,T,T
1974-12-05,25,7,0.00,0.0,0
1974-12-06,30,9,0.00,0.0,0
1974-12-07,33,10,T,0.0,0
1974-12-08,54,32,0.23,0.0,0
1974-12-09,50,26,0.07,0.0,0
1974-12-10,32,23,0.00,0.0,0
1974-12-11,38,30,0.00,0.0,0
1974-12-12,34,29,0.15,3.0,0
1974-12-13,35,31,0.00,0.0,2
1974-12-14,34,28,0.07,2.0,T
1974-12-15,34,18,0.00,0.0,2
1974-12-16,32,20,0.49,3.0,1
1974-12-17,41,32,0.40,5.0,8
1974-12-18,37,29,T,T,6
1974-12-19,35,28,T,T,4
1974-12-20,36,27,T,T,3
1974-12-21,35,28,T,0.0,3
1974-12-22,38,18,0.13,1.0,4
1974-12-23,34,11,0.00,0.0,4
1974-12-24,38,24,0.00,0.0,4
1974-12-25,32,14,0.31,9.0,5
1974-12-26,25,-3,0.00,0.0,11
1974-12-27,25,-0,0.00,0.0,11
1974-12-28,39,13,0.00,0.0,10
1974-12-29,29,11,0.00,0.0,9
1974-12-30,39,14,T,T,8
1974-12-31,31,7,0.10,1.0,7
1975-01-01,33,25,0.18,2.0,10
1975-01-02,30,11,T,T,10
1975-01-03,25,3,T,T,9
1975-01-04,40,16,T,T,8
1975-01-05,32,5,0.00,0.0,7
1975-01-06,27,-4,T,T,7
1975-01-07,34,26,0.40,5.0,9
1975-01-08,38,26,0.00,0.0,10
1975-01-09,36,33,0.28,3.0,9
1975-01-10,39,32,T,0.0,11
1975-01-11,42,35,0.06,0.0,10
1975-01-12,42,28,T,T,8
1975-01-13,33,26,0.17,1.0,8
1975-01-14,26,10,0.02,1.0,8
1975-01-15,23,4,0.01,T,10
1975-01-16,29,15,0.02,T,9
1975-01-17,24,-5,0.00,0.0,9
1975-01-18,25,-8,0.48,7.0,8
1975-01-19,39,25,T,T,13
1975-01-20,27,-12,0.00,0.0,13
1975-01-21,23,-18,0.00,0.0,13
1975-01-22,34,3,0.00,0.0,10
1975-01-23,21,-13,0.00,0.0,10
1975-01-24,41,5,0.00,0.0,10
1975-01-25,36,24,0.56,3.0,9
1975-01-26,36,20,0.05,T,10
1975-01-27,25,9,0.00,0.0,9
1975-01-28,33,8,0.00,0.0,9
1975-01-29,43,12,0.48,2.0,8
1975-01-30,29,4,0.02,T,8
1975-01-31,29,-5,0.00,0.0,7
1975-02-01,28,2,0.00,0.0,7
1975-02-02,30,-7,0.00,0.0,7
1975-02-03,24,-6,0.00,0.0,7
1975-02-04,12,-10,0.00,0.0,7
1975-02-05,24,6,0.43,8.7,9
1975-02-06,32,22,0.38,3.0,18
1975-02-07,36,6,T,T,18
1975-02-08,29,-3,T,T,17
1975-02-09,24,-11,0.03,T,16
1975-02-10,20,-20,0.00,0.0,16
1975-02-11,21,-1,0.06,1.0,16
1975-02-12,14,-13,T,T,17
1975-02-13,21,-15,0.06,T,17
1975-02-14,29,-8,0.00,0.0,17
1975-02-15,42,-5,0.00,0.0,16
1975-02-16,41,12,T,T,16
1975-02-17,45,11,0.19,2.0,18
1975-02-18,34,28,0.05,T,18
1975-02-19,42,32,0.02,T,17
1975-02-20,42,29,T,T,16
1975-02-21,42,18,T,T,14
1975-02-22,53,12,0.00,0.0,14
1975-02-23,43,34,0.00,0.0,12
1975-02-24,39,34,0.69,0.0,11
1975-02-25,41,34,0.06,T,9
1975-02-26,38,33,T,T,9
1975-02-27,37,29,T,T,8
1975-02-28,40,23,T,T,8
1975-03-01,38,24,0.03,T,9
1975-03-02,33,13,T,T,8
1975-03-03,27,18,T,T,8
1975-03-04,30,15,0.00,0.0,7
1975-03-05,35,3,0.00,0.0,7
1975-03-06,33,18,0.08,1.0,7
1975-03-07,43,26,0.23,T,8
1975-03-08,34,12,0.05,2.0,8
1975-03-09,26,2,0.00,0.0,8
1975-03-10,31,3,T,T,8
1975-03-11,36,22,0.02,T,8
1975-03-12,36,18,0.09,T,7
1975-03-13,43,27,T,0.0,7
1975-03-14,30,19,0.13,1.0,5
1975-03-15,36,10,0.16,2.0,8
1975-03-16,50,3,0.00,0.0,7
1975-03-17,48,18,0.00,0.0,5
1975-03-18,51,7,0.00,0.0,4
1975-03-19,48,34,0.04,0.0,3
1975-03-20,48,32,0.85,T,2
1975-03-21,39,19,0.00,0.0,0
1975-03-22,33,16,0.06,0.0,0
1975-03-23,48,28,T,0.0,0
1975-03-24,41,22,0.09,0.0,0
1975-03-25,51,34,0.21,0.0,0
1975-03-26,41,13,T,T,0
1975-03-27,24,11,0.00,0.0,0
1975-03-28,42,14,0.00,0.0,0
1975-03-29,40,17,T,0.0,0
1975-03-30,42,30,0.12,T,T
1975-03-31,35,22,T,T,T
1975-04-01,41,22,T,T,0
1975-04-02,45,19,0.00,0.0,0
1975-04-03,37,32,1.88,4.0,T
1975-04-04,33,29,0.30,3.0,7
1975-04-05,35,27,0.03,T,6
1975-04-06,35,28,T,T,5
1975-04-07,33,27,0.04,1.0,5
1975-04-08,33,26,T,T,4
1975-04-09,35,26,0.00,0.0,4
1975-04-10,46,17,0.00,0.0,4
1975-04-11,46,22,0.00,0.0,2
1975-04-12,47,21,0.00,0.0,1
1975-04-13,43,22,0.00,0.0,0
1975-04-14,53,26,0.00,0.0,0
1975-04-15,56,24,0.00,0.0,0
1975-04-16,59,30,0.00,0.0,0
1975-04-17,64,28,0.00,0.0,0
1975-04-18,62,28,0.00,0.0,0
1975-04-19,64,48,0.11,0.0,0
1975-04-20,49,37,T,0.0,0
1975-04-21,41,29,0.00,0.0,0
1975-04-22,54,25,0.00,0.0,0
1975-04-23,65,24,0.00,0.0,0
1975-04-24,54,41,0.34,0.0,0
1975-04-25,54,42,0.00,0.0,0
1975-04-26,53,36,T,T,0
1975-04-27,51,37,0.05,0.0,0
1975-04-28,46,26,0.00,0.0,0
1975-04-29,60,23,0.00,0.0,0
1975-04-30,67,29,0.00,0.0,0
1975-05-01,66,32,0.00,0.0,0
1975-05-02,54,45,0.02,0.0,0
1975-05-03,66,40,0.00,0.0,0
1975-05-04,52,36,0.09,0.0,0
1975-05-05,64,41,0.00,0.0,0
1975-05-06,66,41,0.00,0.0,0
1975-05-07,67,45,T,0.0,0
1975-05-08,67,40,0.03,0.0,0
1975-05-09,72,32,0.00,0.0,0
1975-05-10,74,41,0.00,0.0,0
1975-05-11,78,39,0.00,0.0,0
1975-05-12,78,44,0.27,0.0,0
1975-05-13,71,51,0.09,0.0,0
1975-05-14,81,47,0.00,0.0,0
1975-05-15,82,45,0.00,0.0,0
1975-05-16,75,50,0.10,0.0,0
1975-05-17,75,41,0.00,0.0,0
1975-05-18,80,46,0.00,0.0,0
1975-05-19,85,51,0.00,0.0,0
1975-05-20,92,55,0.00,0.0,0
1975-05-21,91,57,0.00,0.0,0
1975-05-22,86,56,0.00,0.0,0
1975-05-23,93,59,0.00,0.0,0
1975-05-24,89,56,0.00,0.0,0
1975-05-25,67,49,0.00,0.0,0
1975-05-26,73,50,0.00,0.0,0
1975-05-27,78,58,0.61,0.0,0
1975-05-28,74,49,0.00,0.0,0
1975-05-29,78,43,0.00,0.0,0
1975-05-30,74,46,0.18,0.0,0
1975-05-31,82,58,0.19,0.0,0
1975-06-01,74,58,0.22,0.0,0
1975-06-02,73,50,0.00,0.0,0
1975-06-03,63,46,0.07,0.0,0
1975-06-04,64,48,0.07,0.0,0
1975-06-05,64,48,0.06,0.0,0
1975-06-06,54,47,0.71,0.0,0
1975-06-07,60,48,0.04,0.0,0
1975-06-08,59,39,T,0.0,0
1975-06-09,62,38,0.00,0.0,0
1975-06-10,75,35,0.00,0.0,0
1975-06-11,82,41,0.00,0.0,0
1975-06-12,61,52,0.65,0.0,0
1975-06-13,71,60,0.40,0.0,0
1975-06-14,78,59,0.11,0.0,0
1975-06-15,72,63,0.00,0.0,0
1975-06-16,69,65,0.03,0.0,0
1975-06-17,85,62,0.00,0.0,0
1975-06-18,85,65,0.01,0.0,0
1975-06-19,79,60,0.02,0.0,0
1975-06-20,73,48,0.00,0.0,0
1975-06-21,80,44,0.00,0.0,0
1975-06-22,87,48,0.00,0.0,0
1975-06-23,95,59,0.00,0.0,0
1975-06-24,89,64,0.00,0.0,0
1975-06-25,81,54,0.00,0.0,0
1975-06-26,85,49,0.00,0.0,0
1975-06-27,84,53,0.00,0.0,0
1975-06-28,83,56,T,0.0,0
1975-06-29,86,64,0.09,0.0,0
1975-06-30,89,50,0.00,0.0,0
1975-07-01,85,46,0.00,0.0,0
1975-07-02,89,49,0.00,0.0,0
1975-07-03,84,58,0.00,0.0,0
1975-07-04,85,50,0.00,0.0,0
1975-07-05,89,56,0.00,0.0,0
1975-07-06,87,56,0.00,0.0,0
1975-07-07,85,59,0.00,0.0,0
1975-07-08,91,62,0.00,0.0,0
1975-07-09,86,65,0.27,0.0,0
1975-07-10,87,65,0.00,0.0,0
1975-07-11,84,64,0.00,0.0,0
1975-07-12,74,62,T,0.0,0
1975-07-13,72,62,2.27,0.0,0
1975-07-14,78,69,0.24,0.0,0
1975-07-15,82,62,0.47,0.0,0
1975-07-16,83,62,0.41,0.0,0
1975-07-17,88,69,0.00,0.0,0
1975-07-18,90,64,0.00,0.0,0
1975-07-19,87,66,T,0.0,0
1975-07-20,86,70,0.03,0.0,0
1975-07-21,81,63,1.09,0.0,0
1975-07-22,82,61,0.00,0.0,0
1975-07-23,86,58,0.00,0.0,0
1975-07-24,86,63,0.62,0.0,0
1975-07-25,78,64,0.63,0.0,0
1975-07-26,74,51,0.00,0.0,0
1975-07-27,80,49,0.00,0.0,0
1975-07-28,82,60,T,0.0,0
1975-07-29,78,53,0.00,0.0,0
1975-07-30,88,52,0.00,0.0,0
1975-07-31,90,62,0.00,0.0,0
1975-08-01,96,68,0.00,0.0,0
1975-08-02,97,69,0.00,0.0,0
1975-08-03,93,72,T,0.0,0
1975-08-04,73,69,0.28,0.0,0
1975-08-05,88,69,0.00,0.0,0
1975-08-06,70,60,0.05,0.0,0
1975-08-07,61,58,1.36,0.0,0
1975-08-08,78,55,0.59,0.0,0
1975-08-09,85,53,0.00,0.0,0
1975-08-10,86,56,0.00,0.0,0
1975-08-11,85,62,0.08,0.0,0
1975-08-12,82,61,T,0.0,0
1975-08-13,85,60,0.12,0.0,0
1975-08-14,83,58,0.00,0.0,0
1975-08-15,78,52,0.00,0.0,0
1975-08-16,83,58,0.00,0.0,0
1975-08-17,71,59,T,0.0,0
1975-08-18,81,54,0.00,0.0,0
1975-08-19,74,47,0.00,0.0,0
1975-08-20,72,46,0.00,0.0,0
1975-08-21,78,41,0.05,0.0,0
1975-08-22,74,48,0.47,0.0,0
1975-08-23,76,44,0.00,0.0,0
1975-08-24,61,46,0.25,0.0,0
1975-08-25,72,58,T,0.0,0
1975-08-26,78,64,0.06,0.0,0
1975-08-27,80,56,0.00,0.0,0
1975-08-28,77,53,0.00,0.0,0
1975-08-29,67,54,0.55,0.0,0
1975-08-30,61,50,0.96,0.0,0
1975-08-31,69,45,0.00,0.0,0
1975-09-01,70,42,0.03,0.0,0
1975-09-02,67,55,0.28,0.0,0
1975-09-03,63,52,T,0.0,0
1975-09-04,74,49,0.00,0.0,0
1975-09-05,77,50,0.00,0.0,0
1975-09-06,73,56,0.28,0.0,0
1975-09-07,72,48,0.00,0.0,0
1975-09-08,75,50,0.41,0.0,0
1975-09-09,61,45,0.04,0.0,0
1975-09-10,65,37,0.00,0.0,0
1975-09-11,76,41,0.00,0.0,0
1975-09-12,69,52,0.45,0.0,0
1975-09-13,60,42,0.03,0.0,0
1975-09-14,58,35,T,0.0,0
1975-09-15,65,35,0.00,0.0,0
1975-09-16,64,42,0.00,0.0,0
1975-09-17,61,50,0.22,0.0,0
1975-09-18,66,49,0.03,0.0,0
1975-09-19,60,54,0.60,0.0,0
1975-09-20,74,58,0.35,0.0,0
1975-09-21,76,53,0.15,0.0,0
1975-09-22,70,47,T,0.0,0
1975-09-23,62,54,0.38,0.0,0
1975-09-24,55,52,0.40,0.0,0
1975-09-25,54,50,0.25,0.0,0
1975-09-26,59,50,0.93,0.0,0
1975-09-27,70,53,0.18,0.0,0
1975-09-28,63,44,0.00,0.0,0
1975-09-29,75,42,0.00,0.0,0
1975-09-30,71,42,0.00,0.0,0
1975-10-01,74,48,0.00,0.0,0
1975-10-02,61,42,0.03,0.0,0
1975-10-03,59,32,0.00,0.0,0
1975-10-04,64,33,0.00,0.0,0
1975-10-05,65,31,0.00,0.0,0
1975-10-06,68,50,T,0.0,0
1975-10-07,60,33,0.00,0.0,0
1975-10-08,68,30,0.00,0.0,0
1975-10-09,59,33,0.00,0.0,0
1975-10-10,56,36,0.00,0.0,0
1975-10-11,52,49,1.35,0.0,0
1975-10-12,50,48,0.53,0.0,0
1975-10-13,58,48,0.19,0.0,0
1975-10-14,65,46,T,0.0,0
1975-10-15,69,45,0.07,0.0,0
1975-10-16,62,50,T,0.0,0
1975-10-17,57,41,0.16,0.0,0
1975-10-18,47,43,1.89,0.0,0
1975-10-19,48,43,0.39,0.0,0
1975-10-20,49,43,1.64,0.0,0
1975-10-21,64,43,0.00,0.0,0
1975-10-22,69,40,0.00,0.0,0
1975-10-23,69,35,0.00,0.0,0
1975-10-24,70,38,0.00,0.0,0
1975-10-25,62,47,0.15,0.0,0
1975-10-26,58,34,0.00,0.0,0
1975-10-27,60,32,0.00,0.0,0
1975-10-28,67,30,0.00,0.0,0
1975-10-29,56,40,0.08,0.0,0
1975-10-30,46,33,0.00,0.0,0
1975-10-31,45,27,0.00,0.0,0
1975-11-01,55,25,0.00,0.0,0
1975-11-02,66,44,0.00,0.0,0
1975-11-03,69,45,0.08,0.0,0
1975-11-04,66,48,0.58,0.0,0
1975-11-05,59,32,0.00,0.0,0
1975-11-06,62,28,0.00,0.0,0
1975-11-07,67,33,T,0.0,0
1975-11-08,72,51,0.23,0.0,0
1975-11-09,67,41,0.00,0.0,0
1975-11-10,57,42,0.63,0.0,0
1975-11-11,57,31,0.00,0.0,0
1975-11-12,51,29,0.61,0.0,0
1975-11-13,49,44,0.38,0.0,0
1975-11-14,46,29,0.58,T,0
1975-11-15,42,30,0.00,0.0,0
1975-11-16,40,28,0.00,0.0,0
1975-11-17,53,30,0.00,0.0,0
1975-11-18,60,29,0.00,0.0,0
1975-11-19,51,23,0.00,0.0,0
1975-11-20,61,28,0.00,0.0,0
1975-11-21,50,32,0.98,0.0,0
1975-11-22,44,32,0.00,0.0,0
1975-11-23,42,24,T,T,T
1975-11-24,36,27,0.00,0.0,0
1975-11-25,37,26,0.00,0.0,0
1975-11-26,39,24,0.00,0.0,0
1975-11-27,36,29,0.62,1.0,0
1975-11-28,39,31,0.00,0.0,1
1975-11-29,36,26,0.00,0.0,0
1975-11-30,56,27,0.09,0.0,0
1975-12-01,58,30,0.11,T,0
1975-12-02,38,22,0.00,0.0,0
1975-12-03,33,23,T,T,0
1975-12-04,29,11,0.00,0.0,0
1975-12-05,39,8,0.00,0.0,0
1975-12-06,44,29,T,0.0,0
1975-12-07,31,9,0.00,0.0,0
1975-12-08,27,7,T,T,0
1975-12-09,37,23,0.08,0.1,0
1975-12-10,41,36,0.66,0.0,0
1975-12-11,42,23,0.00,0.0,0
1975-12-12,30,13,0.00,0.0,0
1975-12-13,30,19,0.06,T,0
1975-12-14,42,27,T,0.0,0
1975-12-15,51,35,T,0.0,0
1975-12-16,35,11,0.00,0.0,0
1975-12-17,30,7,T,T,0
1975-12-18,27,5,T,T,0
1975-12-19,10,-8,T,T,0
1975-12-20,7,-11,0.20,3.5,0
1975-12-21,20,7,0.12,3.0,5
1975-12-22,24,17,0.38,6.0,5
1975-12-23,24,2,T,T,10
1975-12-24,11,-13,0.00,0.0,8
1975-12-25,15,-13,0.07,T,7
1975-12-26,33,14,1.08,6.0,9
1975-12-27,35,21,0.00,0.0,11
1975-12-28,29,3,0.00,0.0,10
1975-12-29,25,-6,0.00,0.0,10
1975-12-30,33,-2,0.28,3.0,10
1975-12-31,39,30,T,T,13
1976-01-01,31,5,T,T,10
1976-01-02,21,-5,0.00,0.0,8
1976-01-03,31,16,0.32,4.0,11
1976-01-04,31,4,T,T,14
1976-01-05,14,-13,T,T,14
1976-01-06,14,-19,0.00,0.0,14
1976-01-07,35,2,T,T,14
1976-01-08,29,-10,0.07,2.0,14
1976-01-09,17,-20,0.00,0.0,15
1976-01-10,15,-15,T,T,15
1976-01-11,3,-23,0.29,2.6,15
1976-01-12,23,3,0.28,5.4,20
1976-01-13,30,10,0.14,2.0,22
1976-01-14,43,24,0.31,1.0,21
1976-01-15,25,4,T,T,18
1976-01-16,20,2,0.17,2.0,18
1976-01-17,20,-1,T,T,20
1976-01-18,9,-15,0.00,0.0,20
1976-01-19,12,-24,0.00,0.0,20
1976-01-20,25,1,T,T,18
1976-01-21,33,12,0.05,T,18
1976-01-22,25,-10,0.01,T,17
1976-01-23,7,-22,T,T,17
1976-01-24,6,-10,T,T,17
1976-01-25,27,1,T,T,17
1976-01-26,34,20,0.59,T,17
1976-01-27,48,32,1.22,0.0,17
1976-01-28,33,19,0.35,T,12
1976-01-29,33,18,0.01,T,12
1976-01-30,28,11,T,T,12
1976-01-31,23,-3,0.00,0.0,12
1976-02-01,37,16,0.36,3.0,12
1976-02-02,36,3,0.18,2.0,14
1976-02-03,29,4,0.00,0.0,16
1976-02-04,34,2,T,T,16
1976-02-05,19,4,0.00,0.0,16
1976-02-06,16,-6,T,T,16
1976-02-07,19,-13,T,T,16
1976-02-08,29,-0,0.01,T,15
1976-02-09,37,5,0.00,0.0,15
1976-02-10,38,4,0.00,0.0,13
1976-02-11,43,27,0.02,0.0,12
1976-02-12,34,18,0.02,1.0,12
1976-02-13,52,32,0.00,0.0,12
1976-02-14,32,7,0.00,0.0,11
1976-02-15,39,2,0.06,T,11
1976-02-16,49,32,T,T,10
1976-02-17,35,28,0.29,3.0,12
1976-02-18,32,23,0.73,3.0,9
1976-02-19,43,30,0.34,T,11
1976-02-20,37,17,T,T,9
1976-02-21,43,11,0.01,0.0,9
1976-02-22,51,23,0.34,T,7
1976-02-23,23,6,0.00,0.0,7
1976-02-24,40,5,0.00,0.0,6
1976-02-25,56,16,0.00,0.0,6
1976-02-26,59,29,T,0.0,4
1976-02-27,53,29,0.00,0.0,4
1976-02-28,43,15,T,T,2
1976-02-29,43,15,T,T,2
1976-03-01,43,25,0.01,0.0,0
1976-03-02,25,17,0.86,9.0,3
1976-03-03,23,18,0.30,1.5,7
1976-03-04,34,21,0.09,0.0,9
1976-03-05,55,29,T,0.0,6
1976-03-06,50,23,0.00,0.0,2
1976-03-07,34,22,T,T,1
1976-03-08,24,8,T,T,1
1976-03-09,32,-1,0.00,0.0,0
1976-03-10,40,11,T,T,0
1976-03-11,39,19,0.03,0.3,T
1976-03-12,35,9,0.12,1.0,T
1976-03-13,43,25,0.10,2.5,1
1976-03-14,40,26,T,T,T
1976-03-15,40,23,T,T,T
1976-03-16,23,13,0.59,7.0,0
1976-03-17,25,14,0.07,2.0,9
1976-03-18,27,-5,0.01,T,9
1976-03-19,38,8,0.10,1.0,8
1976-03-20,68,31,0.00,0.0,5
1976-03-21,56,34,0.08,0.0,0
1976-03-22,35,10,T,T,0
1976-03-23,49,4,0.00,0.0,0
1976-03-24,65,22,0.00,0.0,0
1976-03-25,56,32,0.00,0.0,0
1976-03-26,57,28,0.00,0.0,0
1976-03-27,69,27,0.44,0.0,0
1976-03-28,52,35,0.12,0.0,0
1976-03-29,54,30,0.00,0.0,0
1976-03-30,60,27,0.00,0.0,0
1976-03-31,52,37,T,0.0,0
1976-04-01,50,37,1.66,0.0,0
1976-04-02,56,31,0.00,0.0,0
1976-04-03,48,30,0.00,0.0,0
1976-04-04,48,31,0.00,0.0,0
1976-04-05,55,33,0.00,0.0,0
1976-04-06,57,28,T,0.0,0
1976-04-07,53,25,0.00,0.0,0
1976-04-08,49,21,0.00,0.0,0
1976-04-09,47,20,0.00,0.0,0
1976-04-10,64,20,0.00,0.0,0
1976-04-11,50,20,T,T,0
1976-04-12,35,16,T,T,0
1976-04-13,57,17,0.00,0.0,0
1976-04-14,65,27,0.00,0.0,0
1976-04-15,74,29,0.00,0.0,0
1976-04-16,77,52,0.00,0.0,0
1976-04-17,90,51,0.00,0.0,0
1976-04-18,90,50,0.00,0.0,0
1976-04-19,91,48,0.00,0.0,0
1976-04-20,76,45,0.00,0.0,0
1976-04-21,74,42,0.00,0.0,0
1976-04-22,52,45,0.10,0.0,0
1976-04-23,60,44,T,0.0,0
1976-04-24,60,32,0.00,0.0,0
1976-04-25,44,37,0.50,0.0,0
1976-04-26,42,33,0.39,1.0,1
1976-04-27,45,36,0.03,0.0,0
1976-04-28,54,33,T,0.0,0
1976-04-29,60,41,T,0.0,0
1976-04-30,64,32,0.00,0.0,0
1976-05-01,63,30,0.77,0.0,0
1976-05-02,71,47,0.09,0.0,0
1976-05-03,70,40,0.26,0.0,0
1976-05-04,50,33,T,T,0
1976-05-05,71,29,0.00,0.0,0
1976-05-06,80,48,0.08,0.0,0
1976-05-07,48,45,0.20,0.0,0
1976-05-08,53,37,0.00,0.0,0
1976-05-09,65,33,0.00,0.0,0
1976-05-10,75,37,0.00,0.0,0
1976-05-11,74,43,0.08,0.0,0
1976-05-12,57,36,0.69,0.0,0
1976-05-13,66,33,0.00,0.0,0
1976-05-14,78,37,0.40,0.0,0
1976-05-15,74,48,0.00,0.0,0
1976-05-16,77,44,0.00,0.0,0
1976-05-17,72,56,0.05,0.0,0
1976-05-18,70,45,0.47,0.0,0
1976-05-19,45,37,1.87,0.0,0
1976-05-20,50,37,0.04,0.0,0
1976-05-21,52,38,0.32,0.0,0
1976-05-22,56,38,0.12,0.0,0
1976-05-23,65,37,0.00,0.0,0
1976-05-24,63,46,0.01,0.0,0
1976-05-25,60,49,0.02,0.0,0
1976-05-26,59,46,0.03,0.0,0
1976-05-27,76,45,0.00,0.0,0
1976-05-28,84,41,0.00,0.0,0
1976-05-29,79,43,0.00,0.0,0
1976-05-30,76,51,T,0.0,0
1976-05-31,81,57,0.62,0.0,0
1976-06-01,66,50,0.01,0.0,0
1976-06-02,71,44,0.00,0.0,0
1976-06-03,77,39,T,0.0,0
1976-06-04,76,47,0.00,0.0,0
1976-06-05,81,43,0.00,0.0,0
1976-06-06,75,52,0.10,0.0,0
1976-06-07,68,52,T,0.0,0
1976-06-08,89,54,0.00,0.0,0
1976-06-09,85,56,0.00,0.0,0
1976-06-10,91,57,0.06,0.0,0
1976-06-11,86,62,0.23,0.0,0
1976-06-12,64,42,0.00,0.0,0
1976-06-13,75,39,T,0.0,0
1976-06-14,83,54,0.00,0.0,0
1976-06-15,92,62,T,0.0,0
1976-06-16,90,67,0.46,0.0,0
1976-06-17,81,62,0.16,0.0,0
1976-06-18,86,57,0.00,0.0,0
1976-06-19,86,65,T,0.0,0
1976-06-20,85,70,0.35,0.0,0
1976-06-21,80,69,0.58,0.0,0
1976-06-22,83,68,1.18,0.0,0
1976-06-23,86,65,0.00,0.0,0
1976-06-24,88,68,T,0.0,0
1976-06-25,77,66,0.26,0.0,0
1976-06-26,83,60,0.00,0.0,0
1976-06-27,80,60,0.01,0.0,0
1976-06-28,87,58,0.00,0.0,0
1976-06-29,80,63,T,0.0,0
1976-06-30,78,61,0.96,0.0,0
1976-07-01,78,61,0.02,0.0,0
1976-07-02,78,57,0.02,0.0,0
1976-07-03,72,58,0.00,0.0,0
1976-07-04,79,57,0.00,0.0,0
1976-07-05,88,57,0.00,0.0,0
1976-07-06,91,61,0.00,0.0,0
1976-07-07,80,60,T,0.0,0
1976-07-08,80,64,0.20,0.0,0
1976-07-09,79,56,0.00,0.0,0
1976-07-10,83,52,0.00,0.0,0
1976-07-11,84,57,1.79,0.0,0
1976-07-12,74,58,T,0.0,0
1976-07-13,68,57,0.01,0.0,0
1976-07-14,69,59,0.13,0.0,0
1976-07-15,81,59,0.00,0.0,0
1976-07-16,80,58,0.13,0.0,0
1976-07-17,77,63,T,0.0,0
1976-07-18,72,50,0.00,0.0,0
1976-07-19,83,50,0.00,0.0,0
1976-07-20,85,58,T,0.0,0
1976-07-21,77,54,0.64,0.0,0
1976-07-22,78,50,0.00,0.0,0
1976-07-23,80,50,0.57,0.0,0
1976-07-24,81,56,0.27,0.0,0
1976-07-25,70,47,0.00,0.0,0
1976-07-26,76,43,0.00,0.0,0
1976-07-27,79,60,0.19,0.0,0
1976-07-28,78,57,T,0.0,0
1976-07-29,69,54,0.58,0.0,0
1976-07-30,64,59,0.23,0.0,0
1976-07-31,70,60,0.02,0.0,0
1976-08-01,68,53,1.03,0.0,0
1976-08-02,72,48,0.00,0.0,0
1976-08-03,76,45,0.00,0.0,0
1976-08-04,81,49,0.00,0.0,0
1976-08-05,80,52,0.00,0.0,0
1976-08-06,73,57,T,0.0,0
1976-08-07,60,55,0.56,0.0,0
1976-08-08,66,56,0.02,0.0,0
1976-08-09,71,63,0.58,0.0,0
1976-08-10,73,61,0.83,0.0,0
1976-08-11,85,55,0.00,0.0,0
1976-08-12,88,59,0.00,0.0,0
1976-08-13,82,67,0.20,0.0,0
1976-08-14,81,64,0.00,0.0,0
1976-08-15,83,64,1.30,0.0,0
1976-08-16,68,55,T,0.0,0
1976-08-17,77,53,0.00,0.0,0
1976-08-18,76,50,0.00,0.0,0
1976-08-19,79,50,0.00,0.0,0
1976-08-20,82,52,0.00,0.0,0
1976-08-21,90,60,0.00,0.0,0
1976-08-22,93,67,0.00,0.0,0
1976-08-23,82,56,0.00,0.0,0
1976-08-24,77,50,0.00,0.0,0
1976-08-25,84,52,0.00,0.0,0
1976-08-26,84,54,T,0.0,0
1976-08-27,81,62,0.01,0.0,0
1976-08-28,83,59,T,0.0,0
1976-08-29,82,57,0.45,0.0,0
1976-08-30,57,39,0.00,0.0,0
1976-08-31,72,37,0.00,0.0,0
1976-09-01,77,48,0.14,0.0,0
1976-09-02,64,43,0.01,0.0,0
1976-09-03,70,42,0.00,0.0,0
1976-09-04,70,51,0.00,0.0,0
1976-09-05,72,52,0.02,0.0,0
1976-09-06,66,43,0.00,0.0,0
1976-09-07,68,38,0.00,0.0,0
1976-09-08,73,45,0.00,0.0,0
1976-09-09,75,43,0.00,0.0,0
1976-09-10,67,48,0.42,0.0,0
1976-09-11,67,49,0.31,0.0,0
1976-09-12,70,46,0.00,0.0,0
1976-09-13,81,47,0.00,0.0,0
1976-09-14,86,50,0.00,0.0,0
1976-09-15,78,55,0.00,0.0,0
1976-09-16,74,61,0.00,0.0,0
1976-09-17,67,60,0.22,0.0,0
1976-09-18,74,59,0.48,0.0,0
1976-09-19,78,55,0.00,0.0,0
1976-09-20,75,53,T,0.0,0
1976-09-21,65,43,0.00,0.0,0
1976-09-22,57,40,0.05,0.0,0
1976-09-23,62,39,T,0.0,0
1976-09-24,63,36,0.00,0.0,0
1976-09-25,65,34,0.00,0.0,0
1976-09-26,56,36,0.97,0.0,0
1976-09-27,61,51,0.28,0.0,0
1976-09-28,58,34,0.00,0.0,0
1976-09-29,65,34,0.00,0.0,0
1976-09-30,66,41,0.00,0.0,0
1976-10-01,61,45,0.00,0.0,0
1976-10-02,60,43,0.00,0.0,0
1976-10-03,71,41,0.00,0.0,0
1976-10-04,71,39,0.00,0.0,0
1976-10-05,70,38,0.00,0.0,0
1976-10-06,65,53,0.04,0.0,0
1976-10-07,73,57,0.00,0.0,0
1976-10-08,67,53,0.37,0.0,0
1976-10-09,69,44,2.50,0.0,0
1976-10-10,49,40,0.00,0.0,0
1976-10-11,55,30,0.00,0.0,0
1976-10-12,59,27,0.00,0.0,0
1976-10-13,60,33,0.00,0.0,0
1976-10-14,49,40,0.50,0.0,0
1976-10-15,63,30,0.06,0.0,0
1976-10-16,54,42,T,0.0,0
1976-10-17,47,29,0.00,0.0,0
1976-10-18,44,32,T,T,0
1976-10-19,47,27,0.00,0.0,0
1976-10-20,52,30,0.97,0.0,0
1976-10-21,55,42,0.29,0.0,0
1976-10-22,46,39,T,0.0,0
1976-10-23,47,36,0.00,0.0,0
1976-10-24,38,26,0.30,T,0
1976-10-25,41,35,0.23,0.0,0
1976-10-26,40,27,0.19,T,0
1976-10-27,40,21,T,T,0
1976-10-28,40,21,0.00,0.0,0
1976-10-29,50,30,0.00,0.0,0
1976-10-30,52,29,0.01,0.0,0
1976-10-31,46,M,0.58,0.0,0
1976-11-01,M,29,T,T,0
1976-11-02,40,27,T,T,0
1976-11-03,46,29,0.05,0.0,0
1976-11-04,45,36,0.15,0.0,0
1976-11-05,44,33,0.64,0.5,0
1976-11-06,43,32,T,T,0
1976-11-07,42,32,T,T,0
1976-11-08,32,22,0.10,T,T
1976-11-09,32,19,T,T,0
1976-11-10,32,21,0.06,0.5,T
1976-11-11,35,13,0.10,2.5,2
1976-11-12,39,6,0.00,0.0,1
1976-11-13,38,19,T,T,T
1976-11-14,43,29,0.00,0.0,T
1976-11-15,48,27,0.00,0.0,0
1976-11-16,44,23,0.00,0.0,0
1976-11-17,51,19,0.00,0.0,0
1976-11-18,44,25,0.00,0.0,0
1976-11-19,48,33,T,T,0
1976-11-20,38,18,T,T,T
1976-11-21,35,18,0.00,0.0,0
1976-11-22,34,26,T,T,0
1976-11-23,36,31,T,T,0
1976-11-24,38,30,T,T,0
1976-11-25,39,21,0.00,0.0,0
1976-11-26,42,24,0.00,0.0,0
1976-11-27,60,37,T,0.0,0
1976-11-28,51,38,0.03,0.0,0
1976-11-29,38,20,0.36,1.0,T
1976-11-30,27,10,0.00,0.0,T
1976-12-01,28,5,0.00,0.0,T
1976-12-02,31,7,0.05,1.0,T
1976-12-03,12,-3,0.00,0.0,1
1976-12-04,15,-4,0.03,2.0,T
1976-12-05,27,10,T,T,2
1976-12-06,30,5,0.00,0.0,2
1976-12-07,39,25,1.28,1.0,3
1976-12-08,28,-2,0.00,0.0,2
1976-12-09,11,-4,0.00,0.0,2
1976-12-10,40,-4,T,T,1
1976-12-11,45,17,T,T,1
1976-12-12,44,17,T,T,0
1976-12-13,34,-3,T,T,T
1976-12-14,25,-9,0.00,0.0,0
1976-12-15,43,21,0.00,0.0,T
1976-12-16,34,18,T,T,0
1976-12-17,34,28,0.13,2.0,2
1976-12-18,29,9,T,T,2
1976-12-19,32,2,0.00,0.0,1
1976-12-20,34,14,T,0.0,0
1976-12-21,33,5,0.05,1.1,T
1976-12-22,23,5,T,T,1
1976-12-23,33,10,0.00,0.0,1
1976-12-24,29,7,T,T,1
1976-12-25,30,8,0.00,0.0,T
1976-12-26,32,17,0.05,0.5,1
1976-12-27,18,-4,0.00,0.0,1
1976-12-28,13,-8,T,T,1
1976-12-29,18,11,0.19,3.0,1
1976-12-30,19,6,0.00,0.0,4
1976-12-31,16,-5,T,T,4
1977-01-01,20,-2,T,T,4
1977-01-02,36,9,T,T,4
1977-01-03,24,1,0.04,T,4
1977-01-04,30,10,0.07,2.0,5
1977-01-05,30,3,0.00,0.0,6
1977-01-06,30,-5,T,T,6
1977-01-07,28,24,0.66,8.5,5
1977-01-08,25,2,T,T,14
1977-01-09,24,-12,0.00,0.0,12
1977-01-10,26,6,0.76,6.0,16
1977-01-11,23,10,0.04,2.0,18
1977-01-12,18,-7,T,T,19
1977-01-13,21,-16,T,T,18
1977-01-14,17,-0,0.08,1.2,18
1977-01-15,34,10,T,T,18
1977-01-16,21,8,T,T,18
1977-01-17,8,-16,T,T,17
1977-01-18,6,-22,0.00,0.0,17
1977-01-19,28,-10,T,T,17
1977-01-20,33,-1,0.00,0.0,17
1977-01-21,28,5,T,T,16
1977-01-22,15,-3,0.00,0.0,13
1977-01-23,26,3,T,T,12
1977-01-24,29,1,T,T,11
1977-01-25,33,2,0.07,0.8,12
1977-01-26,31,10,T,T,13
1977-01-27,24,5,0.06,0.3,13
1977-01-28,23,-5,0.21,4.0,13
1977-01-29,10,1,T,T,17
1977-01-30,17,-1,0.00,0.0,16
1977-01-31,17,4,0.00,0.0,15
1977-02-01,22,4,0.01,T,15
1977-02-02,22,-7,0.00,0.0,15
1977-02-03,29,-5,0.04,0.8,15
1977-02-04,33,11,T,T,16
1977-02-05,28,14,0.06,0.8,15
1977-02-06,21,9,T,T,16
1977-02-07,21,1,T,T,15
1977-02-08,29,-7,0.00,0.0,14
1977-02-09,34,1,T,T,13
1977-02-10,37,15,T,T,11
1977-02-11,41,16,0.00,0.0,11
1977-02-12,45,34,0.00,0.0,11
1977-02-13,36,33,0.16,1.0,8
1977-02-14,37,29,T,T,9
1977-02-15,32,18,T,T,9
1977-02-16,21,5,T,T,9
1977-02-17,22,-6,0.00,0.0,9
1977-02-18,35,5,0.00,0.0,8
1977-02-19,33,12,T,T,8
1977-02-20,27,13,0.33,10.0,7
1977-02-21,27,7,T,T,17
1977-02-22,32,3,T,T,13
1977-02-23,34,26,0.00,0.0,13
1977-02-24,31,24,0.02,T,11
1977-02-25,38,31,0.76,2.5,11
1977-02-26,42,29,T,T,13
1977-02-27,41,29,0.18,0.0,12
1977-02-28,36,29,0.03,T,10
1977-03-01,32,23,T,T,10
1977-03-02,36,14,0.00,0.0,9
1977-03-03,42,23,0.00,0.0,9
1977-03-04,35,18,0.70,3.2,8
1977-03-05,45,33,0.16,0.0,10
1977-03-06,39,35,0.00,0.0,8
1977-03-07,39,31,T,T,8
1977-03-08,45,30,T,T,7
1977-03-09,60,22,0.00,0.0,7
1977-03-10,66,34,0.00,0.0,4
1977-03-11,67,27,0.00,0.0,2
1977-03-12,64,28,0.00,0.0,0
1977-03-13,50,38,1.05,0.0,0
1977-03-14,48,38,0.12,0.0,0
1977-03-15,49,36,T,0.0,0
1977-03-16,44,35,0.08,0.0,0
1977-03-17,38,25,T,T,T
1977-03-18,30,22,0.42,8.0,0
1977-03-19,39,19,T,T,7
1977-03-20,46,6,0.04,T,5
1977-03-21,46,24,0.04,T,4
1977-03-22,42,21,0.14,1.6,2
1977-03-23,35,30,0.50,9.5,13
1977-03-24,37,27,T,T,7
1977-03-25,30,21,T,T,2
1977-03-26,46,25,T,T,2
1977-03-27,60,20,0.00,0.0,1
1977-03-28,61,27,0.17,0.0,0
1977-03-29,72,42,0.07,0.0,0
1977-03-30,81,36,0.00,0.0,0
1977-03-31,63,39,0.08,0.0,0
1977-04-01,46,26,0.00,0.0,0
1977-04-02,46,25,0.11,T,0
1977-04-03,54,34,0.34,0.0,0
1977-04-04,45,26,0.01,T,0
1977-04-05,36,34,0.84,T,T
1977-04-06,45,31,0.05,T,0
1977-04-07,37,25,T,T,0
1977-04-08,36,21,0.08,0.8,1
1977-04-09,36,17,T,T,0
1977-04-10,50,20,0.00,0.0,0
1977-04-11,58,20,0.00,0.0,0
1977-04-12,74,38,0.00,0.0,0
1977-04-13,82,36,0.04,0.0,0
1977-04-14,52,34,0.03,0.0,0
1977-04-15,54,30,0.00,0.0,0
1977-04-16,60,29,0.00,0.0,0
1977-04-17,68,34,0.00,0.0,0
1977-04-18,72,29,0.00,0.0,0
1977-04-19,77,31,0.00,0.0,0
1977-04-20,73,32,0.00,0.0,0
1977-04-21,84,50,0.00,0.0,0
1977-04-22,80,56,T,0.0,0
1977-04-23,62,44,1.40,0.0,0
1977-04-24,44,38,0.66,0.0,0
1977-04-25,47,38,0.09,0.0,0
1977-04-26,56,42,0.03,0.0,0
1977-04-27,60,44,T,0.0,0
1977-04-28,60,35,0.03,0.0,0
1977-04-29,53,28,0.00,0.0,0
1977-04-30,69,30,0.00,0.0,0
1977-05-01,76,32,0.00,0.0,0
1977-05-02,70,52,0.08,0.0,0
1977-05-03,58,32,0.00,0.0,0
1977-05-04,71,27,0.00,0.0,0
1977-05-05,75,40,0.05,0.0,0
1977-05-06,83,53,T,0.0,0
1977-05-07,66,34,0.00,0.0,0
1977-05-08,58,28,T,T,0
1977-05-09,47,34,0.20,T,0
1977-05-10,53,39,0.37,0.0,0
1977-05-11,65,40,0.00,0.0,0
1977-05-12,72,34,T,0.0,0
1977-05-13,61,47,0.05,0.0,0
1977-05-14,57,37,0.00,0.0,0
1977-05-15,69,30,0.00,0.0,0
1977-05-16,82,33,0.00,0.0,0
1977-05-17,90,44,0.00,0.0,0
1977-05-18,84,52,1.56,0.0,0
1977-05-19,78,52,0.05,0.0,0
1977-05-20,85,51,0.00,0.0,0
1977-05-21,90,52,0.00,0.0,0
1977-05-22,95,60,0.00,0.0,0
1977-05-23,89,58,0.00,0.0,0
1977-05-24,89,55,0.00,0.0,0
1977-05-25,85,59,0.00,0.0,0
1977-05-26,74,49,0.00,0.0,0
1977-05-27,73,45,0.00,0.0,0
1977-05-28,76,45,0.11,0.0,0
1977-05-29,70,43,0.00,0.0,0
1977-05-30,76,43,0.00,0.0,0
1977-05-31,82,41,0.00,0.0,0
1977-06-01,67,54,0.42,0.0,0
1977-06-02,77,55,0.74,0.0,0
1977-06-03,60,48,0.00,0.0,0
1977-06-04,74,46,0.00,0.0,0
1977-06-05,70,52,0.00,0.0,0
1977-06-06,68,45,0.71,0.0,0
1977-06-07,57,50,0.93,0.0,0
1977-06-08,55,42,0.09,0.0,0
1977-06-09,66,38,0.14,0.0,0
1977-06-10,65,51,0.29,0.0,0
1977-06-11,59,53,0.10,0.0,0
1977-06-12,66,55,0.03,0.0,0
1977-06-13,76,55,0.00,0.0,0
1977-06-14,77,54,0.01,0.0,0
1977-06-15,78,47,0.00,0.0,0
1977-06-16,81,43,0.00,0.0,0
1977-06-17,71,50,T,0.0,0
1977-06-18,82,59,0.24,0.0,0
1977-06-19,80,58,T,0.0,0
1977-06-20,80,53,0.05,0.0,0
1977-06-21,74,53,0.02,0.0,0
1977-06-22,65,46,T,0.0,0
1977-06-23,76,49,0.00,0.0,0
1977-06-24,82,49,T,0.0,0
1977-06-25,73,62,0.64,0.0,0
1977-06-26,74,62,0.14,0.0,0
1977-06-27,88,60,0.00,0.0,0
1977-06-28,89,61,0.00,0.0,0
1977-06-29,77,66,0.98,0.0,0
1977-06-30,81,61,0.00,0.0,0
1977-07-01,86,56,T,0.0,0
1977-07-02,79,52,0.00,0.0,0
1977-07-03,79,47,0.00,0.0,0
1977-07-04,83,56,T,0.0,0
1977-07-05,83,56,0.00,0.0,0
1977-07-06,71,47,0.00,0.0,0
1977-07-07,80,44,0.00,0.0,0
1977-07-08,70,58,0.40,0.0,0
1977-07-09,83,59,T,0.0,0
1977-07-10,78,51,0.00,0.0,0
1977-07-11,80,49,0.00,0.0,0
1977-07-12,71,60,0.27,0.0,0
1977-07-13,91,65,0.03,0.0,0
1977-07-14,82,57,0.00,0.0,0
1977-07-15,93,54,T,0.0,0
1977-07-16,92,64,T,0.0,0
1977-07-17,87,68,0.13,0.0,0
1977-07-18,88,62,0.00,0.0,0
1977-07-19,93,59,0.00,0.0,0
1977-07-20,99,65,0.00,0.0,0
1977-07-21,98,66,0.10,0.0,0
1977-07-22,68,51,0.00,0.0,0
1977-07-23,77,44,0.00,0.0,0
1977-07-24,85,60,T,0.0,0
1977-07-25,75,55,0.14,0.0,0
1977-07-26,70,46,0.00,0.0,0
1977-07-27,73,41,0.00,0.0,0
1977-07-28,81,43,0.00,0.0,0
1977-07-29,79,52,0.00,0.0,0
1977-07-30,75,61,T,0.0,0
1977-07-31,86,55,0.00,0.0,0
1977-08-01,77,60,0.26,0.0,0
1977-08-02,84,60,T,0.0,0
1977-08-03,85,57,0.00,0.0,0
1977-08-04,89,58,0.00,0.0,0
1977-08-05,85,64,0.46,0.0,0
1977-08-06,79,65,0.07,0.0,0
1977-08-07,80,65,0.01,0.0,0
1977-08-08,82,64,0.00,0.0,0
1977-08-09,79,52,0.00,0.0,0
1977-08-10,67,51,0.77,0.0,0
1977-08-11,87,63,0.00,0.0,0
1977-08-12,75,61,0.04,0.0,0
1977-08-13,80,58,0.00,0.0,0
1977-08-14,80,68,0.15,0.0,0
1977-08-15,78,52,0.00,0.0,0
1977-08-16,74,53,T,0.0,0
1977-08-17,79,58,T,0.0,0
1977-08-18,72,47,0.00,0.0,0
1977-08-19,74,44,0.00,0.0,0
1977-08-20,69,44,0.00,0.0,0
1977-08-21,76,42,0.00,0.0,0
1977-08-22,75,53,0.34,0.0,0
1977-08-23,79,44,0.00,0.0,0
1977-08-24,63,48,0.07,0.0,0
1977-08-25,69,45,0.00,0.0,0
1977-08-26,75,44,0.00,0.0,0
1977-08-27,84,47,0.00,0.0,0
1977-08-28,94,64,0.00,0.0,0
1977-08-29,95,67,T,0.0,0
1977-08-30,79,58,0.01,0.0,0
1977-08-31,75,56,0.00,0.0,0
1977-09-01,88,67,0.00,0.0,0
1977-09-02,86,69,0.05,0.0,0
1977-09-03,80,55,T,0.0,0
1977-09-04,78,50,0.00,0.0,0
1977-09-05,72,55,T,0.0,0
1977-09-06,77,53,0.00,0.0,0
1977-09-07,73,46,0.00,0.0,0
1977-09-08,77,44,0.00,0.0,0
1977-09-09,73,46,0.00,0.0,0
1977-09-10,75,55,0.08,0.0,0
1977-09-11,65,42,0.00,0.0,0
1977-09-12,71,37,0.00,0.0,0
1977-09-13,71,53,0.39,0.0,0
1977-09-14,69,53,1.07,0.0,0
1977-09-15,68,45,0.00,0.0,0
1977-09-16,63,46,0.25,0.0,0
1977-09-17,62,55,0.16,0.0,0
1977-09-18,76,59,0.00,0.0,0
1977-09-19,75,58,0.05,0.0,0
1977-09-20,60,44,1.07,0.0,0
1977-09-21,52,44,0.28,0.0,0
1977-09-22,56,45,0.00,0.0,0
1977-09-23,60,46,T,0.0,0
1977-09-24,53,49,0.28,0.0,0
1977-09-25,54,47,0.01,0.0,0
1977-09-26,63,48,0.55,0.0,0
1977-09-27,65,52,0.00,0.0,0
1977-09-28,67,44,0.08,0.0,0
1977-09-29,62,39,0.05,0.0,0
1977-09-30,58,37,0.21,0.0,0
1977-10-01,61,51,1.70,0.0,0
1977-10-02,61,49,0.03,0.0,0
1977-10-03,51,45,0.02,0.0,0
1977-10-04,61,36,T,0.0,0
1977-10-05,68,33,0.00,0.0,0
1977-10-06,63,35,0.02,0.0,0
1977-10-07,55,29,0.00,0.0,0
1977-10-08,50,25,0.20,0.0,0
1977-10-09,61,44,1.63,0.0,0
1977-10-10,54,40,0.00,0.0,0
1977-10-11,63,37,0.00,0.0,0
1977-10-12,55,39,0.02,0.0,0
1977-10-13,51,32,0.00,0.0,0
1977-10-14,45,31,0.36,0.0,0
1977-10-15,46,33,0.16,0.0,0
1977-10-16,60,32,0.11,0.0,0
1977-10-17,50,42,1.84,0.0,0
1977-10-18,58,40,T,0.0,0
1977-10-19,51,42,0.01,0.0,0
1977-10-20,52,46,T,0.0,0
1977-10-21,65,35,0.00,0.0,0
1977-10-22,58,38,T,0.0,0
1977-10-23,51,26,0.00,0.0,0
1977-10-24,60,21,0.00,0.0,0
1977-10-25,73,30,0.00,0.0,0
1977-10-26,68,47,0.00,0.0,0
1977-10-27,73,42,0.00,0.0,0
1977-10-28,60,34,0.00,0.0,0
1977-10-29,60,30,0.00,0.0,0
1977-10-30,57,25,0.00,0.0,0
1977-10-31,59,23,0.00,0.0,0
1977-11-01,60,23,0.00,0.0,0
1977-11-02,66,30,0.00,0.0,0
1977-11-03,65,36,0.00,0.0,0
1977-11-04,65,54,0.10,0.0,0
1977-11-05,59,48,T,0.0,0
1977-11-06,56,45,0.10,0.0,0
1977-11-07,50,40,0.04,0.0,0
1977-11-08,48,40,0.27,0.0,0
1977-11-09,53,47,0.07,0.0,0
1977-11-10,59,50,0.32,0.0,0
1977-11-11,62,37,0.94,0.0,0
1977-11-12,47,27,T,T,0
1977-11-13,36,30,T,T,0
1977-11-14,34,20,T,T,0
1977-11-15,37,19,T,0.0,0
1977-11-16,60,33,T,0.0,0
1977-11-17,59,43,0.26,0.0,0
1977-11-18,43,37,T,0.0,0
1977-11-19,42,31,0.00,0.0,0
1977-11-20,41,26,0.00,0.0,0
1977-11-21,49,31,0.06,0.0,0
1977-11-22,44,29,0.00,0.0,0
1977-11-23,39,27,0.18,T,0
1977-11-24,45,36,0.26,0.0,0
1977-11-25,44,28,T,0.0,0
1977-11-26,40,26,0.59,T,0
1977-11-27,26,17,T,T,T
1977-11-28,33,20,0.07,1.0,1
1977-11-29,37,22,0.00,0.0,1
1977-11-30,32,20,0.06,T,T
1977-12-01,40,32,0.70,0.0,0
1977-12-02,45,36,T,T,0
1977-12-03,42,32,T,T,T
1977-12-04,37,27,T,T,T
1977-12-05,28,22,0.48,8.0,0
1977-12-06,27,22,0.52,6.0,10
1977-12-07,26,10,T,1.0,13
1977-12-08,26,1,0.00,0.0,11
1977-12-09,31,10,0.32,5.0,15
1977-12-10,20,3,T,T,16
1977-12-11,9,-16,0.00,0.0,15
1977-12-12,2,-21,0.13,2.0,15
1977-12-13,15,2,0.02,T,15
1977-12-14,33,10,0.93,4.9,19
1977-12-15,37,30,0.01,0.0,14
1977-12-16,35,31,0.00,0.0,13
1977-12-17,34,12,0.00,0.0,13
1977-12-18,29,5,0.00,0.0,12
1977-12-19,33,29,0.00,0.0,12
1977-12-20,31,26,0.01,T,11
1977-12-21,39,28,0.35,2.4,10
1977-12-22,36,29,T,T,10
1977-12-23,39,23,0.00,0.0,10
1977-12-24,43,17,0.00,0.0,10
1977-12-25,42,24,0.13,0.0,9
1977-12-26,28,10,0.00,0.0,9
1977-12-27,28,-2,0.00,0.0,9
1977-12-28,22,-7,0.00,0.0,9
1977-12-29,26,-3,0.00,0.0,9
1977-12-30,29,5,T,T,9
1977-12-31,34,14,0.00,0.0,9
1978-01-01,23,6,0.04,0.5,8
1978-01-02,23,-5,0.06,1.0,10
1978-01-03,23,-4,T,T,10
1978-01-04,26,-7,0.00,0.0,10
1978-01-05,34,20,0.00,0.0,10
1978-01-06,31,20,0.01,0.1,9
1978-01-07,25,19,0.01,0.1,9
1978-01-08,33,20,0.67,2.1,9
1978-01-09,53,10,1.03,1.0,8
1978-01-10,11,-0,0.03,0.4,5
1978-01-11,22,-0,T,T,5
1978-01-12,23,5,T,T,3
1978-01-13,19,5,0.12,1.0,3
1978-01-14,25,17,0.93,8.0,11
1978-01-15,22,6,0.03,0.3,11
1978-01-16,27,9,T,T,10
1978-01-17,18,6,0.12,1.0,10
1978-01-18,24,16,0.52,4.0,15
1978-01-19,24,9,0.00,0.0,15
1978-01-20,18,14,0.67,7.0,M
1978-01-21,20,13,0.28,M,M
1978-01-22,34,-3,0.04,0.4,25
1978-01-23,33,-0,0.00,0.0,22
1978-01-24,35,-7,0.00,0.0,21
1978-01-25,35,28,0.43,1.0,20
1978-01-26,51,27,0.65,T,18
1978-01-27,27,18,0.01,T,12
1978-01-28,24,12,T,T,12
1978-01-29,17,-4,T,T,12
1978-01-30,22,-1,T,T,12
1978-01-31,23,-1,0.00,0.0,11
1978-02-01,23,-5,T,T,11
1978-02-02,21,-5,0.00,0.0,10
1978-02-03,14,-5,0.00,0.0,10
1978-02-04,15,-16,0.00,0.0,10
1978-02-05,17,-17,0.00,0.0,10
1978-02-06,22,5,0.25,4.0,10
1978-02-07,26,20,1.60,25.6,M
1978-02-08,30,-1,T,M,M
1978-02-09,39,-13,0.00,0.0,25
1978-02-10,26,-11,0.00,0.0,23
1978-02-11,26,-17,0.00,0.0,23
1978-02-12,32,-3,T,T,20
1978-02-13,31,9,T,T,20
1978-02-14,30,5,T,T,20
1978-02-15,33,-2,0.00,0.0,18
1978-02-16,30,-5,0.00,0.0,18
1978-02-17,36,15,0.00,0.0,16
1978-02-18,33,5,0.02,0.2,14
1978-02-19,26,-3,0.00,0.0,14
1978-02-20,29,-14,0.00,0.0,14
1978-02-21,28,-0,0.00,0.0,14
1978-02-22,24,-10,T,T,14
1978-02-23,36,2,0.00,0.0,13
1978-02-24,32,14,T,T,12
1978-02-25,39,2,T,T,12
1978-02-26,38,4,T,T,12
1978-02-27,31,8,0.00,0.0,12
1978-02-28,29,-2,0.00,0.0,12
1978-03-01,26,-6,0.00,0.0,12
1978-03-02,24,-9,0.00,0.0,12
1978-03-03,24,-6,0.09,2.5,11
1978-03-04,26,13,0.01,1.0,15
1978-03-05,21,5,T,T,15
1978-03-06,30,5,0.00,0.0,14
1978-03-07,31,7,0.00,0.0,14
1978-03-08,39,-4,0.00,0.0,14
1978-03-09,48,1,0.00,0.0,13
1978-03-10,46,15,0.00,0.0,13
1978-03-11,51,15,0.00,0.0,13
1978-03-12,48,29,0.00,0.0,10
1978-03-13,51,20,0.00,0.0,9
1978-03-14,38,26,0.61,T,9
1978-03-15,42,30,T,T,8
1978-03-16,35,20,0.00,0.0,8
1978-03-17,34,14,0.00,0.0,8
1978-03-18,35,6,0.00,0.0,8
1978-03-19,44,24,0.04,T,7
1978-03-20,40,19,T,T,6
1978-03-21,58,26,T,T,6
1978-03-22,43,28,T,0.0,6
1978-03-23,48,26,0.19,3.0,8
1978-03-24,38,19,0.00,0.0,4
1978-03-25,39,15,0.00,0.0,4
1978-03-26,33,29,0.15,1.0,3
1978-03-27,39,30,0.32,T,4
1978-03-28,49,34,0.00,0.0,T
1978-03-29,48,34,T,T,T
1978-03-30,43,26,0.00,0.0,T
1978-03-31,47,22,0.00,0.0,T
1978-04-01,45,29,0.42,1.8,1
1978-04-02,42,26,0.03,T,0
1978-04-03,43,19,0.00,0.0,0
1978-04-04,39,32,0.14,0.0,0
1978-04-05,43,35,0.24,0.0,0
1978-04-06,49,32,T,T,0
1978-04-07,36,26,0.22,0.5,0
1978-04-08,40,27,T,0.0,T
1978-04-09,44,24,0.00,0.0,0
1978-04-10,56,17,0.01,T,0
1978-04-11,45,36,0.48,0.0,0
1978-04-12,57,33,T,0.0,0
1978-04-13,68,33,0.00,0.0,0
1978-04-14,46,37,0.00,0.0,0
1978-04-15,46,34,T,T,0
1978-04-16,50,34,T,T,0
1978-04-17,51,31,0.00,0.0,0
1978-04-18,60,30,0.00,0.0,0
1978-04-19,50,29,0.52,T,0
1978-04-20,46,38,0.22,0.0,0
1978-04-21,44,39,0.01,0.0,0
1978-04-22,53,29,0.00,0.0,0
1978-04-23,56,26,0.00,0.0,0
1978-04-24,59,27,0.00,0.0,0
1978-04-25,53,32,0.00,0.0,0
1978-04-26,66,27,0.00,0.0,0
1978-04-27,65,31,0.00,0.0,0
1978-04-28,63,33,0.00,0.0,0
1978-04-29,63,30,T,0.0,0
1978-04-30,42,29,0.00,0.0,0
1978-05-01,47,30,T,T,0
1978-05-02,50,34,0.00,0.0,0
1978-05-03,55,32,0.00,0.0,0
1978-05-04,62,26,0.00,0.0,0
1978-05-05,55,34,0.00,0.0,0
1978-05-06,65,31,0.00,0.0,0
1978-05-07,70,41,0.00,0.0,0
1978-05-08,75,33,T,0.0,0
1978-05-09,67,49,0.75,0.0,0
1978-05-10,62,47,0.00,0.0,0
1978-05-11,73,39,0.00,0.0,0
1978-05-12,76,35,0.00,0.0,0
1978-05-13,72,51,0.00,0.0,0
1978-05-14,70,50,T,0.0,0
1978-05-15,51,48,0.48,0.0,0
1978-05-16,61,50,0.13,0.0,0
1978-05-17,63,52,T,0.0,0
1978-05-18,57,48,0.12,0.0,0
1978-05-19,83,48,0.00,0.0,0
1978-05-20,86,50,0.00,0.0,0
1978-05-21,65,43,0.12,0.0,0
1978-05-22,74,38,0.00,0.0,0
1978-05-23,83,39,0.00,0.0,0
1978-05-24,74,46,0.00,0.0,0
1978-05-25,79,54,0.00,0.0,0
1978-05-26,89,49,0.00,0.0,0
1978-05-27,90,55,0.00,0.0,0
1978-05-28,94,57,0.00,0.0,0
1978-05-29,91,60,0.00,0.0,0
1978-05-30,88,59,T,0.0,0
1978-05-31,87,62,0.38,0.0,0
1978-06-01,77,62,0.00,0.0,0
1978-06-02,80,58,0.92,0.0,0
1978-06-03,65,56,0.25,0.0,0
1978-06-04,69,44,0.00,0.0,0
1978-06-05,63,39,T,0.0,0
1978-06-06,75,42,0.00,0.0,0
1978-06-07,80,44,0.92,0.0,0
1978-06-08,76,62,0.39,0.0,0
1978-06-09,72,55,0.64,0.0,0
1978-06-10,69,46,0.00,0.0,0
1978-06-11,84,44,0.00,0.0,0
1978-06-12,87,58,0.00,0.0,0
1978-06-13,68,51,0.11,0.0,0
1978-06-14,60,44,T,0.0,0
1978-06-15,70,39,0.00,0.0,0
1978-06-16,78,39,0.00,0.0,0
1978-06-17,73,45,0.00,0.0,0
1978-06-18,80,56,0.02,0.0,0
1978-06-19,88,62,0.08,0.0,0
1978-06-20,77,60,T,0.0,0
1978-06-21,87,62,T,0.0,0
1978-06-22,80,56,0.09,0.0,0
1978-06-23,76,48,0.00,0.0,0
1978-06-24,77,47,0.00,0.0,0
1978-06-25,87,46,0.00,0.0,0
1978-06-26,81,51,T,0.0,0
1978-06-27,90,63,0.00,0.0,0
1978-06-28,83,59,0.00,0.0,0
1978-06-29,83,53,T,0.0,0
1978-06-30,74,54,T,0.0,0
1978-07-01,71,45,0.00,0.0,0
1978-07-02,77,41,0.00,0.0,0
1978-07-03,79,42,0.00,0.0,0
1978-07-04,70,50,0.00,0.0,0
1978-07-05,84,45,0.00,0.0,0
1978-07-06,90,52,0.00,0.0,0
1978-07-07,95,58,0.00,0.0,0
1978-07-08,94,62,0.00,0.0,0
1978-07-09,89,66,0.07,0.0,0
1978-07-10,88,60,0.00,0.0,0
1978-07-11,72,48,0.00,0.0,0
1978-07-12,84,43,0.00,0.0,0
1978-07-13,88,48,T,0.0,0
1978-07-14,84,61,T,0.0,0
1978-07-15,76,64,0.41,0.0,0
1978-07-16,76,62,T,0.0,0
1978-07-17,76,61,0.51,0.0,0
1978-07-18,85,60,0.00,0.0,0
1978-07-19,90,56,0.00,0.0,0
1978-07-20,91,63,0.00,0.0,0
1978-07-21,94,67,0.00,0.0,0
1978-07-22,89,70,0.00,0.0,0
1978-07-23,94,69,T,0.0,0
1978-07-24,80,55,0.00,0.0,0
1978-07-25,85,50,0.00,0.0,0
1978-07-26,83,61,0.00,0.0,0
1978-07-27,86,64,0.68,0.0,0
1978-07-28,75,53,0.18,0.0,0
1978-07-29,73,48,0.21,0.0,0
1978-07-30,70,48,T,0.0,0
1978-07-31,71,46,0.03,0.0,0
1978-08-01,67,57,T,0.0,0
1978-08-02,84,63,T,0.0,0
1978-08-03,87,67,0.65,0.0,0
1978-08-04,77,58,0.38,0.0,0
1978-08-05,79,56,0.00,0.0,0
1978-08-06,80,63,0.12,0.0,0
1978-08-07,81,65,0.01,0.0,0
1978-08-08,87,65,0.16,0.0,0
1978-08-09,83,66,T,0.0,0
1978-08-10,80,55,0.00,0.0,0
1978-08-11,81,53,0.00,0.0,0
1978-08-12,66,61,1.24,0.0,0
1978-08-13,84,62,0.00,0.0,0
1978-08-14,89,62,0.00,0.0,0
1978-08-15,91,64,0.00,0.0,0
1978-08-16,89,70,0.00,0.0,0
1978-08-17,86,63,T,0.0,0
1978-08-18,78,55,0.00,0.0,0
1978-08-19,87,55,0.00,0.0,0
1978-08-20,80,55,T,0.0,0
1978-08-21,78,50,0.00,0.0,0
1978-08-22,84,49,0.00,0.0,0
1978-08-23,85,49,0.00,0.0,0
1978-08-24,62,51,1.09,0.0,0
1978-08-25,63,51,T,0.0,0
1978-08-26,74,51,0.00,0.0,0
1978-08-27,73,50,0.00,0.0,0
1978-08-28,59,47,0.30,0.0,0
1978-08-29,78,59,0.00,0.0,0
1978-08-30,79,57,0.00,0.0,0
1978-08-31,65,58,0.08,0.0,0
1978-09-01,76,49,0.00,0.0,0
1978-09-02,80,48,0.00,0.0,0
1978-09-03,80,48,0.00,0.0,0
1978-09-04,73,51,0.00,0.0,0
1978-09-05,74,47,0.00,0.0,0
1978-09-06,81,47,T,0.0,0
1978-09-07,70,43,0.00,0.0,0
1978-09-08,69,39,0.00,0.0,0
1978-09-09,58,39,0.00,0.0,0
1978-09-10,60,34,0.00,0.0,0
1978-09-11,66,53,1.27,0.0,0
1978-09-12,65,40,0.12,0.0,0
1978-09-13,65,36,0.00,0.0,0
1978-09-14,68,38,0.00,0.0,0
1978-09-15,64,48,0.08,0.0,0
1978-09-16,73,48,0.01,0.0,0
1978-09-17,63,42,0.00,0.0,0
1978-09-18,64,48,0.02,0.0,0
1978-09-19,72,46,0.02,0.0,0
1978-09-20,79,45,0.00,0.0,0
1978-09-21,88,55,0.00,0.0,0
1978-09-22,64,44,0.00,0.0,0
1978-09-23,67,40,0.00,0.0,0
1978-09-24,73,39,0.00,0.0,0
1978-09-25,61,36,0.18,0.0,0
1978-09-26,60,31,0.00,0.0,0
1978-09-27,69,30,0.00,0.0,0
1978-09-28,59,34,0.00,0.0,0
1978-09-29,62,30,0.00,0.0,0
1978-09-30,66,36,T,0.0,0
1978-10-01,67,54,0.28,0.0,0
1978-10-02,58,40,0.00,0.0,0
1978-10-03,64,37,0.00,0.0,0
1978-10-04,55,46,0.28,0.0,0
1978-10-05,63,50,T,0.0,0
1978-10-06,55,50,0.43,0.0,0
1978-10-07,61,41,T,0.0,0
1978-10-08,45,37,0.00,0.0,0
1978-10-09,51,27,0.00,0.0,0
1978-10-10,61,35,0.00,0.0,0
1978-10-11,65,40,0.00,0.0,0
1978-10-12,61,41,T,0.0,0
1978-10-13,63,46,0.25,0.0,0
1978-10-14,59,43,0.70,0.0,0
1978-10-15,44,25,0.00,0.0,0
1978-10-16,46,22,0.00,0.0,0
1978-10-17,47,19,0.00,0.0,0
1978-10-18,52,20,0.00,0.0,0
1978-10-19,56,42,0.21,T,0
1978-10-20,55,31,T,0.0,0
1978-10-21,70,29,0.00,0.0,0
1978-10-22,76,36,0.00,0.0,0
1978-10-23,71,35,0.18,0.0,0
1978-10-24,43,27,0.00,0.0,0
1978-10-25,59,30,0.03,0.0,0
1978-10-26,60,50,0.16,0.0,0
1978-10-27,57,34,0.10,0.0,0
1978-10-28,58,34,T,0.0,0
1978-10-29,48,29,0.00,0.0,0
1978-10-30,50,20,0.00,0.0,0
1978-10-31,66,29,0.00,0.0,0
1978-11-01,51,26,0.00,0.0,0
1978-11-02,62,23,0.00,0.0,0
1978-11-03,62,27,0.00,0.0,0
1978-11-04,66,27,0.00,0.0,0
1978-11-05,63,31,0.00,0.0,0
1978-11-06,71,34,0.00,0.0,0
1978-11-07,50,42,0.10,0.0,0
1978-11-08,44,34,0.08,0.0,0
1978-11-09,62,32,0.00,0.0,0
1978-11-10,58,33,0.00,0.0,0
1978-11-11,56,38,0.00,0.0,0
1978-11-12,46,22,0.00,0.0,0
1978-11-13,46,18,0.00,0.0,0
1978-11-14,59,41,0.00,0.0,0
1978-11-15,55,32,0.00,0.0,0
1978-11-16,44,21,0.00,0.0,0
1978-11-17,43,11,0.07,0.0,0
1978-11-18,59,39,0.69,0.0,0
1978-11-19,49,29,0.00,0.0,0
1978-11-20,37,20,0.00,0.0,0
1978-11-21,27,19,T,T,T
1978-11-22,33,11,0.00,0.0,0
1978-11-23,30,8,0.14,2.5,0
1978-11-24,37,27,0.16,1.5,4
1978-11-25,33,19,T,T,3
1978-11-26,22,9,0.00,0.0,3
1978-11-27,18,8,0.08,2.5,2
1978-11-28,35,18,0.06,T,5
1978-11-29,39,8,T,T,5
1978-11-30,45,32,T,0.0,3
1978-12-01,40,17,0.00,0.0,3
1978-12-02,38,18,T,T,2
1978-12-03,24,4,0.33,2.1,2
1978-12-04,48,24,T,0.0,4
1978-12-05,41,35,0.00,0.0,3
1978-12-06,52,31,0.00,0.0,3
1978-12-07,39,22,0.00,0.0,1
1978-12-08,40,32,0.23,0.0,1
1978-12-09,37,22,0.36,6.5,T
1978-12-10,22,-0,0.05,T,6
1978-12-11,26,-6,0.00,0.0,5
1978-12-12,32,4,T,T,3
1978-12-13,36,19,0.00,0.0,3
1978-12-14,35,14,T,T,2
1978-12-15,33,9,0.00,0.0,2
1978-12-16,47,9,0.00,0.0,2
1978-12-17,36,22,0.35,4.0,2
1978-12-18,22,11,0.07,T,6
1978-12-19,24,4,T,T,6
1978-12-20,20,-0,0.10,1.0,6
1978-12-21,38,20,0.49,1.8,7
1978-12-22,31,3,0.00,0.0,8
1978-12-23,38,10,T,T,8
1978-12-24,32,9,0.00,0.0,6
1978-12-25,31,23,0.64,11.0,17
1978-12-26,33,13,0.02,1.0,18
1978-12-27,29,16,0.02,T,18
1978-12-28,25,5,0.00,0.0,16
1978-12-29,26,-1,T,T,15
1978-12-30,19,-5,0.00,0.0,12
1978-12-31,33,13,0.03,T,12
1979-01-01,50,32,0.15,0.0,11
1979-01-02,53,31,0.87,T,6
1979-01-03,31,10,T,T,4
1979-01-04,19,2,0.00,0.0,3
1979-01-05,20,5,0.00,0.0,2
1979-01-06,27,6,0.01,T,2
1979-01-07,30,12,0.47,3.5,1
1979-01-08,32,21,0.58,4.0,4
1979-01-09,25,4,T,T,7
1979-01-10,21,-7,T,T,5
1979-01-11,11,-13,T,T,5
1979-01-12,12,-18,T,T,5
1979-01-13,28,8,0.36,3.8,5
1979-01-14,38,21,0.16,T,9
1979-01-15,21,11,T,T,8
1979-01-16,26,6,T,T,7
1979-01-17,11,-7,0.34,9.0,7
1979-01-18,12,-2,0.01,T,16
1979-01-19,16,-11,0.00,0.0,14
1979-01-20,17,-4,0.09,1.0,13
1979-01-21,34,17,1.36,2.0,15
1979-01-22,34,22,T,T,14
1979-01-23,33,14,0.00,0.0,13
1979-01-24,31,12,T,T,13
1979-01-25,36,31,0.76,7.0,16
1979-01-26,36,33,0.43,4.0,18
1979-01-27,38,33,T,T,17
1979-01-28,37,34,T,T,14
1979-01-29,38,34,T,0.0,13
1979-01-30,35,23,0.07,1.0,13
1979-01-31,28,19,0.29,2.0,15
1979-02-01,22,15,T,T,15
1979-02-02,21,11,0.00,0.0,15
1979-02-03,27,1,0.00,0.0,14
1979-02-04,31,-7,T,T,14
1979-02-05,19,8,T,T,14
1979-02-06,18,3,0.00,0.0,14
1979-02-07,16,-4,0.02,0.2,14
1979-02-08,25,5,0.04,0.4,14
1979-02-09,12,-7,0.00,0.0,14
1979-02-10,5,-21,0.00,0.0,14
1979-02-11,5,-20,0.00,0.0,14
1979-02-12,12,-26,0.00,0.0,14
1979-02-13,6,-22,0.00,0.0,14
1979-02-14,6,-11,0.00,0.0,14
1979-02-15,12,-14,0.00,0.0,13
1979-02-16,13,-7,0.04,0.4,12
1979-02-17,4,-11,0.00,0.0,12
1979-02-18,16,-23,0.00,0.0,11
1979-02-19,24,-12,0.00,0.0,11
1979-02-20,44,-6,0.00,0.0,11
1979-02-21,38,14,0.01,0.1,11
1979-02-22,43,29,T,0.0,11
1979-02-23,39,20,0.03,T,10
1979-02-24,38,33,0.76,0.0,9
1979-02-25,39,33,T,T,8
1979-02-26,33,30,0.75,2.0,9
1979-02-27,35,25,T,T,10
1979-02-28,49,25,0.00,0.0,10
1979-03-01,48,24,0.00,0.0,10
1979-03-02,37,32,0.04,T,10
1979-03-03,39,33,T,T,10
1979-03-04,50,35,T,0.0,10
1979-03-05,52,44,0.06,0.0,3
1979-03-06,50,40,0.88,0.0,3
1979-03-07,45,36,T,0.0,2
1979-03-08,50,34,0.00,0.0,2
1979-03-09,48,28,0.00,0.0,0
1979-03-10,41,29,0.27,T,T
1979-03-11,37,19,0.25,T,0
1979-03-12,26,11,T,T,0
1979-03-13,38,6,0.00,0.0,0
1979-03-14,48,30,0.20,0.0,0
1979-03-15,30,11,T,T,T
1979-03-16,32,11,T,T,0
1979-03-17,39,18,T,T,T
1979-03-18,39,15,0.00,0.0,0
1979-03-19,48,23,T,T,T
1979-03-20,49,27,0.00,0.0,0
1979-03-21,64,32,0.00,0.0,0
1979-03-22,70,27,0.00,0.0,0
1979-03-23,71,27,0.00,0.0,0
1979-03-24,65,36,T,0.0,0
1979-03-25,57,44,T,0.0,0
1979-03-26,44,28,T,T,0
1979-03-27,38,22,0.00,0.0,0
1979-03-28,48,18,0.00,0.0,0
1979-03-29,48,32,T,0.0,0
1979-03-30,47,41,0.08,0.0,0
1979-03-31,50,39,0.06,0.0,0
1979-04-01,43,39,T,0.0,0
1979-04-02,42,34,0.75,T,0
1979-04-03,48,34,T,T,T
1979-04-04,52,27,0.12,T,0
1979-04-05,40,32,0.17,1.0,1
1979-04-06,40,29,0.02,T,T
1979-04-07,36,29,0.01,1.0,1
1979-04-08,44,25,0.00,0.0,0
1979-04-09,34,28,0.60,4.0,T
1979-04-10,40,28,0.52,6.0,6
1979-04-11,50,22,0.00,0.0,2
1979-04-12,56,31,0.00,0.0,0
1979-04-13,55,26,0.00,0.0,0
1979-04-14,39,34,0.31,T,0
1979-04-15,48,35,T,0.0,0
1979-04-16,43,35,0.11,T,T
1979-04-17,52,29,T,0.0,0
1979-04-18,52,24,0.00,0.0,0
1979-04-19,51,26,0.00,0.0,0
1979-04-20,60,24,0.00,0.0,0
1979-04-21,68,27,0.00,0.0,0
1979-04-22,66,35,T,0.0,0
1979-04-23,70,37,0.00,0.0,0
1979-04-24,72,32,0.00,0.0,0
1979-04-25,74,35,T,0.0,0
1979-04-26,71,51,T,0.0,0
1979-04-27,68,59,0.72,0.0,0
1979-04-28,73,53,0.42,0.0,0
1979-04-29,61,44,0.05,0.0,0
1979-04-30,72,38,0.00,0.0,0
1979-05-01,61,38,0.00,0.0,0
1979-05-02,61,36,0.00,0.0,0
1979-05-03,63,31,0.34,0.0,0
1979-05-04,61,47,0.09,0.0,0
1979-05-05,53,33,0.00,0.0,0
1979-05-06,62,30,0.00,0.0,0
1979-05-07,70,29,0.00,0.0,0
1979-05-08,85,39,0.00,0.0,0
1979-05-09,92,56,0.00,0.0,0
1979-05-10,87,61,0.00,0.0,0
1979-05-11,70,52,T,0.0,0
1979-05-12,68,55,T,0.0,0
1979-05-13,67,54,0.03,0.0,0
1979-05-14,68,54,0.12,0.0,0
1979-05-15,75,53,0.00,0.0,0
1979-05-16,71,53,T,0.0,0
1979-05-17,71,41,0.00,0.0,0
1979-05-18,65,43,0.00,0.0,0
1979-05-19,72,57,T,0.0,0
1979-05-20,66,56,T,0.0,0
1979-05-21,74,54,0.13,0.0,0
1979-05-22,66,42,0.03,0.0,0
1979-05-23,68,38,0.19,0.0,0
1979-05-24,58,54,1.80,0.0,0
1979-05-25,57,52,1.14,0.0,0
1979-05-26,57,52,0.05,0.0,0
1979-05-27,67,51,0.03,0.0,0
1979-05-28,69,52,0.61,0.0,0
1979-05-29,71,53,0.12,0.0,0
1979-05-30,62,52,0.38,0.0,0
1979-05-31,76,48,0.00,0.0,0
1979-06-01,80,53,0.00,0.0,0
1979-06-02,80,56,0.00,0.0,0
1979-06-03,77,55,0.00,0.0,0
1979-06-04,85,52,0.00,0.0,0
1979-06-05,84,53,0.39,0.0,0
1979-06-06,73,49,0.00,0.0,0
1979-06-07,81,43,0.00,0.0,0
1979-06-08,78,61,0.00,0.0,0
1979-06-09,81,66,0.01,0.0,0
1979-06-10,82,66,0.00,0.0,0
1979-06-11,69,56,0.43,0.0,0
1979-06-12,57,42,T,0.0,0
1979-06-13,67,41,0.00,0.0,0
1979-06-14,77,39,0.00,0.0,0
1979-06-15,87,50,0.00,0.0,0
1979-06-16,88,62,0.00,0.0,0
1979-06-17,89,62,0.00,0.0,0
1979-06-18,78,54,0.07,0.0,0
1979-06-19,77,47,0.00,0.0,0
1979-06-20,82,44,0.00,0.0,0
1979-06-21,82,46,0.00,0.0,0
1979-06-22,77,47,T,0.0,0
1979-06-23,68,57,0.00,0.0,0
1979-06-24,63,49,0.00,0.0,0
1979-06-25,68,43,0.00,0.0,0
1979-06-26,77,38,0.00,0.0,0
1979-06-27,82,54,0.00,0.0,0
1979-06-28,82,58,0.03,0.0,0
1979-06-29,82,58,T,0.0,0
1979-06-30,73,61,0.33,0.0,0
1979-07-01,77,62,0.53,0.0,0
1979-07-02,76,61,0.07,0.0,0
1979-07-03,78,52,0.00,0.0,0
1979-07-04,69,45,0.00,0.0,0
1979-07-05,60,45,0.00,0.0,0
1979-07-06,72,48,T,0.0,0
1979-07-07,78,44,0.00,0.0,0
1979-07-08,86,48,0.00,0.0,0
1979-07-09,89,54,0.00,0.0,0
1979-07-10,86,56,0.00,0.0,0
1979-07-11,86,65,T,0.0,0
1979-07-12,87,63,0.00,0.0,0
1979-07-13,92,61,0.03,0.0,0
1979-07-14,91,65,T,0.0,0
1979-07-15,81,66,0.00,0.0,0
1979-07-16,84,69,0.05,0.0,0
1979-07-17,83,65,0.06,0.0,0
1979-07-18,78,63,T,0.0,0
1979-07-19,87,57,0.00,0.0,0
1979-07-20,89,50,0.00,0.0,0
1979-07-21,91,55,0.00,0.0,0
1979-07-22,91,63,0.00,0.0,0
1979-07-23,94,60,0.00,0.0,0
1979-07-24,89,61,0.00,0.0,0
1979-07-25,93,67,0.04,0.0,0
1979-07-26,87,71,0.75,0.0,0
1979-07-27,84,68,0.05,0.0,0
1979-07-28,86,64,0.00,0.0,0
1979-07-29,88,65,T,0.0,0
1979-07-30,90,67,0.00,0.0,0
1979-07-31,88,67,0.00,0.0,0
1979-08-01,89,72,0.06,0.0,0
1979-08-02,89,72,0.17,0.0,0
1979-08-03,88,67,0.00,0.0,0
1979-08-04,87,64,0.00,0.0,0
1979-08-05,92,63,0.00,0.0,0
1979-08-06,78,54,0.00,0.0,0
1979-08-07,78,48,T,0.0,0
1979-08-08,85,62,T,0.0,0
1979-08-09,75,55,0.00,0.0,0
1979-08-10,62,54,0.63,0.0,0
1979-08-11,68,58,0.00,0.0,0
1979-08-12,58,52,0.81,0.0,0
1979-08-13,70,52,0.21,0.0,0
1979-08-14,74,52,0.04,0.0,0
1979-08-15,64,54,0.04,0.0,0
1979-08-16,71,46,0.00,0.0,0
1979-08-17,72,43,0.00,0.0,0
1979-08-18,64,46,0.10,0.0,0
1979-08-19,62,55,0.10,0.0,0
1979-08-20,74,57,0.00,0.0,0
1979-08-21,79,56,0.06,0.0,0
1979-08-22,80,54,0.00,0.0,0
1979-08-23,79,52,0.00,0.0,0
1979-08-24,74,65,T,0.0,0
1979-08-25,83,58,0.01,0.0,0
1979-08-26,80,54,0.00,0.0,0
1979-08-27,77,63,0.22,0.0,0
1979-08-28,80,59,0.00,0.0,0
1979-08-29,78,62,0.13,0.0,0
1979-08-30,87,66,0.00,0.0,0
1979-08-31,75,48,0.00,0.0,0
1979-09-01,82,45,0.00,0.0,0
1979-09-02,82,61,T,0.0,0
1979-09-03,86,68,0.22,0.0,0
1979-09-04,79,57,0.00,0.0,0
1979-09-05,86,55,0.00,0.0,0
1979-09-06,74,66,1.01,0.0,0
1979-09-07,74,57,0.00,0.0,0
1979-09-08,64,41,T,0.0,0
1979-09-09,69,37,0.00,0.0,0
1979-09-10,73,44,T,0.0,0
1979-09-11,63,40,T,0.0,0
1979-09-12,72,40,0.00,0.0,0
1979-09-13,78,48,0.00,0.0,0
1979-09-14,76,60,0.73,0.0,0
1979-09-15,66,45,0.00,0.0,0
1979-09-16,67,42,0.00,0.0,0
1979-09-17,77,47,0.00,0.0,0
1979-09-18,78,48,0.00,0.0,0
1979-09-19,60,33,0.08,0.0,0
1979-09-20,62,28,0.00,0.0,0
1979-09-21,61,38,0.22,0.0,0
1979-09-22,66,41,0.05,0.0,0
1979-09-23,63,35,0.00,0.0,0
1979-09-24,68,37,0.00,0.0,0
1979-09-25,70,36,0.00,0.0,0
1979-09-26,73,38,0.00,0.0,0
1979-09-27,74,39,0.00,0.0,0
1979-09-28,64,43,0.37,0.0,0
1979-09-29,68,53,0.30,0.0,0
1979-09-30,59,53,0.00,0.0,0
1979-10-01,62,52,0.62,0.0,0
1979-10-02,72,54,0.00,0.0,0
1979-10-03,63,54,1.37,0.0,0
1979-10-04,75,55,0.00,0.0,0
1979-10-05,67,57,0.28,0.0,0
1979-10-06,65,50,T,0.0,0
1979-10-07,63,40,0.00,0.0,0
1979-10-08,48,28,T,0.0,0
1979-10-09,39,29,0.32,1.1,T
1979-10-10,40,30,0.00,0.0,0
1979-10-11,47,30,0.00,0.0,0
1979-10-12,44,38,0.39,0.0,0
1979-10-13,54,36,T,0.0,0
1979-10-14,46,31,T,0.0,0
1979-10-15,47,28,0.16,T,0
1979-10-16,50,26,0.00,0.0,0
1979-10-17,64,25,T,0.0,0
1979-10-18,58,32,0.00,0.0,0
1979-10-19,53,31,0.00,0.0,0
1979-10-20,71,53,0.00,0.0,0
1979-10-21,77,55,0.00,0.0,0
1979-10-22,84,55,0.00,0.0,0
1979-10-23,78,53,T,0.0,0
1979-10-24,67,46,0.57,0.0,0
1979-10-25,48,38,T,0.0,0
1979-10-26,40,35,T,T,0
1979-10-27,41,27,0.00,0.0,0
1979-10-28,38,27,0.12,T,T
1979-10-29,51,36,T,0.0,0
1979-10-30,46,32,0.00,0.0,0
1979-10-31,56,26,0.00,0.0,0
1979-11-01,58,25,0.00,0.0,0
1979-11-02,63,47,0.41,0.0,0
1979-11-03,51,30,0.86,0.0,0
1979-11-04,48,27,0.00,0.0,0
1979-11-05,50,28,0.00,0.0,0
1979-11-06,50,26,0.00,0.0,0
1979-11-07,51,35,T,0.0,0
1979-11-08,47,42,0.00,0.0,0
1979-11-09,53,29,T,0.0,0
1979-11-10,62,45,0.21,0.0,0
1979-11-11,45,33,T,0.0,0
1979-11-12,45,33,T,0.0,0
1979-11-13,45,35,T,0.0,0
1979-11-14,43,36,0.09,0.0,0
1979-11-15,43,28,T,T,0
1979-11-16,38,20,T,T,T
1979-11-17,44,20,0.00,0.0,0
1979-11-18,50,31,0.00,0.0,0
1979-11-19,47,26,0.00,0.0,0
1979-11-20,52,33,T,0.0,0
1979-11-21,50,34,0.00,0.0,0
1979-11-22,51,37,T,0.0,0
1979-11-23,62,45,0.00,0.0,0
1979-11-24,65,46,0.04,0.0,0
1979-11-25,57,50,0.23,0.0,0
1979-11-26,65,49,0.55,0.0,0
1979-11-27,55,33,T,0.0,0
1979-11-28,56,27,T,0.0,0
1979-11-29,41,30,T,T,0
1979-11-30,36,28,0.00,0.0,0
1979-12-01,39,27,0.00,0.0,0
1979-12-02,32,20,0.02,T,T
1979-12-03,40,13,0.00,0.0,0
1979-12-04,39,22,0.04,0.8,0
1979-12-05,40,16,T,T,1
1979-12-06,54,27,0.04,0.0,T
1979-12-07,44,32,0.01,T,0
1979-12-08,43,18,T,T,0
1979-12-09,32,9,T,T,0
1979-12-10,33,27,T,T,T
1979-12-11,57,28,0.00,0.0,0
1979-12-12,59,34,0.08,0.0,0
1979-12-13,34,23,0.07,2.0,0
1979-12-14,27,8,0.01,T,2
1979-12-15,33,1,T,T,2
1979-12-16,44,29,0.03,0.0,1
1979-12-17,40,7,T,T,T
1979-12-18,14,-8,T,T,T
1979-12-19,10,-5,T,T,0
1979-12-20,26,-1,T,T,T
1979-12-21,28,-0,0.00,0.0,0
1979-12-22,38,15,0.00,0.0,0
1979-12-23,40,30,0.04,0.0,0
1979-12-24,46,36,0.38,0.0,0
1979-12-25,45,39,0.88,0.0,0
1979-12-26,40,33,0.01,0.0,0
1979-12-27,35,27,0.00,0.0,0
1979-12-28,36,25,T,T,0
1979-12-29,45,30,0.00,0.0,0
1979-12-30,39,24,0.00,0.0,0
1979-12-31,35,13,0.00,0.0,0
1980-01-01,31,14,0.00,0.0,0
1980-01-02,34,21,T,T,0
1980-01-03,27,13,T,T,0
1980-01-04,27,5,0.00,0.0,0
1980-01-05,25,9,0.00,0.0,0
1980-01-06,26,-0,0.00,0.0,0
1980-01-07,37,5,T,T,T
1980-01-08,31,15,T,T,T
1980-01-09,26,13,T,T,0
1980-01-10,27,-1,0.03,1.0,1
1980-01-11,56,15,0.21,0.0,0
1980-01-12,56,21,0.22,T,0
1980-01-13,29,13,0.00,0.0,T
1980-01-14,36,21,0.06,0.0,0
1980-01-15,41,29,0.06,0.0,0
1980-01-16,39,18,0.00,0.0,0
1980-01-17,38,15,0.00,0.0,0
1980-01-18,42,31,0.00,0.0,0
1980-01-19,41,32,0.00,0.0,0
1980-01-20,35,20,T,T,0
1980-01-21,25,13,0.00,0.0,0
1980-01-22,26,4,0.24,3.0,0
1980-01-23,32,19,0.01,1.0,2
1980-01-24,19,-2,T,T,3
1980-01-25,22,-10,0.00,0.0,2
1980-01-26,28,2,0.00,0.0,1
1980-01-27,31,15,0.00,0.0,1
1980-01-28,28,7,T,T,1
1980-01-29,28,5,T,T,T
1980-01-30,16,-0,T,T,T
1980-01-31,14,-5,0.00,0.0,T
1980-02-01,20,2,0.00,0.0,0
1980-02-02,15,5,T,T,T
1980-02-03,20,7,0.00,0.0,T
1980-02-04,26,9,0.00,0.0,T
1980-02-05,23,6,T,T,T
1980-02-06,32,-2,0.00,0.0,T
1980-02-07,31,10,0.00,0.0,T
1980-02-08,33,7,0.00,0.0,T
1980-02-09,32,3,0.00,0.0,T
1980-02-10,29,5,0.00,0.0,T
1980-02-11,36,3,0.00,0.0,T
1980-02-12,30,10,T,T,0
1980-02-13,32,7,0.00,0.0,0
1980-02-14,35,12,0.01,T,0
1980-02-15,31,19,0.01,T,T
1980-02-16,22,13,0.44,5.0,1
1980-02-17,19,-2,0.00,0.0,5
1980-02-18,32,-1,0.00,0.0,5
1980-02-19,45,6,0.00,0.0,4
1980-02-20,50,22,0.00,0.0,3
1980-02-21,41,20,0.00,0.0,2
1980-02-22,24,10,0.31,3.0,T
1980-02-23,36,23,0.02,1.0,2
1980-02-24,36,18,T,T,3
1980-02-25,40,22,T,T,3
1980-02-26,23,-3,0.00,0.0,3
1980-02-27,22,-8,0.02,0.2,3
1980-02-28,24,8,0.03,T,3
1980-02-29,12,-7,0.00,0.0,3
1980-03-01,19,-8,0.00,0.0,3
1980-03-02,21,-9,0.00,0.0,3
1980-03-03,33,-9,0.00,0.0,3
1980-03-04,43,8,0.00,0.0,2
1980-03-05,38,23,0.01,3.0,1
1980-03-06,38,25,0.02,0.0,2
1980-03-07,45,28,T,T,T
1980-03-08,37,30,0.97,5.0,5
1980-03-09,39,25,0.01,0.0,2
1980-03-10,46,20,0.00,0.0,1
1980-03-11,40,19,0.62,1.0,1
1980-03-12,25,12,0.00,0.0,1
1980-03-13,33,4,T,T,1
1980-03-14,33,23,0.38,4.0,4
1980-03-15,29,15,T,T,4
1980-03-16,37,10,0.00,0.0,4
1980-03-17,51,22,0.15,0.0,2
1980-03-18,51,31,0.36,0.0,0
1980-03-19,46,25,0.00,0.0,0
1980-03-20,61,24,0.00,0.0,0
1980-03-21,41,35,0.13,T,0
1980-03-22,50,29,0.05,T,T
1980-03-23,52,27,0.00,0.0,0
1980-03-24,55,27,0.00,0.0,0
1980-03-25,42,32,0.02,T,0
1980-03-26,41,33,0.03,T,0
1980-03-27,54,32,T,T,T
1980-03-28,58,29,0.00,0.0,0
1980-03-29,47,34,0.22,0.0,0
1980-03-30,46,31,0.06,0.0,0
1980-03-31,51,29,0.00,0.0,0
1980-04-01,58,22,0.00,0.0,0
1980-04-02,41,25,0.06,T,0
1980-04-03,58,26,0.00,0.0,0
1980-04-04,40,32,0.43,T,T
1980-04-05,45,28,T,0.0,0
1980-04-06,54,25,0.00,0.0,0
1980-04-07,60,23,0.00,0.0,0
1980-04-08,44,37,0.04,0.0,0
1980-04-09,52,39,0.34,0.0,0
1980-04-10,55,44,1.17,0.0,0
1980-04-11,57,36,0.00,0.0,0
1980-04-12,55,31,0.03,0.0,0
1980-04-13,58,36,T,0.0,0
1980-04-14,50,34,0.07,0.0,0
1980-04-15,63,39,0.28,0.0,0
1980-04-16,45,30,0.05,0.0,0
1980-04-17,51,26,0.00,0.0,0
1980-04-18,52,30,0.00,0.0,0
1980-04-19,64,25,0.00,0.0,0
1980-04-20,71,29,T,0.0,0
1980-04-21,61,30,0.00,0.0,0
1980-04-22,45,25,T,T,0
1980-04-23,59,40,0.00,0.0,0
1980-04-24,66,42,0.00,0.0,0
1980-04-25,62,38,0.11,0.0,0
1980-04-26,58,39,0.15,0.0,0
1980-04-27,63,39,0.03,0.0,0
1980-04-28,47,41,0.04,0.0,0
1980-04-29,49,41,0.13,0.0,0
1980-04-30,67,45,0.01,0.0,0
1980-05-01,69,49,0.02,0.0,0
1980-05-02,74,46,0.00,0.0,0
1980-05-03,81,38,0.00,0.0,0
1980-05-04,61,48,T,0.0,0
1980-05-05,66,43,T,0.0,0
1980-05-06,73,37,0.47,0.0,0
1980-05-07,49,43,0.19,0.0,0
1980-05-08,61,42,0.04,0.0,0
1980-05-09,55,38,0.12,0.0,0
1980-05-10,63,38,0.00,0.0,0
1980-05-11,67,37,0.06,0.0,0
1980-05-12,76,48,0.00,0.0,0
1980-05-13,61,52,0.05,0.0,0
1980-05-14,61,39,T,0.0,0
1980-05-15,60,35,0.00,0.0,0
1980-05-16,72,32,0.00,0.0,0
1980-05-17,78,36,0.00,0.0,0
1980-05-18,62,54,0.23,0.0,0
1980-05-19,72,50,0.03,0.0,0
1980-05-20,78,44,0.00,0.0,0
1980-05-21,70,42,0.00,0.0,0
1980-05-22,85,49,0.00,0.0,0
1980-05-23,87,50,0.00,0.0,0
1980-05-24,80,52,0.00,0.0,0
1980-05-25,68,40,0.00,0.0,0
1980-05-26,64,35,0.00,0.0,0
1980-05-27,68,41,0.00,0.0,0
1980-05-28,67,33,0.00,0.0,0
1980-05-29,74,35,0.00,0.0,0
1980-05-30,76,39,0.00,0.0,0
1980-05-31,78,59,0.01,0.0,0
1980-06-01,78,56,0.00,0.0,0
1980-06-02,67,51,0.24,0.0,0
1980-06-03,68,59,1.16,0.0,0
1980-06-04,68,52,0.04,0.0,0
1980-06-05,70,43,0.00,0.0,0
1980-06-06,77,41,0.00,0.0,0
1980-06-07,65,55,T,0.0,0
1980-06-08,69,46,0.02,0.0,0
1980-06-09,57,35,0.00,0.0,0
1980-06-10,60,40,T,0.0,0
1980-06-11,58,40,0.00,0.0,0
1980-06-12,68,37,0.00,0.0,0
1980-06-13,82,40,0.00,0.0,0
1980-06-14,86,48,0.00,0.0,0
1980-06-15,80,51,0.32,0.0,0
1980-06-16,69,51,0.15,0.0,0
1980-06-17,73,43,0.00,0.0,0
1980-06-18,79,42,0.00,0.0,0
1980-06-19,79,50,0.00,0.0,0
1980-06-20,59,52,0.48,0.0,0
1980-06-21,66,52,0.05,0.0,0
1980-06-22,85,48,0.00,0.0,0
1980-06-23,85,49,0.00,0.0,0
1980-06-24,90,59,0.01,0.0,0
1980-06-25,92,57,0.00,0.0,0
1980-06-26,89,60,0.00,0.0,0
1980-06-27,82,53,0.00,0.0,0
1980-06-28,76,46,0.00,0.0,0
1980-06-29,69,55,0.12,0.0,0
1980-06-30,70,58,T,0.0,0
1980-07-01,83,56,0.00,0.0,0
1980-07-02,76,62,0.04,0.0,0
1980-07-03,83,59,0.00,0.0,0
1980-07-04,88,52,0.00,0.0,0
1980-07-05,83,64,0.15,0.0,0
1980-07-06,71,50,0.00,0.0,0
1980-07-07,80,43,0.00,0.0,0
1980-07-08,67,50,0.76,0.0,0
1980-07-09,78,54,0.00,0.0,0
1980-07-10,83,52,0.00,0.0,0
1980-07-11,87,59,0.50,0.0,0
1980-07-12,65,50,0.00,0.0,0
1980-07-13,78,52,0.00,0.0,0
1980-07-14,86,51,0.00,0.0,0
1980-07-15,88,65,T,0.0,0
1980-07-16,92,71,0.61,0.0,0
1980-07-17,89,65,0.02,0.0,0
1980-07-18,85,59,0.00,0.0,0
1980-07-19,83,55,0.00,0.0,0
1980-07-20,89,68,0.00,0.0,0
1980-07-21,92,70,0.20,0.0,0
1980-07-22,84,68,0.40,0.0,0
1980-07-23,80,60,0.09,0.0,0
1980-07-24,81,56,0.00,0.0,0
1980-07-25,85,52,0.00,0.0,0
1980-07-26,82,57,T,0.0,0
1980-07-27,87,66,0.00,0.0,0
1980-07-28,83,64,0.00,0.0,0
1980-07-29,77,62,0.07,0.0,0
1980-07-30,88,59,0.01,0.0,0
1980-07-31,84,55,0.00,0.0,0
1980-08-01,84,58,0.75,0.0,0
1980-08-02,87,60,0.01,0.0,0
1980-08-03,82,66,0.01,0.0,0
1980-08-04,87,63,0.00,0.0,0
1980-08-05,90,61,0.03,0.0,0
1980-08-06,89,67,0.00,0.0,0
1980-08-07,88,62,0.00,0.0,0
1980-08-08,90,63,0.02,0.0,0
1980-08-09,82,63,0.07,0.0,0
1980-08-10,79,53,0.00,0.0,0
1980-08-11,63,58,0.35,0.0,0
1980-08-12,79,58,0.01,0.0,0
1980-08-13,79,55,0.00,0.0,0
1980-08-14,74,56,0.49,0.0,0
1980-08-15,80,57,0.00,0.0,0
1980-08-16,65,51,T,0.0,0
1980-08-17,78,45,0.00,0.0,0
1980-08-18,81,48,0.00,0.0,0
1980-08-19,68,59,T,0.0,0
1980-08-20,66,57,T,0.0,0
1980-08-21,70,53,0.00,0.0,0
1980-08-22,77,54,0.00,0.0,0
1980-08-23,83,57,0.00,0.0,0
1980-08-24,88,54,0.00,0.0,0
1980-08-25,82,54,0.00,0.0,0
1980-08-26,87,60,T,0.0,0
1980-08-27,83,65,T,0.0,0
1980-08-28,74,53,0.06,0.0,0
1980-08-29,84,52,0.00,0.0,0
1980-08-30,84,62,1.03,0.0,0
1980-08-31,84,66,0.16,0.0,0
1980-09-01,86,65,0.05,0.0,0
1980-09-02,89,68,0.68,0.0,0
1980-09-03,78,56,0.00,0.0,0
1980-09-04,80,53,0.00,0.0,0
1980-09-05,72,57,T,0.0,0
1980-09-06,81,56,T,0.0,0
1980-09-07,73,49,0.00,0.0,0
1980-09-08,69,43,0.00,0.0,0
1980-09-09,72,40,T,0.0,0
1980-09-10,68,48,T,0.0,0
1980-09-11,76,43,0.00,0.0,0
1980-09-12,70,47,0.00,0.0,0
1980-09-13,60,48,0.02,0.0,0
1980-09-14,74,57,0.36,0.0,0
1980-09-15,64,43,0.00,0.0,0
1980-09-16,66,43,0.00,0.0,0
1980-09-17,66,50,0.45,0.0,0
1980-09-18,65,40,0.03,0.0,0
1980-09-19,68,39,0.00,0.0,0
1980-09-20,73,45,T,0.0,0
1980-09-21,81,63,0.00,0.0,0
1980-09-22,85,64,0.11,0.0,0
1980-09-23,71,48,0.16,0.0,0
1980-09-24,64,36,0.00,0.0,0
1980-09-25,62,35,0.30,0.0,0
1980-09-26,66,45,0.31,0.0,0
1980-09-27,54,39,0.00,0.0,0
1980-09-28,63,34,0.00,0.0,0
1980-09-29,60,28,0.00,0.0,0
1980-09-30,72,40,0.00,0.0,0
1980-10-01,75,47,T,0.0,0
1980-10-02,71,48,0.18,0.0,0
1980-10-03,63,54,0.19,0.0,0
1980-10-04,63,43,0.88,0.0,0
1980-10-05,62,42,0.00,0.0,0
1980-10-06,62,39,0.00,0.0,0
1980-10-07,58,39,0.00,0.0,0
1980-10-08,66,38,0.00,0.0,0
1980-10-09,54,29,0.00,0.0,0
1980-10-10,60,25,T,T,T
1980-10-11,52,43,0.15,0.0,0
1980-10-12,53,40,0.02,0.0,0
1980-10-13,44,33,0.00,0.0,0
1980-10-14,48,27,0.00,0.0,0
1980-10-15,54,24,0.00,0.0,0
1980-10-16,55,32,0.03,0.0,0
1980-10-17,63,44,0.00,0.0,0
1980-10-18,66,50,0.25,0.0,0
1980-10-19,60,43,0.00,0.0,0
1980-10-20,53,29,T,0.0,0
1980-10-21,48,29,T,0.0,0
1980-10-22,47,29,0.00,0.0,0
1980-10-23,41,29,T,T,0
1980-10-24,53,23,0.00,0.0,0
1980-10-25,55,27,0.64,0.0,0
1980-10-26,55,41,0.05,0.0,0
1980-10-27,46,36,T,T,0
1980-10-28,41,35,0.06,T,0
1980-10-29,47,27,0.00,0.0,0
1980-10-30,47,25,0.00,0.0,0
1980-10-31,53,34,0.02,0.0,0
1980-11-01,41,37,T,T,0
1980-11-02,41,21,T,T,0
1980-11-03,46,16,0.00,0.0,0
1980-11-04,54,40,0.01,0.0,0
1980-11-05,49,31,T,T,0
1980-11-06,42,23,T,0.0,T
1980-11-07,57,38,0.06,T,0
1980-11-08,49,21,0.05,0.0,0
1980-11-09,37,19,0.24,T,0
1980-11-10,44,29,T,T,0
1980-11-11,34,29,T,T,T
1980-11-12,35,30,T,T,0
1980-11-13,45,29,0.00,0.0,0
1980-11-14,46,35,T,T,T
1980-11-15,40,22,0.00,0.0,0
1980-11-16,33,21,0.00,0.0,0
1980-11-17,32,12,0.06,1.0,0
1980-11-18,31,26,0.58,9.0,7
1980-11-19,33,15,0.00,0.0,8
1980-11-20,47,18,0.00,0.0,7
1980-11-21,41,16,0.00,0.0,5
1980-11-22,39,19,0.00,0.0,5
1980-11-23,32,16,0.00,0.0,4
1980-11-24,38,28,0.95,0.0,4
1980-11-25,39,34,0.10,T,2
1980-11-26,39,25,0.00,0.0,2
1980-11-27,32,17,0.00,0.0,1
1980-11-28,42,28,0.61,T,1
1980-11-29,40,34,T,T,1
1980-11-30,41,33,T,T,T
1980-12-01,51,32,0.00,0.0,T
1980-12-02,51,29,0.27,0.0,T
1980-12-03,44,16,0.18,T,T
1980-12-04,24,13,0.00,0.0,0
1980-12-05,26,9,0.00,0.0,0
1980-12-06,33,14,0.00,0.0,0
1980-12-07,39,13,0.04,0.0,0
1980-12-08,52,30,T,0.0,0
1980-12-09,52,28,0.01,1.0,0
1980-12-10,36,24,T,T,1
1980-12-11,33,-1,0.03,1.0,2
1980-12-12,25,-3,0.10,0.5,1
1980-12-13,40,12,0.07,0.7,2
1980-12-14,26,2,0.02,1.0,2
1980-12-15,20,-9,0.02,0.2,2
1980-12-16,27,16,0.22,4.8,5
1980-12-17,18,-5,T,T,5
1980-12-18,24,-5,0.01,T,5
1980-12-19,28,-8,0.10,1.0,6
1980-12-20,14,-17,0.00,0.0,6
1980-12-21,18,-20,0.00,0.0,6
1980-12-22,15,-10,T,T,5
1980-12-23,27,7,T,T,5
1980-12-24,31,6,0.18,1.0,4
1980-12-25,6,-24,0.00,0.0,5
1980-12-26,5,-25,T,T,5
1980-12-27,25,-4,0.00,0.0,5
1980-12-28,32,-6,0.02,0.1,5
1980-12-29,37,32,T,0.0,5
1980-12-30,35,-0,0.00,0.0,3
1980-12-31,19,-6,0.00,0.0,3
1981-01-01,14,-9,T,T,3
1981-01-02,26,-2,0.10,1.0,3
1981-01-03,6,-15,0.00,0.0,3
1981-01-04,-5,-25,T,T,3
1981-01-05,18,-18,0.00,0.0,3
1981-01-06,25,-3,T,T,3
1981-01-07,31,7,0.11,7.0,4
1981-01-08,12,-4,T,T,4
1981-01-09,16,-10,0.00,0.0,5
1981-01-10,19,-3,T,T,5
1981-01-11,3,-15,0.00,0.0,5
1981-01-12,10,-22,0.00,0.0,5
1981-01-13,14,-21,0.00,0.0,5
1981-01-14,11,-16,0.00,0.0,5
1981-01-15,16,-4,T,T,5
1981-01-16,17,-5,0.03,1.0,5
1981-01-17,17,-5,0.11,1.8,8
1981-01-18,22,-11,T,T,8
1981-01-19,41,10,T,T,8
1981-01-20,33,-1,0.00,0.0,8
1981-01-21,24,-8,0.00,0.0,7
1981-01-22,33,8,T,T,7
1981-01-23,34,17,T,T,7
1981-01-24,35,8,0.03,T,6
1981-01-25,34,-1,0.00,0.0,6
1981-01-26,41,20,0.00,0.0,5
1981-01-27,42,33,0.00,0.0,5
1981-01-28,34,17,0.00,0.0,4
1981-01-29,21,9,0.10,3.0,4
1981-01-30,20,-4,T,T,7
1981-01-31,30,-11,0.00,0.0,6
1981-02-01,38,-5,0.11,1.0,6
1981-02-02,53,27,0.04,T,3
1981-02-03,27,10,T,T,0
1981-02-04,16,5,T,T,0
1981-02-05,18,5,0.00,0.0,0
1981-02-06,28,5,T,T,0
1981-02-07,37,13,T,T,0
1981-02-08,35,29,0.54,6.7,T
1981-02-09,31,9,0.07,2.0,9
1981-02-10,33,-1,T,T,8
1981-02-11,59,31,1.13,T,5
1981-02-12,36,8,T,T,T
1981-02-13,31,4,0.00,0.0,T
1981-02-14,37,10,0.00,0.0,0
1981-02-15,40,18,0.00,0.0,0
1981-02-16,52,27,0.00,0.0,0
1981-02-17,55,32,T,0.0,0
1981-02-18,60,30,0.00,0.0,0
1981-02-19,55,30,T,0.0,0
1981-02-20,55,44,0.48,0.0,0
1981-02-21,54,47,0.04,0.0,0
1981-02-22,50,39,T,0.0,0
1981-02-23,41,30,0.00,0.0,0
1981-02-24,44,37,1.55,0.0,0
1981-02-25,37,32,2.16,19.0,4
1981-02-26,36,34,0.46,T,14
1981-02-27,38,23,0.00,0.0,13
1981-02-28,35,17,T,T,10
1981-03-01,41,33,T,0.0,8
1981-03-02,42,28,T,T,7
1981-03-03,28,10,T,T,7
1981-03-04,33,6,0.00,0.0,7
1981-03-05,39,8,0.00,0.0,7
1981-03-06,36,17,0.09,0.5,6
1981-03-07,38,32,0.17,1.0,7
1981-03-08,37,32,0.00,0.0,7
1981-03-09,39,31,T,T,7
1981-03-10,40,31,T,T,7
1981-03-11,40,22,0.02,T,5
1981-03-12,37,15,T,T,5
1981-03-13,47,29,0.01,T,4
1981-03-14,34,17,0.00,0.0,3
1981-03-15,48,15,T,T,3
1981-03-16,44,17,T,0.0,2
1981-03-17,34,13,0.00,0.0,T
1981-03-18,31,15,0.00,0.0,T
1981-03-19,37,7,0.00,0.0,T
1981-03-20,34,22,0.03,T,T
1981-03-21,39,28,0.07,2.5,2
1981-03-22,42,24,0.00,0.0,T
1981-03-23,51,19,0.00,0.0,T
1981-03-24,46,26,T,T,T
1981-03-25,48,29,T,T,T
1981-03-26,55,23,0.00,0.0,0
1981-03-27,43,31,0.31,0.6,1
1981-03-28,57,22,0.00,0.0,0
1981-03-29,76,36,0.00,0.0,0
1981-03-30,67,44,0.01,0.0,0
1981-03-31,56,44,T,0.0,0
1981-04-01,62,41,0.27,0.0,0
1981-04-02,53,30,0.07,0.0,0
1981-04-03,77,27,0.00,0.0,0
1981-04-04,68,50,T,0.0,0
1981-04-05,57,47,0.25,0.0,0
1981-04-06,47,32,T,T,0
1981-04-07,60,32,0.00,0.0,0
1981-04-08,75,28,0.00,0.0,0
1981-04-09,66,47,0.22,0.0,0
1981-04-10,66,33,0.00,0.0,0
1981-04-11,58,39,0.04,0.0,0
1981-04-12,52,30,0.00,0.0,0
1981-04-13,58,24,0.00,0.0,0
1981-04-14,51,30,0.30,0.0,0
1981-04-15,40,25,0.00,0.0,0
1981-04-16,60,21,0.00,0.0,0
1981-04-17,56,30,0.09,0.0,0
1981-04-18,66,40,0.36,0.0,0
1981-04-19,57,32,0.00,0.0,0
1981-04-20,47,31,T,T,0
1981-04-21,38,23,T,T,0
1981-04-22,51,23,0.00,0.0,0
1981-04-23,51,25,0.35,0.0,0
1981-04-24,53,39,0.25,0.0,0
1981-04-25,44,40,0.24,0.0,0
1981-04-26,60,38,0.00,0.0,0
1981-04-27,65,34,0.00,0.0,0
1981-04-28,66,38,0.00,0.0,0
1981-04-29,70,50,0.17,0.0,0
1981-04-30,62,46,T,0.0,0
1981-05-01,61,45,0.00,0.0,0
1981-05-02,57,37,T,0.0,0
1981-05-03,69,34,0.00,0.0,0
1981-05-04,81,34,0.00,0.0,0
1981-05-05,71,53,0.00,0.0,0
1981-05-06,70,43,0.01,0.0,0
1981-05-07,57,34,0.00,0.0,0
1981-05-08,72,29,0.00,0.0,0
1981-05-09,68,35,0.00,0.0,0
1981-05-10,75,38,0.00,0.0,0
1981-05-11,67,57,0.14,0.0,0
1981-05-12,67,54,2.18,0.0,0
1981-05-13,62,46,0.04,0.0,0
1981-05-14,72,40,0.00,0.0,0
1981-05-15,75,46,0.33,0.0,0
1981-05-16,69,49,0.49,0.0,0
1981-05-17,57,33,0.00,0.0,0
1981-05-18,58,29,0.00,0.0,0
1981-05-19,67,31,0.00,0.0,0
1981-05-20,73,32,0.00,0.0,0
1981-05-21,79,37,0.00,0.0,0
1981-05-22,73,47,T,0.0,0
1981-05-23,73,42,0.00,0.0,0
1981-05-24,82,36,0.00,0.0,0
1981-05-25,87,48,0.00,0.0,0
1981-05-26,83,59,0.00,0.0,0
1981-05-27,86,56,T,0.0,0
1981-05-28,79,65,0.00,0.0,0
1981-05-29,71,60,0.01,0.0,0
1981-05-30,81,62,0.08,0.0,0
1981-05-31,70,47,0.27,0.0,0
1981-06-01,75,42,0.00,0.0,0
1981-06-02,72,44,0.00,0.0,0
1981-06-03,64,47,T,0.0,0
1981-06-04,78,60,0.33,0.0,0
1981-06-05,85,58,0.00,0.0,0
1981-06-06,80,57,0.17,0.0,0
1981-06-07,68,45,T,0.0,0
1981-06-08,78,40,0.00,0.0,0
1981-06-09,74,56,0.61,0.0,0
1981-06-10,74,47,0.06,0.0,0
1981-06-11,74,53,0.02,0.0,0
1981-06-12,76,51,0.03,0.0,0
1981-06-13,80,55,0.00,0.0,0
1981-06-14,70,56,0.02,0.0,0
1981-06-15,83,60,T,0.0,0
1981-06-16,93,69,T,0.0,0
1981-06-17,79,55,T,0.0,0
1981-06-18,83,50,0.00,0.0,0
1981-06-19,88,59,0.00,0.0,0
1981-06-20,70,64,0.32,0.0,0
1981-06-21,77,58,0.00,0.0,0
1981-06-22,73,58,0.37,0.0,0
1981-06-23,74,47,0.01,0.0,0
1981-06-24,75,43,T,0.0,0
1981-06-25,74,52,0.16,0.0,0
1981-06-26,66,56,0.01,0.0,0
1981-06-27,77,48,0.00,0.0,0
1981-06-28,84,46,0.00,0.0,0
1981-06-29,86,48,0.00,0.0,0
1981-06-30,84,53,0.00,0.0,0
1981-07-01,83,58,0.00,0.0,0
1981-07-02,83,66,T,0.0,0
1981-07-03,78,66,T,0.0,0
1981-07-04,79,67,0.19,0.0,0
1981-07-05,73,66,0.48,0.0,0
1981-07-06,87,65,T,0.0,0
1981-07-07,86,63,0.00,0.0,0
1981-07-08,94,60,0.00,0.0,0
1981-07-09,93,68,0.15,0.0,0
1981-07-10,87,63,0.00,0.0,0
1981-07-11,86,57,0.00,0.0,0
1981-07-12,88,56,T,0.0,0
1981-07-13,81,60,0.34,0.0,0
1981-07-14,67,56,T,0.0,0
1981-07-15,80,52,0.00,0.0,0
1981-07-16,81,50,0.00,0.0,0
1981-07-17,86,57,0.00,0.0,0
1981-07-18,78,57,T,0.0,0
1981-07-19,84,61,0.00,0.0,0
1981-07-20,72,67,0.56,0.0,0
1981-07-21,84,67,0.42,0.0,0
1981-07-22,75,54,0.04,0.0,0
1981-07-23,76,47,0.00,0.0,0
1981-07-24,80,47,0.00,0.0,0
1981-07-25,81,52,0.00,0.0,0
1981-07-26,80,61,0.16,0.0,0
1981-07-27,75,53,0.18,0.0,0
1981-07-28,76,51,0.82,0.0,0
1981-07-29,62,57,0.54,0.0,0
1981-07-30,76,53,0.00,0.0,0
1981-07-31,84,49,0.00,0.0,0
1981-08-01,86,54,0.00,0.0,0
1981-08-02,85,57,0.00,0.0,0
1981-08-03,86,59,0.00,0.0,0
1981-08-04,88,64,0.00,0.0,0
1981-08-05,81,62,0.99,0.0,0
1981-08-06,72,61,0.00,0.0,0
1981-08-07,71,56,0.00,0.0,0
1981-08-08,75,56,0.05,0.0,0
1981-08-09,82,64,T,0.0,0
1981-08-10,86,63,0.00,0.0,0
1981-08-11,88,61,0.35,0.0,0
1981-08-12,81,61,0.00,0.0,0
1981-08-13,75,58,0.00,0.0,0
1981-08-14,77,48,0.00,0.0,0
1981-08-15,70,54,1.25,0.0,0
1981-08-16,75,55,0.32,0.0,0
1981-08-17,61,54,0.00,0.0,0
1981-08-18,76,47,0.00,0.0,0
1981-08-19,81,48,0.00,0.0,0
1981-08-20,78,54,0.00,0.0,0
1981-08-21,83,53,0.00,0.0,0
1981-08-22,79,57,0.00,0.0,0
1981-08-23,81,57,0.00,0.0,0
1981-08-24,74,54,0.01,0.0,0
1981-08-25,71,52,0.04,0.0,0
1981-08-26,75,53,0.00,0.0,0
1981-08-27,72,51,0.02,0.0,0
1981-08-28,77,53,0.00,0.0,0
1981-08-29,73,52,T,0.0,0
1981-08-30,71,61,T,0.0,0
1981-08-31,74,60,0.00,0.0,0
1981-09-01,71,60,T,0.0,0
1981-09-02,74,62,T,0.0,0
1981-09-03,70,59,T,0.0,0
1981-09-04,74,56,0.00,0.0,0
1981-09-05,78,55,0.00,0.0,0
1981-09-06,81,58,0.00,0.0,0
1981-09-07,78,56,0.00,0.0,0
1981-09-08,74,62,0.29,0.0,0
1981-09-09,67,47,0.43,0.0,0
1981-09-10,68,39,0.40,0.0,0
1981-09-11,67,52,0.00,0.0,0
1981-09-12,76,51,0.00,0.0,0
1981-09-13,79,47,0.00,0.0,0
1981-09-14,78,50,0.00,0.0,0
1981-09-15,71,55,0.00,0.0,0
1981-09-16,65,52,0.01,0.0,0
1981-09-17,72,52,T,0.0,0
1981-09-18,69,48,T,0.0,0
1981-09-19,56,48,0.53,0.0,0
1981-09-20,65,50,0.24,0.0,0
1981-09-21,63,39,T,0.0,0
1981-09-22,52,48,1.82,0.0,0
1981-09-23,52,49,0.56,0.0,0
1981-09-24,52,48,0.09,0.0,0
1981-09-25,69,44,0.00,0.0,0
1981-09-26,68,43,T,0.0,0
1981-09-27,75,48,0.02,0.0,0
1981-09-28,58,44,0.75,0.0,0
1981-09-29,57,40,0.00,0.0,0
1981-09-30,52,28,0.00,0.0,0
1981-10-01,48,31,0.09,0.0,0
1981-10-02,58,44,0.17,0.0,0
1981-10-03,49,42,0.46,0.0,0
1981-10-04,58,45,0.03,0.0,0
1981-10-05,57,42,T,0.0,0
1981-10-06,49,40,0.16,0.0,0
1981-10-07,52,42,0.01,0.0,0
1981-10-08,51,43,T,0.0,0
1981-10-09,49,42,T,0.0,0
1981-10-10,53,29,0.00,0.0,0
1981-10-11,52,29,0.00,0.0,0
1981-10-12,55,25,0.00,0.0,0
1981-10-13,61,28,0.00,0.0,0
1981-10-14,69,30,0.00,0.0,0
1981-10-15,63,28,0.00,0.0,0
1981-10-16,57,39,0.00,0.0,0
1981-10-17,59,33,0.00,0.0,0
1981-10-18,53,30,0.64,0.0,0
1981-10-19,51,38,0.17,0.0,0
1981-10-20,55,30,0.00,0.0,0
1981-10-21,60,40,0.00,0.0,0
1981-10-22,60,41,T,0.0,0
1981-10-23,61,41,0.64,0.0,0
1981-10-24,47,27,0.00,0.0,0
1981-10-25,49,25,0.00,0.0,0
1981-10-26,48,44,0.40,0.0,0
1981-10-27,54,48,1.09,0.0,0
1981-10-28,55,43,0.23,0.0,0
1981-10-29,44,30,T,0.0,0
1981-10-30,50,29,0.00,0.0,0
1981-10-31,52,29,0.00,0.0,0
1981-11-01,53,32,0.00,0.0,0
1981-11-02,65,35,0.00,0.0,0
1981-11-03,52,31,0.00,0.0,0
1981-11-04,57,30,0.00,0.0,0
1981-11-05,61,24,0.00,0.0,0
1981-11-06,54,43,0.34,0.0,0
1981-11-07,43,34,T,T,0
1981-11-08,55,26,0.00,0.0,0
1981-11-09,52,28,0.00,0.0,0
1981-11-10,42,21,0.00,0.0,0
1981-11-11,47,36,T,0.0,0
1981-11-12,38,27,0.00,0.0,0
1981-11-13,48,17,0.00,0.0,0
1981-11-14,53,23,0.00,0.0,0
1981-11-15,49,36,0.01,0.0,0
1981-11-16,59,47,0.16,0.0,0
1981-11-17,54,47,0.40,0.0,0
1981-11-18,47,37,0.12,0.0,0
1981-11-19,43,38,0.01,0.0,0
1981-11-20,39,37,0.24,T,0
1981-11-21,41,37,0.40,0.0,0
1981-11-22,39,31,0.00,0.0,0
1981-11-23,37,25,0.00,0.0,0
1981-11-24,36,18,0.00,0.0,0
1981-11-25,30,26,0.00,0.0,0
1981-11-26,37,26,0.00,0.0,0
1981-11-27,43,30,0.08,0.0,0
1981-11-28,41,29,T,T,0
1981-11-29,32,29,0.01,T,T
1981-11-30,35,22,0.00,0.0,T
1981-12-01,33,14,0.13,0.0,0
1981-12-02,37,33,0.40,0.0,0
1981-12-03,36,32,0.11,0.0,0
1981-12-04,42,27,0.00,0.0,0
1981-12-05,34,26,T,T,0
1981-12-06,27,24,0.39,7.0,3
1981-12-07,37,19,0.04,0.4,3
1981-12-08,29,17,0.01,0.1,3
1981-12-09,28,24,0.14,1.4,4
1981-12-10,28,22,T,T,4
1981-12-11,34,23,0.02,1.0,5
1981-12-12,33,28,T,T,4
1981-12-13,32,20,0.00,0.0,3
1981-12-14,31,13,T,T,3
1981-12-15,34,27,0.36,4.3,6
1981-12-16,34,27,0.64,7.0,11
1981-12-17,33,13,T,T,12
1981-12-18,25,20,0.21,1.9,12
1981-12-19,23,9,T,T,14
1981-12-20,18,-4,0.00,0.0,12
1981-12-21,25,-13,0.00,0.0,12
1981-12-22,32,14,0.04,1.0,11
1981-12-23,39,20,0.46,3.0,15
1981-12-24,39,28,0.00,0.0,12
1981-12-25,37,27,0.00,0.0,10
1981-12-26,30,17,0.00,0.0,9
1981-12-27,28,18,0.21,3.9,14
1981-12-28,37,25,0.03,0.3,14
1981-12-29,34,26,0.21,3.0,17
1981-12-30,31,2,0.00,0.0,15
1981-12-31,32,7,0.00,0.0,14
1982-02-01,31,7,0.24,2.5,23
1982-02-02,28,-4,0.00,0.0,23
1982-02-03,39,25,0.60,T,21
1982-02-04,45,19,0.00,0.0,19
1982-02-05,22,5,0.07,0.4,M
1982-02-06,32,16,0.04,M,M
1982-02-07,27,8,0.00,0.0,19
1982-02-08,31,15,T,T,20
1982-02-09,27,16,0.29,4.4,20
1982-02-10,25,5,0.02,0.4,24
1982-02-11,25,-10,0.00,0.0,23
1982-02-12,29,-9,0.00,0.0,22
1982-02-13,29,11,0.03,0.3,22
1982-02-14,29,-1,0.00,0.0,22
1982-02-15,43,-1,0.00,0.0,22
1982-02-16,45,20,0.00,0.0,19
1982-02-17,29,7,0.00,0.0,18
1982-02-18,35,3,0.00,0.0,20
1982-02-19,30,8,0.35,5.4,20
1982-02-20,40,20,0.03,0.3,26
1982-02-21,43,28,0.00,0.0,24
1982-02-22,32,25,0.02,0.2,20
1982-02-23,32,15,0.00,0.0,21
1982-02-24,30,7,0.00,0.0,21
1982-02-25,16,3,0.00,0.0,21
1982-02-26,24,4,0.00,0.0,21
1982-02-27,32,11,0.00,0.0,21
1982-02-28,25,-0,T,T,21
1982-03-01,28,-11,0.14,2.6,M
1982-03-02,32,19,0.03,M,M
1982-03-03,24,-2,0.00,0.0,22
1982-03-04,24,-11,0.17,1.1,22
1982-03-05,43,21,0.19,0.0,24
1982-03-06,37,11,T,0.0,22
1982-03-07,34,31,0.86,4.3,22
1982-03-08,31,4,0.18,2.0,27
1982-03-09,23,2,0.07,0.7,26
1982-03-10,36,8,0.01,0.4,27
1982-03-11,45,31,0.02,0.0,26
1982-03-12,47,34,0.11,0.0,20
1982-03-13,42,31,0.17,0.0,20
1982-03-14,41,31,T,T,18
1982-03-15,41,20,0.00,0.0,16
1982-03-16,45,13,T,T,14
1982-03-17,41,27,0.10,T,13
1982-03-18,50,24,0.00,0.0,12
1982-03-19,51,32,T,T,11
1982-03-20,50,27,0.00,0.0,9
1982-03-21,38,23,0.12,T,6
1982-03-22,43,31,0.13,T,7
1982-03-23,46,24,T,T,5
1982-03-24,54,18,0.00,0.0,4
1982-03-25,65,29,0.00,0.0,4
1982-03-26,44,31,0.36,T,T
1982-03-27,31,14,0.04,0.3,T
1982-03-28,32,11,0.00,0.0,T
1982-03-29,50,12,0.00,0.0,T
1982-03-30,62,21,0.00,0.0,T
1982-03-31,48,32,0.36,0.0,T
1982-04-01,51,34,0.00,0.0,0
1982-04-02,43,25,T,T,T
1982-04-03,42,23,0.50,T,0
1982-04-04,38,20,0.07,T,0
1982-04-05,35,16,T,T,0
1982-04-06,21,15,0.71,9.0,0
1982-04-07,21,10,0.02,T,9
1982-04-08,33,17,0.00,0.0,8
1982-04-09,44,20,0.00,0.0,7
1982-04-10,46,21,0.00,0.0,2
1982-04-11,55,25,0.01,T,1
1982-04-12,45,27,0.04,T,1
1982-04-13,47,27,0.14,0.0,0
1982-04-14,52,28,0.00,0.0,T
1982-04-15,60,25,0.00,0.0,0
1982-04-16,71,29,0.00,0.0,0
1982-04-17,65,50,0.05,0.0,0
1982-04-18,59,39,0.13,0.0,0
1982-04-19,64,27,0.00,0.0,0
1982-04-20,71,35,0.00,0.0,0
1982-04-21,56,35,0.02,0.0,0
1982-04-22,42,25,0.00,0.0,0
1982-04-23,65,22,0.00,0.0,0
1982-04-24,70,43,0.00,0.0,0
1982-04-25,78,36,0.00,0.0,0
1982-04-26,67,49,0.30,0.0,0
1982-04-27,69,44,0.11,0.0,0
1982-04-28,56,34,0.00,0.0,0
1982-04-29,62,29,0.00,0.0,0
1982-04-30,69,29,0.00,0.0,0
1982-05-01,69,36,0.00,0.0,0
1982-05-02,69,33,0.06,0.0,0
1982-05-03,66,34,T,0.0,0
1982-05-04,60,37,0.00,0.0,0
1982-05-05,71,30,0.00,0.0,0
1982-05-06,78,35,0.00,0.0,0
1982-05-07,81,47,0.00,0.0,0
1982-05-08,82,49,0.00,0.0,0
1982-05-09,65,51,0.10,0.0,0
1982-05-10,59,45,0.00,0.0,0
1982-05-11,68,35,0.00,0.0,0
1982-05-12,70,38,0.00,0.0,0
1982-05-13,71,44,0.00,0.0,0
1982-05-14,69,39,0.00,0.0,0
1982-05-15,78,38,0.00,0.0,0
1982-05-16,72,43,T,0.0,0
1982-05-17,75,44,0.00,0.0,0
1982-05-18,77,39,0.00,0.0,0
1982-05-19,83,53,0.47,0.0,0
1982-05-20,76,58,0.25,0.0,0
1982-05-21,67,41,0.00,0.0,0
1982-05-22,71,39,0.00,0.0,0
1982-05-23,57,47,0.02,0.0,0
1982-05-24,51,43,0.74,0.0,0
1982-05-25,72,49,0.00,0.0,0
1982-05-26,85,47,0.00,0.0,0
1982-05-27,85,49,0.00,0.0,0
1982-05-28,79,52,0.00,0.0,0
1982-05-29,63,57,0.10,0.0,0
1982-05-30,74,58,T,0.0,0
1982-05-31,70,60,0.02,0.0,0
1982-06-01,72,62,T,0.0,0
1982-06-02,73,50,0.56,0.0,0
1982-06-03,68,45,0.00,0.0,0
1982-06-04,69,47,T,0.0,0
1982-06-05,58,54,0.42,0.0,0
1982-06-06,62,53,1.23,0.0,0
1982-06-07,60,53,0.13,0.0,0
1982-06-08,75,50,0.00,0.0,0
1982-06-09,78,50,0.00,0.0,0
1982-06-10,83,45,0.00,0.0,0
1982-06-11,74,48,0.00,0.0,0
1982-06-12,69,52,0.00,0.0,0
1982-06-13,54,47,0.36,0.0,0
1982-06-14,69,46,0.03,0.0,0
1982-06-15,76,50,0.00,0.0,0
1982-06-16,78,61,0.40,0.0,0
1982-06-17,75,58,0.80,0.0,0
1982-06-18,78,59,0.00,0.0,0
1982-06-19,78,55,0.40,0.0,0
1982-06-20,70,49,T,0.0,0
1982-06-21,70,47,0.35,0.0,0
1982-06-22,76,51,0.07,0.0,0
1982-06-23,69,50,0.62,0.0,0
1982-06-24,73,47,0.00,0.0,0
1982-06-25,71,50,T,0.0,0
1982-06-26,73,51,0.10,0.0,0
1982-06-27,79,47,0.00,0.0,0
1982-06-28,86,58,0.04,0.0,0
1982-06-29,72,63,0.68,0.0,0
1982-06-30,74,53,T,0.0,0
1982-07-01,69,50,T,0.0,0
1982-07-02,74,45,0.14,0.0,0
1982-07-03,79,49,0.02,0.0,0
1982-07-04,73,44,0.00,0.0,0
1982-07-05,81,43,0.00,0.0,0
1982-07-06,87,49,0.00,0.0,0
1982-07-07,91,58,0.00,0.0,0
1982-07-08,88,66,0.00,0.0,0
1982-07-09,84,60,0.00,0.0,0
1982-07-10,87,56,0.00,0.0,0
1982-07-11,86,56,0.00,0.0,0
1982-07-12,83,62,0.14,0.0,0
1982-07-13,86,56,0.00,0.0,0
1982-07-14,85,57,0.00,0.0,0
1982-07-15,84,58,0.29,0.0,0
1982-07-16,90,65,0.00,0.0,0
1982-07-17,93,64,0.00,0.0,0
1982-07-18,95,72,0.01,0.0,0
1982-07-19,93,69,0.00,0.0,0
1982-07-20,70,54,0.13,0.0,0
1982-07-21,81,49,0.00,0.0,0
1982-07-22,88,55,0.00,0.0,0
1982-07-23,81,53,0.00,0.0,0
1982-07-24,85,48,0.00,0.0,0
1982-07-25,83,54,0.00,0.0,0
1982-07-26,88,60,0.00,0.0,0
1982-07-27,82,53,T,0.0,0
1982-07-28,65,61,0.65,0.0,0
1982-07-29,77,55,0.01,0.0,0
1982-07-30,82,48,0.00,0.0,0
1982-07-31,82,55,0.47,0.0,0
1982-08-01,82,62,0.00,0.0,0
1982-08-02,75,59,T,0.0,0
1982-08-03,78,59,T,0.0,0
1982-08-04,84,60,T,0.0,0
1982-08-05,78,58,0.07,0.0,0
1982-08-06,77,56,0.00,0.0,0
1982-08-07,85,56,0.00,0.0,0
1982-08-08,86,60,0.11,0.0,0
1982-08-09,78,66,0.22,0.0,0
1982-08-10,80,63,0.15,0.0,0
1982-08-11,75,53,0.00,0.0,0
1982-08-12,77,51,0.01,0.0,0
1982-08-13,68,53,0.11,0.0,0
1982-08-14,76,53,0.00,0.0,0
1982-08-15,81,50,0.00,0.0,0
1982-08-16,88,54,0.00,0.0,0
1982-08-17,84,59,0.26,0.0,0
1982-08-18,77,52,0.00,0.0,0
1982-08-19,81,49,T,0.0,0
1982-08-20,78,59,0.18,0.0,0
1982-08-21,60,44,0.00,0.0,0
1982-08-22,71,38,0.00,0.0,0
1982-08-23,76,53,0.24,0.0,0
1982-08-24,80,59,0.01,0.0,0
1982-08-25,68,57,0.12,0.0,0
1982-08-26,80,49,0.00,0.0,0
1982-08-27,85,55,0.24,0.0,0
1982-08-28,65,42,0.04,0.0,0
1982-08-29,67,36,0.00,0.0,0
1982-08-30,72,39,0.00,0.0,0
1982-08-31,78,56,0.00,0.0,0
1982-09-01,60,54,0.02,0.0,0
1982-09-02,83,54,0.53,0.0,0
1982-09-03,74,60,0.36,0.0,0
1982-09-04,71,48,0.00,0.0,0
1982-09-05,79,43,0.00,0.0,0
1982-09-06,83,47,0.00,0.0,0
1982-09-07,69,46,0.00,0.0,0
1982-09-08,70,45,0.00,0.0,0
1982-09-09,80,44,0.00,0.0,0
1982-09-10,86,47,0.00,0.0,0
1982-09-11,87,52,0.00,0.0,0
1982-09-12,88,55,0.00,0.0,0
1982-09-13,87,58,0.00,0.0,0
1982-09-14,85,57,0.00,0.0,0
1982-09-15,65,58,0.32,0.0,0
1982-09-16,63,52,0.08,0.0,0
1982-09-17,59,40,0.00,0.0,0
1982-09-18,66,39,0.00,0.0,0
1982-09-19,65,38,0.00,0.0,0
1982-09-20,61,41,0.20,0.0,0
1982-09-21,65,50,0.06,0.0,0
1982-09-22,59,52,0.09,0.0,0
1982-09-23,61,52,0.39,0.0,0
1982-09-24,71,46,0.00,0.0,0
1982-09-25,72,49,0.00,0.0,0
1982-09-26,70,49,0.00,0.0,0
1982-09-27,59,53,0.53,0.0,0
1982-09-28,68,55,0.00,0.0,0
1982-09-29,64,53,0.00,0.0,0
1982-09-30,66,50,0.00,0.0,0
1982-10-01,75,51,0.03,0.0,0
1982-10-02,60,37,0.00,0.0,0
1982-10-03,68,36,0.00,0.0,0
1982-10-04,68,40,0.00,0.0,0
1982-10-05,72,39,0.00,0.0,0
1982-10-06,76,43,0.00,0.0,0
1982-10-07,65,43,0.39,0.0,0
1982-10-08,55,49,0.66,0.0,0
1982-10-09,53,45,0.23,0.0,0
1982-10-10,58,35,0.00,0.0,0
1982-10-11,62,33,0.00,0.0,0
1982-10-12,58,39,0.00,0.0,0
1982-10-13,54,42,0.08,0.0,0
1982-10-14,61,46,0.05,0.0,0
1982-10-15,57,42,0.01,0.0,0
1982-10-16,48,36,0.01,0.0,0
1982-10-17,45,38,0.00,0.0,0
1982-10-18,53,27,0.00,0.0,0
1982-10-19,66,29,0.00,0.0,0
1982-10-20,68,32,T,0.0,0
1982-10-21,57,41,0.01,0.0,0
1982-10-22,42,25,0.00,0.0,0
1982-10-23,50,23,0.00,0.0,0
1982-10-24,52,23,0.00,0.0,0
1982-10-25,45,20,0.00,0.0,0
1982-10-26,62,32,0.00,0.0,0
1982-10-27,62,29,0.00,0.0,0
1982-10-28,65,27,0.00,0.0,0
1982-10-29,70,32,0.00,0.0,0
1982-10-30,70,39,0.00,0.0,0
1982-10-31,66,41,0.00,0.0,0
1982-11-01,59,50,0.07,0.0,0
1982-11-02,63,47,0.12,0.0,0
1982-11-03,70,47,T,0.0,0
1982-11-04,72,59,0.92,0.0,0
1982-11-05,67,35,0.80,0.0,0
1982-11-06,44,33,0.00,0.0,0
1982-11-07,47,30,0.00,0.0,0
1982-11-08,58,29,0.00,0.0,0
1982-11-09,50,34,0.00,0.0,0
1982-11-10,45,21,0.00,0.0,0
1982-11-11,49,20,0.01,0.0,0
1982-11-12,64,45,0.02,0.0,0
1982-11-13,60,33,0.74,0.0,0
1982-11-14,40,27,0.00,0.0,0
1982-11-15,42,28,0.02,T,0
1982-11-16,42,20,0.00,0.0,0
1982-11-17,48,24,0.00,0.0,0
1982-11-18,49,20,0.00,0.0,0
1982-11-19,47,23,0.00,0.0,0
1982-11-20,44,37,0.00,0.0,0
1982-11-21,51,41,0.02,0.0,0
1982-11-22,53,48,0.41,0.0,0
1982-11-23,55,48,0.12,0.0,0
1982-11-24,52,25,0.03,T,0
1982-11-25,37,19,0.00,0.0,0
1982-11-26,37,28,0.07,1.0,0
1982-11-27,35,12,T,T,1
1982-11-28,33,7,0.12,0.0,1
1982-11-29,43,32,0.00,0.0,T
1982-11-30,42,38,0.00,0.0,0
1982-12-01,48,33,0.00,0.0,0
1982-12-02,54,33,0.00,0.0,0
1982-12-03,55,40,0.00,0.0,0
1982-12-04,68,37,T,0.0,0
1982-12-05,46,31,T,0.0,0
1982-12-06,63,45,0.20,0.0,0
1982-12-07,51,39,0.00,0.0,0
1982-12-08,39,27,0.00,0.0,0
1982-12-09,33,-0,0.05,0.5,1
1982-12-10,20,-3,0.01,T,1
1982-12-11,35,15,0.00,0.0,1
1982-12-12,20,8,0.00,0.0,1
1982-12-13,13,-6,0.00,0.0,1
1982-12-14,32,1,0.00,0.0,1
1982-12-15,39,24,0.01,0.0,T
1982-12-16,55,34,0.65,0.0,0
1982-12-17,38,11,T,T,0
1982-12-18,27,3,0.00,0.0,0
1982-12-19,27,10,T,T,T
1982-12-20,31,25,0.22,4.0,T
1982-12-21,31,17,0.01,0.4,4
1982-12-22,33,8,0.00,0.0,2
1982-12-23,25,8,0.09,0.9,1
1982-12-24,34,25,0.20,0.7,2
1982-12-25,46,32,T,0.0,1
1982-12-26,58,28,0.04,0.0,0
1982-12-27,37,18,T,T,0
1982-12-28,57,34,0.06,0.0,0
1982-12-29,59,35,0.01,0.0,0
1982-12-30,35,23,T,T,0
1982-12-31,32,15,T,T,0
1983-01-01,38,20,0.00,0.0,0
1983-01-02,42,26,0.01,T,0
1983-01-03,29,11,T,T,T
1983-01-04,18,-2,0.00,0.0,0
1983-01-05,38,3,0.00,0.0,0
1983-01-06,40,30,0.01,0.4,T
1983-01-07,41,30,0.02,T,0
1983-01-08,38,16,0.00,0.0,0
1983-01-09,26,6,0.00,0.0,0
1983-01-10,35,5,0.02,T,0
1983-01-11,51,33,1.22,0.0,0
1983-01-12,37,20,T,T,0
1983-01-13,25,6,0.00,0.0,0
1983-01-14,30,3,0.00,0.0,0
1983-01-15,28,13,0.30,6.2,0
1983-01-16,25,7,0.53,6.2,9
1983-01-17,24,6,T,T,11
1983-01-18,13,-5,T,T,10
1983-01-19,7,-12,T,T,9
1983-01-20,18,-14,0.00,0.0,7
1983-01-21,27,-8,0.00,0.0,7
1983-01-22,37,10,T,T,6
1983-01-23,33,14,1.33,0.0,6
1983-01-24,39,32,T,0.0,5
1983-01-25,41,31,T,T,5
1983-01-26,31,15,0.07,1.2,4
1983-01-27,29,6,0.00,0.0,4
1983-01-28,33,-1,0.00,0.0,3
1983-01-29,40,5,0.00,0.0,3
1983-01-30,35,14,0.16,2.8,3
1983-01-31,38,30,0.07,0.8,7
1983-02-01,40,19,0.00,0.0,4
1983-02-02,39,17,0.06,0.0,3
1983-02-03,49,37,0.81,0.0,3
1983-02-04,38,16,T,T,1
1983-02-05,21,8,T,T,1
1983-02-06,21,3,T,T,1
1983-02-07,24,19,0.92,10.4,2
1983-02-08,23,18,0.14,1.8,14
1983-02-09,21,5,T,T,12
1983-02-10,19,-10,0.00,0.0,11
1983-02-11,17,-20,0.00,0.0,10
1983-02-12,31,3,0.00,0.0,10
1983-02-13,37,-7,0.00,0.0,8
1983-02-14,45,1,0.00,0.0,8
1983-02-15,40,10,0.00,0.0,7
1983-02-16,37,13,0.00,0.0,6
1983-02-17,35,31,0.16,2.2,6
1983-02-18,43,18,0.00,0.0,8
1983-02-19,43,11,0.00,0.0,6
1983-02-20,50,9,0.00,0.0,6
1983-02-21,52,22,0.00,0.0,5
1983-02-22,46,26,0.00,0.0,4
1983-02-23,35,27,0.05,0.5,4
1983-02-24,40,23,0.00,0.0,4
1983-02-25,38,24,T,T,4
1983-02-26,31,13,T,T,3
1983-02-27,43,6,0.00,0.0,3
1983-02-28,53,22,0.00,0.0,3
1983-03-01,52,28,0.00,0.0,3
1983-03-02,39,33,0.82,0.2,1
1983-03-03,42,32,0.00,0.0,1
1983-03-04,43,27,0.00,0.0,1
1983-03-05,50,17,0.00,0.0,T
1983-03-06,55,18,0.00,0.0,T
1983-03-07,41,30,0.11,T,T
1983-03-08,35,29,0.02,0.2,T
1983-03-09,36,31,0.09,T,T
1983-03-10,39,33,0.49,0.0,T
1983-03-11,42,34,0.10,T,0
1983-03-12,37,32,0.63,4.0,3
1983-03-13,38,28,T,T,3
1983-03-14,54,22,0.00,0.0,2
1983-03-15,49,32,0.17,0.0,T
1983-03-16,50,30,0.00,0.0,0
1983-03-17,44,30,0.00,0.0,0
1983-03-18,40,35,T,0.0,0
1983-03-19,49,40,0.27,0.0,0
1983-03-20,45,35,T,0.0,0
1983-03-21,41,31,0.24,0.0,0
1983-03-22,39,26,0.03,T,0
1983-03-23,30,21,T,T,0
1983-03-24,33,14,T,T,T
1983-03-25,35,10,0.00,0.0,0
1983-03-26,41,11,0.00,0.0,0
1983-03-27,40,17,0.16,1.8,0
1983-03-28,45,32,0.39,3.3,6
1983-03-29,36,24,0.01,T,2
1983-03-30,37,19,0.00,0.0,T
1983-03-31,47,14,0.00,0.0,T
1983-04-01,53,27,0.00,0.0,0
1983-04-02,56,25,0.00,0.0,0
1983-04-03,40,33,0.39,T,0
1983-04-04,48,33,0.02,0.0,0
1983-04-05,49,41,0.00,0.0,0
1983-04-06,56,32,0.00,0.0,0
1983-04-07,54,27,0.03,0.0,0
1983-04-08,61,43,0.11,0.0,0
1983-04-09,62,30,0.00,0.0,0
1983-04-10,48,35,0.74,T,0
1983-04-11,43,36,0.49,0.0,0
1983-04-12,48,35,T,0.0,0
1983-04-13,63,31,0.00,0.0,0
1983-04-14,57,30,0.00,0.0,0
1983-04-15,47,37,T,0.0,0
1983-04-16,41,33,0.66,3.0,0
1983-04-17,44,33,0.41,2.3,5
1983-04-18,44,30,T,0.0,T
1983-04-19,44,M,0.50,5.2,1
1983-04-20,47,34,0.10,T,T
1983-04-21,46,34,0.01,T,T
1983-04-22,59,33,T,0.0,0
1983-04-23,62,27,0.00,0.0,0
1983-04-24,48,41,0.76,0.0,0
1983-04-25,53,44,0.26,0.0,0
1983-04-26,46,40,0.09,0.0,0
1983-04-27,70,36,T,0.0,0
1983-04-28,80,47,0.00,0.0,0
1983-04-29,73,50,0.00,0.0,0
1983-04-30,61,49,0.55,0.0,0
1983-05-01,69,55,0.29,0.0,0
1983-05-02,65,53,0.63,0.0,0
1983-05-03,76,57,0.22,0.0,0
1983-05-04,63,40,0.08,0.0,0
1983-05-05,67,34,T,0.0,0
1983-05-06,63,39,0.00,0.0,0
1983-05-07,75,40,0.00,0.0,0
1983-05-08,73,46,0.58,0.0,0
1983-05-09,46,35,0.34,T,0
1983-05-10,47,35,T,0.0,0
1983-05-11,52,36,0.12,T,0
1983-05-12,55,38,T,0.0,0
1983-05-13,63,46,T,0.0,0
1983-05-14,74,48,0.00,0.0,0
1983-05-15,61,51,0.09,0.0,0
1983-05-16,52,41,0.01,0.0,0
1983-05-17,56,33,0.00,0.0,0
1983-05-18,65,27,0.00,0.0,0
1983-05-19,67,32,0.04,0.0,0
1983-05-20,67,45,0.28,0.0,0
1983-05-21,73,50,0.00,0.0,0
1983-05-22,75,45,0.04,0.0,0
1983-05-23,63,52,0.43,0.0,0
1983-05-24,60,48,0.03,0.0,0
1983-05-25,74,47,0.00,0.0,0
1983-05-26,58,48,0.16,0.0,0
1983-05-27,50,46,0.93,0.0,0
1983-05-28,61,41,T,0.0,0
1983-05-29,59,38,0.30,0.0,0
1983-05-30,60,51,0.20,0.0,0
1983-05-31,67,47,0.12,0.0,0
1983-06-01,67,45,T,0.0,0
1983-06-02,69,45,0.00,0.0,0
1983-06-03,75,44,0.00,0.0,0
1983-06-04,59,52,0.48,0.0,0
1983-06-05,73,53,0.00,0.0,0
1983-06-06,82,52,0.16,0.0,0
1983-06-07,72,54,T,0.0,0
1983-06-08,70,43,0.00,0.0,0
1983-06-09,74,38,0.00,0.0,0
1983-06-10,78,41,0.00,0.0,0
1983-06-11,83,47,0.00,0.0,0
1983-06-12,87,50,0.00,0.0,0
1983-06-13,94,58,0.00,0.0,0
1983-06-14,90,62,T,0.0,0
1983-06-15,92,63,0.00,0.0,0
1983-06-16,86,62,1.18,0.0,0
1983-06-17,88,63,T,0.0,0
1983-06-18,85,65,0.10,0.0,0
1983-06-19,86,57,0.00,0.0,0
1983-06-20,85,54,0.00,0.0,0
1983-06-21,88,54,0.00,0.0,0
1983-06-22,89,56,0.00,0.0,0
1983-06-23,90,57,0.00,0.0,0
1983-06-24,79,54,0.00,0.0,0
1983-06-25,71,50,0.33,0.0,0
1983-06-26,65,46,0.15,0.0,0
1983-06-27,83,53,0.06,0.0,0
1983-06-28,68,52,0.00,0.0,0
1983-06-29,79,50,0.00,0.0,0
1983-06-30,85,47,0.00,0.0,0
1983-07-01,80,61,0.00,0.0,0
1983-07-02,88,65,0.02,0.0,0
1983-07-03,91,67,0.00,0.0,0
1983-07-04,95,66,0.00,0.0,0
1983-07-05,84,63,1.11,0.0,0
1983-07-06,73,57,T,0.0,0
1983-07-07,75,53,0.36,0.0,0
1983-07-08,85,50,0.00,0.0,0
1983-07-09,72,50,0.00,0.0,0
1983-07-10,73,44,0.00,0.0,0
1983-07-11,80,47,0.02,0.0,0
1983-07-12,85,61,0.00,0.0,0
1983-07-13,81,59,0.00,0.0,0
1983-07-14,89,55,0.00,0.0,0
1983-07-15,88,60,T,0.0,0
1983-07-16,89,61,0.00,0.0,0
1983-07-17,84,55,0.00,0.0,0
1983-07-18,87,57,T,0.0,0
1983-07-19,88,57,0.00,0.0,0
1983-07-20,86,57,0.00,0.0,0
1983-07-21,89,52,0.19,0.0,0
1983-07-22,76,57,T,0.0,0
1983-07-23,87,51,0.00,0.0,0
1983-07-24,75,57,0.35,0.0,0
1983-07-25,82,58,T,0.0,0
1983-07-26,81,53,0.00,0.0,0
1983-07-27,87,50,0.00,0.0,0
1983-07-28,87,56,0.00,0.0,0
1983-07-29,83,70,0.04,0.0,0
1983-07-30,87,63,0.05,0.0,0
1983-07-31,84,60,0.00,0.0,0
1983-08-01,86,65,2.04,0.0,0
1983-08-02,79,63,0.16,0.0,0
1983-08-03,86,59,0.00,0.0,0
1983-08-04,83,61,T,0.0,0
1983-08-05,85,66,0.00,0.0,0
1983-08-06,84,68,0.55,0.0,0
1983-08-07,86,63,0.00,0.0,0
1983-08-08,89,60,3.80,0.0,0
1983-08-09,79,54,0.01,0.0,0
1983-08-10,75,46,0.00,0.0,0
1983-08-11,60,55,1.30,0.0,0
1983-08-12,59,54,0.70,0.0,0
1983-08-13,74,50,0.00,0.0,0
1983-08-14,79,50,0.00,0.0,0
1983-08-15,82,50,0.00,0.0,0
1983-08-16,84,53,0.00,0.0,0
1983-08-17,84,55,0.00,0.0,0
1983-08-18,82,64,0.00,0.0,0
1983-08-19,86,64,0.00,0.0,0
1983-08-20,88,65,0.01,0.0,0
1983-08-21,77,51,0.00,0.0,0
1983-08-22,61,48,0.26,0.0,0
1983-08-23,77,56,0.00,0.0,0
1983-08-24,79,49,0.00,0.0,0
1983-08-25,79,50,0.00,0.0,0
1983-08-26,85,55,0.00,0.0,0
1983-08-27,88,64,0.58,0.0,0
1983-08-28,82,63,0.00,0.0,0
1983-08-29,78,63,0.07,0.0,0
1983-08-30,77,63,0.14,0.0,0
1983-08-31,75,62,0.38,0.0,0
1983-09-01,79,58,0.00,0.0,0
1983-09-02,83,55,0.00,0.0,0
1983-09-03,86,53,0.00,0.0,0
1983-09-04,80,59,0.00,0.0,0
1983-09-05,87,57,0.00,0.0,0
1983-09-06,88,63,0.00,0.0,0
1983-09-07,81,56,0.00,0.0,0
1983-09-08,78,51,0.00,0.0,0
1983-09-09,85,49,0.00,0.0,0
1983-09-10,83,63,0.02,0.0,0
1983-09-11,85,57,0.11,0.0,0
1983-09-12,75,51,0.00,0.0,0
1983-09-13,69,44,0.00,0.0,0
1983-09-14,67,40,0.00,0.0,0
1983-09-15,68,39,0.00,0.0,0
1983-09-16,66,42,0.00,0.0,0
1983-09-17,58,53,0.18,0.0,0
1983-09-18,71,53,0.00,0.0,0
1983-09-19,85,55,T,0.0,0
1983-09-20,90,62,T,0.0,0
1983-09-21,83,63,0.80,0.0,0
1983-09-22,65,43,0.44,0.0,0
1983-09-23,62,40,T,0.0,0
1983-09-24,61,39,0.00,0.0,0
1983-09-25,67,39,0.00,0.0,0
1983-09-26,66,37,0.00,0.0,0
1983-09-27,72,43,0.00,0.0,0
1983-09-28,68,38,0.00,0.0,0
1983-09-29,71,39,0.00,0.0,0
1983-09-30,75,42,0.00,0.0,0
1983-10-01,69,50,0.04,0.0,0
1983-10-02,77,60,0.03,0.0,0
1983-10-03,80,54,0.00,0.0,0
1983-10-04,71,57,0.05,0.0,0
1983-10-05,62,54,0.38,0.0,0
1983-10-06,66,50,0.00,0.0,0
1983-10-07,61,37,0.00,0.0,0
1983-10-08,68,36,0.00,0.0,0
1983-10-09,56,36,0.00,0.0,0
1983-10-10,58,31,0.00,0.0,0
1983-10-11,59,30,0.00,0.0,0
1983-10-12,64,51,0.26,0.0,0
1983-10-13,70,60,0.13,0.0,0
1983-10-14,71,42,0.01,0.0,0
1983-10-15,55,44,0.00,0.0,0
1983-10-16,58,36,0.00,0.0,0
1983-10-17,60,35,0.00,0.0,0
1983-10-18,59,42,0.00,0.0,0
1983-10-19,56,31,0.00,0.0,0
1983-10-20,51,25,0.00,0.0,0
1983-10-21,51,24,0.00,0.0,0
1983-10-22,52,21,0.00,0.0,0
1983-10-23,47,28,0.47,0.0,0
1983-10-24,51,35,0.32,0.0,0
1983-10-25,48,30,0.00,0.0,0
1983-10-26,38,30,0.04,0.4,0
1983-10-27,45,28,T,0.0,0
1983-10-28,64,28,T,T,0
1983-10-29,59,33,0.02,T,0
1983-10-30,47,25,0.00,0.0,0
1983-10-31,56,21,0.00,0.0,0
1983-11-01,60,24,0.00,0.0,0
1983-11-02,57,24,0.00,0.0,0
1983-11-03,51,41,0.02,0.0,0
1983-11-04,48,40,1.57,T,0
1983-11-05,42,40,0.18,T,T
1983-11-06,46,37,T,0.0,0
1983-11-07,52,30,0.00,0.0,0
1983-11-08,55,25,0.00,0.0,0
1983-11-09,66,36,0.00,0.0,0
1983-11-10,54,36,0.11,0.0,0
1983-11-11,48,46,0.48,0.0,0
1983-11-12,47,31,0.17,T,0
1983-11-13,38,19,0.00,0.0,0
1983-11-14,38,15,0.00,0.0,0
1983-11-15,40,29,0.11,1.1,0
1983-11-16,42,34,1.09,2.0,T
1983-11-17,40,30,0.07,T,0
1983-11-18,38,22,0.00,0.0,0
1983-11-19,44,18,0.00,0.0,0
1983-11-20,43,26,T,0.0,0
1983-11-21,50,39,0.51,0.0,0
1983-11-22,50,32,0.00,0.0,0
1983-11-23,49,33,0.00,0.0,0
1983-11-24,43,35,0.47,0.0,0
1983-11-25,42,32,1.34,2.6,M
1983-11-26,41,31,T,M,M
1983-11-27,39,27,0.00,0.0,2
1983-11-28,35,28,0.12,T,2
1983-11-29,38,33,0.58,T,2
1983-11-30,39,30,T,T,T
1983-12-01,37,26,T,T,T
1983-12-02,38,29,T,T,T
1983-12-03,37,16,0.01,0.1,T
1983-12-04,27,16,0.64,7.0,T
1983-12-05,33,27,0.02,T,7
1983-12-06,36,30,0.31,T,6
1983-12-07,38,25,0.07,T,4
1983-12-08,27,9,0.00,0.0,4
1983-12-09,36,8,T,T,3
1983-12-10,42,23,0.00,0.0,3
1983-12-11,23,12,0.00,0.0,2
1983-12-12,33,19,0.11,0.1,2
1983-12-13,38,32,1.40,0.0,2
1983-12-14,44,35,0.56,0.0,1
1983-12-15,48,37,T,0.0,0
1983-12-16,40,31,0.00,0.0,0
1983-12-17,34,25,T,T,0
1983-12-18,31,20,T,T,0
1983-12-19,26,2,T,T,T
1983-12-20,11,-4,0.00,0.0,0
1983-12-21,15,-5,0.00,0.0,0
1983-12-22,30,14,0.84,7.3,0
1983-12-23,33,16,T,T,7
1983-12-24,19,-3,0.01,0.1,7
1983-12-25,2,-15,0.00,0.0,6
1983-12-26,18,-16,T,T,6
1983-12-27,22,-1,0.00,0.0,6
1983-12-28,33,2,0.76,0.8,6
1983-12-29,38,19,T,T,6
1983-12-30,24,3,T,T,6
1983-12-31,24,-5,0.00,0.0,6
1984-01-01,29,4,T,T,6
1984-01-02,24,5,0.03,1.0,5
1984-01-03,37,11,T,T,6
1984-01-04,34,24,0.00,0.0,5
1984-01-05,38,31,T,T,5
1984-01-06,36,32,0.04,0.1,5
1984-01-07,34,13,0.02,0.2,4
1984-01-08,17,2,T,T,4
1984-01-09,26,4,0.00,0.0,4
1984-01-10,26,11,0.56,7.8,6
1984-01-11,19,-9,0.04,0.5,12
1984-01-12,13,-15,0.00,0.0,12
1984-01-13,10,-9,0.03,0.3,11
1984-01-14,25,10,0.11,1.6,13
1984-01-15,22,-6,T,T,13
1984-01-16,9,-16,0.00,0.0,12
1984-01-17,23,-7,T,T,12
1984-01-18,21,-2,0.06,0.8,12
1984-01-19,24,2,0.04,0.2,13
1984-01-20,21,-0,0.00,0.0,12
1984-01-21,12,-18,0.00,0.0,12
1984-01-22,17,-24,0.00,0.0,12
1984-01-23,30,-3,0.00,0.0,12
1984-01-24,37,13,0.36,2.0,11
1984-01-25,44,32,T,0.0,10
1984-01-26,32,15,0.00,0.0,10
1984-01-27,47,13,T,T,9
1984-01-28,28,2,T,T,9
1984-01-29,26,-0,0.02,0.2,9
1984-01-30,33,19,0.06,1.0,9
1984-01-31,31,12,T,T,9
1984-02-01,22,-3,0.00,0.0,8
1984-02-02,28,-11,0.00,0.0,8
1984-02-03,45,9,0.11,0.0,8
1984-02-04,43,32,0.02,0.0,5
1984-02-05,33,32,0.70,3.1,5
1984-02-06,35,27,0.09,1.1,9
1984-02-07,27,7,T,T,8
1984-02-08,19,-0,0.00,0.0,8
1984-02-09,22,-4,0.01,T,8
1984-02-10,32,-5,0.00,0.0,8
1984-02-11,37,15,0.20,0.0,8
1984-02-12,51,29,0.00,0.0,6
1984-02-13,51,29,0.00,0.0,5
1984-02-14,38,28,T,0.0,5
1984-02-15,42,34,0.67,0.0,4
1984-02-16,52,33,0.00,0.0,4
1984-02-17,46,33,T,0.0,2
1984-02-18,40,34,0.40,T,T
1984-02-19,43,32,0.02,0.0,T
1984-02-20,45,36,0.05,0.0,T
1984-02-21,38,29,T,T,0
1984-02-22,42,23,T,T,0
1984-02-23,60,24,0.00,0.0,0
1984-02-24,42,33,0.08,0.0,0
1984-02-25,56,30,0.04,0.0,0
1984-02-26,37,22,0.06,1.0,1
1984-02-27,35,17,0.00,0.0,0
1984-02-28,32,24,0.53,3.2,T
1984-02-29,33,14,0.04,T,2
1984-03-01,21,6,T,T,2
1984-03-02,26,2,T,T,2
1984-03-03,24,8,T,T,1
1984-03-04,30,9,T,T,2
1984-03-05,27,7,0.18,2.4,1
1984-03-06,39,20,0.01,0.2,4
1984-03-07,28,7,0.00,0.0,2
1984-03-08,23,-4,0.00,0.0,1
1984-03-09,22,2,0.00,0.0,1
1984-03-10,26,-7,0.00,0.0,1
1984-03-11,31,7,T,T,1
1984-03-12,16,-2,0.00,0.0,1
1984-03-13,16,5,0.68,7.7,1
1984-03-14,33,15,1.27,11.8,21
1984-03-15,43,13,0.00,0.0,18
1984-03-16,56,12,0.13,T,17
1984-03-17,37,25,T,T,10
1984-03-18,37,23,T,0.0,10
1984-03-19,39,32,0.24,0.0,8
1984-03-20,49,35,0.02,0.0,5
1984-03-21,40,36,0.32,0.0,4
1984-03-22,46,35,0.00,0.0,1
1984-03-23,42,30,T,T,1
1984-03-24,44,25,0.00,0.0,T
1984-03-25,48,19,0.00,0.0,T
1984-03-26,41,19,0.00,0.0,0
1984-03-27,49,19,0.00,0.0,0
1984-03-28,47,21,0.00,0.0,0
1984-03-29,35,31,0.63,6.7,0
1984-03-30,38,29,0.01,T,7
1984-03-31,48,25,0.00,0.0,3
1984-04-01,56,22,0.00,0.0,T
1984-04-02,56,24,0.00,0.0,0
1984-04-03,55,28,0.00,0.0,0
1984-04-04,50,26,0.02,0.0,0
1984-04-05,52,38,0.57,0.0,0
1984-04-06,61,43,0.00,0.0,0
1984-04-07,43,39,0.06,0.0,0
1984-04-08,40,27,T,T,0
1984-04-09,44,25,0.00,0.0,0
1984-04-10,42,27,T,T,0
1984-04-11,55,33,T,T,0
1984-04-12,61,33,0.00,0.0,0
1984-04-13,60,29,0.00,0.0,0
1984-04-14,50,40,0.50,0.0,0
1984-04-15,44,38,0.15,0.0,0
1984-04-16,46,38,0.70,0.0,0
1984-04-17,65,41,0.02,0.0,0
1984-04-18,61,39,0.00,0.0,0
1984-04-19,50,46,0.05,0.0,0
1984-04-20,54,45,0.13,0.0,0
1984-04-21,49,30,T,T,0
1984-04-22,55,28,0.00,0.0,0
1984-04-23,67,30,0.03,0.0,0
1984-04-24,47,43,0.40,0.0,0
1984-04-25,48,43,0.07,0.0,0
1984-04-26,64,37,0.00,0.0,0
1984-04-27,70,30,0.00,0.0,0
1984-04-28,73,35,0.00,0.0,0
1984-04-29,80,47,0.00,0.0,0
1984-04-30,78,44,0.18,0.0,0
1984-05-01,55,44,0.00,0.0,0
1984-05-02,47,30,0.00,0.0,0
1984-05-03,63,26,0.02,0.0,0
1984-05-04,48,43,0.83,0.0,0
1984-05-05,47,37,T,0.0,0
1984-05-06,68,31,0.00,0.0,0
1984-05-07,75,33,0.00,0.0,0
1984-05-08,61,48,0.54,0.0,0
1984-05-09,59,42,0.01,0.0,0
1984-05-10,64,39,0.00,0.0,0
1984-05-11,70,34,0.02,0.0,0
1984-05-12,60,43,0.45,0.0,0
1984-05-13,64,38,0.10,0.0,0
1984-05-14,52,35,0.68,0.0,0
1984-05-15,56,32,T,0.0,0
1984-05-16,49,32,0.02,T,0
1984-05-17,59,30,0.00,0.0,0
1984-05-18,67,30,0.00,0.0,0
1984-05-19,66,35,0.29,0.0,0
1984-05-20,72,48,0.02,0.0,0
1984-05-21,76,51,T,0.0,0
1984-05-22,78,46,0.00,0.0,0
1984-05-23,83,56,0.46,0.0,0
1984-05-24,70,48,T,0.0,0
1984-05-25,84,47,0.00,0.0,0
1984-05-26,83,54,0.07,0.0,0
1984-05-27,72,47,0.00,0.0,0
1984-05-28,52,45,0.56,0.0,0
1984-05-29,53,49,2.47,0.0,0
1984-05-30,56,48,1.76,0.0,0
1984-05-31,53,44,0.64,0.0,0
1984-06-01,66,41,0.05,0.0,0
1984-06-02,64,50,0.14,0.0,0
1984-06-03,72,45,0.00,0.0,0
1984-06-04,78,46,T,0.0,0
1984-06-05,85,47,0.00,0.0,0
1984-06-06,76,52,0.02,0.0,0
1984-06-07,87,65,0.00,0.0,0
1984-06-08,92,64,0.00,0.0,0
1984-06-09,90,67,0.00,0.0,0
1984-06-10,92,60,0.00,0.0,0
1984-06-11,88,61,0.00,0.0,0
1984-06-12,87,53,0.00,0.0,0
1984-06-13,91,55,0.00,0.0,0
1984-06-14,80,57,0.19,0.0,0
1984-06-15,66,43,0.00,0.0,0
1984-06-16,75,39,0.00,0.0,0
1984-06-17,78,51,0.00,0.0,0
1984-06-18,68,55,0.06,0.0,0
1984-06-19,87,66,0.02,0.0,0
1984-06-20,76,49,0.00,0.0,0
1984-06-21,78,42,0.00,0.0,0
1984-06-22,78,50,0.00,0.0,0
1984-06-23,81,43,0.00,0.0,0
1984-06-24,60,54,0.09,0.0,0
1984-06-25,79,60,0.46,0.0,0
1984-06-26,72,53,0.00,0.0,0
1984-06-27,82,48,T,0.0,0
1984-06-28,83,62,T,0.0,0
1984-06-29,81,58,T,0.0,0
1984-06-30,74,62,0.00,0.0,0
1984-07-01,84,62,T,0.0,0
1984-07-02,89,60,0.00,0.0,0
1984-07-03,84,61,0.17,0.0,0
1984-07-04,84,60,T,0.0,0
1984-07-05,73,63,0.77,0.0,0
1984-07-06,81,63,1.49,0.0,0
1984-07-07,72,58,0.69,0.0,0
1984-07-08,67,54,0.00,0.0,0
1984-07-09,75,50,0.18,0.0,0
1984-07-10,82,55,0.01,0.0,0
1984-07-11,71,57,0.49,0.0,0
1984-07-12,86,62,0.02,0.0,0
1984-07-13,84,57,0.00,0.0,0
1984-07-14,90,59,0.00,0.0,0
1984-07-15,92,63,0.00,0.0,0
1984-07-16,84,66,0.07,0.0,0
1984-07-17,81,59,0.00,0.0,0
1984-07-18,73,58,0.88,0.0,0
1984-07-19,79,56,0.00,0.0,0
1984-07-20,83,53,0.00,0.0,0
1984-07-21,82,57,0.21,0.0,0
1984-07-22,87,60,0.00,0.0,0
1984-07-23,86,61,T,0.0,0
1984-07-24,84,58,0.00,0.0,0
1984-07-25,74,53,0.00,0.0,0
1984-07-26,78,48,0.00,0.0,0
1984-07-27,64,57,0.34,0.0,0
1984-07-28,77,56,0.00,0.0,0
1984-07-29,82,55,0.00,0.0,0
1984-07-30,84,55,0.00,0.0,0
1984-07-31,85,58,0.00,0.0,0
1984-08-01,78,62,T,0.0,0
1984-08-02,83,65,0.15,0.0,0
1984-08-03,87,64,0.00,0.0,0
1984-08-04,87,62,0.00,0.0,0
1984-08-05,88,62,0.00,0.0,0
1984-08-06,87,64,0.00,0.0,0
1984-08-07,83,68,0.19,0.0,0
1984-08-08,87,65,0.00,0.0,0
1984-08-09,81,67,0.00,0.0,0
1984-08-10,80,70,0.00,0.0,0
1984-08-11,73,69,1.02,0.0,0
1984-08-12,80,68,0.00,0.0,0
1984-08-13,83,70,T,0.0,0
1984-08-14,82,69,0.00,0.0,0
1984-08-15,86,66,0.00,0.0,0
1984-08-16,87,61,T,0.0,0
1984-08-17,75,57,0.00,0.0,0
1984-08-18,74,48,0.00,0.0,0
1984-08-19,77,49,0.15,0.0,0
1984-08-20,72,47,0.00,0.0,0
1984-08-21,77,44,0.00,0.0,0
1984-08-22,85,52,0.00,0.0,0
1984-08-23,79,59,0.69,0.0,0
1984-08-24,71,54,T,0.0,0
1984-08-25,77,52,0.00,0.0,0
1984-08-26,78,51,0.00,0.0,0
1984-08-27,83,53,0.00,0.0,0
1984-08-28,82,55,0.00,0.0,0
1984-08-29,83,68,0.01,0.0,0
1984-08-30,83,64,0.11,0.0,0
1984-08-31,80,55,0.10,0.0,0
1984-09-01,72,50,0.00,0.0,0
1984-09-02,70,45,0.00,0.0,0
1984-09-03,58,52,0.27,0.0,0
1984-09-04,63,51,0.03,0.0,0
1984-09-05,66,43,0.00,0.0,0
1984-09-06,60,39,0.00,0.0,0
1984-09-07,69,37,0.00,0.0,0
1984-09-08,73,42,0.00,0.0,0
1984-09-09,77,46,0.00,0.0,0
1984-09-10,77,50,0.00,0.0,0
1984-09-11,76,54,0.48,0.0,0
1984-09-12,67,48,0.00,0.0,0
1984-09-13,68,47,T,0.0,0
1984-09-14,74,54,0.63,0.0,0
1984-09-15,54,43,0.60,0.0,0
1984-09-16,58,36,0.02,0.0,0
1984-09-17,66,40,0.00,0.0,0
1984-09-18,70,39,0.00,0.0,0
1984-09-19,71,40,0.00,0.0,0
1984-09-20,82,48,0.05,0.0,0
1984-09-21,65,41,0.00,0.0,0
1984-09-22,73,37,0.00,0.0,0
1984-09-23,78,43,0.00,0.0,0
1984-09-24,82,59,0.00,0.0,0
1984-09-25,82,56,0.00,0.0,0
1984-09-26,70,41,0.06,0.0,0
1984-09-27,54,32,0.00,0.0,0
1984-09-28,61,39,0.00,0.0,0
1984-09-29,59,41,0.00,0.0,0
1984-09-30,64,39,0.00,0.0,0
1984-10-01,51,40,0.37,0.0,0
1984-10-02,47,40,1.57,0.0,0
1984-10-03,51,33,0.09,0.0,0
1984-10-04,56,42,T,0.0,0
1984-10-05,48,27,T,0.0,0
1984-10-06,51,22,0.00,0.0,0
1984-10-07,66,24,0.00,0.0,0
1984-10-08,62,38,0.00,0.0,0
1984-10-09,66,49,0.00,0.0,0
1984-10-10,67,44,0.00,0.0,0
1984-10-11,73,43,0.00,0.0,0
1984-10-12,77,43,0.00,0.0,0
1984-10-13,67,40,0.00,0.0,0
1984-10-14,61,35,0.00,0.0,0
1984-10-15,68,35,0.00,0.0,0
1984-10-16,70,36,0.00,0.0,0
1984-10-17,65,36,0.00,0.0,0
1984-10-18,63,39,0.00,0.0,0
1984-10-19,71,40,0.16,0.0,0
1984-10-20,69,40,0.00,0.0,0
1984-10-21,59,38,T,0.0,0
1984-10-22,70,50,0.16,0.0,0
1984-10-23,57,44,0.07,0.0,0
1984-10-24,58,36,0.00,0.0,0
1984-10-25,60,33,0.00,0.0,0
1984-10-26,48,44,0.17,0.0,0
1984-10-27,53,43,0.00,0.0,0
1984-10-28,74,50,T,0.0,0
1984-10-29,64,37,0.45,0.0,0
1984-10-30,59,30,0.00,0.0,0
1984-10-31,55,29,0.00,0.0,0
1984-11-01,52,26,0.00,0.0,0
1984-11-02,57,31,0.02,0.0,0
1984-11-03,48,24,0.00,0.0,0
1984-11-04,53,20,0.00,0.0,0
1984-11-05,52,44,0.65,0.0,0
1984-11-06,50,36,T,0.0,0
1984-11-07,42,22,0.00,0.0,0
1984-11-08,45,18,0.00,0.0,0
1984-11-09,52,29,0.05,0.0,0
1984-11-10,59,42,0.08,0.0,0
1984-11-11,57,50,0.31,0.0,0
1984-11-12,56,39,0.43,0.0,0
1984-11-13,39,30,0.01,T,0
1984-11-14,38,26,T,T,T
1984-11-15,44,20,0.00,0.0,0
1984-11-16,49,36,0.00,0.0,0
1984-11-17,39,21,T,T,T
1984-11-18,40,17,T,T,0
1984-11-19,38,19,0.02,T,T
1984-11-20,30,15,T,T,0
1984-11-21,31,24,T,T,T
1984-11-22,35,19,0.00,0.0,0
1984-11-23,40,19,0.00,0.0,0
1984-11-24,44,28,0.00,0.0,0
1984-11-25,51,30,0.00,0.0,0
1984-11-26,50,25,0.00,0.0,0
1984-11-27,42,26,0.00,0.0,0
1984-11-28,53,25,0.00,0.0,0
1984-11-29,56,39,0.40,0.0,0
1984-11-30,49,32,0.00,0.0,0
1984-12-01,45,32,T,T,0
1984-12-02,39,23,T,T,0
1984-12-03,35,19,0.41,6.0,0
1984-12-04,37,25,T,T,6
1984-12-05,34,15,0.00,0.0,4
1984-12-06,30,24,0.77,8.0,9
1984-12-07,26,2,T,T,11
1984-12-08,32,6,0.01,T,9
1984-12-09,45,18,0.00,0.0,8
1984-12-10,33,19,T,0.0,7
1984-12-11,40,32,0.00,0.0,6
1984-12-12,40,33,0.00,0.0,4
1984-12-13,51,35,T,0.0,2
1984-12-14,35,24,0.06,0.6,T
1984-12-15,27,24,0.17,1.1,1
1984-12-16,37,27,0.01,T,1
1984-12-17,55,28,0.00,0.0,T
1984-12-18,40,28,0.00,0.0,T
1984-12-19,35,28,0.39,3.6,0
1984-12-20,39,29,0.00,0.0,4
1984-12-21,29,22,1.14,3.0,3
1984-12-22,39,22,0.62,3.0,9
1984-12-23,36,21,0.00,0.0,7
1984-12-24,46,15,T,0.0,7
1984-12-25,43,15,0.01,0.0,6
1984-12-26,30,3,T,T,6
1984-12-27,12,-2,T,T,6
1984-12-28,32,12,T,T,6
1984-12-29,61,32,0.05,0.0,5
1984-12-30,48,20,0.00,0.0,T
1984-12-31,35,15,0.00,0.0,T
1985-01-01,33,27,1.05,2.0,1
1985-01-02,33,22,0.00,0.0,2
1985-01-03,24,9,0.00,0.0,1
1985-01-04,24,4,0.00,0.0,1
1985-01-05,25,7,T,T,1
1985-01-06,23,7,T,T,1
1985-01-07,16,10,0.08,0.8,1
1985-01-08,17,4,0.11,1.4,3
1985-01-09,14,3,0.00,0.0,3
1985-01-10,16,-2,0.00,0.0,3
1985-01-11,24,-2,0.00,0.0,3
1985-01-12,22,6,0.00,0.0,3
1985-01-13,30,-0,0.00,0.0,3
1985-01-14,31,12,0.00,0.0,3
1985-01-15,29,2,T,T,3
1985-01-16,11,-3,0.00,0.0,3
1985-01-17,11,-3,0.10,1.2,3
1985-01-18,26,-3,T,T,4
1985-01-19,24,10,0.09,1.5,4
1985-01-20,24,4,T,T,6
1985-01-21,9,1,T,T,5
1985-01-22,29,6,T,T,5
1985-01-23,31,22,T,T,5
1985-01-24,33,14,T,T,4
1985-01-25,25,10,0.07,0.7,4
1985-01-26,22,-1,0.00,0.0,5
1985-01-27,22,-5,T,T,4
1985-01-28,32,5,0.01,0.1,4
1985-01-29,26,9,0.00,0.0,4
1985-01-30,28,-3,0.00,0.0,4
1985-01-31,19,-4,0.06,2.0,4
1985-02-01,29,20,0.17,2.0,7
1985-02-02,28,17,0.15,3.6,7
1985-02-03,21,-8,T,T,11
1985-02-04,22,-15,0.00,0.0,10
1985-02-05,18,-11,0.13,2.4,10
1985-02-06,24,14,0.18,1.8,13
1985-02-07,18,-4,0.03,0.9,12
1985-02-08,7,1,0.01,0.1,11
1985-02-09,18,-0,0.00,0.0,11
1985-02-10,34,12,0.00,0.0,10
1985-02-11,41,3,0.00,0.0,9
1985-02-12,38,19,0.56,T,8
1985-02-13,40,33,0.30,T,6
1985-02-14,36,19,0.00,0.0,5
1985-02-15,37,15,0.00,0.0,4
1985-02-16,30,11,0.00,0.0,4
1985-02-17,39,12,T,T,4
1985-02-18,33,15,T,T,4
1985-02-19,37,11,T,T,4
1985-02-20,36,16,0.00,0.0,3
1985-02-21,39,9,0.00,0.0,3
1985-02-22,48,35,0.01,T,3
1985-02-23,45,36,0.14,0.0,T
1985-02-24,48,36,0.10,0.0,0
1985-02-25,52,25,T,0.0,0
1985-02-26,45,24,T,0.0,0
1985-02-27,47,17,T,T,0
1985-02-28,36,10,0.00,0.0,0
1985-03-01,58,29,0.00,0.0,0
1985-03-02,50,31,T,0.0,0
1985-03-03,31,14,0.00,0.0,0
1985-03-04,18,10,0.94,8.0,0
1985-03-05,37,17,0.70,2.0,10
1985-03-06,30,3,T,T,10
1985-03-07,32,-6,0.00,0.0,9
1985-03-08,47,29,0.03,T,8
1985-03-09,46,25,0.01,T,6
1985-03-10,51,20,0.00,0.0,6
1985-03-11,55,19,T,0.0,4
1985-03-12,43,34,0.98,0.0,1
1985-03-13,41,35,0.02,0.0,T
1985-03-14,42,34,T,T,T
1985-03-15,37,22,T,T,0
1985-03-16,39,15,0.00,0.0,0
1985-03-17,48,24,T,T,0
1985-03-18,32,15,T,T,T
1985-03-19,46,8,0.00,0.0,0
1985-03-20,53,24,T,T,0
1985-03-21,35,19,0.00,0.0,T
1985-03-22,49,12,0.00,0.0,0
1985-03-23,56,22,0.00,0.0,0
1985-03-24,54,25,0.00,0.0,0
1985-03-25,36,19,0.00,0.0,0
1985-03-26,44,24,0.00,0.0,0
1985-03-27,63,26,T,0.0,0
1985-03-28,67,40,0.02,0.0,0
1985-03-29,62,44,0.00,0.0,0
1985-03-30,47,32,0.00,0.0,0
1985-03-31,47,28,0.09,1.0,0
1985-04-01,36,29,0.34,2.5,3
1985-04-02,41,30,T,T,1
1985-04-03,40,25,0.08,T,T
1985-04-04,48,33,T,T,0
1985-04-05,43,34,0.12,T,0
1985-04-06,60,38,0.16,0.0,0
1985-04-07,51,32,0.00,0.0,0
1985-04-08,49,32,T,T,0
1985-04-09,38,24,T,T,0
1985-04-10,43,21,0.00,0.0,0
1985-04-11,55,31,0.01,0.0,0
1985-04-12,50,22,0.00,0.0,0
1985-04-13,48,23,T,T,0
1985-04-14,43,37,T,0.0,0
1985-04-15,70,42,0.00,0.0,0
1985-04-16,77,39,0.02,0.0,0
1985-04-17,44,27,0.00,0.0,0
1985-04-18,37,23,0.24,1.1,0
1985-04-19,52,34,T,0.0,0
1985-04-20,68,37,0.00,0.0,0
1985-04-21,76,44,0.00,0.0,0
1985-04-22,69,45,0.49,0.0,0
1985-04-23,66,39,0.00,0.0,0
1985-04-24,61,38,0.00,0.0,0
1985-04-25,75,33,0.00,0.0,0
1985-04-26,73,54,0.00,0.0,0
1985-04-27,57,38,T,0.0,0
1985-04-28,60,35,T,0.0,0
1985-04-29,65,39,0.00,0.0,0
1985-04-30,81,34,0.00,0.0,0
1985-05-01,62,40,T,0.0,0
1985-05-02,65,34,0.00,0.0,0
1985-05-03,54,34,0.00,0.0,0
1985-05-04,60,28,T,0.0,0
1985-05-05,51,35,0.17,0.0,0
1985-05-06,47,43,0.44,0.0,0
1985-05-07,64,43,0.02,0.0,0
1985-05-08,50,31,T,T,0
1985-05-09,65,26,0.00,0.0,0
1985-05-10,78,52,0.00,0.0,0
1985-05-11,81,52,0.00,0.0,0
1985-05-12,68,51,0.01,0.0,0
1985-05-13,84,50,T,0.0,0
1985-05-14,68,49,0.01,0.0,0
1985-05-15,71,43,0.00,0.0,0
1985-05-16,64,50,0.01,0.0,0
1985-05-17,66,56,0.37,0.0,0
1985-05-18,58,37,1.18,0.0,0
1985-05-19,59,34,0.00,0.0,0
1985-05-20,84,47,0.02,0.0,0
1985-05-21,70,51,T,0.0,0
1985-05-22,71,44,0.00,0.0,0
1985-05-23,75,38,0.00,0.0,0
1985-05-24,80,42,0.00,0.0,0
1985-05-25,82,43,T,0.0,0
1985-05-26,67,53,0.09,0.0,0
1985-05-27,65,53,0.20,0.0,0
1985-05-28,64,44,0.04,0.0,0
1985-05-29,71,38,0.00,0.0,0
1985-05-30,76,38,0.00,0.0,0
1985-05-31,78,53,T,0.0,0
1985-06-01,70,52,T,0.0,0
1985-06-02,82,46,0.00,0.0,0
1985-06-03,79,49,0.00,0.0,0
1985-06-04,75,43,0.00,0.0,0
1985-06-05,65,47,0.24,0.0,0
1985-06-06,62,44,0.18,0.0,0
1985-06-07,76,40,0.00,0.0,0
1985-06-08,66,48,0.07,0.0,0
1985-06-09,77,54,0.02,0.0,0
1985-06-10,79,55,0.00,0.0,0
1985-06-11,76,50,T,0.0,0
1985-06-12,58,52,0.54,0.0,0
1985-06-13,61,51,0.04,0.0,0
1985-06-14,61,50,T,0.0,0
1985-06-15,74,45,0.00,0.0,0
1985-06-16,61,52,0.04,0.0,0
1985-06-17,79,57,0.00,0.0,0
1985-06-18,80,61,0.07,0.0,0
1985-06-19,70,56,0.01,0.0,0
1985-06-20,74,50,0.02,0.0,0
1985-06-21,77,51,0.00,0.0,0
1985-06-22,82,47,0.00,0.0,0
1985-06-23,85,64,T,0.0,0
1985-06-24,82,56,0.08,0.0,0
1985-06-25,65,48,0.02,0.0,0
1985-06-26,63,47,0.00,0.0,0
1985-06-27,61,48,0.04,0.0,0
1985-06-28,62,55,0.43,0.0,0
1985-06-29,71,54,0.00,0.0,0
1985-06-30,80,53,0.00,0.0,0
1985-07-01,84,56,0.00,0.0,0
1985-07-02,84,58,0.00,0.0,0
1985-07-03,78,61,T,0.0,0
1985-07-04,87,56,0.00,0.0,0
1985-07-05,86,55,0.04,0.0,0
1985-07-06,83,65,0.06,0.0,0
1985-07-07,78,63,T,0.0,0
1985-07-08,76,57,0.00,0.0,0
1985-07-09,84,57,0.00,0.0,0
1985-07-10,81,65,0.08,0.0,0
1985-07-11,77,53,0.28,0.0,0
1985-07-12,73,48,0.10,0.0,0
1985-07-13,82,56,0.00,0.0,0
1985-07-14,80,56,T,0.0,0
1985-07-15,86,65,0.03,0.0,0
1985-07-16,86,65,0.00,0.0,0
1985-07-17,81,53,0.00,0.0,0
1985-07-18,86,56,0.00,0.0,0
1985-07-19,86,57,0.00,0.0,0
1985-07-20,86,64,0.00,0.0,0
1985-07-21,87,62,0.00,0.0,0
1985-07-22,84,61,0.00,0.0,0
1985-07-23,75,50,0.00,0.0,0
1985-07-24,84,42,0.00,0.0,0
1985-07-25,89,56,0.00,0.0,0
1985-07-26,78,64,0.09,0.0,0
1985-07-27,83,55,T,0.0,0
1985-07-28,81,49,0.00,0.0,0
1985-07-29,88,53,0.00,0.0,0
1985-07-30,82,56,0.00,0.0,0
1985-07-31,65,52,1.28,0.0,0
1985-08-01,73,53,T,0.0,0
1985-08-02,78,49,0.00,0.0,0
1985-08-03,81,50,0.00,0.0,0
1985-08-04,86,51,0.00,0.0,0
1985-08-05,88,55,0.00,0.0,0
1985-08-06,87,55,0.00,0.0,0
1985-08-07,80,55,0.23,0.0,0
1985-08-08,83,67,0.04,0.0,0
1985-08-09,88,60,0.00,0.0,0
1985-08-10,89,57,0.00,0.0,0
1985-08-11,80,61,0.04,0.0,0
1985-08-12,75,55,0.00,0.0,0
1985-08-13,82,48,0.00,0.0,0
1985-08-14,92,63,0.00,0.0,0
1985-08-15,91,64,0.02,0.0,0
1985-08-16,80,55,0.00,0.0,0
1985-08-17,81,49,0.00,0.0,0
1985-08-18,80,51,0.00,0.0,0
1985-08-19,66,53,0.01,0.0,0
1985-08-20,77,60,0.05,0.0,0
1985-08-21,76,53,0.00,0.0,0
1985-08-22,72,50,0.00,0.0,0
1985-08-23,73,45,0.00,0.0,0
1985-08-24,73,50,0.00,0.0,0
1985-08-25,64,60,0.51,0.0,0
1985-08-26,65,61,1.03,0.0,0
1985-08-27,77,61,0.04,0.0,0
1985-08-28,80,55,T,0.0,0
1985-08-29,72,52,T,0.0,0
1985-08-30,58,52,0.30,0.0,0
1985-08-31,58,51,0.13,0.0,0
1985-09-01,72,47,0.00,0.0,0
1985-09-02,72,54,0.19,0.0,0
1985-09-03,68,53,T,0.0,0
1985-09-04,81,58,T,0.0,0
1985-09-05,84,61,0.66,0.0,0
1985-09-06,66,60,2.06,0.0,0
1985-09-07,77,60,T,0.0,0
1985-09-08,84,60,0.00,0.0,0
1985-09-09,68,57,0.06,0.0,0
1985-09-10,62,55,0.33,0.0,0
1985-09-11,61,40,T,0.0,0
1985-09-12,58,36,0.08,0.0,0
1985-09-13,57,38,0.00,0.0,0
1985-09-14,66,37,0.00,0.0,0
1985-09-15,71,38,0.00,0.0,0
1985-09-16,71,43,0.00,0.0,0
1985-09-17,73,45,0.00,0.0,0
1985-09-18,78,48,0.00,0.0,0
1985-09-19,83,51,0.00,0.0,0
1985-09-20,86,59,0.00,0.0,0
1985-09-21,79,54,0.00,0.0,0
1985-09-22,73,49,0.00,0.0,0
1985-09-23,71,53,0.00,0.0,0
1985-09-24,67,60,0.25,0.0,0
1985-09-25,68,44,0.00,0.0,0
1985-09-26,68,43,T,0.0,0
1985-09-27,66,58,1.99,0.0,0
1985-09-28,67,44,T,0.0,0
1985-09-29,76,40,0.00,0.0,0
1985-09-30,76,48,0.00,0.0,0
1985-10-01,75,49,0.00,0.0,0
1985-10-02,64,50,0.12,0.0,0
1985-10-03,55,45,0.01,0.0,0
1985-10-04,54,49,0.02,0.0,0
1985-10-05,63,51,0.64,0.0,0
1985-10-06,58,37,0.00,0.0,0
1985-10-07,58,33,0.00,0.0,0
1985-10-08,65,35,0.00,0.0,0
1985-10-09,68,53,T,0.0,0
1985-10-10,74,50,T,0.0,0
1985-10-11,52,40,0.00,0.0,0
1985-10-12,56,29,0.00,0.0,0
1985-10-13,51,44,0.76,0.0,0
1985-10-14,63,49,0.13,0.0,0
1985-10-15,66,53,0.65,0.0,0
1985-10-16,59,33,T,0.0,0
1985-10-17,55,29,0.00,0.0,0
1985-10-18,64,33,T,0.0,0
1985-10-19,59,43,0.56,0.0,0
1985-10-20,51,30,0.00,0.0,0
1985-10-21,56,28,0.00,0.0,0
1985-10-22,64,28,0.00,0.0,0
1985-10-23,69,28,0.00,0.0,0
1985-10-24,62,30,0.07,0.0,0
1985-10-25,61,42,0.08,0.0,0
1985-10-26,59,35,0.00,0.0,0
1985-10-27,69,34,0.00,0.0,0
1985-10-28,48,34,0.00,0.0,0
1985-10-29,48,26,0.00,0.0,0
1985-10-30,47,25,0.00,0.0,0
1985-10-31,54,25,0.00,0.0,0
1985-11-01,61,22,0.00,0.0,0
1985-11-02,51,39,0.00,0.0,0
1985-11-03,49,37,0.00,0.0,0
1985-11-04,45,41,T,0.0,0
1985-11-05,48,42,1.28,0.0,0
1985-11-06,51,47,1.07,0.0,0
1985-11-07,54,40,0.02,0.0,0
1985-11-08,53,40,T,T,0
1985-11-09,48,35,0.07,0.0,0
1985-11-10,56,39,0.08,0.0,0
1985-11-11,39,34,0.10,T,0
1985-11-12,38,32,0.17,0.0,0
1985-11-13,56,38,0.08,0.0,0
1985-11-14,43,37,0.89,0.0,0
1985-11-15,38,23,T,T,0
1985-11-16,33,15,0.55,2.5,0
1985-11-17,43,30,0.17,0.0,2
1985-11-18,54,30,0.00,0.0,0
1985-11-19,52,30,0.00,0.0,0
1985-11-20,70,40,0.00,0.0,0
1985-11-21,41,27,0.00,0.0,0
1985-11-22,32,25,0.15,0.1,0
1985-11-23,41,30,T,T,T
1985-11-24,43,29,T,T,0
1985-11-25,35,20,0.00,0.0,0
1985-11-26,30,20,0.50,T,0
1985-11-27,35,29,0.02,0.0,T
1985-11-28,30,26,0.45,5.0,T
1985-11-29,31,25,0.04,T,5
1985-11-30,33,26,T,T,4
1985-12-01,36,31,T,0.0,4
1985-12-02,43,25,0.52,T,1
1985-12-03,26,16,T,T,T
1985-12-04,29,10,0.00,0.0,T
1985-12-05,27,16,T,T,T
1985-12-06,32,24,0.07,T,T
1985-12-07,32,14,0.00,0.0,T
1985-12-08,38,26,T,T,T
1985-12-09,34,26,T,T,T
1985-12-10,32,25,T,T,T
1985-12-11,30,27,0.15,0.5,T
1985-12-12,36,14,0.47,3.0,4
1985-12-13,26,11,0.62,5.9,3
1985-12-14,29,3,0.08,0.8,9
1985-12-15,27,-2,T,T,9
1985-12-16,34,23,T,T,8
1985-12-17,28,5,0.04,0.4,8
1985-12-18,22,3,T,T,8
1985-12-19,15,-14,0.00,0.0,7
1985-12-20,26,-4,0.00,0.0,6
1985-12-21,25,3,0.02,0.2,6
1985-12-22,22,-8,0.03,0.3,M
1985-12-23,32,19,0.09,M,M
1985-12-24,38,26,T,T,7
1985-12-25,33,-3,0.33,1.0,8
1985-12-26,18,-13,0.00,0.0,8
1985-12-27,28,1,0.01,T,8
1985-12-28,26,5,T,T,8
1985-12-29,26,6,0.00,0.0,8
1985-12-30,29,13,T,T,8
1985-12-31,37,14,0.00,0.0,8
1986-01-01,36,14,T,T,7
1986-01-02,38,13,0.00,0.0,7
1986-01-03,30,22,0.64,6.0,7
1986-01-04,25,8,0.00,0.0,13
1986-01-05,27,12,0.61,6.0,17
1986-01-06,26,12,0.03,0.3,18
1986-01-07,14,-7,0.00,0.0,17
1986-01-08,18,-15,0.00,0.0,16
1986-01-09,38,-7,0.00,0.0,15
1986-01-10,38,28,T,T,14
1986-01-11,32,7,0.05,T,14
1986-01-12,47,12,0.00,0.0,14
1986-01-13,42,8,T,T,13
1986-01-14,8,-12,0.00,0.0,12
1986-01-15,10,-18,T,T,12
1986-01-16,26,-14,0.00,0.0,12
1986-01-17,39,-1,T,0.0,12
1986-01-18,54,26,0.00,0.0,12
1986-01-19,37,25,0.22,0.0,11
1986-01-20,40,35,0.28,0.0,9
1986-01-21,38,32,T,T,8
1986-01-22,44,31,0.00,0.0,7
1986-01-23,38,9,0.00,0.0,6
1986-01-24,22,2,0.00,0.0,6
1986-01-25,21,3,0.46,4.2,6
1986-01-26,35,21,1.13,T,10
1986-01-27,38,24,0.94,T,8
1986-01-28,24,6,T,0.5,8
1986-01-29,20,-0,T,T,7
1986-01-30,29,11,T,T,8
1986-01-31,27,5,T,T,8
1986-02-01,20,-5,0.16,2.0,8
1986-02-02,31,9,0.27,2.1,12
1986-02-03,32,7,0.00,0.0,12
1986-02-04,21,-5,0.12,0.8,11
1986-02-05,38,20,0.76,4.2,16
1986-02-06,30,-4,T,T,15
1986-02-07,16,-6,T,T,15
1986-02-08,28,3,T,T,14
1986-02-09,33,-6,0.00,0.0,14
1986-02-10,32,3,T,T,13
1986-02-11,31,6,0.00,0.0,13
1986-02-12,25,-4,0.00,0.0,13
1986-02-13,26,-6,0.00,0.0,13
1986-02-14,28,5,0.03,0.3,13
1986-02-15,29,11,T,T,13
1986-02-16,31,2,0.00,0.0,13
1986-02-17,25,10,0.07,1.5,12
1986-02-18,32,25,0.15,T,14
1986-02-19,38,30,T,0.0,14
1986-02-20,41,30,0.00,0.0,13
1986-02-21,34,26,1.09,8.0,12
1986-02-22,31,7,0.00,0.0,20
1986-02-23,26,7,0.03,0.3,19
1986-02-24,32,20,0.01,T,19
1986-02-25,29,11,T,T,18
1986-02-26,22,1,0.00,0.0,18
1986-02-27,33,-6,0.00,0.0,18
1986-02-28,33,-2,0.00,0.0,17
1986-03-01,38,4,0.00,0.0,17
1986-03-02,35,9,T,T,17
1986-03-03,42,14,T,T,16
1986-03-04,46,17,0.00,0.0,15
1986-03-05,41,21,T,T,13
1986-03-06,32,20,0.06,0.5,13
1986-03-07,30,4,0.03,0.3,14
1986-03-08,21,-0,T,T,15
1986-03-09,27,13,0.09,1.0,15
1986-03-10,30,21,0.14,1.3,15
1986-03-11,44,22,0.03,0.0,13
1986-03-12,43,18,0.00,0.0,11
1986-03-13,34,29,0.35,T,11
1986-03-14,37,32,0.61,0.0,11
1986-03-15,52,31,0.79,T,11
1986-03-16,46,31,0.02,0.0,10
1986-03-17,49,30,0.00,0.0,8
1986-03-18,52,31,0.00,0.0,7
1986-03-19,55,38,0.81,0.0,4
1986-03-20,44,8,0.00,0.0,T
1986-03-21,30,5,0.00,0.0,T
1986-03-22,41,6,0.00,0.0,T
1986-03-23,51,19,0.00,0.0,T
1986-03-24,40,31,T,T,T
1986-03-25,55,18,0.00,0.0,T
1986-03-26,71,36,0.00,0.0,T
1986-03-27,54,40,0.26,0.0,T
1986-03-28,56,33,0.01,0.0,T
1986-03-29,74,36,0.00,0.0,0
1986-03-30,77,36,0.00,0.0,0
1986-03-31,61,35,0.00,0.0,0
1986-04-01,78,30,0.00,0.0,0
1986-04-02,59,41,T,0.0,0
1986-04-03,59,34,0.00,0.0,0
1986-04-04,45,32,0.03,0.0,0
1986-04-05,52,27,0.00,0.0,0
1986-04-06,37,31,0.12,T,T
1986-04-07,47,34,0.11,0.0,0
1986-04-08,51,37,0.14,0.0,0
1986-04-09,50,33,T,0.0,0
1986-04-10,46,34,T,T,0
1986-04-11,44,32,0.09,T,T
1986-04-12,49,29,0.00,0.0,0
1986-04-13,54,28,0.00,0.0,0
1986-04-14,64,29,0.00,0.0,0
1986-04-15,66,29,0.00,0.0,0
1986-04-16,58,35,0.00,0.0,0
1986-04-17,70,30,0.00,0.0,0
1986-04-18,66,38,0.00,0.0,0
1986-04-19,68,29,0.00,0.0,0
1986-04-20,74,30,0.00,0.0,0
1986-04-21,53,45,0.37,0.0,0
1986-04-22,58,39,0.00,0.0,0
1986-04-23,51,36,0.00,0.0,0
1986-04-24,67,38,0.00,0.0,0
1986-04-25,72,44,0.06,0.0,0
1986-04-26,70,53,0.38,0.0,0
1986-04-27,76,55,0.04,0.0,0
1986-04-28,81,46,0.00,0.0,0
1986-04-29,84,48,0.00,0.0,0
1986-04-30,73,45,0.00,0.0,0
1986-05-01,75,40,T,0.0,0
1986-05-02,51,39,T,T,0
1986-05-03,45,29,T,T,0
1986-05-04,52,26,T,T,0
1986-05-05,55,41,0.35,T,0
1986-05-06,58,48,T,0.0,0
1986-05-07,53,46,0.12,0.0,0
1986-05-08,49,38,0.11,0.0,0
1986-05-09,65,38,0.01,0.0,0
1986-05-10,74,32,0.00,0.0,0
1986-05-11,65,43,T,0.0,0
1986-05-12,62,39,0.00,0.0,0
1986-05-13,75,43,0.00,0.0,0
1986-05-14,76,39,0.00,0.0,0
1986-05-15,72,41,0.00,0.0,0
1986-05-16,66,49,0.22,0.0,0
1986-05-17,78,58,0.01,0.0,0
1986-05-18,88,56,0.00,0.0,0
1986-05-19,89,61,0.00,0.0,0
1986-05-20,75,59,0.11,0.0,0
1986-05-21,74,61,0.73,0.0,0
1986-05-22,75,58,0.23,0.0,0
1986-05-23,74,57,0.88,0.0,0
1986-05-24,62,56,0.10,0.0,0
1986-05-25,78,48,0.00,0.0,0
1986-05-26,80,49,0.00,0.0,0
1986-05-27,84,50,0.00,0.0,0
1986-05-28,79,51,T,0.0,0
1986-05-29,86,45,0.01,0.0,0
1986-05-30,83,56,0.00,0.0,0
1986-05-31,72,58,0.01,0.0,0
1986-06-01,83,56,0.40,0.0,0
1986-06-02,58,38,0.24,0.0,0
1986-06-03,65,33,0.00,0.0,0
1986-06-04,79,39,0.00,0.0,0
1986-06-05,77,55,0.06,0.0,0
1986-06-06,60,56,0.04,0.0,0
1986-06-07,62,56,0.02,0.0,0
1986-06-08,82,58,T,0.0,0
1986-06-09,74,49,0.00,0.0,0
1986-06-10,82,43,0.00,0.0,0
1986-06-11,65,58,1.11,0.0,0
1986-06-12,60,46,0.87,0.0,0
1986-06-13,66,45,0.09,0.0,0
1986-06-14,79,51,0.00,0.0,0
1986-06-15,81,54,0.00,0.0,0
1986-06-16,80,60,0.46,0.0,0
1986-06-17,66,51,0.01,0.0,0
1986-06-18,68,44,T,0.0,0
1986-06-19,73,45,0.00,0.0,0
1986-06-20,75,47,0.38,0.0,0
1986-06-21,78,43,0.00,0.0,0
1986-06-22,84,47,0.00,0.0,0
1986-06-23,83,58,0.21,0.0,0
1986-06-24,78,51,0.02,0.0,0
1986-06-25,59,45,T,0.0,0
1986-06-26,71,40,0.00,0.0,0
1986-06-27,74,56,T,0.0,0
1986-06-28,83,60,0.00,0.0,0
1986-06-29,80,53,0.00,0.0,0
1986-06-30,73,47,0.00,0.0,0
1986-07-01,80,46,0.00,0.0,0
1986-07-02,65,55,0.42,0.0,0
1986-07-03,65,46,0.01,0.0,0
1986-07-04,74,43,T,0.0,0
1986-07-05,76,60,0.74,0.0,0
1986-07-06,73,66,T,0.0,0
1986-07-07,91,62,0.00,0.0,0
1986-07-08,86,58,0.00,0.0,0
1986-07-09,81,58,0.00,0.0,0
1986-07-10,71,51,0.00,0.0,0
1986-07-11,71,47,0.00,0.0,0
1986-07-12,57,47,1.23,0.0,0
1986-07-13,59,56,0.16,0.0,0
1986-07-14,72,57,0.03,0.0,0
1986-07-15,78,53,0.00,0.0,0
1986-07-16,82,53,0.00,0.0,0
1986-07-17,84,56,0.00,0.0,0
1986-07-18,85,60,0.00,0.0,0
1986-07-19,78,62,0.00,0.0,0
1986-07-20,79,65,0.48,0.0,0
1986-07-21,77,54,T,0.0,0
1986-07-22,81,52,0.00,0.0,0
1986-07-23,85,57,0.00,0.0,0
1986-07-24,87,60,0.00,0.0,0
1986-07-25,85,67,0.00,0.0,0
1986-07-26,85,68,0.66,0.0,0
1986-07-27,79,67,0.01,0.0,0
1986-07-28,85,67,T,0.0,0
1986-07-29,78,65,0.97,0.0,0
1986-07-30,67,60,0.96,0.0,0
1986-07-31,73,59,0.00,0.0,0
1986-08-01,79,64,0.31,0.0,0
1986-08-02,79,63,0.29,0.0,0
1986-08-03,85,64,0.00,0.0,0
1986-08-04,79,58,0.00,0.0,0
1986-08-05,82,57,0.00,0.0,0
1986-08-06,82,57,0.00,0.0,0
1986-08-07,73,62,0.39,0.0,0
1986-08-08,83,64,0.01,0.0,0
1986-08-09,79,62,0.01,0.0,0
1986-08-10,82,58,0.00,0.0,0
1986-08-11,79,58,0.01,0.0,0
1986-08-12,74,54,0.00,0.0,0
1986-08-13,78,50,0.00,0.0,0
1986-08-14,80,50,0.00,0.0,0
1986-08-15,77,53,0.03,0.0,0
1986-08-16,80,65,0.06,0.0,0
1986-08-17,80,66,T,0.0,0
1986-08-18,80,66,0.15,0.0,0
1986-08-19,77,60,0.00,0.0,0
1986-08-20,80,59,0.00,0.0,0
1986-08-21,80,64,0.01,0.0,0
1986-08-22,74,51,0.12,0.0,0
1986-08-23,67,49,0.24,0.0,0
1986-08-24,67,55,0.11,0.0,0
1986-08-25,70,46,T,0.0,0
1986-08-26,78,43,0.00,0.0,0
1986-08-27,78,58,0.20,0.0,0
1986-08-28,59,43,T,0.0,0
1986-08-29,62,39,0.00,0.0,0
1986-08-30,72,38,0.00,0.0,0
1986-08-31,76,44,0.00,0.0,0
1986-09-01,79,49,0.00,0.0,0
1986-09-02,76,53,0.00,0.0,0
1986-09-03,65,55,T,0.0,0
1986-09-04,59,55,0.00,0.0,0
1986-09-05,64,57,0.26,0.0,0
1986-09-06,75,48,0.00,0.0,0
1986-09-07,66,45,0.00,0.0,0
1986-09-08,65,42,0.00,0.0,0
1986-09-09,73,40,0.00,0.0,0
1986-09-10,70,43,T,0.0,0
1986-09-11,78,61,0.00,0.0,0
1986-09-12,77,57,0.45,0.0,0
1986-09-13,70,45,0.00,0.0,0
1986-09-14,60,36,0.00,0.0,0
1986-09-15,61,35,0.21,0.0,0
1986-09-16,50,38,0.66,0.0,0
1986-09-17,62,37,0.00,0.0,0
1986-09-18,64,38,0.00,0.0,0
1986-09-19,72,44,0.00,0.0,0
1986-09-20,59,53,0.38,0.0,0
1986-09-21,62,49,0.01,0.0,0
1986-09-22,60,42,T,0.0,0
1986-09-23,63,56,0.99,0.0,0
1986-09-24,75,49,0.00,0.0,0
1986-09-25,71,45,0.00,0.0,0
1986-09-26,61,43,T,0.0,0
1986-09-27,63,39,0.00,0.0,0
1986-09-28,67,40,0.00,0.0,0
1986-09-29,68,58,0.18,0.0,0
1986-09-30,82,62,0.01,0.0,0
1986-10-01,70,53,0.01,0.0,0
1986-10-02,60,50,0.03,0.0,0
1986-10-03,55,47,0.33,0.0,0
1986-10-04,62,51,0.23,0.0,0
1986-10-05,54,48,0.00,0.0,0
1986-10-06,50,35,0.02,T,0
1986-10-07,52,31,0.00,0.0,0
1986-10-08,68,31,0.00,0.0,0
1986-10-09,58,39,0.02,0.0,0
1986-10-10,49,25,0.00,0.0,0
1986-10-11,58,22,0.00,0.0,0
1986-10-12,60,29,0.00,0.0,0
1986-10-13,57,50,0.03,0.0,0
1986-10-14,62,53,0.35,0.0,0
1986-10-15,54,40,0.00,0.0,0
1986-10-16,50,37,0.00,0.0,0
1986-10-17,51,31,0.00,0.0,0
1986-10-18,50,28,0.00,0.0,0
1986-10-19,63,26,0.00,0.0,0
1986-10-20,64,29,0.00,0.0,0
1986-10-21,63,34,T,0.0,0
1986-10-22,68,35,0.00,0.0,0
1986-10-23,67,43,T,0.0,0
1986-10-24,50,27,0.00,0.0,0
1986-10-25,58,23,0.00,0.0,0
1986-10-26,45,34,0.23,0.0,0
1986-10-27,48,42,0.09,0.0,0
1986-10-28,57,40,T,0.0,0
1986-10-29,66,38,0.00,0.0,0
1986-10-30,57,34,0.00,0.0,0
1986-10-31,47,23,0.00,0.0,0
1986-11-01,61,31,0.00,0.0,0
1986-11-02,51,28,0.11,0.0,0
1986-11-03,46,22,0.00,0.0,0
1986-11-04,50,27,T,0.0,0
1986-11-05,32,22,T,T,0
1986-11-06,39,30,0.99,4.0,4
1986-11-07,40,34,T,0.0,1
1986-11-08,44,37,0.25,0.0,0
1986-11-09,55,43,0.12,0.0,0
1986-11-10,44,24,0.00,0.0,0
1986-11-11,32,25,0.15,1.0,1
1986-11-12,39,28,0.00,0.0,1
1986-11-13,35,14,T,T,0
1986-11-14,33,9,0.00,0.0,0
1986-11-15,42,25,0.00,0.0,0
1986-11-16,49,33,0.00,0.0,0
1986-11-17,48,36,0.00,0.0,0
1986-11-18,42,29,T,T,0
1986-11-19,29,11,0.21,1.0,1
1986-11-20,29,7,0.54,3.0,1
1986-11-21,33,26,0.48,2.3,5
1986-11-22,35,22,0.00,0.0,5
1986-11-23,41,16,0.00,0.0,5
1986-11-24,46,35,0.08,0.0,3
1986-11-25,45,24,0.00,0.0,2
1986-11-26,38,22,1.34,0.0,T
1986-11-27,42,24,0.00,0.0,T
1986-11-28,48,23,0.00,0.0,T
1986-11-29,45,29,0.00,0.0,0
1986-11-30,39,17,0.00,0.0,0
1986-12-01,34,11,0.00,0.0,0
1986-12-02,34,14,0.34,2.0,0
1986-12-03,44,34,0.74,0.0,2
1986-12-04,40,34,0.00,0.0,0
1986-12-05,35,20,T,T,0
1986-12-06,40,15,T,T,0
1986-12-07,39,17,0.02,T,0
1986-12-08,39,7,T,T,T
1986-12-09,28,7,0.68,2.7,T
1986-12-10,41,28,T,T,2
1986-12-11,31,20,0.00,0.0,2
1986-12-12,36,25,T,T,2
1986-12-13,26,1,0.00,0.0,2
1986-12-14,28,-2,0.00,0.0,2
1986-12-15,36,26,0.00,0.0,2
1986-12-16,32,27,0.02,T,2
1986-12-17,31,29,0.03,T,2
1986-12-18,33,29,0.69,6.0,2
1986-12-19,37,32,0.34,2.2,10
1986-12-20,35,22,T,T,8
1986-12-21,29,8,T,T,8
1986-12-22,29,2,0.00,0.0,8
1986-12-23,35,27,0.00,0.0,8
1986-12-24,40,27,0.00,0.0,7
1986-12-25,38,33,0.17,T,7
1986-12-26,38,33,T,T,4
1986-12-27,33,11,0.00,0.0,4
1986-12-28,29,9,0.00,0.0,4
1986-12-29,33,22,0.00,0.0,3
1986-12-30,33,28,0.00,0.0,3
1986-12-31,36,13,0.00,0.0,3
1987-01-01,27,5,0.00,0.0,3
1987-01-02,29,24,0.79,7.9,3
1987-01-03,25,19,0.02,0.2,10
1987-01-04,29,3,0.00,0.0,8
1987-01-05,30,1,0.00,0.0,8
1987-01-06,29,23,0.00,0.0,8
1987-01-07,38,27,T,T,7
1987-01-08,28,8,T,T,7
1987-01-09,30,8,T,T,7
1987-01-10,30,24,0.80,6.0,6
1987-01-11,33,27,0.62,6.0,14
1987-01-12,33,23,T,T,14
1987-01-13,31,17,T,T,13
1987-01-14,36,7,0.00,0.0,11
1987-01-15,41,23,T,T,11
1987-01-16,37,4,T,T,10
1987-01-17,21,-1,0.00,0.0,10
1987-01-18,20,-3,0.23,1.0,10
1987-01-19,26,16,0.35,5.0,11
1987-01-20,29,-1,T,0.3,15
1987-01-21,30,-2,T,T,15
1987-01-22,26,6,1.53,7.0,16
1987-01-23,30,10,0.21,1.9,25
1987-01-24,10,-4,T,T,25
1987-01-25,22,-7,0.00,0.0,24
1987-01-26,15,-10,T,T,22
1987-01-27,21,-19,0.00,0.0,22
1987-01-28,27,-13,0.00,0.0,21
1987-01-29,27,-6,T,T,21
1987-01-30,26,1,0.16,2.9,20
1987-01-31,32,24,0.26,1.9,24
1987-02-01,32,10,T,T,23
1987-02-02,31,16,T,T,20
1987-02-03,41,26,0.01,T,20
1987-02-04,33,17,T,T,19
1987-02-05,22,1,0.00,0.0,18
1987-02-06,33,-3,T,T,18
1987-02-07,42,21,T,T,18
1987-02-08,37,11,0.04,0.4,17
1987-02-09,30,4,0.03,0.7,18
1987-02-10,30,-9,T,T,18
1987-02-11,27,12,0.00,0.0,18
1987-02-12,22,-1,0.00,0.0,17
1987-02-13,13,-8,0.01,0.5,18
1987-02-14,9,-17,0.00,0.0,18
1987-02-15,10,-21,T,T,18
1987-02-16,24,-7,0.00,0.0,18
1987-02-17,31,-8,0.00,0.0,18
1987-02-18,31,-1,0.00,0.0,17
1987-02-19,31,-4,0.00,0.0,16
1987-02-20,30,1,0.00,0.0,16
1987-02-21,34,-1,0.00,0.0,16
1987-02-22,41,2,0.00,0.0,16
1987-02-23,36,15,0.00,0.0,16
1987-02-24,34,15,0.00,0.0,15
1987-02-25,34,8,0.00,0.0,15
1987-02-26,36,7,0.00,0.0,15
1987-02-27,41,8,0.00,0.0,15
1987-02-28,39,10,T,T,15
1987-03-01,33,29,0.75,5.0,16
1987-03-02,33,28,0.10,1.1,18
1987-03-03,33,21,T,T,19
1987-03-04,32,6,0.00,0.0,17
1987-03-05,36,-0,0.00,0.0,17
1987-03-06,48,6,0.00,0.0,17
1987-03-07,62,25,0.00,0.0,16
1987-03-08,63,29,0.00,0.0,15
1987-03-09,35,7,0.00,0.0,13
1987-03-10,21,1,0.00,0.0,13
1987-03-11,35,-4,0.00,0.0,13
1987-03-12,33,7,0.00,0.0,12
1987-03-13,37,21,T,T,11
1987-03-14,41,13,0.00,0.0,11
1987-03-15,40,18,0.00,0.0,9
1987-03-16,32,12,0.01,T,8
1987-03-17,31,22,T,0.1,8
1987-03-18,39,27,0.00,0.0,8
1987-03-19,39,27,0.00,0.0,7
1987-03-20,41,31,0.01,T,6
1987-03-21,40,33,0.07,T,6
1987-03-22,49,33,T,0.0,4
1987-03-23,60,30,0.00,0.0,3
1987-03-24,66,27,0.00,0.0,1
1987-03-25,70,26,0.00,0.0,T
1987-03-26,53,33,0.15,0.0,T
1987-03-27,54,33,0.00,0.0,T
1987-03-28,57,34,0.01,0.0,0
1987-03-29,63,30,0.00,0.0,0
1987-03-30,62,40,0.08,0.0,0
1987-03-31,62,41,0.94,0.0,0
1987-04-01,41,27,0.00,0.0,0
1987-04-02,47,20,T,0.0,0
1987-04-03,47,35,T,0.0,0
1987-04-04,52,38,0.08,0.0,0
1987-04-05,47,43,0.87,0.0,0
1987-04-06,51,43,0.13,0.0,0
1987-04-07,45,36,0.64,0.0,0
1987-04-08,44,36,0.05,0.0,0
1987-04-09,50,30,0.00,0.0,0
1987-04-10,68,27,0.00,0.0,0
1987-04-11,73,32,0.00,0.0,0
1987-04-12,71,40,0.00,0.0,0
1987-04-13,53,31,T,0.0,0
1987-04-14,66,30,0.00,0.0,0
1987-04-15,69,30,0.00,0.0,0
1987-04-16,51,40,T,0.0,0
1987-04-17,52,42,T,0.0,0
1987-04-18,65,48,0.06,0.0,0
1987-04-19,77,54,0.00,0.0,0
1987-04-20,80,49,0.00,0.0,0
1987-04-21,82,54,0.00,0.0,0
1987-04-22,65,43,0.00,0.0,0
1987-04-23,59,37,0.00,0.0,0
1987-04-24,52,37,0.15,0.0,0
1987-04-25,62,30,0.00,0.0,0
1987-04-26,62,29,0.00,0.0,0
1987-04-27,59,32,0.00,0.0,0
1987-04-28,37,32,0.72,3.4,0
1987-04-29,45,32,0.44,2.2,6
1987-04-30,49,36,0.02,0.0,T
1987-05-01,56,33,0.00,0.0,0
1987-05-02,64,30,0.00,0.0,0
1987-05-03,57,30,0.00,0.0,0
1987-05-04,58,30,0.00,0.0,0
1987-05-05,46,43,0.44,0.0,0
1987-05-06,64,45,0.23,0.0,0
1987-05-07,66,38,0.00,0.0,0
1987-05-08,65,31,0.00,0.0,0
1987-05-09,71,33,T,0.0,0
1987-05-10,79,45,0.00,0.0,0
1987-05-11,78,36,0.00,0.0,0
1987-05-12,66,40,0.05,0.0,0
1987-05-13,69,32,0.00,0.0,0
1987-05-14,78,39,0.00,0.0,0
1987-05-15,60,41,0.09,0.0,0
1987-05-16,67,31,0.00,0.0,0
1987-05-17,68,50,T,0.0,0
1987-05-18,61,49,0.00,0.0,0
1987-05-19,69,38,0.00,0.0,0
1987-05-20,62,39,0.00,0.0,0
1987-05-21,69,44,0.00,0.0,0
1987-05-22,82,57,0.00,0.0,0
1987-05-23,69,49,0.87,0.0,0
1987-05-24,59,47,0.02,0.0,0
1987-05-25,60,48,T,0.0,0
1987-05-26,76,51,0.00,0.0,0
1987-05-27,64,55,0.10,0.0,0
1987-05-28,84,54,0.22,0.0,0
1987-05-29,86,64,0.27,0.0,0
1987-05-30,91,63,0.00,0.0,0
1987-05-31,89,65,T,0.0,0
1987-06-01,86,64,0.00,0.0,0
1987-06-02,75,60,T,0.0,0
1987-06-03,73,57,T,0.0,0
1987-06-04,60,54,0.65,0.0,0
1987-06-05,76,53,T,0.0,0
1987-06-06,64,41,0.00,0.0,0
1987-06-07,68,36,T,0.0,0
1987-06-08,69,54,0.69,0.0,0
1987-06-09,67,54,0.05,0.0,0
1987-06-10,68,47,T,0.0,0
1987-06-11,75,41,0.00,0.0,0
1987-06-12,70,56,0.09,0.0,0
1987-06-13,81,60,0.01,0.0,0
1987-06-14,81,60,0.00,0.0,0
1987-06-15,82,57,0.00,0.0,0
1987-06-16,82,50,0.14,0.0,0
1987-06-17,74,50,0.00,0.0,0
1987-06-18,83,45,0.00,0.0,0
1987-06-19,86,51,0.00,0.0,0
1987-06-20,81,51,0.00,0.0,0
1987-06-21,81,46,0.00,0.0,0
1987-06-22,69,61,1.82,0.0,0
1987-06-23,75,59,0.93,0.0,0
1987-06-24,88,55,0.00,0.0,0
1987-06-25,70,57,0.00,0.0,0
1987-06-26,65,60,0.03,0.0,0
1987-06-27,64,58,2.09,0.0,0
1987-06-28,72,54,0.00,0.0,0
1987-06-29,82,52,0.01,0.0,0
1987-06-30,83,68,0.00,0.0,0
1987-07-01,77,58,0.00,0.0,0
1987-07-02,76,55,0.30,0.0,0
1987-07-03,63,57,0.27,0.0,0
1987-07-04,80,61,0.20,0.0,0
1987-07-05,83,58,0.00,0.0,0
1987-07-06,84,57,0.00,0.0,0
1987-07-07,72,60,T,0.0,0
1987-07-08,83,64,0.00,0.0,0
1987-07-09,88,71,T,0.0,0
1987-07-10,92,69,T,0.0,0
1987-07-11,92,67,T,0.0,0
1987-07-12,90,69,0.00,0.0,0
1987-07-13,86,69,0.00,0.0,0
1987-07-14,88,67,0.73,0.0,0
1987-07-15,72,50,0.02,0.0,0
1987-07-16,74,48,0.00,0.0,0
1987-07-17,79,50,0.00,0.0,0
1987-07-18,88,53,T,0.0,0
1987-07-19,80,62,0.00,0.0,0
1987-07-20,75,62,0.01,0.0,0
1987-07-21,82,65,0.01,0.0,0
1987-07-22,89,64,0.00,0.0,0
1987-07-23,91,60,0.00,0.0,0
1987-07-24,92,69,0.02,0.0,0
1987-07-25,84,68,0.28,0.0,0
1987-07-26,83,57,T,0.0,0
1987-07-27,78,51,0.12,0.0,0
1987-07-28,73,50,0.00,0.0,0
1987-07-29,76,45,0.00,0.0,0
1987-07-30,80,51,T,0.0,0
1987-07-31,76,50,0.00,0.0,0
1987-08-01,77,45,0.00,0.0,0
1987-08-02,80,45,0.23,0.0,0
1987-08-03,83,64,0.60,0.0,0
1987-08-04,90,63,0.00,0.0,0
1987-08-05,76,54,0.00,0.0,0
1987-08-06,79,54,0.00,0.0,0
1987-08-07,81,59,T,0.0,0
1987-08-08,86,65,0.00,0.0,0
1987-08-09,75,53,0.11,0.0,0
1987-08-10,62,55,0.42,0.0,0
1987-08-11,73,49,0.00,0.0,0
1987-08-12,77,48,0.00,0.0,0
1987-08-13,83,51,0.00,0.0,0
1987-08-14,84,55,0.00,0.0,0
1987-08-15,88,60,0.00,0.0,0
1987-08-16,91,59,0.00,0.0,0
1987-08-17,94,65,0.00,0.0,0
1987-08-18,86,62,0.00,0.0,0
1987-08-19,86,58,0.12,0.0,0
1987-08-20,78,53,0.00,0.0,0
1987-08-21,80,50,0.00,0.0,0
1987-08-22,70,54,0.17,0.0,0
1987-08-23,70,44,0.00,0.0,0
1987-08-24,68,39,0.00,0.0,0
1987-08-25,70,39,0.30,0.0,0
1987-08-26,70,49,0.00,0.0,0
1987-08-27,59,47,T,0.0,0
1987-08-28,60,55,0.33,0.0,0
1987-08-29,58,48,0.64,0.0,0
1987-08-30,77,46,0.00,0.0,0
1987-08-31,76,49,0.03,0.0,0
1987-09-01,67,51,0.01,0.0,0
1987-09-02,64,46,T,0.0,0
1987-09-03,66,43,0.00,0.0,0
1987-09-04,72,40,0.00,0.0,0
1987-09-05,76,44,0.00,0.0,0
1987-09-06,78,50,0.00,0.0,0
1987-09-07,72,57,0.04,0.0,0
1987-09-08,71,64,1.20,0.0,0
1987-09-09,79,62,1.90,0.0,0
1987-09-10,81,61,0.00,0.0,0
1987-09-11,67,62,0.00,0.0,0
1987-09-12,65,57,0.08,0.0,0
1987-09-13,60,57,1.57,0.0,0
1987-09-14,74,50,0.01,0.0,0
1987-09-15,72,45,0.00,0.0,0
1987-09-16,77,48,0.00,0.0,0
1987-09-17,71,50,0.00,0.0,0
1987-09-18,54,50,0.39,0.0,0
1987-09-19,55,53,0.02,0.0,0
1987-09-20,56,53,0.69,0.0,0
1987-09-21,61,53,0.01,0.0,0
1987-09-22,61,46,T,0.0,0
1987-09-23,68,47,T,0.0,0
1987-09-24,64,42,0.10,0.0,0
1987-09-25,55,37,T,0.0,0
1987-09-26,61,32,T,0.0,0
1987-09-27,64,35,0.00,0.0,0
1987-09-28,75,39,0.02,0.0,0
1987-09-29,79,48,0.00,0.0,0
1987-09-30,63,54,0.30,0.0,0
1987-10-01,55,37,0.05,0.0,0
1987-10-02,66,33,0.00,0.0,0
1987-10-03,57,40,0.27,0.0,0
1987-10-04,41,31,3.34,T,0
1987-10-05,65,30,0.00,0.0,0
1987-10-06,71,33,0.00,0.0,0
1987-10-07,66,49,0.17,0.0,0
1987-10-08,55,37,0.01,0.0,0
1987-10-09,56,38,0.00,0.0,0
1987-10-10,61,39,0.00,0.0,0
1987-10-11,41,32,0.36,T,0
1987-10-12,46,29,0.00,0.0,0
1987-10-13,52,26,0.00,0.0,0
1987-10-14,57,25,0.00,0.0,0
1987-10-15,68,28,0.00,0.0,0
1987-10-16,67,34,0.00,0.0,0
1987-10-17,61,38,0.00,0.0,0
1987-10-18,64,41,0.00,0.0,0
1987-10-19,63,38,0.00,0.0,0
1987-10-20,66,38,0.12,0.0,0
1987-10-21,54,40,0.28,0.0,0
1987-10-22,48,28,0.00,0.0,0
1987-10-23,55,28,T,T,0
1987-10-24,65,33,T,0.0,0
1987-10-25,53,33,0.18,0.0,0
1987-10-26,53,25,0.00,0.0,0
1987-10-27,56,23,T,0.0,0
1987-10-28,49,38,1.03,0.0,0
1987-10-29,49,32,0.00,0.0,0
1987-10-30,49,30,0.03,T,0
1987-10-31,50,32,0.02,0.0,0
1987-11-01,55,28,0.00,0.0,0
1987-11-02,51,25,0.00,0.0,0
1987-11-03,50,29,0.05,0.0,0
1987-11-04,72,46,T,0.0,0
1987-11-05,65,37,0.01,0.0,0
1987-11-06,38,22,0.04,0.1,T
1987-11-07,39,23,0.03,1.5,2
1987-11-08,44,23,0.02,0.0,T
1987-11-09,52,37,0.03,T,0
1987-11-10,37,25,0.08,0.5,0
1987-11-11,32,25,0.12,0.2,1
1987-11-12,37,26,0.03,T,2
1987-11-13,47,30,0.00,0.0,1
1987-11-14,52,31,0.00,0.0,T
1987-11-15,48,23,0.00,0.0,0
1987-11-16,51,23,0.00,0.0,0
1987-11-17,60,29,T,0.0,0
1987-11-18,60,45,0.22,0.0,0
1987-11-19,50,27,0.00,0.0,0
1987-11-20,41,25,0.06,T,0
1987-11-21,25,12,T,T,T
1987-11-22,30,15,0.00,0.0,T
1987-11-23,41,13,0.00,0.0,0
1987-11-24,57,30,0.00,0.0,0
1987-11-25,41,34,0.01,0.0,0
1987-11-26,41,32,0.60,T,0
1987-11-27,32,28,0.00,0.0,0
1987-11-28,34,22,0.00,0.0,0
1987-11-29,38,22,0.04,0.0,0
1987-11-30,44,38,1.05,0.0,0
1987-12-01,42,36,T,0.0,0
1987-12-02,36,23,T,T,0
1987-12-03,35,22,T,T,0
1987-12-04,33,29,0.08,1.2,1
1987-12-05,30,25,T,T,T
1987-12-06,31,27,0.00,0.0,T
1987-12-07,36,16,0.00,0.0,T
1987-12-08,32,12,T,0.0,0
1987-12-09,48,28,0.01,0.0,0
1987-12-10,48,33,0.00,0.0,0
1987-12-11,42,29,T,0.0,0
1987-12-12,37,28,0.02,T,0
1987-12-13,43,32,T,T,0
1987-12-14,42,27,T,T,0
1987-12-15,33,21,0.49,2.2,0
1987-12-16,33,26,0.16,3.4,4
1987-12-17,29,15,T,T,5
1987-12-18,28,11,T,T,5
1987-12-19,31,13,T,T,5
1987-12-20,32,24,0.30,2.2,5
1987-12-21,38,31,0.00,0.0,7
1987-12-22,40,22,T,T,6
1987-12-23,39,23,T,T,6
1987-12-24,40,21,T,T,5
1987-12-25,44,33,0.02,T,5
1987-12-26,36,16,T,T,4
1987-12-27,33,12,T,T,4
1987-12-28,29,14,T,T,4
1987-12-29,18,1,0.15,2.3,4
1987-12-30,12,-3,0.00,0.0,5
1987-12-31,28,-4,T,T,5
1988-01-01,40,27,0.00,0.0,5
1988-01-02,27,7,T,T,5
1988-01-03,27,1,0.00,0.0,5
1988-01-04,30,18,0.14,2.5,6
1988-01-05,20,8,T,T,8
1988-01-06,16,1,T,T,8
1988-01-07,12,-7,0.00,0.0,7
1988-01-08,16,-8,0.21,4.0,7
1988-01-09,30,5,0.10,2.0,14
1988-01-10,24,-8,0.00,0.0,12
1988-01-11,27,-16,0.00,0.0,11
1988-01-12,29,1,0.00,0.0,10
1988-01-13,40,1,T,T,10
1988-01-14,1,-17,0.00,0.0,10
1988-01-15,14,-21,0.00,0.0,10
1988-01-16,33,-5,0.00,0.0,9
1988-01-17,40,20,0.00,0.0,9
1988-01-18,36,32,0.32,0.0,8
1988-01-19,41,26,0.01,0.0,7
1988-01-20,33,25,0.13,0.4,6
1988-01-21,38,27,T,T,6
1988-01-22,28,8,T,T,6
1988-01-23,30,1,0.00,0.0,6
1988-01-24,36,5,0.00,0.0,6
1988-01-25,37,24,0.43,6.8,6
1988-01-26,31,15,0.18,3.8,17
1988-01-27,17,-9,T,T,14
1988-01-28,22,-15,T,T,13
1988-01-29,27,-11,0.00,0.0,12
1988-01-30,40,22,0.00,0.0,11
1988-01-31,56,34,0.00,0.0,9
1988-02-01,45,38,0.10,0.0,6
1988-02-02,46,18,0.07,T,3
1988-02-03,28,11,T,T,3
1988-02-04,27,13,0.65,7.8,8
1988-02-05,16,-10,0.00,0.0,10
1988-02-06,19,-17,0.00,0.0,10
1988-02-07,17,-8,0.00,0.0,9
1988-02-08,27,8,T,0.1,9
1988-02-09,29,-3,0.00,0.0,8
1988-02-10,30,6,T,T,8
1988-02-11,26,4,T,T,7
1988-02-12,28,24,0.83,12.6,9
1988-02-13,27,13,0.20,3.6,24
1988-02-14,30,6,T,T,22
1988-02-15,39,9,0.08,0.0,18
1988-02-16,37,23,0.00,0.0,15
1988-02-17,35,19,0.00,0.0,13
1988-02-18,41,18,0.00,0.0,13
1988-02-19,44,10,0.07,0.3,12
1988-02-20,43,31,0.37,1.1,12
1988-02-21,34,8,T,T,12
1988-02-22,39,1,0.00,0.0,12
1988-02-23,44,31,T,0.0,12
1988-02-24,32,14,0.00,0.0,10
1988-02-25,30,6,T,T,9
1988-02-26,32,-0,0.00,0.0,8
1988-02-27,34,4,0.00,0.0,8
1988-02-28,36,5,0.00,0.0,7
1988-02-29,38,9,0.00,0.0,7
1988-03-01,29,8,0.00,0.0,6
1988-03-02,42,-1,0.00,0.0,6
1988-03-03,39,28,T,T,5
1988-03-04,32,22,0.07,2.5,6
1988-03-05,33,6,0.00,0.0,7
1988-03-06,47,1,0.00,0.0,4
1988-03-07,46,23,0.00,0.0,3
1988-03-08,43,22,0.00,0.0,2
1988-03-09,47,27,0.13,0.0,1
1988-03-10,38,28,0.01,T,T
1988-03-11,35,17,0.00,0.0,T
1988-03-12,38,14,0.00,0.0,0
1988-03-13,40,27,0.12,T,0
1988-03-14,39,31,T,T,0
1988-03-15,35,29,T,T,0
1988-03-16,38,28,T,T,T
1988-03-17,47,24,0.00,0.0,0
1988-03-18,40,17,0.00,0.0,0
1988-03-19,40,19,T,0.1,T
1988-03-20,29,11,0.03,1.1,T
1988-03-21,19,2,T,T,0
1988-03-22,33,4,0.00,0.0,0
1988-03-23,46,9,0.00,0.0,0
1988-03-24,53,34,0.08,0.0,0
1988-03-25,45,34,0.05,0.0,0
1988-03-26,54,39,0.29,0.0,0
1988-03-27,49,30,0.10,0.0,0
1988-03-28,43,31,T,T,0
1988-03-29,56,23,0.00,0.0,0
1988-03-30,64,28,0.00,0.0,0
1988-03-31,58,30,0.00,0.0,0
1988-04-01,49,28,T,0.0,0
1988-04-02,67,37,0.00,0.0,0
1988-04-03,49,42,0.07,0.0,0
1988-04-04,62,47,T,0.0,0
1988-04-05,57,45,T,0.0,0
1988-04-06,53,33,0.00,0.0,0
1988-04-07,52,31,T,0.0,0
1988-04-08,51,42,T,0.0,0
1988-04-09,59,41,0.00,0.0,0
1988-04-10,54,40,0.00,0.0,0
1988-04-11,54,37,0.06,0.0,0
1988-04-12,58,34,0.00,0.0,0
1988-04-13,55,27,0.00,0.0,0
1988-04-14,58,26,0.00,0.0,0
1988-04-15,42,33,0.23,T,0
1988-04-16,43,33,0.04,T,T
1988-04-17,59,35,0.01,T,0
1988-04-18,60,36,0.03,0.0,0
1988-04-19,49,30,0.00,0.0,0
1988-04-20,44,27,T,T,0
1988-04-21,45,25,0.00,0.0,0
1988-04-22,47,28,0.00,0.0,0
1988-04-23,53,27,0.02,0.0,0
1988-04-24,44,39,0.14,0.0,0
1988-04-25,50,32,T,0.0,0
1988-04-26,65,27,0.00,0.0,0
1988-04-27,68,30,T,0.0,0
1988-04-28,55,45,1.28,0.0,0
1988-04-29,53,41,0.77,0.0,0
1988-04-30,51,40,0.01,0.0,0
1988-05-01,51,41,0.04,0.0,0
1988-05-02,51,41,0.11,0.0,0
1988-05-03,60,38,T,0.0,0
1988-05-04,68,35,0.00,0.0,0
1988-05-05,75,37,0.00,0.0,0
1988-05-06,73,52,0.02,0.0,0
1988-05-07,70,42,0.00,0.0,0
1988-05-08,73,34,0.00,0.0,0
1988-05-09,76,40,0.00,0.0,0
1988-05-10,56,48,0.02,0.0,0
1988-05-11,59,43,0.46,0.0,0
1988-05-12,73,41,0.00,0.0,0
1988-05-13,80,44,0.01,0.0,0
1988-05-14,69,37,0.00,0.0,0
1988-05-15,75,36,0.00,0.0,0
1988-05-16,74,47,0.20,0.0,0
1988-05-17,73,55,0.00,0.0,0
1988-05-18,60,52,0.07,0.0,0
1988-05-19,59,55,0.13,0.0,0
1988-05-20,67,56,0.09,0.0,0
1988-05-21,74,59,0.00,0.0,0
1988-05-22,72,55,0.00,0.0,0
1988-05-23,83,55,0.00,0.0,0
1988-05-24,71,54,T,0.0,0
1988-05-25,54,46,0.97,0.0,0
1988-05-26,64,40,0.02,0.0,0
1988-05-27,81,42,0.00,0.0,0
1988-05-28,86,52,0.00,0.0,0
1988-05-29,82,57,0.00,0.0,0
1988-05-30,60,53,0.32,0.0,0
1988-05-31,76,51,T,0.0,0
1988-06-01,73,45,0.00,0.0,0
1988-06-02,61,42,0.00,0.0,0
1988-06-03,62,44,0.00,0.0,0
1988-06-04,67,47,0.00,0.0,0
1988-06-05,78,46,T,0.0,0
1988-06-06,72,50,0.00,0.0,0
1988-06-07,69,42,0.00,0.0,0
1988-06-08,67,36,0.00,0.0,0
1988-06-09,65,41,0.00,0.0,0
1988-06-10,63,36,0.00,0.0,0
1988-06-11,75,38,0.00,0.0,0
1988-06-12,88,46,0.00,0.0,0
1988-06-13,93,57,0.00,0.0,0
1988-06-14,93,56,0.00,0.0,0
1988-06-15,95,60,0.00,0.0,0
1988-06-16,87,61,T,0.0,0
1988-06-17,78,56,0.04,0.0,0
1988-06-18,83,55,T,0.0,0
1988-06-19,88,51,0.00,0.0,0
1988-06-20,90,59,0.00,0.0,0
1988-06-21,87,61,0.00,0.0,0
1988-06-22,81,55,0.42,0.0,0
1988-06-23,70,48,0.28,0.0,0
1988-06-24,71,43,0.00,0.0,0
1988-06-25,67,55,T,0.0,0
1988-06-26,71,55,T,0.0,0
1988-06-27,77,49,0.00,0.0,0
1988-06-28,79,47,0.14,0.0,0
1988-06-29,71,44,0.00,0.0,0
1988-06-30,59,46,0.19,0.0,0
1988-07-01,61,46,0.04,0.0,0
1988-07-02,71,51,T,0.0,0
1988-07-03,80,49,0.00,0.0,0
1988-07-04,84,50,0.00,0.0,0
1988-07-05,90,55,0.00,0.0,0
1988-07-06,91,61,0.00,0.0,0
1988-07-07,93,62,0.00,0.0,0
1988-07-08,96,63,0.00,0.0,0
1988-07-09,96,67,0.00,0.0,0
1988-07-10,97,69,0.00,0.0,0
1988-07-11,90,65,T,0.0,0
1988-07-12,88,65,0.03,0.0,0
1988-07-13,85,57,0.00,0.0,0
1988-07-14,89,54,0.53,0.0,0
1988-07-15,79,61,0.00,0.0,0
1988-07-16,92,55,T,0.0,0
1988-07-17,80,69,1.24,0.0,0
1988-07-18,88,65,0.00,0.0,0
1988-07-19,70,66,0.13,0.0,0
1988-07-20,85,65,0.06,0.0,0
1988-07-21,67,61,2.98,0.0,0
1988-07-22,77,61,0.01,0.0,0
1988-07-23,83,62,T,0.0,0
1988-07-24,79,64,0.14,0.0,0
1988-07-25,81,65,0.10,0.0,0
1988-07-26,83,62,T,0.0,0
1988-07-27,86,65,T,0.0,0
1988-07-28,78,64,0.16,0.0,0
1988-07-29,88,63,T,0.0,0
1988-07-30,94,63,0.00,0.0,0
1988-07-31,86,68,0.06,0.0,0
1988-08-01,87,65,0.00,0.0,0
1988-08-02,91,62,0.00,0.0,0
1988-08-03,96,68,0.00,0.0,0
1988-08-04,94,74,0.00,0.0,0
1988-08-05,93,72,T,0.0,0
1988-08-06,90,70,0.16,0.0,0
1988-08-07,85,67,0.14,0.0,0
1988-08-08,85,66,0.15,0.0,0
1988-08-09,89,64,0.00,0.0,0
1988-08-10,89,69,0.00,0.0,0
1988-08-11,91,69,0.00,0.0,0
1988-08-12,91,67,0.11,0.0,0
1988-08-13,93,66,0.20,0.0,0
1988-08-14,92,69,0.33,0.0,0
1988-08-15,85,71,0.10,0.0,0
1988-08-16,93,60,0.02,0.0,0
1988-08-17,80,56,0.11,0.0,0
1988-08-18,72,49,0.00,0.0,0
1988-08-19,76,45,0.00,0.0,0
1988-08-20,79,47,0.01,0.0,0
1988-08-21,69,46,0.05,0.0,0
1988-08-22,64,39,0.00,0.0,0
1988-08-23,71,43,0.00,0.0,0
1988-08-24,57,54,0.71,0.0,0
1988-08-25,69,54,0.00,0.0,0
1988-08-26,79,55,0.01,0.0,0
1988-08-27,81,54,0.00,0.0,0
1988-08-28,83,66,1.42,0.0,0
1988-08-29,69,62,2.00,0.0,0
1988-08-30,71,53,T,0.0,0
1988-08-31,72,51,0.04,0.0,0
1988-09-01,76,53,0.00,0.0,0
1988-09-02,84,51,0.00,0.0,0
1988-09-03,81,54,0.00,0.0,0
1988-09-04,63,59,0.95,0.0,0
1988-09-05,72,46,T,0.0,0
1988-09-06,63,40,0.00,0.0,0
1988-09-07,68,40,0.00,0.0,0
1988-09-08,79,44,0.00,0.0,0
1988-09-09,78,45,0.00,0.0,0
1988-09-10,77,53,0.00,0.0,0
1988-09-11,66,45,0.00,0.0,0
1988-09-12,71,41,0.00,0.0,0
1988-09-13,73,49,0.14,0.0,0
1988-09-14,68,41,0.19,0.0,0
1988-09-15,58,37,0.00,0.0,0
1988-09-16,67,35,0.00,0.0,0
1988-09-17,60,44,0.06,0.0,0
1988-09-18,73,57,0.35,0.0,0
1988-09-19,79,56,0.00,0.0,0
1988-09-20,73,58,0.07,0.0,0
1988-09-21,69,57,0.04,0.0,0
1988-09-22,66,49,0.00,0.0,0
1988-09-23,66,49,0.09,0.0,0
1988-09-24,69,43,0.00,0.0,0
1988-09-25,68,42,0.00,0.0,0
1988-09-26,66,41,0.00,0.0,0
1988-09-27,71,37,0.00,0.0,0
1988-09-28,62,35,0.00,0.0,0
1988-09-29,61,32,0.00,0.0,0
1988-09-30,71,37,0.00,0.0,0
1988-10-01,79,48,0.00,0.0,0
1988-10-02,76,59,T,0.0,0
1988-10-03,63,49,0.00,0.0,0
1988-10-04,57,47,T,0.0,0
1988-10-05,50,41,0.07,0.0,0
1988-10-06,50,29,0.00,0.0,0
1988-10-07,50,28,0.00,0.0,0
1988-10-08,41,36,0.01,T,0
1988-10-09,47,32,0.00,0.0,0
1988-10-10,62,37,0.02,0.0,0
1988-10-11,54,40,0.26,0.0,0
1988-10-12,50,33,T,T,0
1988-10-13,42,31,0.01,T,0
1988-10-14,54,27,T,0.0,0
1988-10-15,61,40,0.00,0.0,0
1988-10-16,59,47,0.01,0.0,0
1988-10-17,62,47,0.00,0.0,0
1988-10-18,64,46,0.15,0.0,0
1988-10-19,51,28,0.00,0.0,0
1988-10-20,46,24,0.00,0.0,0
1988-10-21,50,21,0.01,T,0
1988-10-22,47,40,0.60,T,0
1988-10-23,44,38,0.01,0.0,0
1988-10-24,53,34,0.14,0.0,0
1988-10-25,47,32,0.00,0.0,0
1988-10-26,51,28,0.00,0.0,0
1988-10-27,54,27,0.00,0.0,0
1988-10-28,50,23,0.09,0.0,0
1988-10-29,45,36,T,0.0,0
1988-10-30,42,26,T,T,0
1988-10-31,46,19,0.00,0.0,0
1988-11-01,40,22,1.23,T,0
1988-11-02,41,35,0.70,0.0,0
1988-11-03,46,25,0.00,0.0,0
1988-11-04,52,24,0.00,0.0,0
1988-11-05,60,36,0.17,0.0,0
1988-11-06,63,41,0.06,0.0,0
1988-11-07,47,32,0.07,0.0,0
1988-11-08,50,27,0.07,0.0,0
1988-11-09,49,35,T,0.0,0
1988-11-10,52,34,0.03,0.0,0
1988-11-11,49,34,0.00,0.0,0
1988-11-12,41,23,0.00,0.0,0
1988-11-13,40,24,0.51,0.0,0
1988-11-14,53,33,0.00,0.0,0
1988-11-15,50,27,0.00,0.0,0
1988-11-16,47,24,0.03,0.0,0
1988-11-17,56,41,0.15,0.0,0
1988-11-18,45,27,T,0.0,0
1988-11-19,36,22,0.00,0.0,0
1988-11-20,40,30,0.59,0.0,0
1988-11-21,38,32,0.08,T,0
1988-11-22,41,21,0.00,0.0,0
1988-11-23,37,20,0.00,0.0,0
1988-11-24,33,23,T,T,0
1988-11-25,41,22,0.00,0.0,0
1988-11-26,46,17,0.00,0.0,0
1988-11-27,55,26,T,0.0,0
1988-11-28,48,36,0.48,T,0
1988-11-29,41,27,0.01,T,0
1988-11-30,45,27,0.00,0.0,0
1988-12-01,44,26,T,T,0
1988-12-02,36,24,T,T,0
1988-12-03,51,32,T,0.0,0
1988-12-04,41,19,T,T,0
1988-12-05,22,9,0.01,T,0
1988-12-06,32,10,0.00,0.0,0
1988-12-07,49,19,0.00,0.0,0
1988-12-08,36,21,T,T,0
1988-12-09,29,13,T,T,0
1988-12-10,21,7,0.02,0.6,M
1988-12-11,11,-8,0.01,M,M
1988-12-12,12,-12,0.00,0.0,T
1988-12-13,22,-4,0.04,1.0,T
1988-12-14,35,22,0.07,1.0,2
1988-12-15,41,14,T,0.1,2
1988-12-16,16,-1,0.00,0.0,1
1988-12-17,17,-1,0.00,0.0,1
1988-12-18,23,-4,T,T,T
1988-12-19,29,1,0.00,0.0,T
1988-12-20,44,11,T,T,T
1988-12-21,51,29,0.00,0.0,0
1988-12-22,29,11,0.00,0.0,0
1988-12-23,26,10,0.09,0.7,0
1988-12-24,33,26,0.48,0.5,1
1988-12-25,41,26,T,T,1
1988-12-26,26,10,T,T,T
1988-12-27,28,7,0.01,0.1,T
1988-12-28,37,28,0.24,T,T
1988-12-29,31,17,T,T,T
1988-12-30,30,13,T,T,T
1988-12-31,33,13,T,T,T
1989-01-01,26,8,T,T,T
1989-01-02,32,19,T,T,T
1989-01-03,31,11,0.01,0.2,T
1989-01-04,11,-4,0.00,0.0,T
1989-01-05,16,-5,0.00,0.0,T
1989-01-06,13,-5,0.00,0.0,T
1989-01-07,25,8,0.01,T,T
1989-01-08,44,25,0.14,T,T
1989-01-09,35,21,0.00,0.0,T
1989-01-10,31,14,0.00,0.0,T
1989-01-11,30,11,T,T,T
1989-01-12,30,7,0.04,T,0
1989-01-13,36,14,T,T,T
1989-01-14,43,8,T,T,0
1989-01-15,47,31,0.12,T,T
1989-01-16,34,22,0.01,T,0
1989-01-17,35,17,T,T,T
1989-01-18,38,24,T,T,T
1989-01-19,39,29,0.11,1.3,1
1989-01-20,36,20,0.03,T,1
1989-01-21,20,1,T,T,T
1989-01-22,36,-0,0.00,0.0,T
1989-01-23,41,10,0.00,0.0,T
1989-01-24,43,14,0.00,0.0,T
1989-01-25,34,10,0.00,0.0,T
1989-01-26,37,10,0.17,1.5,1
1989-01-27,35,21,T,T,2
1989-01-28,40,10,0.00,0.0,2
1989-01-29,47,25,T,T,2
1989-01-30,42,28,0.01,T,1
1989-01-31,42,27,0.00,0.0,T
1989-02-01,59,32,0.00,0.0,0
1989-02-02,32,21,0.08,T,0
1989-02-03,26,8,0.29,0.4,M
1989-02-04,12,6,0.00,M,M
1989-02-05,23,4,T,T,3
1989-02-06,31,13,0.09,1.9,3
1989-02-07,30,9,0.04,1.5,6
1989-02-08,28,-1,T,T,6
1989-02-09,20,2,0.01,0.2,6
1989-02-10,25,-1,0.00,0.0,5
1989-02-11,31,15,T,T,4
1989-02-12,34,12,0.02,0.5,4
1989-02-13,31,1,0.06,4.0,4
1989-02-14,43,28,0.16,0.7,5
1989-02-15,34,25,0.15,0.5,4
1989-02-16,32,4,T,T,4
1989-02-17,17,-8,0.00,0.0,4
1989-02-18,22,-8,0.00,0.0,4
1989-02-19,31,-1,T,T,4
1989-02-20,43,11,0.00,0.0,4
1989-02-21,44,31,0.84,2.9,5
1989-02-22,40,31,0.15,T,3
1989-02-23,33,12,T,T,3
1989-02-24,22,6,0.00,0.0,2
1989-02-25,25,9,0.00,0.0,2
1989-02-26,27,2,T,T,2
1989-02-27,33,15,0.01,T,2
1989-02-28,38,8,0.00,0.0,1
1989-03-01,33,18,T,T,1
1989-03-02,27,14,T,T,1
1989-03-03,30,16,T,T,T
1989-03-04,30,17,0.04,T,T
1989-03-05,35,25,0.12,T,T
1989-03-06,25,7,T,T,T
1989-03-07,14,-9,0.00,0.0,T
1989-03-08,29,-3,0.00,0.0,T
1989-03-09,38,3,0.00,0.0,T
1989-03-10,44,14,0.00,0.0,T
1989-03-11,41,15,0.00,0.0,T
1989-03-12,35,15,T,T,T
1989-03-13,37,6,0.00,0.0,0
1989-03-14,55,26,0.00,0.0,0
1989-03-15,60,40,T,0.0,0
1989-03-16,46,34,0.00,0.0,0
1989-03-17,41,31,T,T,0
1989-03-18,38,25,0.25,T,0
1989-03-19,33,18,0.00,0.0,0
1989-03-20,41,13,0.01,0.7,1
1989-03-21,38,24,0.30,4.6,5
1989-03-22,36,12,0.00,0.0,1
1989-03-23,46,11,0.00,0.0,T
1989-03-24,42,22,0.40,0.2,M
1989-03-25,51,30,0.02,M,M
1989-03-26,55,28,T,T,T
1989-03-27,69,27,0.00,0.0,0
1989-03-28,68,39,0.03,0.0,0
1989-03-29,64,36,0.01,0.0,0
1989-03-30,38,31,0.75,0.2,0
1989-03-31,35,30,0.33,T,1
1989-04-01,39,32,0.01,T,1
1989-04-02,52,24,0.00,0.0,1
1989-04-03,40,33,0.21,0.0,0
1989-04-04,43,37,0.32,0.0,0
1989-04-05,67,39,0.24,0.0,0
1989-04-06,50,36,0.76,0.0,0
1989-04-07,47,33,0.02,0.0,0
1989-04-08,47,27,0.01,T,T
1989-04-09,51,22,0.01,T,0
1989-04-10,43,24,T,T,0
1989-04-11,43,19,0.00,0.0,0
1989-04-12,48,19,0.00,0.0,0
1989-04-13,51,25,0.04,T,0
1989-04-14,51,30,T,T,0
1989-04-15,50,27,0.17,0.0,0
1989-04-16,43,36,0.62,0.0,0
1989-04-17,67,34,0.00,0.0,0
1989-04-18,64,42,0.03,0.0,0
1989-04-19,53,31,T,0.0,0
1989-04-20,55,26,T,T,0
1989-04-21,59,25,0.00,0.0,0
1989-04-22,38,29,T,T,0
1989-04-23,42,27,T,T,0
1989-04-24,53,29,T,T,0
1989-04-25,56,25,0.00,0.0,0
1989-04-26,63,29,0.00,0.0,0
1989-04-27,56,28,T,0.0,0
1989-04-28,53,29,0.00,0.0,0
1989-04-29,54,25,T,0.0,0
1989-04-30,71,44,T,0.0,0
1989-05-01,70,44,0.22,0.0,0
1989-05-02,53,49,1.28,0.0,0
1989-05-03,54,43,T,0.0,0
1989-05-04,68,34,0.00,0.0,0
1989-05-05,63,34,0.18,0.0,0
1989-05-06,71,49,0.87,0.0,0
1989-05-07,67,44,T,0.0,0
1989-05-08,49,36,T,0.0,0
1989-05-09,60,34,0.00,0.0,0
1989-05-10,64,39,0.20,0.0,0
1989-05-11,53,45,0.48,0.0,0
1989-05-12,67,52,0.17,0.0,0
1989-05-13,65,52,T,0.0,0
1989-05-14,71,51,0.00,0.0,0
1989-05-15,73,47,0.00,0.0,0
1989-05-16,75,46,0.00,0.0,0
1989-05-17,82,44,0.00,0.0,0
1989-05-18,89,47,0.00,0.0,0
1989-05-19,89,49,0.00,0.0,0
1989-05-20,89,51,0.00,0.0,0
1989-05-21,78,50,0.01,0.0,0
1989-05-22,71,48,0.00,0.0,0
1989-05-23,76,42,0.00,0.0,0
1989-05-24,60,55,0.29,0.0,0
1989-05-25,80,55,0.05,0.0,0
1989-05-26,79,59,0.65,0.0,0
1989-05-27,68,52,0.02,0.0,0
1989-05-28,65,43,0.00,0.0,0
1989-05-29,77,41,0.00,0.0,0
1989-05-30,72,49,T,0.0,0
1989-05-31,75,60,0.04,0.0,0
1989-06-01,85,61,0.08,0.0,0
1989-06-02,78,61,0.02,0.0,0
1989-06-03,83,54,0.00,0.0,0
1989-06-04,74,55,0.35,0.0,0
1989-06-05,76,47,0.00,0.0,0
1989-06-06,62,56,0.75,0.0,0
1989-06-07,71,57,0.13,0.0,0
1989-06-08,67,57,0.51,0.0,0
1989-06-09,63,52,0.26,0.0,0
1989-06-10,66,51,0.58,0.0,0
1989-06-11,70,52,0.00,0.0,0
1989-06-12,77,45,0.00,0.0,0
1989-06-13,57,49,0.23,0.0,0
1989-06-14,73,51,0.03,0.0,0
1989-06-15,56,51,0.64,0.0,0
1989-06-16,61,50,0.40,0.0,0
1989-06-17,79,58,T,0.0,0
1989-06-18,75,57,0.03,0.0,0
1989-06-19,80,55,0.00,0.0,0
1989-06-20,83,53,0.00,0.0,0
1989-06-21,83,61,0.00,0.0,0
1989-06-22,90,65,0.00,0.0,0
1989-06-23,88,61,0.65,0.0,0
1989-06-24,77,58,T,0.0,0
1989-06-25,85,57,0.00,0.0,0
1989-06-26,87,59,0.00,0.0,0
1989-06-27,91,62,T,0.0,0
1989-06-28,79,61,0.26,0.0,0
1989-06-29,71,50,0.00,0.0,0
1989-06-30,79,45,0.00,0.0,0
1989-07-01,76,52,0.00,0.0,0
1989-07-02,87,56,0.00,0.0,0
1989-07-03,82,63,0.00,0.0,0
1989-07-04,78,64,0.00,0.0,0
1989-07-05,69,65,0.15,0.0,0
1989-07-06,84,65,0.00,0.0,0
1989-07-07,83,64,0.13,0.0,0
1989-07-08,77,56,0.00,0.0,0
1989-07-09,80,52,0.00,0.0,0
1989-07-10,76,55,1.03,0.0,0
1989-07-11,79,55,0.03,0.0,0
1989-07-12,82,50,0.00,0.0,0
1989-07-13,80,50,T,0.0,0
1989-07-14,76,57,0.18,0.0,0
1989-07-15,78,55,0.00,0.0,0
1998-05-11,62,48,0.01,M,M
1998-05-12,66,37,0.00,M,M
1998-05-13,73,32,0.00,M,M
1998-05-14,80,34,0.00,M,M
1998-05-15,86,40,0.00,M,M
1998-05-16,85,47,0.00,M,M
1998-05-17,71,48,0.16,M,M
1998-05-18,80,46,0.00,M,M
1998-05-19,76,44,0.00,M,M
1998-05-20,83,41,0.00,M,M
1998-05-21,77,46,0.11,M,M
1998-05-22,61,44,T,M,M
1998-05-23,72,36,0.00,M,M
1998-05-24,78,42,0.00,M,M
1998-05-25,77,40,0.00,M,M
1998-05-26,76,42,0.00,M,M
1998-05-27,75,35,0.00,M,M
1998-05-28,84,43,0.00,M,M
1998-05-29,88,54,0.04,M,M
1998-05-30,78,49,0.00,M,M
1998-05-31,68,48,0.49,M,M
1998-06-01,66,39,0.00,M,M
1998-06-02,72,36,0.19,M,M
1998-06-03,60,39,T,M,M
1998-06-04,61,38,T,M,M
1998-06-05,68,40,0.00,M,M
1998-06-06,64,42,0.00,M,M
1998-06-07,61,49,0.63,M,M
1998-06-08,63,49,0.14,M,M
1998-06-09,76,48,0.00,M,M
1998-06-10,82,45,0.00,M,M
1998-06-11,77,50,0.00,M,M
1998-06-12,61,53,0.47,M,M
1998-06-13,64,59,0.84,M,M
1998-06-14,68,61,0.61,M,M
1998-06-15,75,61,0.56,M,M
1998-06-16,68,59,1.43,M,M
1998-06-17,75,62,0.30,M,M
1998-06-18,78,61,0.76,M,M
1998-06-19,81,61,0.10,M,M
1998-06-20,80,59,0.06,M,M
1998-06-21,86,60,0.01,M,M
1998-06-22,83,62,0.06,M,M
1998-06-23,83,66,0.00,M,M
1998-06-24,88,66,T,M,M
1998-06-25,85,63,0.71,M,M
1998-06-26,84,64,1.02,M,M
1998-06-27,72,60,0.49,M,M
1998-06-28,79,55,0.00,M,M
1998-06-29,74,55,0.00,M,M
1998-06-30,76,61,0.00,M,M
1998-07-01,69,60,0.30,M,M
1998-07-02,81,53,0.00,M,M
1998-07-03,84,52,0.00,M,M
1998-07-04,82,52,0.48,M,M
1998-07-05,76,53,0.37,M,M
1998-07-06,78,51,0.00,M,M
1998-07-07,72,59,0.01,M,M
1998-07-08,74,60,0.07,M,M
1998-07-09,79,59,0.07,M,M
1998-07-10,75,52,0.10,M,M
1998-07-11,73,52,T,M,M
1998-07-12,81,50,0.00,M,M
1998-07-13,81,51,0.01,M,M
1998-07-14,88,57,0.00,M,M
1998-07-15,90,59,0.00,M,M
1998-07-16,89,66,0.00,M,M
1998-07-17,86,65,0.22,M,M
1998-07-18,82,55,0.00,M,M
1998-07-19,84,52,0.00,M,M
1998-07-20,86,64,0.21,M,M
1998-07-21,88,62,0.00,M,M
1998-07-22,90,65,T,M,M
1998-07-23,78,62,0.76,M,M
1998-07-24,74,52,0.01,M,M
1998-07-25,76,49,0.00,M,M
1998-07-26,77,48,0.00,M,M
1998-07-27,82,52,0.01,M,M
1998-07-28,83,65,0.00,M,M
1998-07-29,81,58,0.06,M,M
1998-07-30,75,54,0.03,M,M
1998-07-31,77,50,0.01,M,M
1998-08-01,81,45,0.00,M,M
1998-08-02,81,49,0.00,M,M
1998-08-03,85,50,0.00,M,M
1998-08-04,86,55,0.00,M,M
1998-08-05,87,61,0.00,M,M
1998-08-06,80,60,0.16,M,M
1998-08-07,75,63,T,M,M
1998-08-08,86,60,0.00,M,M
1998-08-09,87,56,0.00,M,M
1998-08-10,83,65,0.49,M,M
1998-08-11,83,65,0.46,M,M
1998-08-12,76,50,0.34,M,M
1998-08-13,76,49,0.00,M,M
1998-08-14,81,50,0.01,M,M
1998-08-15,80,61,T,M,M
1998-08-16,85,62,0.00,M,M
1998-08-17,78,63,T,M,M
1998-08-18,80,54,T,M,M
1998-08-19,72,43,0.00,M,M
1998-08-20,77,42,T,M,M
1998-08-21,76,54,0.02,M,M
1998-08-22,81,55,0.01,M,M
1998-08-23,70,60,0.24,M,M
1998-08-24,85,59,0.51,M,M
1998-08-25,81,58,0.07,M,M
1998-08-26,86,59,0.00,M,M
1998-08-27,85,57,0.00,M,M
1998-08-28,85,56,0.01,M,M
1998-08-29,74,56,T,M,M
1998-08-30,79,54,0.02,M,M
1998-08-31,78,52,0.00,M,M
1998-09-01,76,48,0.00,M,M
1998-09-02,70,53,0.22,M,M
1998-09-03,74,49,T,M,M
1998-09-04,78,50,0.00,M,M
1998-09-05,72,47,0.00,M,M
1998-09-06,85,47,0.00,M,M
1998-09-07,73,59,0.19,M,M
1998-09-08,67,48,0.00,M,M
1998-09-09,59,46,0.12,M,M
1998-09-10,66,43,0.01,M,M
1998-09-11,76,42,0.00,M,M
1998-09-12,77,49,0.00,M,M
1998-09-13,73,51,0.00,M,M
1998-09-14,79,49,0.00,M,M
1998-09-15,71,63,1.12,M,M
1998-09-16,73,44,T,M,M
1998-09-17,76,44,0.00,M,M
1998-09-18,70,45,0.00,M,M
1998-09-19,76,51,0.00,M,M
1998-09-20,81,53,0.00,M,M
1998-09-21,81,60,0.00,M,M
1998-09-22,65,52,0.08,M,M
1998-09-23,58,33,0.03,M,M
1998-09-24,60,31,0.00,M,M
1998-09-25,65,37,0.00,M,M
1998-09-26,75,50,0.19,M,M
1998-09-27,81,62,0.04,M,M
1998-09-28,70,41,0.03,M,M
1998-09-29,68,36,0.00,M,M
1998-09-30,67,46,T,M,M
1998-10-01,67,34,0.07,M,M
1998-10-02,58,30,0.00,M,M
1998-10-03,57,32,0.00,M,M
1998-10-04,63,28,0.00,M,M
1998-10-05,62,29,0.00,M,M
1998-10-06,57,24,0.00,M,M
1998-10-07,54,28,0.00,M,M
1998-10-08,60,53,0.23,M,M
1998-10-09,58,53,0.04,M,M
1998-10-10,60,53,0.79,M,M
1998-10-11,64,55,0.17,M,M
1998-10-12,56,50,0.00,M,M
1998-10-13,54,50,0.00,M,M
1998-10-14,54,46,0.94,M,M
1998-10-15,53,46,0.03,M,M
1998-10-16,57,33,0.00,M,M
1998-10-17,62,31,T,M,M
1998-10-18,76,42,0.00,M,M
1998-10-19,66,44,T,M,M
1998-10-20,59,36,T,M,M
1998-10-21,52,31,0.00,M,M
1998-10-22,46,35,T,M,M
1998-10-23,58,28,0.00,M,M
1998-10-24,70,32,0.00,M,M
1998-10-25,62,32,0.00,M,M
1998-10-26,55,25,0.00,M,M
1998-10-27,54,27,0.00,M,M
1998-10-28,54,34,0.20,M,M
1998-10-29,48,41,T,M,M
1998-10-30,49,40,0.00,M,M
1998-10-31,49,43,0.00,M,M
1998-11-01,48,42,T,M,M
1998-11-02,45,40,T,M,M
1998-11-03,41,36,0.00,M,M
1998-11-04,41,34,0.00,M,M
1998-11-05,46,27,0.00,M,M
1998-11-06,41,23,0.00,M,M
1998-11-07,45,33,0.00,M,M
1998-11-08,47,22,0.00,M,M
1998-11-09,39,21,0.00,M,M
1998-11-10,42,19,0.01,M,M
1998-11-11,58,40,0.67,M,M
1998-11-12,48,39,T,M,M
1998-11-13,43,22,0.01,M,M
1998-11-14,43,21,0.04,M,M
1998-11-15,52,29,0.13,M,M
1998-11-16,43,31,T,M,M
1998-11-17,34,31,0.30,M,M
1998-11-18,39,23,0.00,M,M
1998-11-19,41,21,0.07,M,M
1998-11-20,45,36,0.19,M,M
1998-11-21,43,33,0.02,M,M
1998-11-22,42,23,0.00,M,M
1998-11-23,56,29,0.00,M,M
1998-11-24,56,32,0.07,M,M
1998-11-25,43,28,0.00,M,M
1998-11-26,42,34,1.32,M,M
1998-11-27,41,35,T,M,M
1998-11-28,47,28,0.00,M,M
1998-11-29,44,24,0.00,M,M
1998-11-30,47,35,T,M,M
1998-12-01,53,30,0.01,M,M
1998-12-02,60,24,0.00,M,M
1998-12-03,46,32,T,M,M
1998-12-04,64,33,0.00,M,M
1998-12-05,42,23,T,M,M
1998-12-06,54,38,0.03,M,M
1998-12-07,69,34,0.00,M,M
1998-12-08,35,22,0.18,M,M
1998-12-09,41,21,0.00,M,M
1998-12-10,44,18,0.00,M,M
1998-12-11,37,21,0.01,M,M
1998-12-12,43,15,0.00,M,M
1998-12-13,45,17,0.00,M,M
1998-12-14,35,19,0.00,M,M
1998-12-15,52,16,0.00,M,M
1998-12-16,42,22,0.00,M,M
1998-12-17,34,28,0.30,M,M
1998-12-18,28,8,T,M,M
1998-12-19,35,15,0.05,M,M
1998-12-20,37,23,0.00,M,M
1998-12-21,42,27,0.11,M,M
1998-12-22,49,15,0.31,M,M
1998-12-23,21,6,0.00,M,M
1998-12-24,29,9,0.00,M,M
1998-12-25,30,9,0.00,M,M
1998-12-26,29,6,0.00,M,M
1998-12-27,33,8,0.00,M,M
1998-12-28,38,20,0.00,M,M
1998-12-29,29,14,T,M,M
1998-12-30,33,-3,T,M,M
1998-12-31,12,-10,T,M,M
1999-01-01,20,-10,T,M,M
1999-01-02,9,-17,0.00,M,M
1999-01-03,32,6,T,M,M
1999-01-04,34,16,M,M,M
1999-01-05,21,-0,M,M,M
1999-01-06,23,-7,M,M,M
1999-01-07,26,-2,T,M,M
1999-01-08,20,-9,0.26,M,M
1999-01-09,37,17,0.51,M,M
1999-01-10,20,-2,0.00,M,M
1999-01-11,19,1,T,M,M
1999-01-12,28,10,0.06,M,M
1999-01-13,25,-6,0.35,M,M
1999-01-14,4,-11,0.14,M,M
1999-01-15,34,3,0.91,M,M
1999-01-16,28,9,0.00,M,M
1999-01-17,44,17,0.00,M,M
1999-01-18,48,16,0.82,M,M
1999-01-19,39,30,0.01,M,M
1999-01-20,37,22,0.00,M,M
1999-01-21,40,16,0.00,M,M
1999-01-22,38,31,0.20,M,M
1999-01-23,35,33,0.07,M,M
1999-01-24,52,33,0.34,M,M
1999-01-25,37,17,0.00,M,M
1999-01-26,34,8,0.00,M,M
1999-01-27,34,16,0.12,M,M
1999-01-28,28,16,0.18,M,M
1999-01-29,26,-0,0.05,M,M
1999-01-30,21,-8,T,M,M
1999-01-31,23,-16,0.00,M,M
1999-02-01,33,-9,0.00,M,M
1999-02-02,38,10,0.55,M,M
1999-02-03,46,21,0.03,M,M
1999-02-04,39,17,0.07,M,M
1999-02-05,36,15,T,M,M
1999-02-06,23,9,0.07,M,M
1999-02-07,32,10,T,M,M
1999-02-08,33,-0,0.00,M,M
1999-02-09,40,7,0.00,M,M
1999-02-10,38,22,T,M,M
1999-02-11,41,15,0.00,M,M
1999-02-12,51,28,0.16,M,M
1999-02-13,35,16,0.04,M,M
1999-02-14,21,6,0.00,M,M
1999-02-15,36,2,0.00,M,M
1999-02-16,43,11,0.00,M,M
1999-02-17,37,21,0.02,M,M
1999-02-18,35,32,0.14,M,M
1999-02-19,35,21,0.00,M,M
1999-02-20,33,22,0.00,M,M
1999-02-21,28,11,T,M,M
1999-02-22,15,-0,0.00,M,M
1999-02-23,22,-7,0.00,M,M
1999-02-24,31,-0,0.00,M,M
1999-02-25,27,8,T,M,M
1999-02-26,38,25,0.00,M,M
1999-02-27,41,16,0.00,M,M
1999-02-28,39,13,0.50,M,M
1999-03-01,42,34,0.37,M,M
1999-03-02,36,24,0.00,M,M
1999-03-03,44,20,0.33,M,M
1999-03-04,52,24,0.63,M,M
1999-03-05,32,18,0.00,M,M
1999-03-06,21,15,0.46,M,M
1999-03-07,21,8,0.08,M,M
1999-03-08,23,2,T,M,M
1999-03-09,32,-5,T,M,M
1999-03-10,32,-1,T,M,M
1999-03-11,27,19,0.07,M,M
1999-03-12,30,20,0.04,M,M
1999-03-13,40,23,0.01,M,M
1999-03-14,42,19,0.01,M,M
1999-03-15,34,29,0.20,M,M
1999-03-16,44,26,T,M,M
1999-03-17,54,30,0.00,M,M
1999-03-18,53,31,0.00,M,M
1999-03-19,38,31,0.00,M,M
1999-03-20,40,22,0.00,M,M
1999-03-21,44,18,0.06,M,M
1999-03-22,51,33,0.79,M,M
1999-03-23,44,25,0.00,M,M
1999-03-24,45,22,T,M,M
1999-03-25,39,24,0.00,M,M
1999-03-26,47,21,0.00,M,M
1999-03-27,56,21,0.00,M,M
1999-03-28,46,25,0.30,M,M
1999-03-29,61,36,T,M,M
1999-03-30,52,31,T,M,M
1999-03-31,67,25,0.00,M,M
1999-04-01,69,26,0.00,M,M
1999-04-02,54,44,T,M,M
1999-04-03,50,39,0.07,M,M
1999-04-04,45,30,0.03,M,M
1999-04-05,55,27,0.00,M,M
1999-04-06,66,24,0.03,M,M
1999-04-07,56,31,0.03,M,M
1999-04-08,63,30,T,M,0
1999-04-09,53,31,0.00,M,M
1999-04-10,45,25,0.00,M,M
1999-04-11,51,20,0.00,M,M
1999-04-12,51,23,0.00,M,M
1999-04-13,49,29,0.00,M,M
1999-04-14,48,36,0.00,M,M
1999-04-15,59,28,0.00,M,M
1999-04-16,56,25,0.24,M,M
1999-04-17,54,36,0.05,M,M
1999-04-18,59,31,T,M,M
1999-04-19,56,29,0.01,M,M
1999-04-20,56,34,T,M,M
1999-04-21,63,36,0.00,M,M
1999-04-22,62,38,0.00,M,0
1999-04-23,56,35,0.00,M,M
1999-04-24,52,28,0.00,M,M
1999-04-25,59,22,0.00,M,M
1999-04-26,64,39,T,M,M
1999-04-27,56,35,T,M,M
1999-04-28,61,29,0.00,M,M
1999-04-29,65,26,0.00,M,M
1999-04-30,70,30,0.00,M,M
1999-05-01,75,31,0.00,M,M
1999-05-02,76,34,0.00,M,M
1999-05-03,73,36,0.00,M,M
1999-05-04,66,50,0.57,M,M
1999-05-05,67,55,0.25,M,M
1999-05-06,70,55,T,M,M
1999-05-07,67,58,0.00,M,M
1999-05-08,64,57,0.33,M,M
1999-05-09,67,53,0.01,M,M
1999-05-10,60,35,0.00,M,M
1999-05-11,64,31,0.00,M,M
1999-05-12,63,27,0.00,M,M
1999-05-13,63,28,0.00,M,M
1999-05-14,74,30,0.00,M,M
1999-05-15,74,36,0.00,M,M
1999-05-16,77,38,0.00,M,M
1999-05-17,75,39,T,M,M
1999-05-18,77,44,T,M,M
1999-05-19,68,58,1.99,M,M
1999-05-20,64,41,0.04,M,M
1999-05-21,74,38,0.00,M,M
1999-05-22,79,42,0.00,M,M
1999-05-23,77,51,0.01,M,M
1999-05-24,62,53,0.32,M,M
1999-05-25,63,48,0.03,M,M
1999-05-26,63,44,0.05,M,M
1999-05-27,66,43,T,M,M
1999-05-28,76,39,0.00,M,M
1999-05-29,85,42,0.00,M,M
1999-05-30,89,45,0.00,M,M
1999-05-31,90,51,0.00,M,M
1999-06-01,85,59,0.12,M,M
1999-06-02,83,62,T,M,M
1999-06-03,77,58,0.02,M,M
1999-06-04,75,45,0.00,M,M
1999-06-05,78,41,0.00,M,M
1999-06-06,82,54,T,M,M
1999-06-07,94,62,0.00,M,M
1999-06-08,87,64,0.23,M,M
1999-06-09,65,55,0.01,M,M
1999-06-10,74,46,0.00,M,M
1999-06-11,82,42,0.00,M,M
1999-06-12,87,44,0.00,M,M
1999-06-13,84,50,0.01,M,M
1999-06-14,80,61,0.09,M,M
1999-06-15,75,46,0.06,M,M
1999-06-16,70,38,0.00,M,M
1999-06-17,72,45,0.08,M,M
1999-06-18,70,49,0.01,M,M
1999-06-19,77,44,0.00,M,M
1999-06-20,78,51,0.00,M,M
1999-06-21,82,50,T,M,M
1999-06-22,85,54,0.00,M,M
1999-06-23,87,53,0.00,M,M
1999-06-24,89,56,0.00,M,M
1999-06-25,76,53,T,M,M
1999-06-26,90,54,0.00,M,M
1999-06-27,92,55,0.00,M,M
1999-06-28,87,72,0.09,M,M
1999-06-29,85,67,0.11,M,M
1999-06-30,82,55,0.00,M,M
1999-07-01,77,61,0.06,M,M
1999-07-02,85,58,T,M,M
1999-07-03,88,52,T,M,M
1999-07-04,90,68,0.04,M,M
1999-07-05,96,70,0.06,M,M
1999-07-06,95,69,0.37,M,M
1999-07-07,83,60,0.02,M,M
1999-07-08,75,51,0.01,M,M
1999-07-09,73,50,0.02,M,M
1999-07-10,80,49,0.00,M,M
1999-07-11,75,44,0.00,M,M
1999-07-12,82,43,0.00,M,M
1999-07-13,78,53,0.00,M,M
1999-07-14,83,49,0.00,M,M
1999-07-15,89,50,0.00,M,M
1999-07-16,93,60,0.00,M,M
1999-07-17,95,62,0.00,M,M
1999-07-18,92,63,0.00,M,0
1999-07-19,77,62,0.00,M,0
1999-07-20,79,50,0.00,M,M
1999-07-21,83,44,0.00,M,M
1999-07-22,M,M,0.00,M,0
1999-07-23,87,60,0.00,M,M
1999-07-24,86,61,0.16,M,M
1999-07-25,85,64,0.21,M,M
1999-07-26,80,63,0.65,M,M
1999-07-27,89,64,0.19,M,M
1999-07-28,88,61,0.01,M,M
1999-07-29,76,58,0.05,M,M
1999-07-30,89,60,0.00,M,M
1999-07-31,92,62,0.04,M,M
1999-08-01,90,62,T,M,M
1999-08-02,79,53,0.00,M,M
1999-08-03,80,47,0.00,M,M
1999-08-04,80,51,0.03,M,M
1999-08-05,83,59,0.10,M,M
1999-08-06,80,53,0.01,M,M
1999-08-07,77,48,0.01,M,M
1999-08-08,69,53,0.44,M,M
1999-08-09,70,43,0.00,M,M
1999-08-10,73,40,T,M,M
1999-08-11,70,52,T,M,M
1999-08-12,83,58,0.00,M,M
1999-08-13,83,54,1.29,M,M
1999-08-14,87,64,0.08,M,M
1999-08-15,69,60,0.15,M,M
1999-08-16,82,59,0.00,M,M
1999-08-17,85,61,0.00,M,M
1999-08-18,79,54,T,M,M
1999-08-19,79,49,0.00,M,M
1999-08-20,78,48,0.00,M,M
1999-08-21,62,56,0.61,M,M
1999-08-22,71,53,0.03,M,M
1999-08-23,83,54,0.01,M,M
1999-08-24,85,53,0.01,M,M
1999-08-25,85,55,0.00,M,M
1999-08-26,78,54,0.01,M,M
1999-08-27,73,63,0.09,M,M
1999-08-28,85,64,0.00,M,M
1999-08-29,78,56,T,M,M
1999-08-30,73,45,0.00,M,M
1999-08-31,79,41,0.00,M,M
1999-09-01,87,44,0.00,M,M
1999-09-02,88,49,0.00,M,M
1999-09-03,92,52,0.00,M,M
1999-09-04,91,54,0.00,M,M
1999-09-05,83,60,0.00,M,M
1999-09-06,76,64,0.37,M,M
1999-09-07,82,67,0.02,M,M
1999-09-08,80,63,0.05,M,M
1999-09-09,82,63,0.01,M,M
1999-09-10,72,65,0.84,M,M
1999-09-11,75,49,0.01,M,M
1999-09-12,76,45,0.01,M,M
1999-09-13,78,49,0.00,M,M
1999-09-14,77,50,0.00,M,M
1999-09-15,76,61,0.28,M,M
1999-09-16,62,55,4.70,M,M
1999-09-17,56,51,0.82,M,M
1999-09-18,69,40,0.00,M,M
1999-09-19,70,38,0.00,M,M
1999-09-20,70,43,0.01,M,M
1999-09-21,62,49,0.49,M,M
1999-09-22,52,47,0.37,M,M
1999-09-23,70,39,0.00,M,M
1999-09-24,75,45,0.01,M,M
1999-09-25,67,40,0.02,M,M
1999-09-26,66,38,0.00,M,M
1999-09-27,71,42,0.01,M,M
1999-09-28,76,52,0.00,M,M
1999-09-29,71,60,0.01,M,M
1999-09-30,66,39,0.88,M,M
1999-10-01,67,37,0.00,M,M
1999-10-02,67,35,0.00,M,M
1999-10-03,65,38,0.00,M,M
1999-10-04,45,40,0.52,M,M
1999-10-05,45,38,T,M,M
1999-10-06,55,30,T,M,M
1999-10-07,47,26,0.00,M,M
1999-10-08,57,25,0.00,M,M
1999-10-09,70,42,0.06,M,M
1999-10-10,59,40,0.09,M,M
1999-10-11,63,33,0.07,M,M
1999-10-12,59,29,0.00,M,M
1999-10-13,65,34,0.00,M,M
1999-10-14,62,28,0.33,M,M
1999-10-15,57,25,0.00,M,M
1999-10-16,67,32,0.00,M,M
1999-10-17,71,47,0.00,M,M
1999-10-18,54,27,T,M,M
1999-10-19,50,23,0.00,M,M
1999-10-20,46,36,0.14,M,M
1999-10-21,55,29,0.00,M,M
1999-10-22,55,28,0.31,M,M
1999-10-23,49,43,0.76,M,M
1999-10-24,51,34,0.05,M,M
1999-10-25,45,28,0.00,M,M
1999-10-26,61,26,0.00,M,M
1999-10-27,48,23,0.00,M,M
1999-10-28,50,20,0.00,M,M
1999-10-29,62,27,0.00,M,M
1999-10-30,62,30,0.00,M,M
1999-10-31,66,46,0.00,M,M
1999-11-01,64,31,0.00,M,M
1999-11-02,65,33,0.37,M,M
1999-11-03,65,39,0.30,M,M
1999-11-04,44,31,0.00,M,M
1999-11-05,57,24,0.00,M,M
1999-11-06,55,32,0.00,M,M
1999-11-07,41,32,0.00,M,M
1999-11-08,39,21,0.00,M,0
1999-11-09,50,27,0.00,M,M
1999-11-10,66,38,0.07,M,M
1999-11-11,38,19,0.00,M,M
1999-11-12,39,16,0.06,M,M
1999-11-13,45,33,0.00,M,M
1999-11-14,48,31,0.13,M,M
1999-11-15,38,31,T,M,M
1999-11-16,34,29,T,M,M
1999-11-17,35,20,T,M,M
1999-11-18,44,20,0.00,M,M
1999-11-19,53,31,0.00,M,M
1999-11-20,62,32,0.11,M,M
1999-11-21,55,35,0.00,M,M
1999-11-22,63,36,0.00,M,M
1999-11-23,66,42,0.00,M,M
1999-11-24,68,46,0.02,M,M
1999-11-25,55,41,0.07,M,M
1999-11-26,57,41,0.64,M,M
1999-11-27,60,32,0.90,M,M
1999-11-28,44,32,0.01,M,M
1999-11-29,39,29,T,M,M
1999-11-30,31,19,T,M,M
1999-12-01,29,15,T,M,M
1999-12-02,38,12,0.00,M,M
1999-12-03,39,29,0.01,M,M
1999-12-04,39,32,0.16,M,M
1999-12-05,54,35,0.00,M,M
1999-12-06,52,46,0.05,M,M
1999-12-07,47,35,0.04,M,M
1999-12-08,41,22,0.00,M,M
1999-12-09,41,19,0.00,M,M
1999-12-10,47,21,0.09,M,M
1999-12-11,39,27,0.02,M,M
1999-12-12,35,28,T,M,M
1999-12-13,36,24,T,M,M
1999-12-14,38,33,T,M,M
1999-12-15,36,32,0.27,M,M
1999-12-16,43,33,0.07,M,M
1999-12-17,37,27,T,M,M
1999-12-18,30,12,T,M,M
1999-12-19,29,8,0.00,M,M
1999-12-20,37,9,0.64,M,M
1999-12-21,37,30,0.05,M,M
1999-12-22,32,19,0.00,M,M
1999-12-23,29,14,T,M,M
1999-12-24,21,7,T,M,M
1999-12-25,20,1,0.00,M,M
1999-12-26,31,17,0.00,M,M
1999-12-27,29,11,T,M,M
1999-12-28,20,-0,T,M,M
1999-12-29,33,11,T,M,M
1999-12-30,43,18,T,M,M
1999-12-31,28,12,0.00,M,M
2000-01-01,42,16,0.00,M,M
2000-01-02,48,23,T,M,M
2000-01-03,56,32,0.19,M,M
2000-01-04,48,33,1.19,M,M
2000-01-05,40,10,T,M,M
2000-01-06,30,9,0.00,M,M
2000-01-07,36,20,T,M,M
2000-01-08,33,22,0.00,M,M
2000-01-09,41,19,0.00,M,M
2000-01-10,41,29,1.01,M,M
2000-01-11,45,34,0.07,M,M
2000-01-12,38,18,0.01,M,M
2000-01-13,22,5,T,M,M
2000-01-14,10,1,0.00,M,M
2000-01-15,14,-3,0.00,M,M
2000-01-16,30,4,0.12,M,M
2000-01-17,4,-10,T,M,M
2000-01-18,7,-15,0.00,M,M
2000-01-19,15,-13,0.00,M,M
2000-01-20,12,-5,0.03,M,M
2000-01-21,14,-2,T,M,M
2000-01-22,7,-8,0.00,M,M
2000-01-23,16,-15,0.00,M,M
2000-01-24,30,8,0.00,M,M
2000-01-25,24,5,0.48,M,M
2000-01-26,24,11,0.27,M,M
2000-01-27,11,-8,T,M,M
2000-01-28,8,-10,T,M,M
2000-01-29,23,-20,0.00,M,M
2000-01-30,30,-13,0.00,M,M
2000-01-31,33,21,0.40,M,M
2000-02-01,31,19,T,M,M
2000-02-02,19,-12,T,M,M
2000-02-03,22,-20,0.00,M,M
2000-02-04,28,-8,0.00,M,M
2000-02-05,31,-5,T,M,M
2000-02-06,27,4,T,M,M
2000-02-07,35,-3,0.01,M,M
2000-02-08,24,-16,T,M,M
2000-02-09,41,2,T,M,M
2000-02-10,39,28,T,M,M
2000-02-11,36,19,0.21,M,M
2000-02-12,23,-4,T,M,M
2000-02-13,32,-9,0.02,M,M
2000-02-14,35,26,0.86,M,M
2000-02-15,32,11,0.01,M,M
2000-02-16,35,10,0.01,M,M
2000-02-17,31,-6,T,M,M
2000-02-18,16,-6,0.44,M,M
2000-02-19,30,15,0.25,M,M
2000-02-20,33,17,T,M,M
2000-02-21,34,-1,T,M,M
2000-02-22,45,4,T,M,M
2000-02-23,48,21,0.00,M,M
2000-02-24,46,25,0.20,M,M
2000-02-25,40,31,0.55,M,M
2000-02-26,35,31,0.00,M,M
2000-02-27,48,33,T,M,M
2000-02-28,45,33,0.42,M,M
2000-02-29,40,25,T,M,M
2000-03-01,44,20,T,M,M
2000-03-02,41,31,T,M,M
2000-03-03,34,30,T,M,M
2000-03-04,43,25,0.00,M,M
2000-03-05,41,23,0.00,M,M
2000-03-06,42,22,T,M,M
2000-03-07,57,20,0.00,M,M
2000-03-08,56,26,0.00,M,M
2000-03-09,58,35,0.50,M,M
2000-03-10,46,26,0.02,M,M
2000-03-11,33,29,0.52,M,M
2000-03-12,36,29,0.30,M,M
2000-03-13,32,10,T,M,M
2000-03-14,46,8,0.00,M,M
2000-03-15,50,25,T,M,M
2000-03-16,60,30,0.28,M,M
2000-03-17,30,14,0.46,M,M
2000-03-18,34,-3,0.00,M,M
2000-03-19,42,4,0.00,M,M
2000-03-20,48,15,0.00,M,M
2000-03-21,51,21,0.00,M,M
2000-03-22,57,28,0.00,M,M
2000-03-23,62,25,0.00,M,M
2000-03-24,60,26,0.00,M,M
2000-03-25,57,24,0.03,M,M
2000-03-26,55,36,0.01,M,M
2000-03-27,57,27,T,M,M
2000-03-28,56,33,0.91,M,M
2000-03-29,49,28,T,M,M
2000-03-30,46,27,T,M,M
2000-03-31,49,25,0.00,M,M
2000-04-01,59,24,0.00,M,M
2000-04-02,51,32,0.18,M,M
2000-04-03,48,42,0.28,M,M
2000-04-04,57,42,0.83,M,M
2000-04-05,46,32,T,M,M
2000-04-06,46,29,0.02,M,M
2000-04-07,55,41,0.05,M,M
2000-04-08,74,42,0.09,M,M
2000-04-09,53,28,1.33,M,M
2000-04-10,46,28,0.00,M,M
2000-04-11,46,25,0.19,M,M
2000-04-12,40,24,0.05,M,M
2000-04-13,47,21,0.00,M,M
2000-04-14,61,21,0.00,M,M
2000-04-15,77,36,0.00,M,M
2000-04-16,67,33,0.00,M,M
2000-04-17,51,28,0.00,M,M
2000-04-18,47,36,0.02,M,M
2000-04-19,47,36,T,M,M
2000-04-20,60,42,T,M,M
2000-04-21,48,36,0.40,M,M
2000-04-22,42,36,0.43,M,M
2000-04-23,45,38,0.27,M,M
2000-04-24,48,35,T,M,M
2000-04-25,55,27,0.00,M,M
2000-04-26,40,33,0.36,M,M
2000-04-27,46,32,0.15,M,M
2000-04-28,51,31,0.06,M,M
2000-04-29,69,31,T,M,M
2000-04-30,55,29,0.01,M,M
2000-05-01,61,28,0.08,M,M
2000-05-02,58,32,0.11,M,M
2000-05-03,69,28,0.00,M,M
2000-05-04,76,37,0.03,M,M
2000-05-05,77,51,0.07,M,M
2000-05-06,71,52,0.05,M,M
2000-05-07,88,48,T,M,M
2000-05-08,81,60,0.56,M,M
2000-05-09,86,52,0.06,M,M
2000-05-10,52,43,0.95,M,M
2000-05-11,62,39,0.12,M,M
2000-05-12,72,38,0.00,M,M
2000-05-13,58,50,0.46,M,M
2000-05-14,66,44,0.00,M,M
2000-05-15,58,35,T,M,M
2000-05-16,65,30,0.04,M,M
2000-05-17,70,39,T,M,M
2000-05-18,65,51,0.28,M,M
2000-05-19,52,34,0.01,M,M
2000-05-20,59,34,0.02,M,M
2000-05-21,53,47,0.06,M,M
2000-05-22,57,49,0.00,M,M
2000-05-23,66,47,0.04,M,M
2000-05-24,61,48,0.65,M,M
2000-05-25,67,49,0.07,M,M
2000-05-26,67,50,0.00,M,M
2000-05-27,68,52,0.00,M,M
2000-05-28,64,51,0.02,M,M
2000-05-29,68,47,T,M,M
2000-05-30,72,42,0.00,M,M
2000-05-31,76,44,0.00,M,M
2000-06-01,85,52,0.00,M,M
2000-06-02,81,49,0.02,M,M
2000-06-03,72,42,0.00,M,M
2000-06-04,68,38,0.01,M,M
2000-06-05,58,48,0.00,M,M
2000-06-06,55,44,0.93,M,M
2000-06-07,69,43,0.12,M,M
2000-06-08,70,38,T,M,M
2000-06-09,73,55,T,M,M
2000-06-10,88,53,0.00,M,M
2000-06-11,62,51,0.22,M,M
2000-06-12,55,49,0.03,M,M
2000-06-13,62,49,0.26,M,M
2000-06-14,57,48,0.03,M,M
2000-06-15,75,54,0.00,M,M
2000-06-16,86,65,T,M,M
2000-06-17,86,56,0.38,M,M
2000-06-18,67,49,0.08,M,M
2000-06-19,75,50,0.00,M,M
2000-06-20,80,48,0.00,M,M
2000-06-21,79,53,0.06,M,M
2000-06-22,83,59,0.66,M,M
2000-06-23,79,53,0.00,M,M
2000-06-24,80,48,0.00,M,M
2000-06-25,86,58,0.60,M,M
2000-06-26,80,67,0.07,M,M
2000-06-27,83,57,0.00,M,M
2000-06-28,79,51,0.01,M,M
2000-06-29,77,54,0.08,M,M
2000-06-30,74,53,0.01,M,M
2000-07-01,80,49,0.01,M,M
2000-07-02,85,52,0.00,M,M
2000-07-03,81,57,0.12,M,M
2000-07-04,81,60,0.01,M,M
2000-07-05,75,51,0.00,M,M
2000-07-06,73,46,0.00,M,M
2000-07-07,72,45,T,M,M
2000-07-08,77,43,0.01,M,M
2000-07-09,74,52,0.68,M,M
2000-07-10,83,54,0.23,M,M
2000-07-11,77,49,0.00,M,M
2000-07-12,82,46,0.00,M,M
2000-07-13,83,48,0.00,M,M
2000-07-14,83,55,T,M,M
2000-07-15,74,62,0.01,M,M
2000-07-16,78,61,0.47,M,M
2000-07-17,77,60,0.21,M,M
2000-07-18,80,54,0.05,M,M
2000-07-19,70,47,0.00,M,M
2000-07-20,76,42,0.00,M,M
2000-07-21,75,47,0.13,M,M
2000-07-22,75,52,0.00,M,M
2000-07-23,75,47,0.00,M,M
2000-07-24,79,51,0.00,M,M
2000-07-25,78,54,0.01,M,M
2000-07-26,74,56,T,M,M
2000-07-27,65,58,0.14,M,M
2000-07-28,81,58,0.00,M,M
2000-07-29,80,59,1.26,M,M
2000-07-30,72,63,0.31,M,M
2000-07-31,65,60,1.51,M,M
2000-08-01,67,58,0.02,M,M
2000-08-02,80,62,0.00,M,M
2000-08-03,83,65,0.02,M,M
2000-08-04,77,52,0.00,M,M
2000-08-05,79,48,0.00,M,M
2000-08-06,76,49,0.13,M,M
2000-08-07,83,61,0.10,M,M
2000-08-08,84,59,0.00,M,M
2000-08-09,85,59,0.18,M,M
2000-08-10,82,56,0.15,M,M
2000-08-11,82,54,2.47,M,M
2000-08-12,74,57,0.01,M,M
2000-08-13,76,58,0.00,M,M
2000-08-14,71,60,0.60,M,M
2000-08-15,77,60,0.01,M,M
2000-08-16,78,57,0.28,M,M
2000-08-17,69,47,0.00,M,M
2000-08-18,70,45,0.01,M,M
2000-08-19,73,51,0.01,M,M
2000-08-20,69,46,0.00,M,M
2000-08-24,78,54,0.00,M,M
2000-08-25,81,52,0.00,M,M
2000-08-26,82,53,0.01,M,M
2000-08-27,79,54,0.00,M,M
2000-08-28,78,50,0.00,M,M
2000-08-29,76,50,0.00,M,M
2000-08-30,79,50,0.01,M,M
2000-08-31,85,60,0.01,M,M
2000-09-01,87,61,0.00,M,M
2000-09-02,74,64,0.03,M,M
2000-09-03,75,63,0.00,M,M
2000-09-04,67,44,0.00,M,M
2000-09-05,65,34,0.00,M,M
2000-09-06,67,36,0.00,M,M
2000-09-07,73,39,0.00,M,M
2000-09-08,81,45,0.01,M,M
2000-09-09,77,52,0.00,M,M
2000-09-10,78,50,0.00,M,M
2000-09-11,77,53,0.01,M,M
2000-09-12,73,63,0.11,M,M
2000-09-13,75,48,0.27,M,M
2000-09-14,75,48,0.00,M,M
2000-09-15,65,48,0.71,M,M
2000-09-16,63,41,0.01,M,M
2000-09-17,67,37,T,M,M
2000-09-18,73,44,0.00,M,M
2000-09-19,72,47,0.01,M,M
2000-09-20,80,57,0.70,M,M
2000-09-21,70,55,0.01,M,M
2000-09-22,66,44,0.00,M,M
2000-09-23,61,46,0.03,M,M
2000-09-24,63,41,0.11,M,M
2000-09-25,59,34,0.00,M,M
2000-09-26,57,35,0.00,M,M
2000-09-27,69,35,0.00,M,M
2000-09-28,52,28,T,M,M
2000-09-29,56,25,0.00,M,M
2000-09-30,67,29,0.00,M,M
2000-10-01,72,35,0.00,M,M
2000-10-02,68,40,0.01,M,M
2000-10-03,76,44,0.01,M,M
2000-10-04,59,41,0.01,M,M
2000-10-05,54,42,0.43,M,M
2000-10-06,52,47,0.67,M,M
2000-10-07,56,39,0.00,M,M
2000-10-08,49,28,T,M,M
2000-10-09,47,29,0.00,M,M
2000-10-10,46,32,0.00,M,M
2000-10-11,63,30,0.00,M,M
2000-10-12,69,26,0.00,M,M
2000-10-13,72,31,0.00,M,M
2000-10-14,78,44,T,M,M
2000-10-15,68,45,T,M,M
2000-10-16,45,38,0.58,M,M
2000-10-17,50,39,0.00,M,M
2000-10-18,49,44,0.70,M,M
2000-10-19,56,32,T,M,M
2000-10-20,64,28,0.00,M,M
2000-10-21,73,34,0.00,M,M
2000-10-22,52,27,0.00,M,M
2000-10-23,56,23,0.00,M,M
2000-10-24,63,29,0.00,M,M
2000-10-25,70,35,0.00,M,M
2000-10-26,69,36,0.00,M,M
2000-10-27,64,42,0.00,M,M
2000-10-28,53,32,T,M,M
2000-10-29,33,28,0.01,M,M
2000-10-30,45,33,T,M,M
2000-10-31,46,39,0.00,M,M
2000-11-01,53,34,0.00,M,M
2000-11-02,57,26,0.00,M,M
2000-11-03,60,26,T,M,M
2000-11-04,63,37,T,M,M
2000-11-05,47,38,0.29,M,M
2000-11-06,44,39,T,M,M
2000-11-07,49,42,0.00,M,M
2000-11-08,49,34,0.00,M,M
2000-11-09,52,40,T,M,M
2000-11-10,49,44,0.59,M,M
2000-11-11,51,44,0.04,M,M
2000-11-12,44,39,0.00,M,M
2000-11-13,45,38,0.00,M,M
2000-11-14,47,37,0.69,M,M
2000-11-15,42,27,0.11,M,M
2000-11-16,43,35,0.00,M,M
2000-11-17,46,26,0.04,M,M
2000-11-18,41,20,0.00,M,M
2000-11-19,41,20,0.00,M,M
2000-11-20,39,18,0.00,M,M
2000-11-21,38,24,T,M,M
2000-11-22,30,17,0.00,M,M
2000-11-23,30,12,0.00,M,M
2000-11-24,27,7,0.00,M,M
2000-11-25,36,8,0.00,M,M
2000-11-26,38,20,0.42,M,M
2000-11-27,44,34,0.06,M,M
2000-11-28,41,35,0.01,M,M
2000-11-29,44,32,0.01,M,M
2000-11-30,38,32,0.14,M,M
2000-12-01,34,24,T,M,M
2000-12-02,26,15,0.00,M,M
2000-12-03,33,8,0.00,M,M
2000-12-04,34,9,0.00,M,M
2000-12-05,38,11,T,M,M
2000-12-06,26,10,0.00,M,M
2000-12-07,26,5,T,M,M
2000-12-08,14,1,0.00,M,M
2000-12-09,23,1,T,M,M
2000-12-10,31,1,0.00,M,M
2000-12-11,37,25,T,M,M
2000-12-12,45,15,0.39,M,M
2000-12-13,21,5,0.00,M,M
2000-12-14,27,18,0.59,M,M
2000-12-15,27,1,0.00,M,M
2000-12-16,35,5,0.35,M,M
2000-12-17,54,33,2.07,M,M
2000-12-18,36,22,T,M,M
2000-12-19,26,16,0.04,M,M
2000-12-20,26,8,0.26,M,M
2000-12-21,20,-2,0.02,M,M
2000-12-22,26,1,T,M,M
2000-12-23,22,-2,0.00,M,M
2000-12-24,17,-5,0.00,M,M
2000-12-25,17,1,T,M,M
2000-12-26,20,-8,T,M,M
2000-12-27,25,6,0.00,M,M
2000-12-28,16,10,T,M,M
2000-12-29,23,6,T,M,M
2000-12-30,25,10,0.35,M,M
2000-12-31,27,20,0.05,M,M
2001-01-01,28,14,0.00,M,M
2001-01-02,22,1,T,M,M
2001-01-03,28,-0,T,M,M
2001-01-04,27,5,T,M,M
2001-01-05,30,-2,0.01,M,M
2001-01-06,34,21,T,M,M
2001-01-07,32,8,0.00,M,M
2001-01-08,33,19,0.03,M,M
2001-01-09,28,17,T,M,M
2001-01-10,21,-7,T,M,M
2001-01-11,38,-0,0.00,M,M
2001-01-12,25,-3,T,M,M
2001-01-13,26,-5,0.00,M,M
2001-01-14,32,7,0.00,M,M
2001-01-15,30,24,0.06,M,M
2001-01-16,38,23,0.01,M,M
2001-01-17,35,12,T,M,M
2001-01-18,27,-4,0.00,M,M
2001-01-19,30,25,0.12,M,M
2001-01-20,30,16,0.00,M,M
2001-01-21,23,9,0.00,M,M
2001-01-22,30,2,T,M,M
2001-01-23,33,-5,T,M,M
2001-01-24,35,17,0.00,M,M
2001-01-25,34,6,0.00,M,M
2001-01-26,30,-3,0.00,M,M
2001-01-27,28,12,0.02,M,M
2001-01-28,29,8,0.00,M,M
2001-01-29,34,2,0.00,M,M
2001-01-30,33,5,0.52,M,M
2001-01-31,33,28,0.43,M,M
2001-02-01,38,17,T,M,M
2001-02-02,31,13,0.03,M,M
2001-02-03,26,3,T,M,M
2001-02-04,25,-5,0.00,M,M
2001-02-05,28,21,1.32,M,M
2001-02-06,37,27,0.10,M,M
2001-02-07,35,20,T,M,M
2001-02-08,M,10,0.02,M,M
2001-02-09,36,28,0.26,M,M
2001-02-10,46,16,0.19,M,M
2001-02-11,16,1,T,M,M
2001-02-12,22,-11,0.00,M,M
2001-02-13,37,8,T,M,M
2001-02-14,37,8,0.12,M,M
2001-02-15,34,9,T,M,M
2001-02-16,35,2,T,M,M
2001-02-17,32,6,T,M,M
2001-02-18,23,-9,0.00,M,M
2001-02-19,34,-0,0.00,M,M
2001-02-20,48,31,T,M,M
2001-02-21,40,7,T,M,M
2001-02-22,20,-6,0.01,M,M
2001-02-23,32,14,0.01,M,M
2001-02-24,25,12,0.00,M,M
2001-02-25,29,16,0.37,M,M
2001-02-26,37,21,0.01,M,M
2001-02-27,34,8,T,M,M
2001-02-28,24,3,T,M,M
2001-03-01,22,-0,T,M,M
2001-03-02,27,-6,0.01,M,M
2001-03-03,29,12,T,M,M
2001-03-04,30,15,0.01,M,M
2001-03-05,29,20,0.64,M,M
2001-03-06,31,27,0.82,M,M
2001-03-07,37,11,0.00,M,M
2001-03-08,37,15,0.00,M,M
2001-03-09,34,29,0.40,M,M
2001-03-10,36,19,0.05,M,M
2001-03-11,39,7,0.05,M,M
2001-03-12,36,7,0.00,M,M
2001-03-13,34,22,0.35,M,M
2001-03-14,38,24,T,M,M
2001-03-15,46,25,0.00,M,M
2001-03-16,41,15,T,M,M
2001-03-17,43,19,0.00,M,M
2001-03-18,38,27,T,M,M
2001-03-19,44,23,0.00,M,M
2001-03-20,50,16,0.00,M,M
2001-03-21,46,20,0.11,M,M
2001-03-22,34,32,1.76,M,M
2001-03-23,36,30,0.13,M,M
2001-03-24,42,27,0.01,M,M
2001-03-25,33,19,0.02,M,M
2001-03-26,34,8,0.00,M,M
2001-03-27,32,8,0.00,M,M
2001-03-28,38,17,0.00,M,M
2001-03-29,42,16,0.00,M,M
2001-03-30,36,32,1.30,M,M
2001-03-31,37,32,0.01,M,M
2001-04-01,37,31,T,M,M
2001-04-02,40,25,0.00,M,M
2001-04-03,42,23,0.00,M,M
2001-04-04,49,25,0.00,M,M
2001-04-05,51,19,0.00,M,M
2001-04-06,45,24,0.15,M,M
2001-04-07,49,33,0.03,M,M
2001-04-08,39,32,0.09,M,M
2001-04-09,52,32,0.01,M,M
2001-04-10,52,29,0.00,M,M
2001-04-11,50,26,0.00,M,M
2001-04-12,41,32,0.91,M,M
2001-04-13,56,34,0.00,M,M
2001-04-14,52,27,0.00,M,M
2001-04-15,53,23,0.00,M,M
2001-04-16,53,23,0.00,M,M
2001-04-17,54,27,0.00,M,M
2001-04-18,46,26,0.00,M,M
2001-04-19,47,22,0.00,M,M
2001-04-20,62,20,0.00,M,M
2001-04-21,65,28,0.05,M,M
2001-04-22,79,42,T,M,M
2001-04-23,79,35,0.00,M,M
2001-04-24,84,46,T,M,M
2001-04-25,56,30,T,M,M
2001-04-26,63,26,0.00,M,M
2001-04-27,67,26,0.00,M,M
2001-04-28,53,28,0.00,M,M
2001-04-29,60,23,0.00,M,M
2001-04-30,73,26,0.00,M,M
2001-05-01,86,36,0.00,M,M
2001-05-02,88,40,0.04,M,M
2001-05-03,88,46,0.01,M,M
2001-05-04,84,51,0.00,M,M
2001-05-05,64,33,0.03,M,M
2001-05-06,66,29,0.00,M,M
2001-05-07,71,29,0.00,M,M
2001-05-08,77,29,0.00,M,M
2001-05-09,78,38,0.00,M,M
2001-05-10,81,38,0.00,M,M
2001-05-11,84,40,0.00,M,M
2001-05-12,80,50,0.52,M,M
2001-05-13,61,34,0.00,M,M
2001-05-14,66,30,0.00,M,M
2001-05-15,57,33,0.00,M,M
2001-05-16,60,41,T,M,M
2001-05-17,67,45,0.00,M,M
2001-05-18,56,48,T,M,M
2001-05-19,71,51,0.00,M,M
2001-05-20,73,40,0.00,M,M
2001-05-21,72,42,0.00,M,M
2001-05-22,60,50,0.04,M,M
2001-05-23,66,52,T,M,M
2001-05-24,68,48,0.06,M,M
2001-05-25,70,44,0.01,M,M
2001-05-26,69,47,0.09,M,M
2001-05-27,60,54,0.23,M,M
2001-05-28,62,46,0.52,M,M
2001-05-29,67,41,0.01,M,M
2001-05-30,55,37,0.08,M,M
2001-05-31,61,36,0.00,M,M
2001-06-01,72,32,T,M,M
2001-06-02,60,49,1.65,M,M
2001-06-03,63,53,0.64,M,M
2001-06-04,67,47,0.02,M,M
2001-06-05,71,47,0.00,M,M
2001-06-06,74,49,0.00,M,M
2001-06-07,77,43,0.00,M,M
2001-06-08,78,39,0.00,M,M
2001-06-09,78,40,0.00,M,M
2001-06-10,81,42,T,M,M
2001-06-11,69,47,1.04,M,M
2001-06-12,75,55,0.00,M,M
2001-06-13,86,56,0.00,M,M
2001-06-14,90,59,0.01,M,M
2001-06-15,92,59,0.00,M,M
2001-06-17,88,58,0.00,M,M
2001-06-18,82,54,0.01,M,M
2001-06-19,90,53,0.00,M,M
2001-06-20,87,57,T,M,M
2001-06-21,69,54,0.13,M,M
2001-06-22,72,55,0.00,M,M
2001-06-23,78,62,0.03,M,M
2001-06-24,79,56,0.01,M,M
2001-06-25,86,55,0.00,M,M
2001-06-26,89,54,0.01,M,M
2001-06-27,90,57,0.00,M,M
2001-06-28,84,52,0.00,M,M
2001-06-29,72,48,T,M,M
2001-06-30,90,59,0.56,M,M
2001-07-01,79,59,0.72,M,M
2001-07-02,70,46,0.00,M,M
2001-07-03,70,44,0.00,M,M
2001-07-04,79,51,0.54,M,M
2001-07-05,77,56,0.05,M,M
2001-07-06,69,47,0.00,M,M
2001-07-07,79,46,0.03,M,M
2001-07-08,70,59,0.14,M,M
2001-07-09,84,60,0.00,M,M
2001-07-10,81,57,0.25,M,M
2001-07-11,75,52,0.01,M,M
2001-07-12,70,48,0.03,M,M
2001-07-13,72,53,0.01,M,M
2001-07-14,76,51,T,M,M
2001-07-15,75,51,0.00,M,M
2001-07-16,80,49,0.00,M,M
2001-07-17,76,58,0.24,M,M
2001-07-18,79,56,0.01,M,M
2001-07-19,79,52,0.00,M,M
2001-07-20,85,50,0.00,M,M
2001-07-21,86,51,0.00,M,M
2001-07-22,87,55,0.00,M,M
2001-07-23,91,57,0.00,M,M
2001-07-24,90,71,0.00,M,M
2001-07-25,90,66,T,M,M
2001-07-26,74,46,0.59,M,M
2001-07-27,73,42,0.00,M,M
2001-07-28,75,42,0.00,M,M
2001-07-29,80,49,0.00,M,M
2001-07-30,80,54,0.00,M,M
2001-07-31,84,51,0.02,M,M
2001-08-01,88,58,0.00,M,M
2001-08-02,91,53,0.00,M,M
2001-08-03,84,66,0.03,M,M
2001-08-04,86,63,0.00,M,M
2001-08-05,90,61,0.00,M,M
2001-08-06,91,58,0.01,M,M
2001-08-07,94,62,0.00,M,M
2001-08-08,93,65,0.15,M,M
2001-08-09,96,66,T,M,M
2001-08-10,88,59,0.04,M,M
2001-08-11,84,54,0.00,M,M
2001-08-12,75,58,0.00,M,M
2001-08-13,86,57,T,M,M
2001-08-14,82,51,0.00,M,M
2001-08-15,83,46,0.00,M,M
2001-08-16,86,51,0.00,M,M
2001-08-17,78,62,0.58,M,M
2001-08-18,80,59,0.00,M,M
2001-08-19,86,56,0.00,M,M
2001-08-20,76,62,0.28,M,M
2001-08-21,83,60,0.02,M,M
2001-08-22,84,58,0.01,M,M
2001-08-23,82,53,0.00,M,M
2001-08-24,80,50,0.00,M,M
2001-08-25,78,44,0.00,M,M
2001-08-26,82,50,0.00,M,M
2001-08-27,78,57,0.06,M,M
2001-08-28,82,54,0.10,M,M
2001-08-29,73,48,0.00,M,M
2001-08-30,81,44,0.00,M,M
2001-08-31,85,63,0.48,M,M
2001-09-01,67,44,0.22,M,M
2001-09-02,70,41,0.01,M,M
2001-09-03,77,43,0.00,M,M
2001-09-04,73,50,0.17,M,M
2001-09-05,71,43,0.01,M,M
2001-09-06,78,37,0.00,M,M
2001-09-07,85,48,0.00,M,M
2001-09-08,88,48,0.00,M,M
2001-09-09,87,56,0.00,M,M
2001-09-10,82,56,0.03,M,M
2001-09-11,76,44,0.01,M,M
2001-09-12,76,40,0.00,M,M
2001-09-13,73,44,0.00,M,M
2001-09-14,65,36,0.04,M,M
2001-09-15,68,34,0.00,M,M
2001-09-16,74,33,0.00,M,M
2001-09-17,77,37,0.00,M,M
2001-09-18,75,40,0.00,M,M
2001-09-19,71,48,0.00,M,M
2001-09-20,66,57,1.36,M,M
2001-09-21,73,62,0.64,M,M
2001-09-22,78,52,0.00,M,M
2001-09-23,72,49,0.01,M,M
2001-09-24,75,51,T,M,M
2001-09-25,73,59,0.86,M,M
2001-09-26,67,40,0.01,M,M
2001-09-27,60,39,0.00,M,M
2001-09-28,57,46,0.38,M,M
2001-09-29,63,34,0.02,M,M
2001-09-30,64,35,0.00,M,M
2001-10-01,70,37,0.00,M,M
2001-10-02,73,37,0.00,M,M
2001-10-03,78,43,0.01,M,M
2001-10-04,80,46,0.00,M,M
2001-10-05,78,46,0.01,M,M
2001-10-06,64,41,0.04,M,M
2001-10-07,53,33,T,M,M
2001-10-08,50,27,0.00,M,M
2001-10-09,59,22,0.00,M,M
2001-10-10,68,40,0.00,M,M
2001-10-11,75,34,0.00,M,M
2001-10-12,75,42,0.00,M,M
2001-10-13,73,48,0.01,M,M
2001-10-14,61,52,0.00,M,M
2001-10-15,65,37,0.38,M,M
2001-10-16,64,33,0.00,M,M
2001-10-17,56,41,0.12,M,M
2001-10-18,53,27,0.00,M,M
2001-10-19,58,24,0.00,M,M
2001-10-20,61,32,T,M,M
2001-10-21,68,31,0.03,M,M
2001-10-22,61,30,0.00,M,M
2001-10-23,60,29,0.02,M,M
2001-10-24,66,54,0.18,M,M
2001-10-25,66,37,0.17,M,M
2001-10-26,53,32,T,M,M
2001-10-27,48,37,T,M,M
2001-10-28,44,22,0.00,M,M
2001-10-29,48,20,0.00,M,M
2001-10-30,47,21,0.00,M,M
2001-10-31,42,17,0.22,M,M
2001-11-01,64,36,0.01,M,M
2001-11-02,69,44,0.01,M,M
2001-11-03,64,48,T,M,M
2001-11-04,51,34,0.07,M,M
2001-11-05,42,35,0.19,M,M
2001-11-06,47,26,0.00,M,M
2001-11-07,50,26,0.00,M,M
2001-11-08,52,19,T,M,M
2001-11-09,47,20,0.02,M,M
2001-11-10,45,19,0.00,M,M
2001-11-11,40,20,T,M,M
2001-11-12,35,14,0.02,M,M
2001-11-13,45,12,0.00,M,M
2001-11-14,43,23,0.02,M,M
2001-11-15,60,31,0.00,M,M
2001-11-16,64,31,0.01,M,M
2001-11-17,41,23,0.00,M,M
2001-11-18,56,19,0.00,M,M
2001-11-19,56,24,0.00,M,M
2001-11-20,50,26,T,M,M
2001-11-21,41,19,0.00,M,M
2001-11-22,47,25,0.00,M,M
2001-11-23,50,21,0.00,M,M
2001-11-24,42,23,0.02,M,M
2001-11-25,58,40,0.32,M,M
2001-11-26,56,42,0.03,M,M
2001-11-27,46,32,0.02,M,M
2001-11-28,48,34,T,M,M
2001-11-29,36,32,0.33,M,M
2001-11-30,51,36,0.25,M,M
2001-12-01,61,48,0.00,M,M
2001-12-02,49,26,0.00,M,M
2001-12-03,51,21,0.00,M,M
2001-12-04,52,22,0.02,M,M
2001-12-05,62,41,T,M,M
2001-12-06,67,39,0.01,M,M
2001-12-07,50,23,0.00,M,M
2001-12-08,34,17,0.02,M,M
2001-12-09,36,20,0.18,M,M
2001-12-10,37,19,0.00,M,M
2001-12-11,42,22,0.00,M,M
2001-12-12,38,24,T,M,M
2001-12-13,39,33,0.07,M,M
2001-12-14,45,31,0.53,M,M
2001-12-15,34,22,0.27,M,M
2001-12-16,29,16,0.00,M,M
2001-12-17,32,28,0.13,M,M
2001-12-18,34,30,0.18,M,M
2001-12-19,39,27,0.00,M,M
2001-12-20,38,27,0.05,M,M
2001-12-21,32,27,0.01,M,M
2001-12-22,29,11,0.00,M,M
2001-12-23,30,6,T,M,M
2001-12-24,35,29,0.25,M,M
2001-12-25,35,19,0.00,M,M
2001-12-26,32,14,0.00,M,M
2001-12-27,30,16,0.00,M,M
2001-12-28,30,8,T,M,M
2001-12-29,30,19,0.00,M,M
2001-12-30,29,17,T,M,M
2001-12-31,29,22,T,M,M
2002-01-01,24,8,T,M,M
2002-01-02,32,4,T,M,M
2002-01-03,32,13,T,M,M
2002-01-04,29,8,0.00,M,M
2002-01-05,35,23,0.00,M,M
2002-01-06,37,30,0.42,M,M
2002-01-07,32,17,0.58,M,M
2002-01-08,26,-1,0.00,M,M
2002-01-09,30,19,0.04,M,M
2002-01-10,43,26,0.00,M,M
2002-01-11,38,24,0.01,M,M
2002-01-12,35,21,0.00,M,M
2002-01-13,35,22,0.21,M,M
2002-01-14,31,14,0.00,M,M
2002-01-15,29,23,0.07,M,M
2002-01-16,32,15,0.01,M,M
2002-01-17,36,13,0.06,M,M
2002-01-18,31,12,T,M,M
2002-01-19,25,-3,0.06,M,M
2002-01-20,32,5,T,M,M
2002-01-21,34,11,0.01,M,M
2002-01-22,38,14,0.00,M,M
2002-01-23,49,13,T,M,M
2002-01-24,37,32,0.19,M,M
2002-01-25,35,27,0.00,M,M
2002-01-26,45,20,0.00,M,M
2002-01-27,49,19,0.00,M,M
2002-01-28,44,21,0.00,M,M
2002-01-29,44,23,T,M,M
2002-01-30,35,23,0.18,M,M
2002-01-31,23,20,0.51,M,M
2002-02-01,38,22,0.61,M,M
2002-02-02,27,-4,0.00,M,M
2002-02-03,24,-8,0.00,M,M
2002-02-04,34,8,T,M,M
2002-02-05,22,10,T,M,M
2002-02-06,31,1,0.00,M,M
2002-02-07,38,11,0.00,M,M
2002-02-08,39,18,T,M,M
2002-02-09,30,5,0.00,M,M
2002-02-10,33,2,1.02,M,M
2002-02-11,33,-2,0.41,M,M
2002-02-12,37,-3,T,M,M
2002-02-13,37,-0,T,M,M
2002-02-14,35,-6,T,M,M
2002-02-15,44,19,0.00,M,M
2002-02-16,44,25,0.00,M,M
2002-02-17,33,25,0.49,M,M
2002-02-18,31,7,0.00,M,M
2002-02-19,41,-0,0.00,M,M
2002-02-20,44,19,0.16,M,M
2002-02-21,42,33,0.16,M,M
2002-02-22,41,32,0.03,M,M
2002-02-23,38,19,0.00,M,M
2002-02-24,43,12,0.00,M,M
2002-02-25,47,22,0.00,M,M
2002-02-26,56,27,0.00,M,M
2002-02-27,49,26,0.18,M,M
2002-02-28,31,18,T,M,M
2002-03-01,38,14,0.00,M,M
2002-03-02,44,15,0.02,M,M
2002-03-03,56,33,0.38,M,M
2002-03-04,35,17,0.00,M,M
2002-03-05,27,11,0.00,M,M
2002-03-06,34,16,0.06,M,M
2002-03-07,35,31,0.01,M,M
2002-03-08,40,30,T,M,M
2002-03-09,60,36,T,M,M
2002-03-10,59,24,0.28,M,M
2002-03-11,35,20,T,M,M
2002-03-12,39,24,0.00,M,M
2002-03-13,46,22,0.06,M,M
2002-03-14,52,25,0.00,M,M
2002-03-15,40,26,0.04,M,M
2002-03-16,40,22,T,M,M
2002-03-17,43,13,0.00,M,M
2002-03-18,34,28,0.12,M,M
2002-03-19,37,27,0.04,M,M
2002-03-20,35,29,0.00,M,M
2002-03-21,40,22,0.02,M,M
2002-03-22,24,10,0.00,M,M
2002-03-23,35,17,T,M,M
2002-03-24,39,26,0.00,M,M
2002-03-25,37,17,0.00,M,M
2002-03-26,34,27,1.33,M,M
2002-03-27,43,32,0.16,M,M
2002-03-28,49,24,0.00,M,M
2002-03-29,56,21,0.00,M,M
2002-03-30,59,31,0.11,M,M
2002-03-31,63,29,T,M,M
2002-04-01,46,38,0.55,M,M
2002-04-02,50,29,T,M,M
2002-04-03,56,35,0.16,M,M
2002-04-04,40,22,T,M,M
2002-04-05,40,18,T,M,M
2002-04-06,39,19,0.00,M,M
2002-04-07,44,17,T,M,M
2002-04-08,53,34,T,M,M
2002-04-09,65,44,0.15,M,M
2002-04-10,57,31,0.00,M,M
2002-04-11,60,28,0.00,M,M
2002-04-12,68,30,0.00,M,M
2002-04-13,64,56,0.67,M,M
2002-04-14,69,51,0.07,M,M
2002-04-15,70,46,0.53,M,M
2002-04-16,87,46,0.00,M,M
2002-04-17,90,49,0.00,M,M
2002-04-18,87,52,0.00,M,M
2002-04-19,78,50,T,M,M
2002-04-20,65,40,T,M,M
2002-04-21,48,26,0.00,M,M
2002-04-22,36,24,0.22,M,M
2002-04-23,47,29,0.05,M,M
2002-04-24,58,27,0.00,M,M
2002-04-25,58,28,0.30,M,M
2002-04-26,47,26,T,M,M
2002-04-27,55,24,0.00,M,M
2002-04-28,40,35,0.41,M,M
2002-04-29,41,33,0.21,M,M
2002-04-30,49,31,0.02,M,M
2002-05-01,54,29,T,M,M
2002-05-02,45,30,0.45,M,M
2002-05-03,51,37,0.03,M,M
2002-05-04,66,28,0.00,M,M
2002-05-05,72,30,0.00,M,M
2002-05-06,80,35,0.00,M,M
2002-05-07,73,55,0.00,M,M
2002-05-08,63,46,0.00,M,M
2002-05-09,53,44,0.07,M,M
2002-05-10,69,46,T,M,M
2002-05-11,62,35,0.00,M,M
2002-05-12,50,41,0.34,M,M
2002-05-13,44,39,1.15,M,M
2002-05-14,52,38,0.19,M,M
2002-05-15,57,36,0.02,M,M
2002-05-16,72,33,0.00,M,M
2002-05-17,65,45,0.09,M,M
2002-05-18,46,32,0.58,M,M
2002-05-19,51,28,0.00,M,M
2002-05-20,51,26,T,M,M
2002-05-21,57,34,T,M,M
2002-05-22,68,29,0.00,M,M
2002-05-23,78,33,0.00,M,M
2002-05-24,76,42,T,M,M
2002-05-25,67,38,0.00,M,M
2002-05-26,69,49,T,M,M
2002-05-27,80,46,0.00,M,M
2002-05-28,83,55,0.09,M,M
2002-05-29,78,57,0.00,M,M
2002-05-30,77,62,T,M,M
2002-05-31,80,57,0.55,M,M
2002-06-01,81,49,0.01,M,M
2002-06-02,70,39,0.11,M,M
2002-06-03,65,36,0.00,M,M
2002-06-04,71,32,T,M,M
2002-06-05,80,54,0.40,M,M
2002-06-06,66,53,0.48,M,M
2002-06-07,69,45,0.00,M,M
2002-06-08,73,40,0.00,M,M
2002-06-09,81,56,T,M,M
2002-06-10,73,45,0.00,M,M
2002-06-11,79,51,0.43,M,M
2002-06-12,56,51,0.76,M,M
2002-06-13,77,52,0.00,M,M
2002-06-14,68,52,0.01,M,M
2002-06-15,57,49,0.35,M,M
2002-06-16,59,47,0.16,M,M
2002-06-17,70,47,T,M,M
2002-06-18,73,43,0.00,M,M
2002-06-19,80,49,0.01,M,M
2002-06-20,83,50,0.00,M,M
2002-06-21,88,52,0.00,M,M
2002-06-22,67,60,0.43,M,M
2002-06-23,81,62,0.13,M,M
2002-06-24,80,48,0.01,M,M
2002-06-25,83,43,0.00,M,M
2002-06-26,90,55,0.03,M,M
2002-06-27,86,65,0.35,M,M
2002-06-28,84,57,T,M,M
2002-06-29,85,52,0.00,M,M
2002-06-30,87,53,0.00,M,M
2002-07-01,90,59,T,M,M
2002-07-02,92,65,0.00,M,M
2002-07-03,97,66,0.00,M,M
2002-07-04,94,65,0.72,M,M
2002-07-05,72,59,0.01,M,M
2002-07-06,78,52,0.10,M,M
2002-07-07,74,55,0.01,M,M
2002-07-08,86,57,0.12,M,M
2002-07-09,83,63,0.05,M,M
2002-07-10,72,45,0.00,M,M
2002-07-11,71,43,0.00,M,M
2002-07-12,80,42,0.00,M,M
2002-07-13,85,49,0.01,M,M
2002-07-14,86,52,0.00,M,M
2002-07-15,81,57,0.01,M,M
2002-07-16,69,48,0.01,M,M
2002-07-17,81,47,0.00,M,M
2002-07-18,82,63,0.05,M,M
2002-07-19,78,62,0.30,M,M
2002-07-20,82,55,0.00,M,M
2002-07-21,85,53,0.00,M,M
2002-07-22,89,65,0.00,M,M
2002-07-23,88,57,0.45,M,M
2002-07-24,75,48,0.01,M,M
2002-07-25,75,50,0.00,M,M
2002-07-26,74,48,0.02,M,M
2002-07-27,77,57,T,M,M
2002-07-28,76,64,0.01,M,M
2002-07-29,88,64,0.01,M,M
2002-07-30,90,62,T,M,M
2002-07-31,90,57,0.00,M,M
2002-08-01,92,59,0.00,M,M
2002-08-02,80,61,0.02,M,M
2002-08-03,89,58,0.00,M,M
2002-08-04,91,58,0.00,M,M
2002-08-05,90,65,0.03,M,M
2002-08-06,68,57,0.03,M,M
2002-08-07,77,50,0.00,M,M
2002-08-08,77,47,0.00,M,M
2002-08-09,82,45,0.00,M,M
2002-08-10,86,54,0.00,M,M
2002-08-11,92,52,0.00,M,M
2002-08-12,95,57,0.00,M,M
2002-08-13,91,59,0.14,M,M
2002-08-14,95,64,0.00,M,M
2002-08-15,94,68,T,M,M
2002-08-16,92,70,T,M,M
2002-08-17,90,64,0.00,M,M
2002-08-18,93,61,0.00,M,M
2002-08-19,89,56,T,M,M
2002-08-20,80,51,0.16,M,M
2002-08-21,81,47,0.00,M,M
2002-08-22,80,48,0.31,M,M
2002-08-23,79,54,0.00,M,M
2002-08-24,67,53,0.16,M,M
2002-08-25,80,52,0.00,M,M
2002-08-26,84,51,0.00,M,M
2002-08-27,78,52,0.00,M,M
2002-08-28,78,47,0.00,M,M
2002-08-29,62,53,0.76,M,M
2002-08-30,79,55,T,M,M
2002-08-31,70,44,0.01,M,M
2002-09-01,68,39,0.00,M,M
2002-09-02,70,49,0.02,M,M
2002-09-03,79,61,0.00,M,M
2002-09-04,84,57,0.02,M,M
2002-09-05,72,44,0.00,M,M
2002-09-06,80,38,0.00,M,M
2002-09-07,84,44,0.00,M,M
2002-09-08,92,50,0.00,M,M
2002-09-09,95,55,0.00,M,M
2002-09-10,93,56,0.00,M,M
2002-09-11,69,51,0.11,M,M
2002-09-12,67,40,0.00,M,M
2002-09-13,81,39,0.00,M,M
2002-09-14,84,51,T,M,M
2002-09-15,80,64,1.07,M,M
2002-09-16,71,53,0.59,M,M
2002-09-17,77,49,0.01,M,M
2002-09-18,75,48,0.01,M,M
2002-09-19,79,47,0.00,M,M
2002-09-20,80,57,0.00,M,M
2002-09-21,80,63,0.04,M,M
2002-09-22,77,63,0.26,M,M
2002-09-23,71,44,0.01,M,M
2002-09-24,71,41,0.00,M,M
2002-09-25,71,45,0.00,M,M
2002-09-26,63,46,0.01,M,M
2002-09-27,57,52,1.27,M,M
2002-09-28,66,38,0.06,M,M
2002-09-29,63,36,0.00,M,M
2002-09-30,72,42,0.03,M,M
2002-10-01,81,50,0.01,M,M
2002-10-02,79,58,0.02,M,M
2002-10-03,70,38,0.12,M,M
2002-10-04,52,40,0.19,M,M
2002-10-05,73,45,0.17,M,M
2002-10-06,63,37,0.00,M,M
2002-10-07,60,37,0.01,M,M
2002-10-08,55,30,0.00,M,M
2002-10-09,55,29,0.00,M,M
2002-10-10,59,48,0.01,M,M
2002-10-11,59,50,0.20,M,M
2002-10-12,58,48,0.43,M,M
2002-10-13,58,51,0.09,M,M
2002-10-14,52,26,0.00,M,M
2002-10-15,53,25,0.00,M,M
2002-10-16,47,38,0.68,M,M
2002-10-17,56,40,0.15,M,M
2002-10-18,52,29,0.00,M,M
2002-10-19,53,29,0.20,M,M
2002-10-20,51,28,0.02,M,M
2002-10-21,46,23,0.00,M,M
2002-10-22,50,22,0.00,M,M
2002-10-23,45,26,0.12,M,M
2002-10-24,47,23,0.00,M,M
2002-10-25,47,19,0.00,M,M
2002-10-26,37,31,0.72,M,M
2002-10-27,50,31,0.06,M,M
2002-10-28,42,31,0.00,M,M
2002-10-29,42,22,0.00,M,M
2002-10-30,41,20,0.00,M,M
2002-10-31,47,17,0.00,M,M
2002-11-01,41,25,0.05,M,M
2002-11-02,31,15,T,M,M
2002-11-03,37,10,0.00,M,M
2002-11-04,41,24,0.02,M,M
2002-11-05,39,29,0.04,M,M
2002-11-06,36,32,0.44,M,M
2002-11-07,36,16,0.01,M,M
2002-11-08,52,18,T,M,M
2002-11-09,56,26,0.00,M,M
2002-11-10,65,32,T,M,M
2002-11-11,70,41,0.22,M,M
2002-11-12,45,37,0.58,M,M
2002-11-13,45,40,0.20,M,M
2002-11-14,49,28,0.00,M,M
2002-11-15,57,32,T,M,M
2002-11-16,34,25,0.17,M,M
2002-11-17,34,25,1.26,M,M
2002-11-18,34,28,0.34,M,M
2002-11-19,33,18,T,M,M
2002-11-20,36,29,0.00,M,M
2002-11-21,38,30,0.01,M,M
2002-11-22,38,33,0.46,M,M
2002-11-23,38,25,0.10,M,M
2002-11-24,44,26,T,M,M
2002-11-25,39,23,0.04,M,M
2002-11-26,39,26,0.00,M,M
2002-11-27,29,20,0.05,M,M
2002-11-28,27,9,0.00,M,M
2002-11-29,31,12,0.01,M,M
2002-11-30,41,26,0.01,M,M
2002-12-01,35,10,T,M,M
2002-12-02,34,9,T,M,M
2002-12-03,19,4,T,M,M
2002-12-04,25,-0,T,M,M
2002-12-05,21,5,0.02,M,M
2002-12-06,31,12,0.02,M,M
2002-12-07,32,9,0.00,M,M
2002-12-08,38,8,0.02,M,M
2002-12-09,18,-6,0.00,M,M
2002-12-10,32,-1,0.00,M,M
2002-12-11,28,7,T,M,M
2002-12-12,38,24,0.76,M,M
2002-12-13,31,27,0.06,M,M
2002-12-14,37,30,0.36,M,M
2002-12-15,37,26,0.00,M,M
2002-12-16,32,21,0.05,M,M
2002-12-17,26,4,0.00,M,M
2002-12-18,27,-2,0.00,M,M
2002-12-19,29,-1,0.00,M,M
2002-12-20,40,27,0.45,M,M
2002-12-21,38,29,T,M,M
2002-12-22,44,33,T,M,M
2002-12-23,36,31,T,M,M
2002-12-24,32,16,T,M,M
2002-12-25,26,12,1.42,M,M
2002-12-26,30,19,0.13,M,M
2002-12-27,27,-1,0.00,M,M
2002-12-28,30,1,0.00,M,M
2002-12-29,33,9,T,M,M
2002-12-30,20,-4,0.00,M,M
2002-12-31,32,19,0.05,M,M
2003-01-01,35,26,0.09,M,M
2003-01-02,26,6,0.17,M,M
2003-01-03,25,12,0.46,M,M
2003-01-04,28,21,0.72,M,M
2003-01-05,25,7,0.00,M,M
2003-01-06,25,12,0.00,M,M
2003-01-07,26,5,T,M,M
2003-01-08,32,13,0.01,M,M
2003-01-09,32,15,0.24,M,M
2003-01-10,22,-5,0.10,M,M
2003-01-11,23,6,T,M,M
2003-01-12,25,1,0.00,M,M
2003-01-13,27,-4,T,M,M
2003-01-14,19,-11,T,M,M
2003-01-15,14,-15,T,M,M
2003-01-16,19,-10,T,M,M
2003-01-17,23,-10,T,M,M
2003-01-18,10,-24,0.00,M,M
2003-01-19,15,-17,0.00,M,M
2003-01-20,22,-4,T,M,M
2003-01-21,9,-17,T,M,M
2003-01-22,6,-18,0.00,M,M
2003-01-23,5,-13,T,M,M
2003-01-24,17,-18,0.00,M,M
2003-01-25,23,-19,0.00,M,M
2003-01-26,25,14,0.02,M,M
2003-01-27,17,-19,T,M,M
2003-01-28,7,-24,0.00,M,M
2003-01-29,22,-2,0.00,M,M
2003-01-30,26,-14,0.00,M,M
2003-01-31,31,-0,0.00,M,M
2003-02-01,32,27,0.04,M,M
2003-02-02,34,30,0.20,M,M
2003-02-03,37,27,0.00,M,M
2003-02-04,36,28,0.34,M,M
2003-02-05,31,9,T,M,M
2003-02-06,26,-8,T,M,M
2003-02-07,23,6,0.04,M,M
2003-02-08,25,-11,0.00,M,M
2003-02-09,30,3,0.01,M,M
2003-02-10,30,-1,0.02,M,M
2003-02-11,26,-2,0.01,M,M
2003-02-12,22,-5,0.03,M,M
2003-02-13,10,-19,T,M,M
2003-02-14,13,-27,T,M,M
2003-02-15,6,-25,0.00,M,M
2003-02-16,6,-17,0.00,M,M
2003-02-17,17,-3,0.19,M,M
2003-02-18,24,11,0.18,M,M
2003-02-19,38,18,T,M,M
2003-02-20,42,24,0.00,M,M
2003-02-21,48,14,0.00,M,M
2003-02-22,38,22,0.24,M,M
2003-02-23,35,18,0.23,M,M
2003-02-24,28,10,T,M,M
2003-02-25,22,-7,0.00,M,M
2003-02-26,19,-16,0.00,M,M
2003-02-27,30,-12,0.00,M,M
2003-02-28,35,-4,0.00,M,M
2003-03-01,38,10,T,M,M
2003-03-02,36,31,0.29,M,M
2003-03-03,32,-10,T,M,M
2003-03-04,30,-14,T,M,M
2003-03-05,37,22,0.05,M,M
2003-03-06,29,2,T,M,M
2003-03-07,29,-9,T,M,M
2003-03-08,43,11,T,M,M
2003-03-09,40,11,T,M,M
2003-03-10,18,-1,0.00,M,M
2003-03-11,32,-2,0.00,M,M
2003-03-12,41,22,T,M,M
2003-03-13,29,10,0.03,M,M
2003-03-14,24,4,T,M,M
2003-03-15,38,13,0.01,M,M
2003-03-16,58,13,0.00,M,M
2003-03-17,65,26,0.00,M,M
2003-03-18,48,28,0.00,M,M
2003-03-19,44,17,0.00,M,M
2003-03-20,37,22,0.56,M,M
2003-03-21,56,32,0.28,M,M
2003-03-22,50,32,0.00,M,M
2003-03-23,44,28,0.00,M,M
2003-03-24,56,29,0.00,M,M
2003-03-25,59,27,0.00,M,M
2003-03-26,44,33,0.32,M,M
2003-03-27,53,27,0.00,M,M
2003-03-28,59,25,0.00,M,M
2003-03-29,61,44,0.41,M,M
2003-03-30,45,28,0.26,M,M
2003-03-31,32,16,T,M,M
2003-04-01,37,11,T,M,M
2003-04-02,39,27,0.16,M,M
2003-04-03,35,28,0.25,M,M
2003-04-04,29,23,0.76,M,M
2003-04-05,28,21,0.21,M,M
2003-04-06,34,10,0.01,M,M
2003-04-07,36,4,0.03,M,M
2003-04-08,34,26,0.02,M,M
2003-04-09,37,23,T,M,M
2003-04-10,54,19,0.00,M,M
2003-04-11,48,24,0.09,M,M
2003-04-12,63,34,T,M,M
2003-04-13,51,25,0.00,M,M
2003-04-14,59,21,0.00,M,M
2003-04-15,80,33,0.00,M,M
2003-04-16,71,29,0.00,M,M
2003-04-17,45,21,0.00,M,M
2003-04-18,48,22,T,M,M
2003-04-19,63,31,0.00,M,M
2003-04-21,72,32,0.01,M,M
2003-04-22,52,44,0.19,M,M
2003-04-23,44,32,0.19,M,M
2003-04-24,39,30,0.05,M,M
2003-04-25,59,23,T,M,M
2003-04-26,46,36,0.28,M,M
2003-04-27,64,36,0.01,M,M
2003-04-28,78,31,0.00,M,M
2003-04-29,71,38,0.00,M,M
2003-04-30,61,30,0.00,M,M
2003-05-01,67,43,0.13,M,M
2003-05-02,58,45,0.43,M,M
2003-05-03,60,32,0.00,M,M
2003-05-04,67,27,0.00,M,M
2003-05-05,71,31,0.00,M,M
2003-05-06,54,45,0.01,M,M
2003-05-07,67,49,0.00,M,M
2003-05-08,52,46,0.10,M,M
2003-05-09,60,36,0.06,M,M
2003-05-10,69,31,0.00,M,M
2003-05-11,69,35,0.71,M,M
2003-05-12,53,43,0.26,M,M
2003-05-13,52,44,0.32,M,M
2003-05-14,56,44,0.07,M,M
2003-05-15,62,45,T,M,M
2003-05-16,61,33,0.00,M,M
2003-05-17,67,29,0.00,M,M
2003-05-18,77,31,0.00,M,M
2003-05-19,83,37,0.00,M,M
2003-05-20,82,40,0.00,M,M
2003-05-21,61,44,0.07,M,M
2003-05-22,64,46,T,M,M
2003-05-23,58,45,0.06,M,M
2003-05-24,53,48,0.14,M,M
2003-05-25,60,48,0.12,M,M
2003-05-26,55,51,0.68,M,M
2003-05-27,66,49,0.00,M,M
2003-05-28,64,52,0.11,M,M
2003-05-29,68,49,0.09,M,M
2003-05-30,72,49,0.01,M,M
2003-05-31,71,48,0.11,M,M
2003-06-01,57,48,0.28,M,M
2003-06-02,69,38,0.00,M,M
2003-06-03,70,33,0.00,M,M
2003-06-04,73,38,0.00,M,M
2003-06-05,60,50,0.29,M,M
2003-06-06,78,51,0.00,M,M
2003-06-07,63,49,0.04,M,M
2003-06-08,70,54,0.00,M,M
2003-06-09,72,56,0.03,M,M
2003-06-10,75,51,0.00,M,M
2003-06-11,71,51,0.04,M,M
2003-06-12,78,55,0.00,M,M
2003-06-13,63,53,0.57,M,M
2003-06-14,60,52,0.12,M,M
2003-06-15,74,46,0.01,M,M
2003-06-16,72,40,0.00,M,M
2003-06-17,78,43,0.00,M,M
2003-06-18,65,50,T,M,M
2003-06-19,78,50,0.00,M,M
2003-06-20,79,53,0.03,M,M
2003-06-21,77,50,T,M,M
2003-06-22,72,57,0.07,M,M
2003-06-23,89,60,0.04,M,M
2003-06-24,95,60,0.01,M,M
2003-06-25,93,57,T,M,M
2003-06-26,94,63,T,M,M
2003-06-27,91,62,0.00,M,M
2003-06-28,84,55,0.00,M,M
2003-06-29,83,53,0.01,M,M
2003-06-30,81,54,0.14,M,M
2003-07-01,81,49,0.01,M,M
2003-07-02,85,51,0.00,M,M
2003-07-03,87,60,0.00,M,M
2003-07-04,91,58,0.00,M,M
2003-07-05,88,62,0.00,M,M
2003-07-06,88,60,T,M,M
2003-07-07,85,56,0.02,M,M
2003-07-08,87,65,0.00,M,M
2003-07-09,75,50,0.03,M,M
2003-07-10,77,47,0.01,M,M
2003-07-11,60,54,0.99,M,M
2003-07-12,78,57,0.00,M,M
2003-07-13,74,51,T,M,M
2003-07-14,81,50,0.01,M,M
2003-07-15,87,51,0.00,M,M
2003-07-16,72,60,0.76,M,M
2003-07-17,82,58,0.00,M,M
2003-07-18,71,57,0.11,M,M
2003-07-19,77,53,0.00,M,M
2003-07-20,80,50,0.00,M,M
2003-07-21,76,60,0.34,M,M
2003-07-22,80,63,0.41,M,M
2003-07-23,80,64,0.32,M,M
2003-07-24,81,62,0.86,M,M
2003-07-25,83,58,0.08,M,M
2003-07-26,83,54,0.01,M,M
2003-07-27,79,64,0.01,M,M
2003-07-28,77,54,0.01,M,M
2003-07-29,82,50,0.00,M,M
2003-07-30,84,53,0.00,M,M
2003-07-31,83,53,0.00,M,M
2003-08-01,65,58,1.49,M,M
2003-08-02,80,58,0.16,M,M
2003-08-03,84,68,0.02,M,M
2003-08-04,81,68,0.39,M,M
2003-08-05,84,69,0.33,M,M
2003-08-06,79,61,0.31,M,M
2003-08-07,81,62,0.00,M,M
2003-08-08,82,66,0.01,M,M
2003-08-09,83,65,1.27,M,M
2003-08-10,82,68,0.59,M,M
2003-08-11,84,67,0.05,M,M
2003-08-12,78,68,0.74,M,M
2003-08-13,86,62,0.05,M,M
2003-08-14,85,60,0.00,M,M
2003-08-15,88,62,0.01,M,M
2003-08-16,84,59,T,M,M
2003-08-17,79,58,0.00,M,M
2003-08-18,80,58,0.01,M,M
2003-08-19,84,59,0.00,M,M
2003-08-20,87,57,0.00,M,M
2003-08-21,86,60,0.01,M,M
2003-08-22,86,59,0.10,M,M
2003-08-23,75,47,0.00,M,M
2003-08-24,72,41,0.00,M,M
2003-08-25,74,49,0.00,M,M
2003-08-26,80,53,0.09,M,M
2003-08-27,82,51,0.01,M,M
2003-08-28,69,45,0.00,M,M
2003-08-29,77,45,0.14,M,M
2003-08-30,71,45,0.11,M,M
2003-08-31,68,43,0.00,M,M
2003-09-01,67,45,0.05,M,M
2003-09-02,67,54,0.01,M,M
2003-09-03,70,54,0.24,M,M
2003-09-04,68,55,1.18,M,M
2003-09-05,71,48,0.01,M,M
2003-09-06,74,47,0.00,M,M
2003-09-07,78,47,0.04,M,M
2003-09-08,72,45,0.00,M,M
2003-09-09,69,42,0.01,M,M
2003-09-10,75,43,0.00,M,M
2003-09-11,79,47,0.01,M,M
2003-09-12,74,44,0.00,M,M
2003-09-13,74,43,0.00,M,M
2003-09-14,71,63,0.50,M,M
2003-09-15,76,62,0.01,M,M
2003-09-16,73,49,0.50,M,M
2003-09-17,73,48,0.01,M,M
2003-09-18,72,50,0.00,M,M
2003-09-19,73,55,0.01,M,M
2003-09-20,78,51,T,M,M
2003-09-21,68,46,0.00,M,M
2003-09-22,70,45,0.00,M,M
2003-09-23,64,49,1.42,M,M
2003-09-24,69,43,0.01,M,M
2003-09-25,72,43,0.16,M,M
2003-09-26,68,50,0.00,M,M
2003-09-27,70,55,0.00,M,M
2003-09-28,66,53,0.73,M,M
2003-09-29,59,42,0.03,M,M
2003-09-30,60,37,0.00,M,M
2003-10-01,52,36,0.03,M,M
2003-10-02,52,34,0.07,M,M
2003-10-03,54,29,0.00,M,M
2003-10-04,50,38,0.31,M,M
2003-10-05,53,31,0.00,M,M
2003-10-06,54,29,0.00,M,M
2003-10-07,58,30,0.00,M,M
2003-10-08,70,31,0.00,M,M
2003-10-09,76,38,T,M,M
2003-10-10,72,44,0.01,M,M
2003-10-11,73,43,0.01,M,M
2003-10-12,62,46,0.02,M,M
2003-10-13,66,36,0.00,M,M
2003-10-14,61,33,0.00,M,M
2003-10-15,59,47,1.04,M,M
2003-10-16,52,32,T,M,M
2003-10-17,51,28,0.00,M,M
2003-10-18,49,28,0.00,M,M
2003-10-19,49,25,0.00,M,M
2003-10-20,47,21,T,M,M
2003-10-21,61,38,0.25,M,M
2003-10-22,38,32,0.06,M,M
2003-10-23,40,31,0.02,M,M
2003-10-24,43,22,T,M,M
2003-10-25,51,22,T,M,M
2003-10-26,65,43,0.06,M,M
2003-10-27,62,50,1.26,M,M
2003-10-28,55,37,T,M,M
2003-10-29,49,40,1.48,M,M
2003-10-30,53,31,0.00,M,M
2003-10-31,62,31,0.00,M,M
2003-11-01,68,43,0.00,M,M
2003-11-02,53,44,0.31,M,M
2003-11-03,49,44,0.33,M,M
2003-11-04,47,34,0.09,M,M
2003-11-05,44,34,0.14,M,M
2003-11-06,47,36,0.00,M,M
2003-11-07,50,39,0.00,M,M
2003-11-08,41,15,T,M,M
2003-11-09,34,12,0.00,M,M
2003-11-10,46,14,0.00,M,M
2003-11-11,36,18,0.08,M,M
2003-11-12,49,32,T,M,M
2003-11-13,50,31,0.30,M,M
2003-11-14,33,23,0.01,M,M
2003-11-15,35,17,0.00,M,M
2003-11-16,42,14,0.00,M,M
2003-11-17,41,21,T,M,M
2003-11-18,45,21,0.00,M,M
2003-11-19,60,41,0.32,M,M
2003-11-20,58,38,1.19,M,M
2003-11-21,53,26,0.00,M,M
2003-11-22,51,26,0.00,M,M
2003-11-23,51,24,0.00,M,M
2003-11-24,54,24,0.00,M,M
2003-11-25,43,22,0.07,M,M
2003-11-26,39,21,0.00,M,M
2003-11-27,48,25,T,M,M
2003-11-29,41,30,0.01,M,M
2003-11-30,40,33,0.00,M,M
2003-12-01,43,19,T,M,M
2003-12-02,26,10,0.04,M,M
2003-12-03,23,2,T,M,M
2003-12-04,27,5,T,M,M
2003-12-05,20,1,0.00,M,M
2003-12-06,19,14,0.85,M,M
2003-12-07,24,17,0.16,M,M
2003-12-08,31,-2,0.00,M,M
2003-12-09,23,-10,0.00,M,M
2003-12-10,35,-0,0.00,M,M
2003-12-11,49,33,0.50,M,M
2003-12-12,36,15,0.01,M,M
2003-12-13,22,3,0.00,M,M
2003-12-14,40,2,0.52,M,M
2003-12-15,39,-4,0.61,M,M
2003-12-16,M,M,0.00,M,M
2003-12-17,36,5,1.73,M,M
2003-12-18,32,21,0.03,M,M
2003-12-19,31,5,0.00,M,M
2003-12-20,28,11,T,M,M
2003-12-21,28,-3,T,M,M
2003-12-22,31,9,0.00,M,M
2003-12-23,39,17,0.00,M,M
2003-12-24,52,19,0.43,M,M
2003-12-25,42,31,0.18,M,M
2003-12-26,34,20,0.00,M,M
2003-12-27,36,11,0.00,M,M
2003-12-28,32,8,0.00,M,M
2003-12-29,35,10,0.00,M,M
2003-12-30,43,23,T,M,M
2003-12-31,41,28,T,M,M
2004-01-01,38,19,0.00,M,M
2004-01-02,29,17,0.11,M,M
2004-01-03,36,28,0.15,M,M
2004-01-04,38,28,T,M,M
2004-01-05,29,25,0.14,M,M
2004-01-06,30,6,0.01,M,M
2004-01-07,16,4,T,M,M
2004-01-08,7,-13,T,M,M
2004-01-09,-0,-23,T,M,M
2004-01-10,4,-21,T,M,M
2004-01-11,15,-19,T,M,M
2004-01-12,25,10,0.03,M,M
2004-01-13,31,-7,0.01,M,M
2004-01-14,-4,-21,T,M,M
2004-01-15,-4,-15,T,M,M
2004-01-16,7,-13,T,M,M
2004-01-17,25,-3,0.00,M,M
2004-01-18,26,13,0.02,M,M
2004-01-19,18,3,0.00,M,M
2004-01-20,16,2,T,M,M
2004-01-21,19,-0,0.00,M,M
2004-01-22,27,4,0.02,M,M
2004-01-23,12,-11,T,M,M
2004-01-24,7,-21,T,M,M
2004-01-25,6,-17,T,M,M
2004-01-26,8,-18,0.00,M,M
2004-01-27,15,-7,0.00,M,M
2004-01-28,22,14,0.17,M,M
2004-01-29,20,9,T,M,M
2004-01-30,20,-2,T,M,M
2004-01-31,17,-2,T,M,M
2004-02-01,27,-9,T,M,M
2004-02-02,34,6,0.00,M,M
2004-02-03,30,-0,0.35,M,M
2004-02-04,35,16,0.08,M,M
2004-02-05,28,19,T,M,M
2004-02-06,26,17,0.34,M,M
2004-02-07,33,17,0.01,M,M
2004-02-08,20,-0,T,M,M
2004-02-09,40,-4,0.00,M,M
2004-02-10,39,23,0.00,M,M
2004-02-11,30,1,T,M,M
2004-02-12,30,-6,0.00,M,M
2004-02-13,35,24,T,M,M
2004-02-14,35,15,T,M,M
2004-02-15,15,-12,T,M,M
2004-02-16,21,-19,T,M,M
2004-02-17,24,-11,0.00,M,M
2004-02-18,35,-2,0.00,M,M
2004-02-19,31,5,0.00,M,M
2004-02-20,35,1,T,M,M
2004-02-21,35,29,0.05,M,M
2004-02-22,35,27,0.00,M,M
2004-02-23,35,13,0.00,M,M
2004-02-24,34,-0,T,M,M
2004-02-25,33,-1,T,M,M
2004-02-26,33,2,T,M,M
2004-02-27,38,-0,T,M,M
2004-02-28,46,8,0.00,M,M
2004-02-29,48,15,0.00,M,M
2004-03-01,53,22,0.00,M,M
2004-03-02,50,31,0.05,M,M
2004-03-03,44,31,0.00,M,M
2004-03-04,42,30,0.00,M,M
2004-03-05,40,32,0.15,M,M
2004-03-06,52,32,0.03,M,M
2004-03-07,39,28,T,M,M
2004-03-08,34,28,0.02,M,M
2004-03-09,33,27,0.03,M,M
2004-03-10,40,21,T,M,M
2004-03-11,49,19,0.00,M,M
2004-03-12,44,27,0.01,M,M
2004-03-13,34,22,0.00,M,M
2004-03-14,42,11,T,M,M
2004-03-15,39,29,T,M,M
2004-03-16,31,21,0.04,M,M
2004-03-17,28,19,0.16,M,M
2004-03-18,32,13,T,M,M
2004-03-19,35,17,T,M,M
2004-03-20,37,12,0.05,M,M
2004-03-21,41,20,0.04,M,M
2004-03-22,23,7,T,M,M
2004-03-23,38,4,0.04,M,M
2004-03-24,47,6,T,M,M
2004-03-25,45,28,0.14,M,M
2004-03-26,65,35,0.04,M,M
2004-03-27,54,36,0.09,M,M
2004-03-28,57,26,0.00,M,M
2004-03-29,53,21,0.00,M,M
2004-03-30,51,20,0.00,M,M
2004-03-31,40,29,0.44,M,M
2004-04-01,46,37,0.28,M,M
2004-04-02,41,36,0.19,M,M
2004-04-03,44,32,0.04,M,M
2004-04-04,44,31,0.07,M,M
2004-04-05,33,23,T,M,M
2004-04-06,45,22,0.00,M,M
2004-04-07,52,23,0.00,M,M
2004-04-08,55,20,0.00,M,M
2004-04-09,53,23,0.00,M,M
2004-04-10,52,20,0.00,M,M
2004-04-11,49,21,0.00,M,M
2004-04-12,53,22,T,M,M
2004-04-13,40,34,0.02,M,M
2004-04-14,50,39,0.01,M,M
2004-04-15,53,27,0.00,M,M
2004-04-16,57,23,0.00,M,M
2004-04-17,74,27,T,M,M
2004-04-18,65,39,0.07,M,M
2004-04-19,88,45,T,M,M
2004-04-20,62,32,0.00,M,M
2004-04-21,62,27,0.00,M,M
2004-04-22,76,49,0.01,M,M
2004-04-23,52,42,0.06,M,M
2004-04-24,57,36,T,M,M
2004-04-25,55,26,0.12,M,M
2004-04-26,48,38,0.50,M,M
2004-04-27,63,38,0.01,M,M
2004-04-28,51,27,0.00,M,M
2004-04-29,80,28,0.00,M,M
2004-04-30,82,46,0.00,M,M
2004-05-01,81,51,T,M,M
2004-05-02,73,56,0.01,M,M
2004-05-03,65,40,0.43,M,M
2004-05-04,51,29,0.26,M,M
2004-05-05,51,27,0.03,M,M
2004-05-06,69,40,0.01,M,M
2004-05-07,71,40,0.00,M,M
2004-05-08,55,26,T,M,M
2004-05-09,68,43,0.00,M,M
2004-05-10,63,39,0.24,M,M
2004-05-11,81,46,T,M,M
2004-05-12,84,43,0.00,M,M
2004-05-13,74,53,0.01,M,M
2004-05-14,84,48,0.00,M,M
2004-05-15,85,59,0.30,M,M
2004-05-16,71,51,0.08,M,M
2004-05-17,74,49,0.00,M,M
2004-05-18,76,59,0.54,M,M
2004-05-19,71,42,T,M,M
2004-05-20,73,38,0.09,M,M
2004-05-21,76,50,0.00,M,M
2004-05-22,55,45,0.75,M,M
2004-05-23,60,46,0.46,M,M
2004-05-24,60,51,1.55,M,M
2004-05-25,60,47,0.05,M,M
2004-05-26,53,45,0.14,M,M
2004-05-27,72,49,0.03,M,M
2004-05-28,65,48,0.84,M,M
2004-05-29,58,37,0.00,M,M
2004-05-30,67,35,0.00,M,M
2004-05-31,71,34,0.00,M,M
2004-06-01,54,45,0.45,M,M
2004-06-02,72,46,0.01,M,M
2004-06-03,67,42,0.13,M,M
2004-06-04,71,37,0.00,M,M
2004-06-05,71,41,0.00,M,M
2004-06-06,66,45,0.00,M,M
2004-06-07,79,49,0.00,M,M
2004-06-08,87,51,0.00,M,M
2004-06-09,89,60,0.77,M,M
2004-06-10,70,41,0.00,M,M
2004-06-11,69,37,0.00,M,M
2004-06-12,72,36,0.00,M,M
2004-06-13,77,40,0.00,M,M
2004-06-14,78,53,0.00,M,M
2004-06-15,84,57,0.01,M,M
2004-06-16,83,50,0.00,M,M
2004-06-17,75,58,T,M,M
2004-06-18,81,56,0.00,M,M
2004-06-19,76,53,0.04,M,M
2004-06-20,71,39,0.00,M,M
2004-06-21,75,40,0.00,M,M
2004-06-22,64,51,0.29,M,M
2004-06-23,80,52,0.00,M,M
2004-06-24,83,49,0.01,M,M
2004-06-25,72,57,0.01,M,M
2004-06-26,73,44,0.13,M,M
2004-06-27,75,42,0.00,M,M
2004-06-28,73,43,0.00,M,M
2004-06-29,76,55,0.49,M,M
2004-06-30,77,49,0.00,M,M
2004-07-01,84,48,0.32,M,M
2004-07-02,80,54,0.02,M,M
2004-07-03,83,49,0.00,M,M
2004-07-04,85,49,0.00,M,M
2004-07-05,75,63,0.25,M,M
2004-07-06,79,52,0.00,M,M
2004-07-07,83,49,0.00,M,M
2004-07-08,76,64,0.80,M,M
2004-07-09,76,55,0.08,M,M
2004-07-10,81,53,0.09,M,M
2004-07-11,80,55,0.00,M,M
2004-07-12,76,56,T,M,M
2004-07-13,68,60,0.05,M,M
2004-07-14,70,60,T,M,M
2004-07-15,75,61,0.12,M,M
2004-07-16,77,58,0.04,M,M
2004-07-17,84,60,0.00,M,M
2004-07-18,82,61,0.04,M,M
2004-07-19,78,64,0.02,M,M
2004-07-20,85,61,0.00,M,M
2004-07-21,87,58,0.00,M,M
2004-07-22,88,61,0.00,M,M
2004-07-23,77,68,0.84,M,M
2004-07-24,73,56,T,M,M
2004-07-25,74,52,0.00,M,M
2004-07-26,78,57,T,M,M
2004-07-27,66,57,0.48,M,M
2004-07-28,69,57,0.18,M,M
2004-07-29,82,59,T,M,M
2004-07-30,85,59,0.01,M,M
2004-07-31,84,72,0.22,M,M
2004-08-01,86,68,0.01,M,M
2004-08-02,85,61,0.00,M,M
2004-08-03,88,58,0.02,M,M
2004-08-04,80,63,0.00,M,M
2004-08-05,76,49,0.00,M,M
2004-08-06,68,44,0.00,M,M
2004-08-07,71,45,0.00,M,M
2004-08-08,75,47,T,M,M
2004-08-09,82,45,0.01,M,M
2004-08-10,83,51,0.00,M,M
2004-08-11,81,66,0.02,M,M
2004-08-12,77,63,0.55,M,M
2004-08-13,76,66,0.57,M,M
2004-08-14,79,60,0.00,M,M
2004-08-15,77,60,0.00,M,M
2004-08-16,68,58,1.57,M,M
2004-08-17,76,56,0.00,M,M
2004-08-18,79,56,T,M,M
2004-08-19,81,63,0.00,M,M
2004-08-20,80,62,0.02,M,M
2004-08-21,67,49,0.65,M,M
2004-08-22,73,45,0.01,M,M
2004-08-23,81,49,0.02,M,M
2004-08-24,74,45,0.01,M,M
2004-08-25,78,47,0.00,M,M
2004-08-26,80,53,0.00,M,M
2004-08-27,82,54,0.00,M,M
2004-08-28,89,65,0.01,M,M
2004-08-29,87,66,0.10,M,M
2004-08-30,85,65,1.13,M,M
2004-08-31,78,56,0.03,M,M
2004-09-01,77,51,0.01,M,M
2004-09-02,73,47,0.01,M,M
2004-09-03,82,45,0.00,M,M
2004-09-04,79,55,0.00,M,M
2004-09-05,65,57,0.00,M,M
2004-09-06,73,50,0.00,M,M
2004-09-07,82,48,0.01,M,M
2004-09-08,72,59,0.68,M,M
2004-09-09,75,60,0.87,M,M
2004-09-10,69,50,0.00,M,M
2004-09-11,77,51,0.01,M,M
2004-09-12,79,49,0.01,M,M
2004-09-13,73,44,0.01,M,M
2004-09-14,71,42,0.00,M,M
2004-09-15,73,49,0.00,M,M
2004-09-16,79,54,0.00,M,M
2004-09-17,72,59,0.53,M,M
2004-09-18,60,46,1.25,M,M
2004-09-19,57,39,0.00,M,M
2004-09-20,70,35,0.00,M,M
2004-09-21,70,49,0.00,M,M
2004-09-22,82,52,0.00,M,M
2004-09-23,78,47,0.00,M,M
2004-09-24,78,45,0.01,M,M
2004-09-25,77,47,0.00,M,M
2004-09-26,75,44,0.00,M,M
2004-09-27,76,40,0.01,M,M
2004-09-28,66,50,0.08,M,M
2004-09-29,67,44,0.00,M,M
2004-09-30,66,45,0.26,M,M
2004-10-01,72,50,0.01,M,M
2004-10-02,62,50,0.04,M,M
2004-10-03,65,37,0.00,M,M
2004-10-04,68,37,T,M,M
2004-10-05,53,29,0.00,M,M
2004-10-06,61,28,0.00,M,M
2004-10-07,73,34,0.00,M,M
2004-10-08,77,43,0.00,M,M
2004-10-09,68,48,0.01,M,M
2004-10-10,59,41,0.00,M,M
2004-10-11,56,48,0.00,M,M
2004-10-12,57,33,0.00,M,M
2004-10-13,70,30,0.00,M,M
2004-10-14,63,32,0.13,M,M
2004-10-15,56,49,1.05,M,M
2004-10-16,56,43,0.32,M,M
2004-10-17,53,38,0.02,M,M
2004-10-18,54,36,0.00,M,M
2004-10-19,50,32,0.00,M,M
2004-10-20,55,33,0.00,M,M
2004-10-21,49,31,0.00,M,M
2004-10-22,49,31,0.00,M,M
2004-10-23,52,30,0.00,M,M
2004-10-24,47,35,0.00,M,M
2004-10-25,53,29,0.00,M,M
2004-10-26,59,28,0.00,M,M
2004-10-27,57,36,0.00,M,M
2004-10-28,53,23,0.00,M,M
2004-10-29,57,25,0.00,M,M
2004-10-30,58,32,0.05,M,M
2004-10-31,60,49,0.04,M,M
2004-11-01,53,36,0.02,M,M
2004-11-02,46,29,0.31,M,M
2004-11-03,46,26,0.10,M,M
2004-11-04,47,21,0.41,M,M
2004-11-05,45,32,0.08,M,M
2004-11-06,54,30,0.00,M,M
2004-11-07,58,35,0.00,M,M
2004-11-08,48,24,T,M,M
2004-11-09,35,16,T,M,M
2004-11-10,34,13,0.00,M,M
2004-11-11,50,30,T,M,M
2004-11-12,35,26,0.00,M,M
2004-11-13,40,18,0.00,M,M
2004-11-14,48,13,0.00,M,M
2004-11-15,54,19,0.00,M,M
2004-11-16,44,23,0.00,M,M
2004-11-17,42,22,0.00,M,M
2004-11-18,48,36,T,M,M
2004-11-19,55,26,0.00,M,M
2004-11-20,43,23,0.27,M,M
2004-11-21,44,36,0.12,M,M
2004-11-22,50,27,0.00,M,M
2004-11-23,47,26,0.00,M,M
2004-11-24,48,27,0.50,M,M
2004-11-25,64,31,0.93,M,M
2004-11-26,36,21,0.00,M,M
2004-11-27,42,19,0.00,M,M
2004-11-28,50,41,0.66,M,M
2004-11-29,42,31,0.00,M,M
2004-11-30,47,28,0.00,M,M
2004-12-01,47,33,1.02,M,M
2004-12-02,40,28,T,M,M
2004-12-03,36,28,0.03,M,M
2004-12-04,35,19,T,M,M
2004-12-05,44,15,T,M,M
2004-12-06,23,13,0.01,M,M
2004-12-07,34,22,0.45,M,M
2004-12-08,47,32,0.03,M,M
2004-12-09,39,24,0.01,M,M
2004-12-10,37,32,0.46,M,M
2004-12-11,38,34,0.11,M,M
2004-12-12,38,32,0.01,M,M
2004-12-13,39,29,0.05,M,M
2004-12-14,33,11,T,M,M
2004-12-15,24,7,0.00,M,M
2004-12-16,35,8,0.00,M,M
2004-12-17,37,12,T,M,M
2004-12-18,32,5,0.00,M,M
2004-12-19,36,19,0.06,M,M
2004-12-20,21,-12,0.05,M,M
2004-12-21,13,-12,0.00,M,M
2004-12-22,27,1,T,M,M
2004-12-23,58,26,1.00,M,M
2004-12-24,38,16,0.00,M,M
2004-12-25,24,11,0.00,M,M
2004-12-26,20,11,0.07,M,M
2004-12-27,20,-3,0.06,M,M
2004-12-28,23,19,0.00,M,M
2004-12-29,36,21,0.00,M,M
2004-12-30,36,15,0.00,M,M
2004-12-31,44,16,T,M,M
2005-01-01,50,24,0.01,M,M
2005-01-02,35,19,0.11,M,M
2005-01-03,45,33,0.01,M,M
2005-01-04,39,31,0.13,M,M
2005-01-05,32,19,0.00,M,M
2005-01-06,26,19,0.36,M,M
2005-01-07,33,13,0.01,M,M
2005-01-08,25,13,0.28,M,M
2005-01-09,31,4,0.00,M,M
2005-01-10,40,28,T,M,M
2005-01-11,32,14,T,M,M
2005-01-12,31,23,0.15,M,M
2005-01-13,51,30,0.00,M,M
2005-01-14,58,24,0.51,M,M
2005-01-15,26,13,0.00,M,M
2005-01-16,25,12,0.01,M,M
2005-01-17,20,5,T,M,M
2005-01-18,5,-7,T,M,M
2005-01-19,18,-8,0.05,M,M
2005-01-20,19,-1,T,M,M
2005-01-21,4,-10,0.00,M,M
2005-01-22,7,-15,0.15,M,M
2005-01-23,13,-10,0.17,M,M
2005-01-24,19,-22,0.00,M,M
2005-01-25,18,-1,T,M,M
2005-01-26,16,2,0.08,M,M
2005-01-27,9,-16,0.01,M,M
2005-01-28,15,-21,0.00,M,M
2005-01-29,25,-13,0.00,M,M
2005-01-30,34,3,0.00,M,M
2005-01-31,33,-5,0.00,M,M
2005-02-01,35,-5,0.00,M,M
2005-02-02,38,-6,0.00,M,M
2005-02-03,35,-5,0.00,M,M
2005-02-04,47,20,0.00,M,M
2005-02-05,49,13,0.00,M,M
2005-02-06,51,15,0.00,M,M
2005-02-07,50,18,0.00,M,M
2005-02-08,41,31,0.01,M,M
2005-02-09,39,34,0.10,M,M
2005-02-10,35,25,0.99,M,M
2005-02-11,30,15,0.01,M,M
2005-02-12,36,15,T,M,M
2005-02-13,28,6,0.02,M,M
2005-02-14,33,2,0.10,M,M
2005-02-15,44,29,0.11,M,M
2005-02-16,50,27,0.22,M,M
2005-02-17,34,17,0.00,M,M
2005-02-18,26,9,T,M,M
2005-02-19,23,4,0.00,M,M
2005-02-20,22,5,T,M,M
2005-02-21,21,13,0.14,M,M
2005-02-22,33,21,0.01,M,M
2005-02-23,30,5,T,M,M
2005-02-24,25,-3,T,M,M
2005-02-25,27,3,0.02,M,M
2005-02-26,29,-1,0.00,M,M
2005-02-27,29,-3,0.00,M,M
2005-02-28,32,5,0.00,M,M
2005-03-01,29,21,0.40,M,M
2005-03-02,28,17,T,M,M
2005-03-03,23,-0,T,M,M
2005-03-04,30,-7,0.00,M,M
2005-03-05,38,-8,0.00,M,M
2005-03-06,36,11,T,M,M
2005-03-07,48,23,T,M,M
2005-03-08,37,11,0.48,M,M
2005-03-09,18,5,T,M,M
2005-03-10,25,-5,0.00,M,M
2005-03-11,30,1,T,M,M
2005-03-12,33,28,0.74,M,M
2005-03-13,38,12,T,M,M
2005-03-14,38,7,0.00,M,M
2005-03-15,39,21,0.00,M,M
2005-03-16,40,18,0.00,M,M
2005-03-17,41,10,0.00,M,M
2005-03-18,40,14,T,M,M
2005-03-19,42,15,0.00,M,M
2005-03-20,49,10,0.00,M,M
2005-03-21,48,20,0.00,M,M
2005-03-22,49,17,0.00,M,M
2005-03-23,39,25,0.00,M,M
2005-03-24,44,29,0.14,M,M
2005-03-25,43,22,0.00,M,M
2005-03-26,45,15,0.00,M,M
2005-03-27,52,17,0.00,M,M
2005-03-28,37,31,1.62,M,M
2005-03-29,47,30,0.03,M,M
2005-03-30,59,26,0.00,M,M
2005-03-31,56,26,0.00,M,M
2005-04-01,51,35,0.08,M,M
2005-04-02,50,35,0.63,M,M
2005-04-03,52,37,0.63,M,M
2005-04-04,45,36,0.02,M,M
2005-04-05,57,33,0.00,M,M
2005-04-06,68,35,0.00,M,M
2005-04-07,62,37,0.08,M,M
2005-04-08,62,30,0.00,M,M
2005-04-09,61,25,0.00,M,M
2005-04-10,68,25,0.00,M,M
2005-04-11,49,25,0.00,M,M
2005-04-12,49,27,0.00,M,M
2005-04-13,55,29,0.00,M,M
2005-04-14,57,28,0.00,M,M
2005-04-15,60,21,0.00,M,M
2005-04-16,69,23,0.00,M,M
2005-04-17,75,25,0.00,M,M
2005-04-18,69,31,0.00,M,M
2005-04-19,78,26,0.00,M,M
2005-04-20,83,42,0.30,M,M
2005-04-21,53,27,0.00,M,M
2005-04-22,63,23,T,M,M
2005-04-23,51,39,1.21,M,M
2005-04-24,63,44,0.39,M,M
2005-04-25,50,40,0.24,M,M
2005-04-26,66,35,0.00,M,M
2005-04-27,54,46,0.38,M,M
2005-04-28,54,37,0.37,M,M
2005-04-29,60,35,0.00,M,M
2005-04-30,56,36,0.29,M,M
2005-05-01,58,35,0.00,M,M
2005-05-02,60,29,0.01,M,M
2005-05-03,56,29,T,M,M
2005-05-04,56,28,0.00,M,M
2005-05-05,62,27,0.00,M,M
2005-05-06,63,31,0.00,M,M
2005-05-07,52,39,0.14,M,M
2005-05-08,53,44,0.00,M,M
2005-05-09,73,47,0.00,M,M
2005-05-10,78,42,0.00,M,M
2005-05-11,83,47,0.00,M,M
2005-05-12,62,30,0.00,M,M
2005-05-13,61,25,0.00,M,M
2005-05-14,63,44,0.00,M,M
2005-05-15,55,47,0.41,M,M
2005-05-16,64,43,0.04,M,M
2005-05-17,62,36,0.00,M,M
2005-05-18,63,40,0.00,M,M
2005-05-19,65,37,0.00,M,M
2005-05-20,71,33,0.00,M,M
2005-05-21,66,37,0.05,M,M
2005-05-22,53,45,0.62,M,M
2005-05-23,55,46,0.53,M,M
2005-05-24,55,45,0.24,M,M
2005-05-25,53,47,0.11,M,M
2005-05-26,60,50,0.20,M,M
2005-05-27,64,47,0.04,M,M
2005-05-28,75,48,0.00,M,M
2005-05-29,72,47,0.10,M,M
2005-05-30,68,50,0.16,M,M
2005-05-31,68,52,0.08,M,M
2005-06-01,75,52,0.00,M,M
2005-06-02,82,47,0.00,M,M
2005-06-03,83,50,0.00,M,M
2005-06-04,89,52,0.00,M,M
2005-06-05,89,52,0.00,M,M
2005-06-06,75,59,0.33,M,M
2005-06-07,86,58,0.01,M,M
2005-06-08,88,53,0.26,M,M
2005-06-09,89,62,0.18,M,M
2005-06-10,88,66,0.12,M,M
2005-06-11,91,69,0.00,M,M
2005-06-12,90,68,0.05,M,M
2005-06-13,89,70,0.03,M,M
2005-06-14,75,57,1.12,M,M
2005-06-15,57,50,0.15,M,M
2005-06-16,57,50,0.23,M,M
2005-06-17,69,52,1.41,M,M
2005-06-18,67,51,0.29,M,M
2005-06-19,74,51,0.00,M,M
2005-06-20,81,50,0.01,M,M
2005-06-21,85,51,0.01,M,M
2005-06-22,76,46,0.25,M,M
2005-06-23,77,42,0.00,M,M
2005-06-24,86,50,0.00,M,M
2005-06-25,95,58,0.00,M,M
2005-06-26,95,65,0.00,M,M
2005-06-27,89,65,T,M,M
2005-06-28,84,65,0.38,M,M
2005-06-29,78,68,0.26,M,M
2005-06-30,86,67,0.00,M,M
2005-07-01,81,65,0.03,M,M
2005-07-02,78,51,0.00,M,M
2005-07-03,81,48,0.00,M,M
2005-07-04,85,54,0.00,M,M
2005-07-05,86,58,0.02,M,M
2005-07-06,76,63,0.11,M,M
2005-07-07,78,61,0.22,M,M
2005-07-08,66,56,0.15,M,M
2005-07-09,73,58,0.60,M,M
2005-07-10,91,60,0.01,M,M
2005-07-11,91,60,0.00,M,M
2005-07-12,88,56,0.00,M,M
2005-07-13,83,67,0.00,M,M
2005-07-14,85,69,0.02,M,M
2005-07-15,89,62,0.00,M,M
2005-07-16,88,61,0.00,M,M
2005-07-17,84,71,0.00,M,M
2005-07-18,88,71,0.06,M,M
2005-07-19,90,66,0.28,M,M
2005-07-20,89,60,0.00,M,M
2005-07-21,91,58,0.00,M,M
2005-07-22,90,61,0.58,M,M
2005-07-23,81,54,0.00,M,M
2005-07-24,83,50,0.00,M,M
2005-07-25,88,60,T,M,M
2005-07-26,91,59,0.02,M,M
2005-07-27,91,64,0.08,M,M
2005-07-28,78,54,0.00,M,M
2005-07-29,84,54,0.00,M,M
2005-07-30,82,57,0.00,M,M
2005-07-31,72,57,T,M,M
2005-08-01,82,64,0.41,M,M
2005-08-02,88,64,0.00,M,M
2005-08-03,88,60,0.00,M,M
2005-08-04,89,59,0.00,M,M
2005-08-05,90,62,0.00,M,M
2005-08-06,84,55,0.00,M,M
2005-08-07,89,51,0.00,M,M
2005-08-08,88,57,0.00,M,M
2005-08-09,89,61,0.00,M,M
2005-08-10,91,62,0.00,M,M
2005-08-11,89,65,0.00,M,M
2005-08-12,84,62,0.01,M,M
2005-08-13,90,67,0.12,M,M
2005-08-14,75,64,0.67,M,M
2005-08-15,76,59,0.10,M,M
2005-08-16,81,58,0.01,M,M
2005-08-17,82,50,0.00,M,M
2005-08-18,78,46,0.00,M,M
2005-08-19,77,48,0.00,M,M
2005-08-20,73,61,0.20,M,M
2005-08-21,86,60,0.40,M,M
2005-08-22,79,55,0.01,M,M
2005-08-23,76,54,0.00,M,M
2005-08-24,75,51,0.20,M,M
2005-08-25,81,50,0.00,M,M
2005-08-26,84,48,0.01,M,M
2005-08-27,83,51,0.00,M,M
2005-08-28,71,65,0.72,M,M
2005-08-29,82,67,0.70,M,M
2005-08-30,76,67,0.16,M,M
2005-08-31,84,66,1.49,M,M
2005-09-01,81,56,0.00,M,M
2005-09-02,83,54,0.01,M,M
2005-09-03,79,51,0.00,M,M
2005-09-04,76,49,0.00,M,M
2005-09-05,77,46,0.01,M,M
2005-09-06,81,48,0.01,M,M
2005-09-07,81,51,0.01,M,M
2005-09-08,82,53,0.01,M,M
2005-09-09,77,48,0.00,M,M
2005-09-10,70,42,0.00,M,M
2005-09-11,73,39,0.00,M,M
2005-09-12,88,48,0.00,M,M
2005-09-13,87,60,0.01,M,M
2005-09-14,87,59,T,M,M
2005-09-15,76,66,0.49,M,M
2005-09-16,72,65,0.02,M,M
2005-09-17,78,64,0.01,M,M
2005-09-18,69,51,0.01,M,M
2005-09-19,82,52,0.00,M,M
2005-09-20,76,54,0.20,M,M
2005-09-21,80,50,0.00,M,M
2005-09-22,82,48,0.00,M,M
2005-09-23,75,43,0.00,M,M
2005-09-24,68,39,0.00,M,M
2005-09-25,62,40,T,M,M
2005-09-26,69,60,0.35,M,M
2005-09-27,68,40,T,M,M
2005-09-28,71,39,0.01,M,M
2005-09-29,69,43,0.45,M,M
2005-09-30,61,40,0.00,M,M
2005-10-01,72,38,0.00,M,M
2005-10-02,76,45,0.01,M,M
2005-10-03,77,47,0.01,M,M
2005-10-04,77,48,0.00,M,M
2005-10-05,78,53,0.01,M,M
2005-10-06,79,53,0.01,M,M
2005-10-07,78,64,0.34,M,M
2005-10-08,69,47,3.67,M,M
2005-10-09,57,47,0.72,M,M
2005-10-10,57,52,0.11,M,M
2005-10-11,62,52,0.05,M,M
2005-10-12,57,47,0.01,M,M
2005-10-13,54,50,0.03,M,M
2005-10-14,58,52,1.13,M,M
2005-10-15,58,47,1.30,M,M
2005-10-16,54,49,0.01,M,M
2005-10-17,59,43,0.00,M,M
2005-10-18,58,42,0.04,M,M
2005-10-19,60,48,T,M,M
2005-10-20,54,31,0.00,M,M
2005-10-21,56,29,0.00,M,M
2005-10-22,44,27,0.52,M,M
2005-10-23,42,33,0.69,M,M
2005-10-24,47,40,0.10,M,M
2005-10-25,44,33,1.71,M,M
2005-10-26,44,34,0.05,M,M
2005-10-27,42,34,0.00,M,M
2005-10-28,40,33,0.00,M,M
2005-10-29,48,26,0.00,M,M
2005-10-30,62,25,0.00,M,M
2005-10-31,65,29,0.00,M,M
2005-11-01,69,36,T,M,M
2005-11-02,52,28,T,M,M
2005-11-03,66,27,0.00,M,M
2005-11-04,62,37,0.00,M,M
2005-11-05,68,35,0.00,M,M
2005-11-06,54,41,0.36,M,M
2005-11-07,54,41,T,M,M
2005-11-08,53,33,0.02,M,M
2005-11-09,42,23,1.26,M,M
2005-11-10,47,30,0.09,M,M
2005-11-11,39,21,0.00,M,M
2005-11-12,50,18,0.00,M,M
2005-11-13,58,25,0.00,M,M
2005-11-14,56,28,0.00,M,M
2005-11-15,44,27,0.68,M,M
2005-11-16,67,41,0.77,M,M
2005-11-17,45,32,0.03,M,M
2005-11-18,35,19,0.02,M,M
2005-11-19,40,18,0.00,M,M
2005-11-20,54,20,0.00,M,M
2005-11-21,58,25,T,M,M
2005-11-22,41,30,0.80,M,M
2005-11-23,30,14,T,M,M
2005-11-24,30,14,0.17,M,M
2005-11-25,29,10,0.00,M,M
2005-11-26,28,9,T,M,M
2005-11-27,35,18,0.03,M,M
2005-11-28,37,33,0.05,M,M
2005-11-29,61,36,T,M,M
2005-11-30,61,41,1.13,M,M
2005-12-01,43,28,0.00,M,M
2005-12-02,39,28,0.01,M,M
2005-12-03,32,20,0.00,M,M
2005-12-04,29,18,0.03,M,M
2005-12-05,35,20,T,M,M
2005-12-06,34,23,T,M,M
2005-12-07,26,14,T,M,M
2005-12-08,30,7,0.00,M,M
2005-12-09,28,13,0.01,M,M
2005-12-10,35,18,0.00,M,M
2005-12-11,32,6,0.01,M,M
2005-12-12,32,9,T,M,M
2005-12-13,19,-8,0.01,M,M
2005-12-14,20,-12,0.00,M,M
2005-12-15,21,-10,0.00,M,M
2005-12-16,33,17,0.01,M,M
2005-12-17,34,16,0.00,M,M
2005-12-18,32,10,0.00,M,M
2005-12-19,29,12,0.01,M,M
2005-12-20,28,10,T,M,M
2005-12-21,20,-10,0.00,M,M
2005-12-22,26,-3,0.01,M,M
2005-12-23,38,25,T,M,M
2005-12-24,39,32,0.01,M,M
2005-12-25,41,28,T,M,M
2005-12-26,39,26,0.01,M,M
2005-12-27,34,11,T,M,M
2005-12-28,32,8,0.01,M,M
2005-12-29,39,32,0.01,M,M
2005-12-30,39,14,T,M,M
2005-12-31,23,11,0.04,M,M
2006-01-01,29,22,0.02,M,M
2006-01-02,38,20,0.02,M,M
2006-01-03,34,15,0.02,M,M
2006-01-04,31,19,0.01,M,M
2006-01-05,34,24,0.02,M,M
2006-01-06,31,9,T,M,M
2006-01-07,27,3,0.00,M,M
2006-01-08,31,9,0.04,M,M
2006-01-09,40,19,0.04,M,M
2006-01-10,40,15,0.00,M,M
2006-01-11,43,16,0.30,M,M
2006-01-12,46,27,0.02,M,M
2006-01-13,44,26,0.00,M,M
2006-01-14,51,26,0.76,M,M
2006-01-15,26,4,0.17,M,M
2006-01-16,24,-1,0.00,M,M
2006-01-17,34,-2,0.01,M,M
2006-01-18,53,33,1.07,M,M
2006-01-19,39,25,0.00,M,M
2006-01-20,52,25,0.00,M,M
2006-01-21,56,27,T,M,M
2006-01-22,34,18,0.00,M,M
2006-01-23,31,18,0.29,M,M
2006-01-24,33,19,0.01,M,M
2006-01-25,39,17,0.03,M,M
2006-01-26,32,11,T,M,M
2006-01-27,34,2,0.00,M,M
2006-01-28,49,13,0.00,M,M
2006-01-29,39,20,0.18,M,M
2006-01-30,35,32,0.07,M,M
2006-01-31,34,31,0.13,M,M
2006-02-01,35,27,T,M,M
2006-02-02,41,19,0.00,M,M
2006-02-03,44,35,0.45,M,M
2006-02-04,47,26,0.11,M,M
2006-02-05,46,33,0.65,M,M
2006-02-06,35,30,T,M,M
2006-02-07,31,17,T,M,M
2006-02-08,26,13,T,M,M
2006-02-09,29,7,T,M,M
2006-02-10,21,3,0.00,M,M
2006-02-11,27,1,0.00,M,M
2006-02-12,20,14,T,M,M
2006-02-13,30,3,T,M,M
2006-02-14,38,25,T,M,M
2006-02-15,54,27,0.00,M,M
2006-02-16,61,23,0.00,M,M
2006-02-17,49,19,0.21,M,M
2006-02-18,23,4,T,M,M
2006-02-19,25,1,0.00,M,M
2006-02-20,31,11,0.00,M,M
2006-02-21,35,9,T,M,M
2006-02-22,37,11,0.00,M,M
2006-02-23,35,16,0.13,M,M
2006-02-24,29,10,T,M,M
2006-02-25,20,2,0.28,M,M
2006-02-26,16,-13,T,M,M
2006-02-27,18,-10,0.00,M,M
2006-02-28,23,-14,0.00,M,M
2006-03-01,28,-1,T,M,M
2006-03-02,35,13,0.00,M,M
2006-03-03,22,14,T,M,M
2006-03-04,30,18,T,M,M
2006-03-05,38,15,0.00,M,M
2006-03-06,38,13,0.00,M,M
2006-03-07,39,11,0.00,M,M
2006-03-08,42,12,0.00,M,M
2006-03-09,38,26,0.11,M,M
2006-03-10,56,34,0.01,M,M
2006-03-11,53,24,0.00,M,M
2006-03-12,47,21,T,M,M
2006-03-13,46,34,1.02,M,M
2006-03-14,55,33,0.29,M,M
2006-03-15,35,25,0.05,M,M
2006-03-16,37,19,0.00,M,M
2006-03-17,31,12,0.00,M,M
2006-03-18,30,9,0.00,M,M
2006-03-19,29,13,T,M,M
2006-03-20,28,11,T,M,M
2006-03-21,42,12,0.00,M,M
2006-03-22,40,28,0.00,M,M
2006-03-23,50,23,0.00,M,M
2006-03-24,47,32,T,M,M
2006-03-25,48,27,0.00,M,M
2006-03-26,49,25,0.00,M,M
2006-03-27,53,22,0.00,M,M
2006-03-28,57,20,0.00,M,M
2006-03-29,63,20,0.00,M,M
2006-03-30,66,24,0.00,M,M
2006-03-31,75,24,0.00,M,M
2006-04-01,70,45,0.09,M,M
2006-04-02,56,26,0.00,M,M
2006-04-03,56,24,0.19,M,M
2006-04-04,40,32,1.22,M,M
2006-04-05,43,23,0.00,M,M
2006-04-06,48,23,0.00,M,M
2006-04-07,50,28,0.19,M,M
2006-04-08,44,23,0.00,M,M
2006-04-09,53,20,0.00,M,M
2006-04-10,61,22,0.00,M,M
2006-04-11,65,24,0.00,M,M
2006-04-12,71,28,T,M,M
2006-04-13,70,37,0.00,M,M
2006-04-14,72,31,T,M,M
2006-04-15,71,48,0.04,M,M
2006-04-16,52,41,0.00,M,M
2006-04-17,53,41,0.01,M,M
2006-04-18,69,45,T,M,M
2006-04-19,71,39,0.00,M,M
2006-04-20,77,36,0.00,M,M
2006-04-21,66,36,0.00,M,M
2006-04-22,53,31,0.40,M,M
2006-04-23,45,38,0.67,M,M
2006-04-24,48,38,0.04,M,M
2006-04-25,58,32,0.01,M,M
2006-04-26,60,23,0.00,M,M
2006-04-27,60,32,0.00,M,M
2006-04-28,58,24,0.00,M,M
2006-04-29,66,24,0.00,M,M
2006-04-30,75,28,0.00,M,M
2006-05-01,71,32,0.00,M,M
2006-05-02,52,45,0.75,M,M
2006-05-03,56,48,0.44,M,M
2006-05-04,80,50,0.00,M,M
2006-05-05,76,48,T,M,M
2006-05-06,66,41,T,M,M
2006-05-07,62,32,0.00,M,M
2006-05-08,71,31,0.00,M,M
2006-05-09,67,39,0.04,M,M
2006-05-10,66,51,0.00,M,M
2006-05-11,64,53,0.01,M,M
2006-05-12,56,50,0.10,M,M
2006-05-13,51,48,2.13,M,M
2006-05-14,55,49,0.57,M,M
2006-05-15,57,49,0.10,M,M
2006-05-16,56,48,0.41,M,M
2006-05-17,65,47,0.02,M,M
2006-05-18,74,49,0.01,M,M
2006-05-19,60,49,1.25,M,M
2006-05-20,60,47,T,M,M
2006-05-21,59,40,0.25,M,M
2006-05-22,55,43,0.01,M,M
2006-05-23,59,42,0.00,M,M
2006-05-24,70,40,0.00,M,M
2006-05-25,81,36,0.00,M,M
2006-05-26,82,50,0.08,M,M
2006-05-27,78,51,0.00,M,M
2006-05-28,84,47,0.00,M,M
2006-05-29,84,56,T,M,M
2006-05-30,84,57,0.15,M,M
2006-05-31,84,56,T,M,M
2006-06-01,84,61,0.08,M,M
2006-06-02,66,58,0.15,M,M
2006-06-03,60,54,0.79,M,M
2006-06-04,60,54,0.06,M,M
2006-06-05,69,53,0.00,M,M
2006-06-06,73,51,0.00,M,M
2006-06-07,63,56,0.92,M,M
2006-06-08,64,54,0.08,M,M
2006-06-09,68,56,1.13,M,M
2006-06-10,59,50,1.17,M,M
2006-06-11,68,49,T,M,M
2006-06-12,75,51,0.00,M,M
2006-06-13,80,50,0.06,M,M
2006-06-14,78,57,0.57,M,M
2006-06-15,78,53,0.08,M,M
2006-06-16,86,49,0.00,M,M
2006-06-17,78,50,0.00,M,M
2006-06-18,94,60,0.00,M,M
2006-06-19,90,62,0.70,M,M
2006-06-20,83,57,0.46,M,M
2006-06-21,81,52,0.01,M,M
2006-06-22,81,53,0.02,M,M
2006-06-23,84,64,0.03,M,M
2006-06-24,78,61,0.11,M,M
2006-06-25,82,60,0.10,M,M
2006-06-26,73,62,1.21,M,M
2006-06-27,85,68,0.01,M,M
2006-06-28,73,62,1.10,M,M
2006-06-29,80,64,0.25,M,M
2006-06-30,80,55,0.08,M,M
2006-07-01,83,49,0.01,M,M
2006-07-02,84,66,0.13,M,M
2006-07-03,85,56,0.00,M,M
2006-07-04,83,61,T,M,M
2006-07-05,82,59,0.00,M,M
2006-07-06,79,54,0.00,M,M
2006-07-07,82,53,0.00,M,M
2006-07-08,84,53,0.00,M,M
2006-07-09,86,56,0.00,M,M
2006-07-10,84,60,0.00,M,M
2006-07-11,84,63,0.35,M,M
2006-07-12,77,64,1.65,M,M
2006-07-13,84,64,1.11,M,M
2006-07-14,92,64,0.00,M,M
2006-07-15,86,63,T,M,M
2006-07-16,93,66,0.01,M,M
2006-07-17,94,64,0.00,M,M
2006-07-18,92,66,0.17,M,M
2006-07-19,86,62,0.00,M,M
2006-07-20,85,57,0.00,M,M
2006-07-21,83,67,0.14,M,M
2006-07-22,73,64,1.62,M,M
2006-07-23,75,55,0.00,M,M
2006-07-24,83,55,0.00,M,M
2006-07-25,88,57,0.01,M,M
2006-07-26,87,67,0.06,M,M
2006-07-27,87,66,0.00,M,M
2006-07-28,85,64,0.39,M,M
2006-07-29,89,61,0.13,M,M
2006-07-30,83,56,0.04,M,M
2006-07-31,86,54,0.00,M,M
2006-08-01,95,70,0.44,M,M
2006-08-02,96,73,0.02,M,M
2006-08-03,88,69,0.00,M,M
2006-08-04,87,65,0.58,M,M
2006-08-05,80,53,0.00,M,M
2006-08-06,80,50,0.01,M,M
2006-08-07,87,67,0.07,M,M
2006-08-08,80,54,0.00,M,M
2006-08-09,81,50,0.00,M,M
2006-08-10,82,51,0.54,M,M
2006-08-11,73,50,0.00,M,M
2006-08-12,73,45,0.00,M,M
2006-08-13,75,45,0.00,M,M
2006-08-14,83,47,0.01,M,M
2006-08-15,81,57,0.02,M,M
2006-08-16,82,53,0.01,M,M
2006-08-17,83,53,0.00,M,M
2006-08-18,83,56,0.00,M,M
2006-08-19,72,60,0.21,M,M
2006-08-20,72,64,0.62,M,M
2006-08-21,75,57,0.01,M,M
2006-08-22,82,56,0.06,M,M
2006-08-23,76,54,T,M,M
2006-08-24,68,54,0.02,M,M
2006-08-25,71,54,0.36,M,M
2006-08-26,71,53,0.00,M,M
2006-08-27,61,54,0.63,M,M
2006-08-28,71,54,T,M,M
2006-08-29,69,62,0.02,M,M
2006-08-30,76,47,0.00,M,M
2006-08-31,72,42,0.01,M,M
2006-09-01,74,49,0.00,M,M
2006-09-02,64,52,0.00,M,M
2006-09-03,64,56,0.48,M,M
2006-09-04,69,57,0.00,M,M
2006-09-05,72,56,0.04,M,M
2006-09-06,72,58,0.01,M,M
2006-09-07,77,53,0.00,M,M
2006-09-08,80,54,0.01,M,M
2006-09-09,82,51,0.46,M,M
2006-09-10,66,41,0.00,M,M
2006-09-11,68,40,0.01,M,M
2006-09-12,69,40,0.00,M,M
2006-09-13,63,42,0.01,M,M
2006-09-14,64,56,0.12,M,M
2006-09-15,76,59,0.00,M,M
2006-09-16,76,55,0.01,M,M
2006-09-17,78,57,0.01,M,M
2006-09-18,82,56,0.00,M,M
2006-09-19,74,57,0.44,M,M
2006-09-20,70,50,0.01,M,M
2006-09-21,64,41,T,M,M
2006-09-22,69,38,0.00,M,M
2006-09-23,65,51,0.17,M,M
2006-09-24,75,56,0.31,M,M
2006-09-25,64,44,0.01,M,M
2006-09-26,68,39,0.00,M,M
2006-09-27,70,39,0.00,M,M
2006-09-28,72,45,0.00,M,M
2006-09-29,61,36,0.85,M,M
2006-09-30,61,34,T,M,M
2006-10-01,55,49,0.96,M,M
2006-10-02,62,42,0.01,M,M
2006-10-03,68,45,0.03,M,M
2006-10-04,73,52,0.23,M,M
2006-10-05,57,36,0.00,M,M
2006-10-06,60,34,0.00,M,M
2006-10-07,62,33,0.00,M,M
2006-10-08,72,32,0.00,M,M
2006-10-09,79,35,0.00,M,M
2006-10-10,58,43,0.00,M,M
2006-10-11,60,50,0.57,M,M
2006-10-12,65,45,0.53,M,M
2006-10-13,53,30,T,M,M
2006-10-14,57,26,0.00,M,M
2006-10-15,51,28,0.00,M,M
2006-10-16,59,33,0.00,M,M
2006-10-17,48,31,0.62,M,M
2006-10-18,64,46,0.15,M,M
2006-10-19,64,50,0.11,M,M
2006-10-20,57,40,1.48,M,M
2006-10-21,47,28,0.01,M,M
2006-10-22,46,25,0.10,M,M
2006-10-23,50,39,0.29,M,M
2006-10-24,48,33,T,M,M
2006-10-25,49,39,0.01,M,M
2006-10-26,47,39,T,M,M
2006-10-27,51,35,0.00,M,M
2006-10-28,58,39,1.52,M,M
2006-10-29,45,40,0.01,M,M
2006-10-30,53,30,0.00,M,M
2006-10-31,62,29,0.00,M,M
2006-11-01,60,37,0.00,M,M
2006-11-02,48,27,0.46,M,M
2006-11-03,44,24,T,M,M
2006-11-04,42,29,T,M,M
2006-11-05,46,24,0.00,M,M
2006-11-06,56,29,0.00,M,M
2006-11-07,48,27,0.01,M,M
2006-11-08,51,42,1.07,M,M
2006-11-09,67,47,0.06,M,M
2006-11-10,56,33,0.00,M,M
2006-11-11,62,32,0.00,M,M
2006-11-12,55,44,1.04,M,M
2006-11-13,53,44,0.02,M,M
2006-11-14,53,46,0.67,M,M
2006-11-15,59,45,0.00,M,M
2006-11-16,69,51,0.68,M,M
2006-11-17,69,45,0.03,M,M
2006-11-18,48,36,0.00,M,M
2006-11-19,41,35,0.00,M,M
2006-11-20,40,33,0.00,M,M
2006-11-21,42,22,0.00,M,M
2006-11-22,44,21,0.00,M,M
2006-11-23,44,21,0.00,M,M
2006-11-24,51,24,0.00,M,M
2006-11-25,49,20,0.00,M,M
2006-11-26,51,23,0.00,M,M
2006-11-27,48,31,0.00,M,M
2006-11-28,46,35,0.02,M,M
2006-11-29,50,38,0.01,M,M
2006-11-30,63,50,0.01,M,M
2006-12-01,62,42,1.14,M,M
2006-12-02,48,34,0.00,M,M
2006-12-03,42,23,0.00,M,M
2006-12-04,37,24,0.01,M,M
2006-12-05,31,18,0.00,M,M
2006-12-06,40,17,0.00,M,M
2006-12-07,46,23,0.08,M,M
2006-12-08,23,8,0.02,M,M
2006-12-09,33,12,0.00,M,M
2006-12-10,47,18,0.00,M,M
2006-12-11,38,22,T,M,M
2006-12-12,44,20,0.00,M,M
2006-12-13,42,32,0.15,M,M
2006-12-14,56,34,T,M,M
2006-12-15,48,30,T,M,M
2006-12-16,49,29,0.00,M,M
2006-12-17,51,26,0.00,M,M
2006-12-18,49,29,0.00,M,M
2006-12-19,37,22,T,M,M
2006-12-20,41,18,0.00,M,M
2006-12-21,49,24,0.00,M,M
2006-12-22,36,19,0.20,M,M
2006-12-23,45,33,0.80,M,M
2006-12-24,46,30,0.01,M,M
2006-12-25,40,22,0.07,M,M
2006-12-26,38,33,0.37,M,M
2006-12-27,36,25,0.00,M,M
2006-12-28,42,20,T,M,M
2006-12-29,26,14,0.00,M,M
2006-12-30,28,13,0.18,M,M
2006-12-31,33,5,0.00,M,M
2007-01-01,34,20,0.60,M,M
2007-01-02,38,19,T,M,M
2007-01-03,46,16,0.00,M,M
2007-01-04,47,23,0.00,M,M
2007-01-05,49,31,0.09,M,M
2007-01-06,67,40,0.40,M,M
2007-01-07,47,33,0.00,M,M
2007-01-08,43,34,0.87,M,M
2007-01-09,37,M,0.01,M,M
2007-01-10,M,13,T,M,M
2007-01-11,30,8,0.05,M,M
2007-01-12,45,30,0.00,M,M
2007-01-13,45,22,0.05,M,M
2007-01-14,32,25,0.13,M,M
2007-01-15,32,25,0.50,M,M
2007-01-16,32,6,T,M,M
2007-01-17,12,-3,0.00,M,M
2007-01-18,27,-1,0.00,M,M
2007-01-19,35,26,0.02,M,M
2007-01-20,27,7,0.03,M,M
2007-01-21,19,4,0.00,M,M
2007-01-22,20,11,T,M,M
2007-01-23,29,8,T,M,M
2007-01-24,33,10,T,M,M
2007-01-25,15,0,0.00,M,M
2007-01-26,3,-9,T,M,M
2007-01-27,11,-10,T,M,M
2007-01-28,27,0,0.01,M,M
2007-01-29,20,0,0.00,M,M
2007-01-30,18,-8,0.00,M,M
2007-01-31,25,-1,T,M,M
2007-02-01,30,9,0.00,M,M
2007-02-02,35,11,0.19,M,M
2007-02-03,30,7,T,M,M
2007-02-04,17,4,0.00,M,M
2007-02-05,12,0,T,M,M
2007-02-06,21,2,0.00,M,M
2007-02-07,17,-6,0.00,M,M
2007-02-08,19,4,T,M,M
2007-02-09,18,-2,T,M,M
2007-02-10,27,-5,T,M,M
2007-02-11,26,0,0.00,M,M
2007-02-12,28,5,T,M,M
2007-02-13,14,-5,0.00,M,M
2007-02-14,12,5,1.04,M,M
2007-02-15,M,M,0.01,M,M
2007-02-16,M,M,0.01,M,M
2007-02-17,30,5,0.00,M,M
2007-02-18,29,8,T,M,M
2007-02-19,13,-4,0.00,M,M
2007-02-20,32,6,T,M,M
2007-02-21,37,6,0.01,M,M
2007-02-22,36,3,0.03,M,M
2007-02-23,29,11,T,M,M
2007-02-24,27,7,0.00,M,M
2007-02-25,36,-6,0.00,M,M
2007-02-26,34,19,T,M,M
2007-02-27,39,10,0.00,M,M
2007-02-28,41,11,0.00,M,M
2007-03-01,37,-2,0.00,M,M
2007-03-02,34,25,0.68,M,M
2007-03-03,38,27,0.01,M,M
2007-03-04,37,24,T,M,M
2007-03-05,34,11,T,M,M
2007-03-06,11,-14,T,M,M
2007-03-07,17,-24,0.00,M,M
2007-03-08,15,-15,T,M,M
2007-03-09,30,-18,0.00,M,M
2007-03-10,45,7,0.02,M,M
2007-03-11,44,20,T,M,M
2007-03-12,51,16,0.00,M,M
2007-03-13,54,26,T,M,M
2007-03-14,58,35,T,M,M
2007-03-15,46,26,0.17,M,M
2007-03-16,28,19,0.72,M,M
2007-03-17,29,21,0.49,M,M
2007-03-18,30,18,T,M,M
2007-03-19,36,2,T,M,M
2007-03-20,36,15,T,M,M
2007-03-21,40,-5,0.00,M,M
2007-03-22,59,31,0.02,M,M
2007-03-23,54,27,0.00,M,M
2007-03-24,50,22,0.21,M,M
2007-03-25,49,27,0.00,M,M
2007-03-26,40,26,0.23,M,M
2007-03-27,51,36,0.00,M,M
2007-03-28,48,34,0.00,M,M
2007-03-29,47,25,0.00,M,M
2007-03-30,56,21,0.00,M,M
2007-03-31,51,23,0.00,M,M
2007-04-01,58,20,0.13,M,M
2007-04-02,41,36,0.12,M,M
2007-04-03,42,35,0.03,M,M
2007-04-04,35,31,0.66,M,M
2007-04-05,36,25,0.16,M,M
2007-04-06,32,17,0.00,M,M
2007-04-07,35,15,0.00,M,M
2007-04-08,36,14,0.00,M,M
2007-04-09,40,31,0.00,M,M
2007-04-10,40,23,T,M,M
2007-04-11,49,20,0.00,M,M
2007-04-12,35,31,0.52,M,M
2007-04-13,42,31,0.01,M,M
2007-04-14,46,30,0.00,M,M
2007-04-15,38,32,1.04,M,M
2007-04-16,44,37,0.75,M,M
2007-04-17,47,36,0.18,M,M
2007-04-18,53,38,0.02,M,M
2007-04-19,65,32,0.00,M,M
2007-04-20,71,26,0.00,M,M
2007-04-21,73,28,0.00,M,M
2007-04-22,77,29,0.00,M,M
2007-04-23,84,35,T,M,M
2007-04-24,65,34,T,M,M
2007-04-25,56,30,0.00,M,M
2007-04-26,62,29,T,M,M
2007-04-27,52,44,0.06,M,M
2007-04-28,65,44,0.00,M,M
2007-04-29,56,40,0.15,M,M
2007-04-30,65,38,0.16,M,M
2007-05-01,64,38,T,M,M
2007-05-02,63,34,0.05,M,M
2007-05-03,63,28,0.00,M,M
2007-05-04,63,27,0.00,M,M
2007-05-05,63,30,0.00,M,M
2007-05-06,62,31,0.00,M,M
2007-05-07,73,28,0.00,M,M
2007-05-08,83,33,0.00,M,M
2007-05-09,88,43,0.00,M,M
2007-05-10,87,52,0.00,M,M
2007-05-11,79,58,0.32,M,M
2007-05-12,69,41,0.00,M,M
2007-05-13,61,32,0.00,M,M
2007-05-14,72,30,0.00,M,M
2007-05-15,77,42,0.11,M,M
2007-05-16,62,45,0.56,M,M
2007-05-17,51,44,0.06,M,M
2007-05-18,51,42,0.01,M,M
2007-05-19,55,44,0.29,M,M
2007-05-20,66,48,0.18,M,M
2007-05-21,64,37,0.00,M,M
2007-05-22,71,31,0.00,M,M
2007-05-23,76,37,0.00,M,M
2007-05-24,89,56,0.00,M,M
2007-05-25,92,51,0.00,M,M
2007-05-26,82,50,0.00,M,M
2007-05-27,78,46,0.21,M,M
2007-05-28,79,54,0.01,M,M
2007-05-29,74,45,0.00,M,M
2007-05-30,83,42,T,M,M
2007-05-31,64,60,0.08,M,M
2007-06-01,81,60,0.24,M,M
2007-06-02,84,58,0.04,M,M
2007-06-03,69,55,0.02,M,M
2007-06-04,62,53,1.05,M,M
2007-06-05,78,55,0.30,M,M
2007-06-06,61,39,0.00,M,M
2007-06-07,71,34,0.00,M,M
2007-06-08,82,45,0.00,M,M
2007-06-09,82,62,0.02,M,M
2007-06-10,69,54,0.28,M,M
2007-06-11,85,55,T,M,M
2007-06-12,79,60,0.37,M,M
2007-06-13,64,51,T,M,M
2007-06-14,75,50,0.00,M,M
2007-06-15,80,47,0.00,M,M
2007-06-16,85,50,T,M,M
2007-06-17,80,54,0.14,M,M
2007-06-18,80,51,0.01,M,M
2007-06-19,86,59,0.05,M,M
2007-06-20,77,53,0.08,M,M
2007-06-21,76,50,0.50,M,M
2007-06-22,68,48,0.09,M,M
2007-06-23,71,44,0.00,M,M
2007-06-24,77,41,0.00,M,M
2007-06-25,88,57,T,M,M
2007-06-26,93,58,0.00,M,M
2007-06-27,93,61,T,M,M
2007-06-28,87,62,0.00,M,M
2007-06-29,76,49,0.00,M,M
2007-06-30,74,46,T,M,M
2007-07-01,66,47,0.02,M,M
2007-07-02,71,43,0.01,M,M
2007-07-03,79,44,0.00,M,M
2007-07-04,77,47,0.19,M,M
2007-07-05,82,60,T,M,M
2007-07-06,82,56,0.07,M,M
2007-07-07,78,51,0.10,M,M
2007-07-08,74,58,0.02,M,M
2007-07-09,77,61,1.90,M,M
2007-07-10,87,62,1.78,M,M
2007-07-11,83,67,0.52,M,M
2007-07-12,78,54,0.00,M,M
2007-07-13,79,52,0.02,M,M
2007-07-14,79,52,0.00,M,M
2007-07-15,79,58,0.09,M,M
2007-07-16,80,51,0.00,M,M
2007-07-17,83,54,T,M,M
2007-07-18,67,60,1.08,M,M
2007-07-19,69,60,0.48,M,M
2007-07-20,78,59,0.06,M,M
2007-07-21,80,52,0.00,M,M
2007-07-22,82,48,0.00,M,M
2007-07-23,76,53,0.06,M,M
2007-07-24,82,59,0.00,M,M
2007-07-25,88,56,0.00,M,M
2007-07-26,88,58,0.00,M,M
2007-07-27,89,65,T,M,M
2007-07-28,78,63,0.04,M,M
2007-07-29,85,63,0.00,M,M
2007-07-30,87,60,0.00,M,M
2007-07-31,88,56,0.00,M,M
2007-08-01,89,59,0.00,M,M
2007-08-02,93,58,0.00,M,M
2007-08-03,92,63,0.00,M,M
2007-08-04,88,57,0.00,M,M
2007-08-05,80,50,0.00,M,M
2007-08-06,75,50,0.13,M,M
2007-08-07,84,67,T,M,M
2007-08-08,88,63,0.68,M,M
2007-08-09,77,55,0.00,M,M
2007-08-10,72,51,0.00,M,M
2007-08-11,85,49,0.00,M,M
2007-08-12,87,56,0.00,M,M
2007-08-13,84,51,0.01,M,M
2007-08-14,76,46,0.00,M,M
2007-08-15,81,50,T,M,M
2007-08-16,83,54,0.70,M,M
2007-08-17,80,53,T,M,M
2007-08-18,69,45,0.01,M,M
2007-08-19,70,44,0.00,M,M
2007-08-20,69,42,0.00,M,M
2007-08-21,71,44,0.00,M,M
2007-08-22,68,42,0.00,M,M
2007-08-23,72,57,0.03,M,M
2007-08-24,86,68,0.09,M,M
2007-08-25,92,67,0.15,M,M
2007-08-26,81,57,T,M,M
2007-08-27,82,55,0.00,M,M
2007-08-28,83,53,0.01,M,M
2007-08-29,87,53,0.00,M,M
2007-08-30,89,59,0.58,M,M
2007-08-31,74,50,0.01,M,M
2007-09-01,72,43,0.00,M,M
2007-09-02,76,40,0.00,M,M
2007-09-03,84,43,0.01,M,M
2007-09-04,74,41,0.00,M,M
2007-09-05,73,37,0.00,M,M
2007-09-06,80,43,0.00,M,M
2007-09-07,91,59,0.00,M,M
2007-09-08,87,67,T,M,M
2007-09-09,68,58,0.44,M,M
2007-09-10,66,58,0.50,M,M
2007-09-11,63,59,0.65,M,M
2007-09-12,69,44,0.00,M,M
2007-09-13,70,42,0.01,M,M
2007-09-14,74,46,0.00,M,M
2007-09-15,64,42,0.90,M,M
2007-09-16,63,35,0.00,M,M
2007-09-17,65,39,0.00,M,M
2007-09-18,69,40,0.00,M,M
2007-09-19,75,40,0.00,M,M
2007-09-20,82,45,0.01,M,M
2007-09-21,79,51,0.01,M,M
2007-09-22,79,53,0.00,M,M
2007-09-23,75,45,0.00,M,M
2007-09-24,80,41,0.00,M,M
2007-09-25,85,43,0.01,M,M
2007-09-26,87,59,T,M,M
2007-09-27,79,61,0.52,M,M
2007-09-28,71,52,0.05,M,M
2007-09-29,67,41,0.01,M,M
2007-09-30,65,39,0.00,M,M
2007-10-01,67,42,0.00,M,M
2007-10-02,69,41,0.01,M,M
2007-10-03,75,49,0.00,M,M
2007-10-04,80,47,0.00,M,M
2007-10-05,83,44,0.00,M,M
2007-10-06,80,52,0.53,M,M
2007-10-07,69,51,0.00,M,M
2007-10-08,57,50,0.63,M,M
2007-10-09,63,45,0.31,M,M
2007-10-10,58,51,T,M,M
2007-10-11,60,52,0.47,M,M
2007-10-12,55,32,0.66,M,M
2007-10-13,56,31,T,M,M
2007-10-14,52,32,0.00,M,M
2007-10-15,56,36,0.00,M,M
2007-10-16,59,32,0.00,M,M
2007-10-17,59,32,0.00,M,M
2007-10-18,68,39,0.02,M,M
2007-10-19,71,58,1.12,M,M
2007-10-20,67,50,0.35,M,M
2007-10-21,74,43,0.00,M,M
2007-10-22,79,39,0.00,M,M
2007-10-23,73,53,0.16,M,M
2007-10-24,54,44,0.03,M,M
2007-10-25,61,33,0.00,M,M
2007-10-26,61,33,0.09,M,M
2007-10-27,62,48,1.42,M,M
2007-10-28,57,27,0.02,M,M
2007-10-29,47,23,0.00,M,M
2007-10-30,61,27,0.00,M,M
2007-10-31,62,32,0.00,M,M
2007-11-01,54,41,T,M,M
2007-11-02,53,26,0.00,M,M
2007-11-03,43,30,0.00,M,M
2007-11-04,51,25,0.00,M,M
2007-11-05,54,28,T,M,M
2007-11-06,48,28,0.72,M,M
2007-11-07,45,27,T,M,M
2007-11-08,38,24,0.00,M,M
2007-11-09,41,23,0.00,M,M
2007-11-10,43,24,0.00,M,M
2007-11-11,42,20,0.00,M,M
2007-11-12,43,20,0.07,M,M
2007-11-13,53,26,0.02,M,M
2007-11-14,58,28,0.00,M,M
2007-11-15,54,39,1.14,M,M
2007-11-16,40,28,0.06,M,M
2007-11-17,37,19,0.00,M,M
2007-11-18,39,16,0.00,M,M
2007-11-19,39,15,0.00,M,M
2007-11-20,32,19,0.21,M,M
2007-11-21,34,31,0.03,M,M
2007-11-22,43,33,0.13,M,M
2007-11-23,34,19,T,M,M
2007-11-24,31,19,0.00,M,M
2007-11-25,44,17,T,M,M
2007-11-26,40,26,0.50,M,M
2007-11-27,47,33,0.29,M,M
2007-11-28,36,27,T,M,M
2007-11-29,41,29,0.04,M,M
2007-11-30,37,27,T,M,M
2007-12-01,32,9,T,M,M
2007-12-02,20,9,T,M,M
2007-12-03,31,19,0.56,M,M
2007-12-04,24,6,T,M,M
2007-12-05,26,6,T,M,M
2007-12-06,27,-3,T,M,M
2007-12-07,26,1,T,M,M
2007-12-08,38,11,T,M,M
2007-12-09,24,5,T,M,M
2007-12-10,30,7,0.04,M,M
2007-12-11,34,6,0.12,M,M
2007-12-12,39,22,0.11,M,M
2007-12-13,22,6,0.32,M,M
2007-12-14,37,18,0.03,M,M
2007-12-15,23,6,0.00,M,M
2007-12-16,25,11,0.65,M,M
2007-12-17,23,0,T,M,M
2007-12-18,23,-15,0.00,M,M
2007-12-19,31,4,0.06,M,M
2007-12-20,33,19,0.19,M,M
2007-12-21,28,11,0.00,M,M
2007-12-22,32,18,0.00,M,M
2007-12-23,49,31,0.39,M,M
2007-12-24,45,28,0.01,M,M
2007-12-25,40,26,0.00,M,M
2007-12-26,38,17,0.00,M,M
2007-12-27,33,21,0.23,M,M
2007-12-28,37,26,0.00,M,M
2007-12-29,42,34,0.31,M,M
2007-12-30,39,24,T,M,M
2007-12-31,37,11,0.26,M,M
2008-01-01,29,10,0.27,M,M
2008-01-02,29,1,0.03,M,M
2008-01-03,8,-15,0.00,M,M
2008-01-04,23,-15,0.00,M,M
2008-01-05,28,-1,0.00,M,M
2008-01-06,38,20,0.00,M,M
2008-01-07,42,33,0.00,M,M
2008-01-08,52,30,0.00,M,M
2008-01-09,55,34,0.11,M,M
2008-01-10,45,26,0.00,M,M
2008-01-11,37,28,0.74,M,M
2008-01-12,45,24,0.00,M,M
2008-01-13,39,20,0.00,M,M
2008-01-14,34,19,0.20,M,M
2008-01-15,32,11,T,M,M
2008-01-16,30,3,0.00,M,M
2008-01-17,28,2,T,M,M
2008-01-18,41,25,0.36,M,M
2008-01-19,34,5,T,M,M
2008-01-20,26,12,T,M,M
2008-01-21,19,-6,0.00,M,M
2008-01-22,31,4,T,M,M
2008-01-23,35,13,T,M,M
2008-01-24,25,-1,T,M,M
2008-01-25,26,-8,0.00,M,M
2008-01-26,29,14,0.00,M,M
2008-01-27,28,19,0.01,M,M
2008-01-28,34,1,0.00,M,M
2008-01-29,32,6,0.00,M,M
2008-01-30,39,17,0.29,M,M
2008-01-31,30,12,0.00,M,M
2008-02-01,33,21,0.73,M,M
2008-02-02,38,33,0.04,M,M
2008-02-03,39,27,0.00,M,M
2008-02-04,38,28,T,M,M
2008-02-05,35,32,0.85,M,M
2008-02-06,35,29,0.78,M,M
2008-02-07,31,26,0.44,M,M
2008-02-08,32,15,0.00,M,M
2008-02-09,34,7,0.14,M,M
2008-02-10,34,12,0.04,M,M
2008-02-11,20,5,0.01,M,M
2008-02-12,20,-11,0.07,M,M
2008-02-13,34,17,1.06,M,M
2008-02-14,32,15,0.00,M,M
2008-02-15,38,18,0.02,M,M
2008-02-16,24,-8,0.01,M,M
2008-02-17,37,-3,0.43,M,M
2008-02-18,51,34,0.40,M,M
2008-02-19,37,22,T,M,M
2008-02-20,26,4,T,M,M
2008-02-21,23,-5,0.00,M,M
2008-02-22,24,5,0.09,M,M
2008-02-23,32,6,0.01,M,M
2008-02-24,40,-1,0.00,M,M
2008-02-25,44,4,0.00,M,M
2008-02-26,34,15,0.65,M,M
2008-02-27,33,17,0.07,M,M
2008-02-28,22,-11,T,M,M
2008-02-29,24,-24,T,M,M
2008-03-01,37,19,0.19,M,M
2008-03-02,34,3,T,M,M
2008-03-03,45,4,0.00,M,M
2008-03-04,45,33,0.37,M,M
2008-03-05,43,30,0.30,M,M
2008-03-06,47,20,0.00,M,M
2008-03-07,49,15,0.33,M,M
2008-03-08,44,34,1.51,M,M
2008-03-09,41,19,T,M,M
2008-03-10,30,11,T,M,M
2008-03-11,39,4,0.00,M,M
2008-03-12,39,24,T,M,M
2008-03-13,36,13,0.02,M,M
2008-03-14,51,27,T,M,M
2008-03-15,40,33,0.23,M,M
2008-03-16,42,29,T,M,M
2008-03-17,38,18,0.00,M,M
2008-03-18,44,13,0.01,M,M
2008-03-19,36,32,0.49,M,M
2008-03-20,39,29,0.26,M,M
2008-03-21,33,20,T,M,M
2008-03-22,38,20,0.00,M,M
2008-03-23,36,14,0.00,M,M
2008-03-24,40,9,0.00,M,M
2008-03-25,40,11,0.00,M,M
2008-03-26,51,29,0.00,M,M
2008-03-27,48,21,T,M,M
2008-03-28,38,28,0.43,M,M
2008-03-29,29,13,0.00,M,M
2008-03-30,45,3,0.00,M,M
2008-03-31,38,20,0.04,M,M
2008-04-01,61,35,0.08,M,M
2008-04-02,45,29,0.00,M,M
2008-04-03,52,22,0.00,M,M
2008-04-04,40,28,0.23,M,M
2008-04-05,50,32,0.06,M,M
2008-04-06,44,30,T,M,M
2008-04-07,53,28,0.00,M,M
2008-04-08,60,25,0.00,M,M
2008-04-09,66,29,0.00,M,M
2008-04-10,63,33,0.00,M,M
2008-04-11,43,28,0.25,M,M
2008-04-12,71,40,0.40,M,M
2008-04-13,46,27,0.00,M,M
2008-04-14,51,25,0.00,M,M
2008-04-15,57,20,0.00,M,M
2008-04-16,67,24,0.00,M,M
2008-04-17,77,29,0.00,M,M
2008-04-18,80,34,0.00,M,M
2008-04-19,81,37,0.00,M,M
2008-04-20,72,39,0.00,M,M
2008-04-21,78,38,0.00,M,M
2008-04-22,80,40,0.00,M,M
2008-04-23,82,42,0.10,M,M
2008-04-24,70,36,T,M,M
2008-04-25,77,31,0.00,M,M
2008-04-26,65,37,0.00,M,M
2008-04-27,62,43,0.05,M,M
2008-04-28,49,44,1.31,M,M
2008-04-29,49,33,0.92,M,M
2008-04-30,48,27,0.00,M,M
2008-05-01,57,24,0.00,M,M
2008-05-02,52,31,0.07,M,M
2008-05-03,45,42,0.13,M,M
2008-05-04,56,41,0.09,M,M
2008-05-05,71,36,0.00,M,M
2008-05-06,76,35,0.00,M,M
2008-05-07,72,34,0.00,M,M
2008-05-08,78,43,T,M,M
2008-05-09,67,38,0.00,M,M
2008-05-10,71,38,0.00,M,M
2008-05-11,70,34,0.00,M,M
2008-05-12,63,39,0.00,M,M
2008-05-13,73,37,0.00,M,M
2008-05-14,77,36,0.00,M,M
2008-05-15,66,42,0.01,M,M
2008-05-16,65,39,0.00,M,M
2008-05-17,74,48,0.02,M,M
2008-05-18,64,45,0.09,M,M
2008-05-19,55,42,T,M,M
2008-05-20,68,36,0.00,M,M
2008-05-21,66,38,0.01,M,M
2008-05-22,57,41,0.03,M,M
2008-05-23,68,40,0.01,M,M
2008-05-24,69,40,0.00,M,M
2008-05-25,77,35,0.00,M,M
2008-05-26,83,41,T,M,M
2008-05-27,82,42,0.01,M,M
2008-05-28,66,36,0.00,M,M
2008-05-29,80,33,0.00,M,M
2008-05-30,78,39,0.00,M,M
2008-05-31,72,57,0.22,M,M
2008-06-01,71,53,0.00,M,M
2008-06-02,78,50,0.00,M,M
2008-06-03,77,46,T,M,M
2008-06-04,65,56,0.11,M,M
2008-06-05,68,57,0.00,M,M
2008-06-06,62,57,0.68,M,M
2008-06-07,93,60,0.00,M,M
2008-06-08,92,55,0.00,M,M
2008-06-09,94,65,0.00,M,M
2008-06-10,98,65,0.42,M,M
2008-06-11,82,57,0.00,M,M
2008-06-12,78,46,0.00,M,M
2008-06-13,83,45,0.00,M,M
2008-06-14,85,54,0.22,M,M
2008-06-15,79,57,0.02,M,M
2008-06-16,78,57,T,M,M
2008-06-17,75,52,0.03,M,M
2008-06-18,70,45,0.12,M,M
2008-06-19,71,51,0.00,M,M
2008-06-20,72,50,0.07,M,M
2008-06-21,79,54,T,M,M
2008-06-22,72,54,0.61,M,M
2008-06-23,73,59,0.26,M,M
2008-06-24,77,54,0.02,M,M
2008-06-25,82,49,0.01,M,M
2008-06-26,71,50,0.06,M,M
2008-06-27,85,59,T,M,M
2008-06-28,75,63,1.22,M,M
2008-06-29,85,61,0.98,M,M
2008-06-30,82,59,0.23,M,M
2008-07-01,81,56,0.20,M,M
2008-07-02,83,56,0.00,M,M
2008-07-03,81,52,0.01,M,M
2008-07-04,81,52,0.00,M,M
2008-07-05,80,49,0.00,M,M
2008-07-06,85,59,0.00,M,M
2008-07-07,89,61,0.00,M,M
2008-07-08,89,64,T,M,M
2008-07-09,88,67,0.88,M,M
2008-07-10,80,56,0.00,M,M
2008-07-11,73,53,0.05,M,M
2008-07-12,85,58,0.00,M,M
2008-07-13,79,67,0.25,M,M
2008-07-14,80,57,0.07,M,M
2008-07-15,82,55,0.00,M,M
2008-07-16,88,54,0.00,M,M
2008-07-17,89,57,0.00,M,M
2008-07-18,90,59,0.44,M,M
2008-07-19,87,63,0.13,M,M
2008-07-20,74,68,0.38,M,M
2008-07-21,74,62,0.06,M,M
2008-07-22,82,61,0.00,M,M
2008-07-23,70,63,1.73,M,M
2008-07-24,76,62,0.95,M,M
2008-07-25,83,57,0.01,M,M
2008-07-26,84,57,0.20,M,M
2008-07-27,80,62,0.27,M,M
2008-07-28,80,63,T,M,M
2008-07-29,82,58,0.01,M,M
2008-07-30,83,56,0.00,M,M
2008-07-31,86,63,0.63,M,M
2008-08-01,82,66,0.01,M,M
2008-08-02,81,63,0.45,M,M
2008-08-03,77,62,0.38,M,M
2008-08-04,81,58,0.01,M,M
2008-08-05,80,59,T,M,M
2008-08-06,68,61,0.13,M,M
2008-08-07,78,57,0.01,M,M
2008-08-08,74,58,0.03,M,M
2008-08-09,80,54,T,M,M
2008-08-10,80,52,0.06,M,M
2008-08-11,67,59,0.39,M,M
2008-08-12,79,57,0.01,M,M
2008-08-13,79,54,0.01,M,M
2008-08-14,81,55,0.00,M,M
2008-08-15,73,51,T,M,M
2008-08-16,75,54,0.00,M,M
2008-08-17,82,52,0.01,M,M
2008-08-18,85,58,0.08,M,M
2008-08-19,70,49,0.35,M,M
2008-08-20,72,43,0.01,M,M
2008-08-21,81,46,0.00,M,M
2008-08-22,84,54,0.00,M,M
2008-08-23,83,57,0.01,M,M
2008-08-24,83,55,0.00,M,M
2008-08-25,79,50,T,M,M
2008-08-26,73,44,0.00,M,M
2008-08-27,81,44,0.00,M,M
2008-08-28,81,53,0.01,M,M
2008-08-29,78,55,0.01,M,M
2008-08-30,77,60,T,M,M
2008-08-31,79,52,0.00,M,M
2008-09-01,83,47,0.01,M,M
2008-09-02,84,51,0.00,M,M
2008-09-03,83,56,0.00,M,M
2008-09-04,87,61,0.00,M,M
2008-09-05,88,64,0.00,M,M
2008-09-06,75,64,1.43,M,M
2008-09-07,75,55,0.09,M,M
2008-09-08,76,51,0.00,M,M
2008-09-09,71,51,0.40,M,M
2008-09-10,67,42,0.00,M,M
2008-09-11,70,42,0.01,M,M
2008-09-12,63,48,0.23,M,M
2008-09-13,78,60,0.00,M,M
2008-09-14,79,66,0.55,M,M
2008-09-15,78,57,0.00,M,M
2008-09-16,69,47,0.00,M,M
2008-09-17,72,46,0.00,M,M
2008-09-18,65,38,0.01,M,M
2008-09-19,63,37,0.00,M,M
2008-09-20,69,35,0.00,M,M
2008-09-21,71,43,0.00,M,M
2008-09-22,67,38,0.00,M,M
2008-09-23,68,39,0.00,M,M
2008-09-24,74,44,0.00,M,M
2008-09-25,72,48,T,M,M
2008-09-26,60,48,0.86,M,M
2008-09-27,69,59,0.06,M,M
2008-09-28,73,63,0.14,M,M
2008-09-29,67,58,T,M,M
2008-09-30,68,55,0.03,M,M
2008-10-01,66,52,0.58,M,M
2008-10-02,60,39,0.20,M,M
2008-10-03,58,38,0.04,M,M
2008-10-04,59,37,0.00,M,M
2008-10-05,60,37,0.00,M,M
2008-10-06,54,32,T,M,M
2008-10-07,64,30,0.00,M,M
2008-10-08,68,30,0.03,M,M
2008-10-09,72,48,0.12,M,M
2008-10-10,69,38,0.00,M,M
2008-10-11,69,35,0.00,M,M
2008-10-12,71,36,0.00,M,M
2008-10-13,69,42,T,M,M
2008-10-14,64,48,T,M,M
2008-10-15,68,38,0.00,M,M
2008-10-16,58,42,0.40,M,M
2008-10-17,56,29,0.00,M,M
2008-10-18,54,26,0.00,M,M
2008-10-19,54,22,0.00,M,M
2008-10-20,57,22,0.00,M,M
2008-10-21,51,39,0.15,M,M
2008-10-22,44,37,0.16,M,M
2008-10-23,50,25,0.00,M,M
2008-10-24,59,22,0.00,M,M
2008-10-25,61,35,1.98,M,M
2008-10-26,63,36,0.08,M,M
2008-10-27,50,33,0.00,M,M
2008-10-28,48,35,0.84,M,M
2008-10-29,38,33,T,M,M
2008-10-30,43,24,0.00,M,M
2008-10-31,59,22,0.00,M,M
2008-11-01,50,23,0.00,M,M
2008-11-02,43,20,0.00,M,M
2008-11-03,48,21,T,M,M
2008-11-04,62,32,0.00,M,M
2008-11-05,67,40,0.00,M,M
2008-11-06,62,42,0.36,M,M
2008-11-07,65,53,0.02,M,M
2008-11-08,63,54,0.06,M,M
2008-11-09,55,41,0.06,M,M
2008-11-10,47,30,0.01,M,M
2008-11-11,42,35,0.00,M,M
2008-11-12,46,26,0.01,M,M
2008-11-13,40,25,0.15,M,M
2008-11-14,53,39,0.17,M,M
2008-11-15,69,51,0.22,M,M
2008-11-16,66,39,0.16,M,M
2008-11-17,41,24,T,M,M
2008-11-18,34,19,T,M,M
2008-11-19,30,17,0.00,M,M
2008-11-20,31,18,0.00,M,M
2008-11-21,30,18,T,M,M
2008-11-22,24,18,T,M,M
2008-11-23,29,14,0.00,M,M
2008-11-24,39,13,0.07,M,M
2008-11-25,42,34,1.05,M,M
2008-11-26,38,27,0.00,M,M
2008-11-27,41,24,0.00,M,M
2008-11-28,43,28,T,M,M
2008-11-29,42,20,0.00,M,M
2008-11-30,37,18,0.30,M,M
2008-12-01,46,32,0.10,M,M
2008-12-02,43,25,0.00,M,M
2008-12-03,41,20,0.00,M,M
2008-12-04,40,30,0.03,M,M
2008-12-05,36,21,T,M,M
2008-12-06,33,13,0.00,M,M
2008-12-07,34,15,T,M,M
2008-12-08,17,4,0.00,M,M
2008-12-09,47,5,0.05,M,M
2008-12-10,56,30,0.52,M,M
2008-12-11,30,27,0.54,M,M
2008-12-12,35,26,1.71,M,M
2008-12-13,26,8,T,M,M
2008-12-14,35,7,0.00,M,M
2008-12-15,54,30,0.04,M,M
2008-12-16,47,24,0.00,M,M
2008-12-17,29,22,0.36,M,M
2008-12-18,34,20,0.00,M,M
2008-12-19,30,13,0.46,M,M
2008-12-20,18,12,0.05,M,M
2008-12-21,20,14,0.69,M,M
2008-12-22,23,1,0.00,M,M
2008-12-23,24,-16,0.00,M,M
2008-12-24,46,20,0.19,M,M
2008-12-25,48,15,0.06,M,M
2008-12-26,34,4,T,M,M
2008-12-27,40,31,0.02,M,M
2008-12-28,54,38,0.03,M,M
2008-12-29,40,28,0.00,M,M
2008-12-30,36,16,T,M,M
2008-12-31,19,3,0.04,M,M
2009-01-01,15,-1,0.00,M,M
2009-01-02,20,-3,0.00,M,M
2009-01-03,28,6,T,M,M
2009-01-04,26,8,0.00,M,M
2009-01-05,37,20,0.05,M,M
2009-01-06,33,11,0.00,M,M
2009-01-07,30,23,0.50,M,M
2009-01-08,34,17,T,M,M
2009-01-09,24,0,0.00,M,M
2009-01-10,20,-9,0.01,M,M
2009-01-11,26,-1,0.27,M,M
2009-01-12,27,1,0.00,M,M
2009-01-13,34,1,T,M,M
2009-01-14,32,-8,T,M,M
2009-01-15,14,-18,0.00,M,M
2009-01-16,15,-26,0.00,M,M
2009-01-17,17,-17,0.00,M,M
2009-01-18,23,13,0.13,M,M
2009-01-19,30,4,0.08,M,M
2009-01-20,26,-3,T,M,M
2009-01-21,22,-12,0.00,M,M
2009-01-22,33,19,T,M,M
2009-01-23,39,26,0.00,M,M
2009-01-24,42,-9,T,M,M
2009-01-25,23,-17,0.00,M,M
2009-01-26,23,-10,0.00,M,M
2009-01-27,27,1,0.00,M,M
2009-01-28,32,11,0.72,M,M
2009-01-29,32,14,0.00,M,M
2009-01-30,32,3,T,M,M
2009-01-31,23,-2,0.00,M,M
2009-02-01,32,3,0.00,M,M
2009-02-02,38,3,0.00,M,M
2009-02-03,30,17,0.00,M,M
2009-02-04,22,-4,0.00,M,M
2009-02-05,17,-8,T,M,M
2009-02-06,28,-6,0.00,M,M
2009-02-07,41,-5,0.00,M,M
2009-02-08,50,26,0.01,M,M
2009-02-09,33,14,0.00,M,M
2009-02-10,34,7,0.00,M,M
2009-02-11,47,22,T,M,M
2009-02-12,47,35,0.29,M,M
2009-02-13,37,21,0.00,M,M
2009-02-14,36,11,0.00,M,M
2009-02-15,37,11,0.00,M,M
2009-02-16,35,22,0.00,M,M
2009-02-17,35,15,T,M,M
2009-02-18,39,8,0.17,M,M
2009-02-19,42,25,0.06,M,M
2009-02-20,27,19,T,M,M
2009-02-21,35,10,0.00,M,M
2009-02-22,36,21,0.57,M,M
2009-02-23,31,18,T,M,M
2009-02-24,31,6,0.00,M,M
2009-02-25,37,-1,0.00,M,M
2009-02-26,45,19,T,M,M
2009-02-27,51,21,0.11,M,M
2009-02-28,45,15,0.00,M,M
2009-03-01,33,13,0.00,M,M
2009-03-02,27,14,0.04,M,M
2009-03-03,23,5,0.00,M,M
2009-03-04,32,0,0.00,M,M
2009-03-05,40,4,0.00,M,M
2009-03-06,47,33,T,M,M
2009-03-07,56,30,0.29,M,M
2009-03-08,53,33,0.18,M,M
2009-03-09,35,30,0.46,M,M
2009-03-10,41,21,0.02,M,M
2009-03-11,52,34,0.56,M,M
2009-03-12,34,17,0.00,M,M
2009-03-13,36,9,0.00,M,M
2009-03-14,50,15,0.00,M,M
2009-03-15,57,20,0.00,M,M
2009-03-16,54,23,0.00,M,M
2009-03-17,58,26,0.00,M,M
2009-03-18,51,27,0.05,M,M
2009-03-19,53,29,0.02,M,M
2009-03-20,42,23,0.00,M,M
2009-03-21,48,15,0.00,M,M
2009-03-22,44,24,T,M,M
2009-03-23,31,18,0.00,M,M
2009-03-24,45,13,0.00,M,M
2009-03-25,56,18,0.00,M,M
2009-03-26,53,22,0.29,M,M
2009-03-27,61,33,0.00,M,M
2009-03-28,66,34,0.00,M,M
2009-03-29,45,39,0.47,M,M
2009-03-30,46,40,0.14,M,M
2009-03-31,50,28,0.00,M,M
2009-04-01,51,27,0.12,M,M
2009-04-02,65,36,0.00,M,M
2009-04-03,55,37,0.55,M,M
2009-04-04,52,39,0.04,M,M
2009-04-05,52,38,0.00,M,M
2009-04-06,44,34,0.85,M,M
2009-04-07,42,32,0.13,M,M
2009-04-08,43,32,0.00,M,M
2009-04-09,58,29,0.00,M,M
2009-04-10,61,26,0.00,M,M
2009-04-11,56,37,0.00,M,M
2009-04-12,37,23,0.00,M,M
2009-04-13,52,28,0.00,M,M
2009-04-14,62,25,0.00,M,M
2009-04-15,64,25,0.00,M,M
2009-04-16,65,25,0.00,M,M
2009-04-17,70,26,0.00,M,M
2009-04-18,54,36,0.04,M,M
2009-04-19,62,31,0.00,M,M
2009-04-20,55,26,T,M,M
2009-04-21,52,42,0.15,M,M
2009-04-22,64,45,0.54,M,M
2009-04-23,56,40,0.01,M,M
2009-04-24,75,33,0.00,M,M
2009-04-25,90,44,0.00,M,M
2009-04-26,74,48,T,M,M
2009-04-27,88,44,0.00,M,M
2009-04-28,91,49,T,M,M
2009-04-29,66,35,0.00,M,M
2009-04-30,72,29,0.05,M,M
2009-05-01,74,50,0.06,M,M
2009-05-02,64,38,0.05,M,M
2009-05-03,65,34,0.00,M,M
2009-05-04,72,42,0.00,M,M
2009-05-05,60,48,T,M,M
2009-05-06,66,48,0.15,M,M
2009-05-07,60,53,0.50,M,M
2009-05-08,75,49,0.02,M,M
2009-05-09,76,50,0.32,M,M
2009-05-10,60,44,0.01,M,M
2009-05-11,65,41,0.00,M,M
2009-05-12,68,37,0.00,M,M
2009-05-13,72,34,0.00,M,M
2009-05-14,61,50,0.14,M,M
2009-05-15,78,50,0.00,M,M
2009-05-16,75,43,0.43,M,M
2009-05-17,64,39,0.22,M,M
2009-05-18,58,33,0.00,M,M
2009-05-19,74,30,0.00,M,M
2009-05-20,78,41,T,M,M
2009-05-21,90,45,0.00,M,M
2009-05-22,84,50,0.00,M,M
2009-05-23,67,52,0.02,M,M
2009-05-24,77,48,0.02,M,M
2009-05-25,73,38,0.00,M,M
2009-05-26,69,31,0.00,M,M
2009-05-27,54,48,0.87,M,M
2009-05-28,51,47,0.90,M,M
2009-05-29,67,48,0.29,M,M
2009-05-30,74,46,0.00,M,M
2009-05-31,70,36,0.01,M,M
2009-06-01,67,32,T,M,M
2009-06-02,73,52,0.00,M,M
2009-06-03,73,50,0.00,M,M
2009-06-04,74,43,0.00,M,M
2009-06-05,74,44,0.00,M,M
2009-06-06,79,50,0.00,M,M
2009-06-07,71,47,T,M,M
2009-06-08,74,50,0.00,M,M
2009-06-09,58,52,0.58,M,M
2009-06-10,72,52,0.00,M,M
2009-06-11,73,59,0.19,M,M
2009-06-12,77,53,1.21,M,M
2009-06-13,78,53,0.18,M,M
2009-06-14,74,57,0.09,M,M
2009-06-15,64,57,0.02,M,M
2009-06-16,73,48,0.00,M,M
2009-06-17,75,44,0.01,M,M
2009-06-18,64,53,0.47,M,M
2009-06-19,73,59,0.06,M,M
2009-06-20,75,61,0.00,M,M
2009-06-21,79,63,0.04,M,M
2009-06-22,74,64,T,M,M
2009-06-23,79,61,T,M,M
2009-06-24,80,65,T,M,M
2009-06-25,86,64,0.03,M,M
2009-06-26,82,61,0.07,M,M
2009-06-27,80,57,0.01,M,M
2009-06-28,80,62,0.01,M,M
2009-06-29,72,62,1.30,M,M
2009-06-30,77,59,0.38,M,M
2009-07-01,69,60,0.22,M,M
2009-07-02,65,60,0.26,M,M
2009-07-03,78,60,0.14,M,M
2009-07-04,73,56,0.18,M,M
2009-07-05,78,51,0.00,M,M
2009-07-06,81,49,0.00,M,M
2009-07-07,67,54,1.09,M,M
2009-07-08,68,57,0.17,M,M
2009-07-09,72,53,0.01,M,M
2009-07-10,80,53,0.00,M,M
2009-07-11,82,55,0.66,M,M
2009-07-12,79,57,0.30,M,M
2009-07-13,75,50,0.01,M,M
2009-07-14,68,51,0.01,M,M
2009-07-15,80,50,0.01,M,M
2009-07-16,82,56,0.02,M,M
2009-07-17,85,60,0.12,M,M
2009-07-18,83,58,0.20,M,M
2009-07-19,77,52,0.00,M,M
2009-07-20,82,52,0.00,M,M
2009-07-21,76,60,0.79,M,M
2009-07-22,77,61,0.03,M,M
2009-07-23,76,62,0.01,M,M
2009-07-24,72,60,0.92,M,M
2009-07-25,83,62,0.01,M,M
2009-07-26,84,63,0.01,M,M
2009-07-27,83,64,0.14,M,M
2009-07-28,86,58,0.00,M,M
2009-07-29,89,64,1.81,M,M
2009-07-30,83,60,0.20,M,M
2009-07-31,70,58,0.80,M,M
2009-08-01,85,60,0.01,M,M
2009-08-02,74,60,0.17,M,M
2009-08-03,81,56,0.01,M,M
2009-08-04,85,55,0.00,M,M
2009-08-05,83,57,T,M,M
2009-08-06,80,53,0.00,M,M
2009-08-07,77,51,0.00,M,M
2009-08-08,77,45,0.01,M,M
2009-08-09,73,47,T,M,M
2009-08-10,87,65,0.00,M,M
2009-08-11,86,64,1.29,M,M
2009-08-12,79,63,0.00,M,M
2009-08-13,76,59,0.01,M,M
2009-08-14,89,59,0.00,M,M
2009-08-15,91,61,0.00,M,M
2009-08-16,92,63,0.00,M,M
2009-08-17,93,66,0.01,M,M
2009-08-18,92,65,0.01,M,M
2009-08-19,88,63,0.02,M,M
2009-08-20,86,63,0.00,M,M
2009-08-21,87,68,0.49,M,M
2009-08-22,79,69,0.65,M,M
2009-08-23,82,69,0.07,M,M
2009-08-24,81,65,0.07,M,M
2009-08-25,82,59,0.00,M,M
2009-08-26,79,51,0.00,M,M
2009-08-27,74,44,0.01,M,M
2009-08-28,70,47,0.39,M,M
2009-08-29,61,55,0.76,M,M
2009-08-30,78,54,T,M,M
2009-08-31,70,45,0.00,M,M
2009-09-01,74,44,0.01,M,M
2009-09-02,78,48,0.00,M,M
2009-09-03,80,52,0.00,M,M
2009-09-04,83,55,0.01,M,M
2009-09-05,80,48,T,M,M
2009-09-06,70,45,T,M,M
2009-09-07,71,45,0.01,M,M
2009-09-08,78,54,0.01,M,M
2009-09-09,76,47,0.00,M,M
2009-09-10,67,44,0.01,M,M
2009-09-11,65,44,0.09,M,M
2009-09-12,69,58,0.11,M,M
2009-09-13,74,50,0.02,M,M
2009-09-14,74,47,0.00,M,M
2009-09-15,72,48,0.10,M,M
2009-09-16,65,48,0.00,M,M
2009-09-17,63,47,0.00,M,M
2009-09-18,66,44,0.05,M,M
2009-09-19,63,38,0.00,M,M
2009-09-20,71,37,T,M,M
2009-09-21,76,39,0.00,M,M
2009-09-22,70,46,0.00,M,M
2009-09-23,77,64,0.44,M,M
2009-09-24,72,45,0.02,M,M
2009-09-25,62,37,0.00,M,M
2009-09-26,64,37,0.00,M,M
2009-09-27,61,50,0.59,M,M
2009-09-28,73,55,0.17,M,M
2009-09-29,64,48,0.01,M,M
2009-09-30,53,39,0.01,M,M
2009-10-01,50,38,T,M,M
2009-10-02,56,35,0.14,M,M
2009-10-03,56,49,0.79,M,M
2009-10-04,68,46,0.01,M,M
2009-10-05,63,45,0.01,M,M
2009-10-06,65,42,0.00,M,M
2009-10-07,63,46,0.69,M,M
2009-10-08,61,41,T,M,M
2009-10-09,57,43,0.01,M,M
2009-10-10,56,31,0.09,M,M
2009-10-11,56,30,0.00,M,M
2009-10-12,53,25,0.00,M,M
2009-10-13,47,32,0.38,M,M
2009-10-14,46,28,T,M,M
2009-10-15,41,29,0.00,M,M
2009-10-16,48,25,0.00,M,M
2009-10-17,50,22,0.00,M,M
2009-10-18,43,26,0.00,M,M
2009-10-19,56,22,0.00,M,M
2009-10-20,60,27,0.00,M,M
2009-10-21,65,35,0.05,M,M
2009-10-22,69,40,T,M,M
2009-10-23,50,37,0.05,M,M
2009-10-24,51,40,2.67,M,M
2009-10-25,58,32,T,M,M
2009-10-26,58,28,0.00,M,M
2009-10-27,51,28,0.00,M,M
2009-10-28,49,43,0.40,M,M
2009-10-29,54,39,0.00,M,M
2009-10-30,53,47,0.02,M,M
2009-10-31,69,51,0.26,M,M
2009-11-01,57,31,0.00,M,M
2009-11-02,53,28,0.00,M,M
2009-11-03,53,28,0.01,M,M
2009-11-04,46,29,0.00,M,M
2009-11-05,43,31,0.00,M,M
2009-11-06,42,28,0.00,M,M
2009-11-07,47,24,0.00,M,M
2009-11-08,66,29,0.00,M,M
2009-11-09,66,26,0.00,M,M
2009-11-10,58,36,0.00,M,M
2009-11-11,52,25,T,M,M
2009-11-12,50,22,0.00,M,M
2009-11-13,47,20,0.00,M,M
2009-11-14,48,37,1.11,M,M
2009-11-15,58,47,0.03,M,M
2009-11-16,52,25,0.00,M,M
2009-11-17,49,22,0.00,M,M
2009-11-18,50,20,0.00,M,M
2009-11-19,52,25,0.00,M,M
2009-11-20,57,42,0.63,M,M
2009-11-21,56,33,0.00,M,M
2009-11-22,53,30,0.00,M,M
2009-11-23,48,36,0.00,M,M
2009-11-24,55,32,0.00,M,M
2009-11-25,47,35,0.02,M,M
2009-11-26,54,44,0.00,M,M
2009-11-27,47,41,0.40,M,M
2009-11-28,49,40,0.13,M,M
2009-11-29,51,32,0.00,M,M
2009-11-30,47,33,0.03,M,M
2009-12-01,40,25,T,M,M
2009-12-02,48,25,0.08,M,M
2009-12-03,61,43,0.81,M,M
2009-12-04,50,28,0.00,M,M
2009-12-05,37,27,0.20,M,M
2009-12-06,36,22,T,M,M
2009-12-07,34,19,T,M,M
2009-12-08,35,19,T,M,M
2009-12-09,37,21,0.67,M,M
2009-12-10,39,26,0.01,M,M
2009-12-11,26,20,T,M,M
2009-12-12,30,2,0.00,M,M
2009-12-13,34,2,0.25,M,M
2009-12-14,39,21,0.01,M,M
2009-12-15,44,31,0.05,M,M
2009-12-16,31,19,T,M,M
2009-12-17,18,2,T,M,M
2009-12-18,22,-6,0.00,M,M
2009-12-19,20,-5,0.00,M,M
2009-12-20,21,16,0.00,M,M
2009-12-21,29,12,0.00,M,M
2009-12-22,27,0,0.00,M,M
2009-12-23,20,7,T,M,M
2009-12-24,34,19,0.00,M,M
2009-12-25,31,26,0.00,M,M
2009-12-26,38,30,0.04,M,M
2009-12-27,43,28,0.62,M,M
2009-12-28,34,28,0.05,M,M
2009-12-29,29,6,T,M,M
2009-12-30,24,1,0.00,M,M
2009-12-31,26,11,0.12,M,M
2010-01-01,31,24,0.03,M,M
2010-01-02,30,17,0.08,M,M
2010-01-03,28,15,0.04,M,M
2010-01-04,29,22,T,M,M
2010-01-05,27,20,T,M,M
2010-01-06,28,21,T,M,M
2010-01-07,35,23,T,M,M
2010-01-08,23,19,T,M,M
2010-01-09,21,3,0.00,M,M
2010-01-10,19,-7,0.00,M,M
2010-01-11,32,-3,0.00,M,M
2010-01-12,28,9,0.00,M,M
2010-01-13,21,-1,T,M,M
2010-01-14,33,19,0.00,M,M
2010-01-15,40,26,0.00,M,M
2010-01-16,44,22,0.00,M,M
2010-01-17,39,31,0.04,M,M
2010-01-18,37,31,0.23,M,M
2010-01-19,35,32,0.13,M,M
2010-01-20,37,29,T,M,M
2010-01-21,36,11,0.00,M,M
2010-01-22,33,9,0.00,M,M
2010-01-23,35,0,0.00,M,M
2010-01-24,38,9,0.00,M,M
2010-01-25,53,34,1.00,M,M
2010-01-26,43,28,T,M,M
2010-01-27,39,25,0.00,M,M
2010-01-28,34,14,T,M,M
2010-01-29,14,3,0.00,M,M
2010-01-30,16,-2,0.00,M,M
2010-01-31,27,-2,0.00,M,M
2010-02-01,29,18,T,M,M
2010-02-02,31,13,0.00,M,M
2010-02-03,32,18,T,M,M
2010-02-04,29,9,T,M,M
2010-02-05,31,7,0.00,M,M
2010-02-06,25,11,0.00,M,M
2010-02-07,26,14,0.00,M,M
2010-02-08,29,17,0.00,M,M
2010-02-09,36,13,0.00,M,M
2010-02-10,35,23,0.01,M,M
2010-02-11,39,23,0.00,M,M
2010-02-12,36,13,0.00,M,M
2010-02-13,35,11,0.00,M,M
2010-02-14,36,26,0.00,M,M
2010-02-15,38,18,0.00,M,M
2010-02-16,33,17,0.18,M,M
2010-02-17,36,25,0.00,M,M
2010-02-18,43,30,0.00,M,M
2010-02-19,37,29,T,M,M
2010-02-20,45,31,0.00,M,M
2010-02-21,37,28,T,M,M
2010-02-22,44,26,0.00,M,M
2010-02-23,38,28,0.16,M,M
2010-02-24,39,33,0.87,M,M
2010-02-25,44,38,0.77,M,M
2010-02-26,44,32,0.05,M,M
2010-02-27,39,27,0.04,M,M
2010-02-28,42,31,0.00,M,M
2010-03-01,41,36,0.00,M,M
2010-03-02,50,30,0.00,M,M
2010-03-03,43,34,0.00,M,M
2010-03-04,43,32,0.00,M,M
2010-03-05,46,27,0.00,M,M
2010-03-06,53,20,0.00,M,M
2010-03-07,57,20,0.00,M,M
2010-03-08,55,25,0.00,M,M
2010-03-09,48,21,0.00,M,M
2010-03-10,54,17,0.00,M,M
2010-03-11,50,23,0.01,M,M
2010-03-12,45,28,0.00,M,M
2010-03-13,47,25,0.01,M,M
2010-03-14,45,35,0.74,M,M
2010-03-15,47,30,0.51,M,M
2010-03-16,63,23,0.00,M,M
2010-03-17,64,24,0.00,M,M
2010-03-18,M,M,0.00,M,M
2010-03-19,70,28,0.00,M,M
2010-03-20,69,33,0.00,M,M
2010-03-21,58,32,0.00,M,M
2010-03-22,54,32,0.34,M,M
2010-03-23,47,43,1.15,M,M
2010-03-24,48,28,0.02,M,M
2010-03-25,61,24,0.10,M,M
2010-03-26,44,21,0.01,M,M
2010-03-27,44,16,0.00,M,M
2010-03-28,48,23,0.08,M,M
2010-03-29,54,40,0.59,M,M
2010-03-30,47,40,0.81,M,M
2010-03-31,53,46,0.03,M,M
2010-04-01,70,40,0.00,M,M
2010-04-02,79,37,0.00,M,M
2010-04-03,83,41,0.00,M,M
2010-04-04,73,42,0.00,M,M
2010-04-05,74,34,0.00,M,M
2010-04-06,62,40,0.15,M,M
2010-04-07,86,44,T,M,M
2010-04-08,66,50,0.00,M,M
2010-04-09,53,40,0.23,M,M
2010-04-10,59,39,0.00,M,M
2010-04-11,64,39,0.01,M,M
2010-04-12,58,31,0.00,M,M
2010-04-13,64,27,0.00,M,M
2010-04-14,67,26,0.00,M,M
2010-04-15,66,30,0.00,M,M
2010-04-16,47,35,0.91,M,M
2010-04-17,45,38,0.30,M,M
2010-04-18,51,38,0.03,M,M
2010-04-19,58,35,0.00,M,M
2010-04-20,70,35,0.00,M,M
2010-04-21,72,32,T,M,M
2010-04-22,70,37,0.00,M,M
2010-04-23,64,36,0.00,M,M
2010-04-24,72,30,0.00,M,M
2010-04-25,71,35,0.00,M,M
2010-04-26,68,50,0.28,M,M
2010-04-27,54,34,0.40,M,M
2010-04-28,44,33,0.19,M,M
2010-04-29,56,28,0.01,M,M
2010-04-30,73,27,0.00,M,M
2010-05-01,83,38,T,M,M
2010-05-02,89,59,0.01,M,M
2010-05-03,82,53,0.03,M,M
2010-05-04,75,46,0.12,M,M
2010-05-05,79,40,0.00,M,M
2010-05-06,73,53,0.28,M,M
2010-05-07,69,44,0.00,M,M
2010-05-08,56,44,1.00,M,M
2010-05-09,49,40,0.00,M,M
2010-05-10,55,31,0.00,M,M
2010-05-11,65,27,0.00,M,M
2010-05-12,59,36,0.00,M,M
2010-05-13,70,31,0.01,M,M
2010-05-14,70,49,0.09,M,M
2010-05-15,69,48,0.01,M,M
2010-05-16,73,39,0.00,M,M
2010-05-17,80,35,0.00,M,M
2010-05-18,73,42,T,M,M
2010-05-19,60,49,0.57,M,M
2010-05-20,85,49,0.00,M,M
2010-05-21,85,50,0.00,M,M
2010-05-22,83,53,0.00,M,M
2010-05-23,83,52,0.00,M,M
2010-05-24,89,54,0.00,M,M
2010-05-25,95,58,0.00,M,M
2010-05-26,96,60,0.07,M,M
2010-05-27,83,53,0.00,M,M
2010-05-28,82,47,0.00,M,M
2010-05-29,76,51,0.01,M,M
2010-05-30,77,52,0.00,M,M
2010-05-31,84,49,0.00,M,M
2010-06-01,78,55,0.11,M,M
2010-06-02,86,53,0.00,M,M
2010-06-03,82,60,0.02,M,M
2010-06-04,85,58,0.00,M,M
2010-06-05,85,62,1.59,M,M
2010-06-06,68,56,0.42,M,M
2010-06-07,74,47,0.00,M,M
2010-06-08,70,M,T,M,M
2010-06-09,70,41,0.02,M,M
2010-06-10,60,53,0.21,M,M
2010-06-11,71,53,0.00,M,M
2010-06-12,64,55,0.15,M,M
2010-06-13,67,54,0.01,M,M
2010-06-14,75,48,0.01,M,M
2010-06-15,78,46,0.00,M,M
2010-06-16,69,44,0.31,M,M
2010-06-17,72,53,0.10,M,M
2010-06-18,89,50,0.00,M,M
2010-06-19,87,52,0.00,M,M
2010-06-20,88,66,0.08,M,M
2010-06-21,85,54,0.00,M,M
2010-06-22,82,50,0.07,M,M
2010-06-23,83,65,0.23,M,M
2010-06-24,86,59,0.44,M,M
2010-06-25,84,53,0.01,M,M
2010-06-26,74,54,0.06,M,M
2010-06-27,81,60,0.54,M,M
2010-06-28,84,67,0.77,M,M
2010-06-29,82,55,0.00,M,M
2010-06-30,74,48,0.00,M,M
2010-07-01,69,47,T,M,M
2010-07-02,80,48,0.00,M,M
2010-07-03,89,50,0.00,M,M
2010-07-04,91,55,0.00,M,M
2010-07-05,95,56,0.00,M,M
2010-07-06,97,69,0.00,M,M
2010-07-07,98,67,0.00,M,M
2010-07-08,92,70,0.12,M,M
2010-07-09,90,69,0.00,M,M
2010-07-10,79,68,0.55,M,M
2010-07-11,89,66,0.00,M,M
2010-07-12,90,64,0.00,M,M
2010-07-13,86,66,0.05,M,M
2010-07-14,84,70,0.05,M,M
2010-07-15,88,69,0.00,M,M
2010-07-16,87,66,T,M,M
2010-07-17,91,63,0.01,M,M
2010-07-18,86,65,0.00,M,M
2010-07-19,87,61,0.07,M,M
2010-07-20,83,63,0.00,M,M
2010-07-21,88,61,0.94,M,M
2010-07-22,82,59,T,M,M
2010-07-23,77,55,0.02,M,M
2010-07-24,92,67,0.06,M,M
2010-07-25,84,55,0.64,M,M
2010-07-26,83,53,0.00,M,M
2010-07-27,89,52,0.00,M,M
2010-07-28,89,57,0.38,M,M
2010-07-29,83,54,0.01,M,M
2010-07-30,78,49,0.00,M,M
2010-07-31,77,44,0.00,M,M
2010-08-01,84,50,0.00,M,M
2010-08-02,82,60,0.30,M,M
2010-08-03,84,65,0.02,M,M
2010-08-04,90,70,0.02,M,M
2010-08-05,83,68,0.04,M,M
2010-08-06,82,48,0.00,M,M
2010-08-07,76,46,0.00,M,M
2010-08-08,84,49,T,M,M
2010-08-09,87,68,1.30,M,M
2010-08-10,88,66,0.02,M,M
2010-08-11,85,62,0.00,M,M
2010-08-12,79,60,0.00,M,M
2010-08-13,81,59,0.00,M,M
2010-08-14,83,54,0.00,M,M
2010-08-15,79,58,0.06,M,M
2010-08-16,80,62,0.31,M,M
2010-08-17,85,57,0.01,M,M
2010-08-18,83,56,0.00,M,M
2010-08-19,88,60,0.00,M,M
2010-08-20,77,50,0.00,M,M
2010-08-21,76,46,0.00,M,M
2010-08-22,69,62,0.66,M,M
2010-08-23,67,60,0.24,M,M
2010-08-24,77,60,0.00,M,M
2010-08-25,70,61,0.05,M,M
2010-08-26,80,59,0.00,M,M
2010-08-27,74,50,0.00,M,M
2010-08-28,83,47,0.01,M,M
2010-08-29,92,53,0.00,M,M
2010-08-30,91,57,0.00,M,M
2010-08-31,94,61,0.00,M,M
2010-09-01,95,62,0.01,M,M
2010-09-02,94,60,0.00,M,M
2010-09-03,91,64,0.00,M,M
2010-09-04,80,62,0.02,M,M
2010-09-05,70,54,0.00,M,M
2010-09-06,77,48,T,M,M
2010-09-07,87,56,0.00,M,M
2010-09-08,78,59,0.09,M,M
2010-09-09,65,57,0.04,M,M
2010-09-10,66,49,0.01,M,M
2010-09-11,77,43,0.00,M,M
2010-09-12,65,48,0.01,M,M
2010-09-13,68,50,0.22,M,M
2010-09-14,67,51,0.01,M,M
2010-09-15,65,43,0.01,M,M
2010-09-16,68,37,0.51,M,M
2010-09-17,64,44,0.03,M,M
2010-09-18,72,48,0.00,M,M
2010-09-19,73,46,0.01,M,M
2010-09-20,67,39,0.00,M,M
2010-09-21,70,33,0.00,M,M
2010-09-22,80,50,T,M,M
2010-09-23,73,48,T,M,M
2010-09-24,89,56,T,M,M
2010-09-25,79,52,0.00,M,M
2010-09-26,70,47,0.00,M,M
2010-09-27,60,55,0.41,M,M
2010-09-28,76,57,0.43,M,M
2010-09-29,76,58,0.05,M,M
2010-09-30,77,57,2.23,M,M
2010-10-01,76,54,2.45,M,M
2010-10-02,60,38,0.00,M,M
2010-10-03,62,36,0.00,M,M
2010-10-04,62,44,0.00,M,M
2010-10-05,68,53,T,M,M
2010-10-06,61,51,0.38,M,M
2010-10-07,64,45,0.30,M,M
2010-10-08,71,40,0.01,M,M
2010-10-09,56,34,0.00,M,M
2010-10-10,66,29,0.00,M,M
2010-10-11,64,32,0.00,M,M
2010-10-12,61,32,0.00,M,M
2010-10-13,64,28,0.00,M,M
2010-10-14,62,32,0.11,M,M
2010-10-15,49,40,2.22,M,M
2010-10-16,54,36,0.03,M,M
2010-10-17,60,31,T,M,M
2010-10-18,54,28,0.00,M,M
2010-10-19,54,25,0.00,M,M
2010-10-20,61,28,0.00,M,M
2010-10-21,51,33,0.18,M,M
2010-10-22,45,28,0.00,M,M
2010-10-23,53,29,T,M,M
2010-10-24,41,30,0.11,M,M
2010-10-25,54,37,0.39,M,M
2010-10-26,73,50,0.24,M,M
2010-10-27,71,45,0.50,M,M
2010-10-28,71,43,0.01,M,M
2010-10-29,52,38,0.03,M,M
2010-10-30,50,29,0.01,M,M
2010-10-31,46,34,0.00,M,M
2010-11-01,44,34,0.00,M,M
2010-11-02,47,25,0.00,M,M
2010-11-03,48,20,0.00,M,M
2010-11-04,42,24,0.82,M,M
2010-11-05,48,35,0.46,M,M
2010-11-06,44,34,0.00,M,M
2010-11-07,42,35,0.00,M,M
2010-11-08,41,37,0.11,M,M
2010-11-09,50,40,0.01,M,M
2010-11-10,54,28,T,M,M
2010-11-11,56,24,0.00,M,M
2010-11-12,60,23,0.00,M,M
2010-11-13,61,23,0.00,M,M
2010-11-14,58,24,0.00,M,M
2010-11-15,50,40,T,M,M
2010-11-16,50,44,0.06,M,M
2010-11-17,56,44,0.67,M,M
2010-11-18,49,32,0.00,M,M
2010-11-19,41,22,T,M,M
2010-11-20,51,25,0.00,M,M
2010-11-21,36,25,0.00,M,M
2010-11-22,43,29,0.04,M,M
2010-11-23,53,41,0.07,M,M
2010-11-24,45,27,0.00,M,M
2010-11-25,34,18,0.00,M,M
2010-11-26,42,26,0.26,M,M
2010-11-27,39,21,0.02,M,M
2010-11-28,39,15,0.00,M,M
2010-11-29,45,19,0.00,M,M
2010-11-30,45,20,0.21,M,M
2010-12-01,53,41,0.72,M,M
2010-12-02,43,31,0.00,M,M
2010-12-03,39,33,0.00,M,M
2010-12-04,36,29,0.00,M,M
2010-12-05,30,26,T,M,M
2010-12-06,30,22,T,M,M
2010-12-07,30,24,0.00,M,M
2010-12-08,29,13,T,M,M
2010-12-09,23,7,T,M,M
2010-12-10,23,3,T,M,M
2010-12-11,33,20,0.00,M,M
2010-12-12,55,18,0.83,M,M
2010-12-13,56,27,0.36,M,M
2010-12-14,27,13,0.01,M,M
2010-12-15,19,11,T,M,M
2010-12-16,26,11,0.03,M,M
2010-12-17,28,5,T,M,M
2010-12-18,34,12,T,M,M
2010-12-19,29,12,0.00,M,M
2010-12-20,27,12,T,M,M
2010-12-21,32,23,T,M,M
2010-12-22,34,30,T,M,M
2010-12-23,33,29,T,M,M
2010-12-24,30,13,0.00,M,M
2010-12-25,25,10,0.00,M,M
2010-12-26,21,13,0.18,M,M
2010-12-27,22,14,0.45,M,M
2010-12-28,31,2,0.01,M,M
2010-12-29,34,17,T,M,M
2010-12-30,39,8,0.00,M,M
2010-12-31,39,17,0.00,M,M
2011-01-01,45,29,0.00,M,M
2011-01-02,49,33,T,M,M
2011-01-03,33,12,0.00,M,M
2011-01-04,32,8,0.01,M,M
2011-01-05,33,9,T,M,M
2011-01-06,28,2,0.00,M,M
2011-01-07,27,4,0.01,M,M
2011-01-08,25,15,0.05,M,M
2011-01-09,33,12,T,M,M
2011-01-10,28,6,T,M,M
2011-01-11,28,11,0.00,M,M
2011-01-12,26,19,0.83,M,M
2011-01-13,25,9,0.00,M,M
2011-01-14,21,3,0.00,M,M
2011-01-15,27,-10,0.01,M,M
2011-01-16,29,9,0.01,M,M
2011-01-17,16,-15,0.00,M,M
2011-01-18,27,3,0.55,M,M
2011-01-19,33,22,0.02,M,M
2011-01-20,27,9,0.00,M,M
2011-01-21,27,-1,0.20,M,M
2011-01-22,22,-15,0.00,M,M
2011-01-23,17,-17,T,M,M
2011-01-24,8,-28,0.00,M,M
2011-01-25,29,-3,T,M,M
2011-01-26,43,15,0.00,M,M
2011-01-27,47,12,0.00,M,M
2011-01-28,M,3,T,M,M
2011-01-29,34,18,T,M,M
2011-01-30,30,5,T,M,M
2011-01-31,19,-8,0.00,M,M
2011-02-01,16,1,0.20,M,M
2011-02-02,24,15,0.64,M,M
2011-02-03,26,-10,T,M,M
2011-02-04,M,-6,T,M,M
2011-02-05,33,-9,0.48,M,M
2011-02-06,47,25,0.04,M,M
2011-02-07,53,25,0.01,M,M
2011-02-08,34,8,0.12,M,M
2011-02-09,25,-12,T,M,M
2011-02-10,23,-3,0.00,M,M
2011-02-11,25,-14,0.00,M,M
2011-02-12,34,1,0.01,M,M
2011-02-13,30,-2,0.00,M,M
2011-02-14,50,19,0.01,M,M
2011-02-15,23,-4,0.00,M,M
2011-02-16,28,-5,0.00,M,M
2011-02-17,49,9,T,M,M
2011-02-18,58,34,0.00,M,M
2011-02-19,44,13,0.01,M,M
2011-02-20,27,11,0.00,M,M
2011-02-21,21,3,T,M,M
2011-02-22,27,-8,0.00,M,M
2011-02-23,34,-10,0.00,M,M
2011-02-24,36,-5,0.00,M,M
2011-02-25,32,25,0.81,M,M
2011-02-26,29,-3,0.01,M,M
2011-02-27,30,20,0.21,M,M
2011-02-28,38,25,0.34,M,M
2011-03-01,34,8,T,M,M
2011-03-02,40,7,0.04,M,M
2011-03-03,23,-6,0.00,M,M
2011-03-04,36,-11,0.00,M,M
2011-03-05,48,31,T,M,M
2011-03-06,50,32,1.01,M,M
2011-03-07,33,18,1.15,M,M
2011-03-08,34,11,0.00,M,M
2011-03-09,34,11,0.00,M,M
2011-03-10,38,29,0.11,M,M
2011-03-11,49,35,0.36,M,M
2011-03-12,41,33,0.00,M,M
2011-03-13,43,33,0.01,M,M
2011-03-14,41,21,0.00,M,M
2011-03-15,46,15,0.00,M,M
2011-03-16,39,33,0.08,M,M
2011-03-17,59,28,0.03,M,M
2011-03-18,64,34,0.01,M,M
2011-03-19,42,21,0.01,M,M
2011-03-20,45,16,0.00,M,M
2011-03-21,37,27,0.01,M,M
2011-03-22,38,26,0.01,M,M
2011-03-23,35,18,0.01,M,M
2011-03-24,41,23,0.00,M,M
2011-03-25,38,17,0.01,M,M
2011-03-26,34,12,0.00,M,M
2011-03-27,38,14,0.00,M,M
2011-03-28,40,21,0.01,M,M
2011-03-29,40,16,0.00,M,M
2011-03-30,51,20,0.00,M,M
2011-03-31,47,28,0.01,M,M
2011-04-01,37,32,0.50,M,M
2011-04-02,48,29,0.02,M,M
2011-04-03,50,23,0.00,M,M
2011-04-04,39,28,0.29,M,M
2011-04-05,45,35,0.15,M,M
2011-04-06,47,22,T,M,M
2011-04-07,51,23,0.00,M,M
2011-04-08,54,19,0.00,M,M
2011-04-09,62,20,0.00,M,M
2011-04-10,65,33,0.50,M,M
2011-04-11,75,43,0.04,M,M
2011-04-12,63,44,0.00,M,M
2011-04-13,51,41,0.42,M,M
2011-04-14,57,36,0.00,M,M
2011-04-15,50,28,0.00,M,M
2011-04-16,44,25,0.19,M,M
2011-04-17,52,40,0.25,M,M
2011-04-18,50,38,0.02,M,M
2011-04-19,50,39,0.02,M,M
2011-04-20,44,37,0.20,M,M
2011-04-21,47,27,0.01,M,M
2011-04-22,57,22,0.00,M,M
2011-04-23,45,34,0.32,M,M
2011-04-24,64,40,0.00,M,M
2011-04-25,61,36,0.06,M,M
2011-04-26,64,50,0.85,M,M
2011-04-27,81,51,0.03,M,M
2011-04-28,71,47,0.20,M,M
2011-04-29,65,37,0.01,M,M
2011-04-30,65,36,0.00,M,M
2011-05-01,71,30,0.00,M,M
2011-05-02,72,35,0.00,M,M
2011-05-03,72,56,T,M,M
2011-05-04,61,42,0.69,M,M
2011-05-05,52,37,T,M,M
2011-05-06,68,30,0.00,M,M
2011-05-07,68,40,T,M,M
2011-05-08,65,38,0.00,M,M
2011-05-09,68,38,0.00,M,M
2011-05-10,69,41,0.00,M,M
2011-05-11,71,44,0.00,M,M
2011-05-12,72,36,0.00,M,M
2011-05-13,79,41,0.00,M,M
2011-05-14,65,48,0.17,M,M
2011-05-15,57,50,1.38,M,M
2011-05-16,55,47,0.17,M,M
2011-05-17,59,48,0.05,M,M
2011-05-18,63,53,0.02,M,M
2011-05-19,70,55,0.41,M,M
2011-05-20,72,58,0.30,M,M
2011-05-21,75,56,0.15,M,M
2011-05-22,66,53,0.01,M,M
2011-05-23,62,52,0.07,M,M
2011-05-24,80,59,T,M,M
2011-05-25,78,50,0.00,M,M
2011-05-26,84,52,0.18,M,M
2011-05-27,88,60,0.10,M,M
2011-05-28,79,60,0.00,M,M
2011-05-29,85,67,0.00,M,M
2011-05-30,86,58,0.06,M,M
2011-05-31,86,54,0.00,M,M
2011-06-01,88,64,0.00,M,M
2011-06-02,70,52,T,M,M
2011-06-03,68,43,0.00,M,M
2011-06-04,75,36,0.00,M,M
2011-06-05,72,40,0.03,M,M
2011-06-06,84,52,0.00,M,M
2011-06-07,87,48,0.00,M,M
2011-06-08,93,54,T,M,M
2011-06-09,86,64,0.91,M,M
2011-06-10,78,56,0.00,M,M
2011-06-11,60,52,0.41,M,M
2011-06-12,58,51,0.13,M,M
2011-06-13,67,54,0.78,M,M
2011-06-14,62,50,0.20,M,M
2011-06-15,83,50,0.23,M,M
2011-06-16,87,52,0.00,M,M
2011-06-17,77,49,0.02,M,M
2011-06-18,82,53,0.00,M,M
2011-06-19,76,47,0.01,M,M
2011-06-20,80,44,0.00,M,M
2011-06-21,84,52,0.00,M,M
2011-06-22,73,56,0.65,M,M
2011-06-23,66,60,0.33,M,M
2011-06-24,60,53,0.20,M,M
2011-06-25,72,53,0.11,M,M
2011-06-26,76,59,0.00,M,M
2011-06-27,84,56,0.01,M,M
2011-06-28,83,56,0.23,M,M
2011-06-29,79,56,0.01,M,M
2011-06-30,78,56,0.00,M,M
2011-07-02,84,55,0.00,M,M
2011-07-03,76,60,0.06,M,M
2011-07-04,90,60,0.00,M,M
2011-07-05,89,56,0.00,M,M
2011-07-06,90,55,0.13,M,M
2011-07-07,83,57,0.00,M,M
2011-07-08,79,55,0.13,M,M
2011-07-09,79,54,0.20,M,M
2011-07-10,85,52,0.00,M,M
2011-07-11,90,58,T,M,M
2011-07-12,90,66,T,M,M
2011-07-13,83,57,0.54,M,M
2011-07-14,82,51,0.01,M,M
2011-07-15,84,51,0.00,M,M
2011-07-16,86,51,0.00,M,M
2011-07-17,91,56,0.00,M,M
2011-07-18,82,65,0.16,M,M
2011-07-19,87,58,0.00,M,M
2011-07-20,91,56,0.00,M,M
2011-07-21,95,67,0.00,M,M
2011-07-22,97,68,0.00,M,M
2011-07-23,94,66,T,M,M
2011-07-24,85,60,0.00,M,M
2011-07-25,76,55,0.06,M,M
2011-07-26,81,59,1.13,M,M
2011-07-27,79,53,0.00,M,M
2011-07-28,84,55,0.00,M,M
2011-07-29,78,64,1.90,M,M
2011-07-30,83,58,0.00,M,M
2011-07-31,85,54,0.01,M,M
2011-08-01,89,58,0.00,M,M
2011-08-02,83,55,0.00,M,M
2011-08-03,81,52,0.00,M,M
2011-08-04,85,59,0.01,M,M
2011-08-05,83,60,0.00,M,M
2011-08-06,85,65,T,M,M
2011-08-07,84,68,0.10,M,M
2011-08-08,85,60,0.09,M,M
2011-08-09,79,57,0.13,M,M
2011-08-10,82,61,0.10,M,M
2011-08-11,77,57,T,M,M
2011-08-12,79,51,0.01,M,M
2011-08-13,82,53,0.00,M,M
2011-08-14,78,60,0.27,M,M
2011-08-15,66,58,1.80,M,M
2011-08-16,74,58,0.36,M,M
2011-08-17,82,54,0.01,M,M
2011-08-18,84,52,0.00,M,M
2011-08-19,84,59,0.03,M,M
2011-08-20,84,58,0.00,M,M
2011-08-21,84,57,1.02,M,M
2011-08-22,74,53,0.04,M,M
2011-08-23,75,46,0.01,M,M
2011-08-24,80,52,0.00,M,M
2011-08-25,78,63,0.34,M,M
2011-08-26,82,60,0.00,M,M
2011-08-27,83,60,0.14,M,M
2011-08-28,73,62,3.49,M,M
2011-08-29,74,51,0.00,M,M
2011-08-30,80,52,0.01,M,M
2011-08-31,82,52,0.00,M,M
2011-09-01,78,54,T,M,M
2011-09-02,79,55,0.00,M,M
2011-09-03,87,60,0.00,M,M
2011-09-04,85,66,0.33,M,M
2011-09-05,74,61,0.74,M,M
2011-09-06,69,58,0.32,M,M
2011-09-07,62,57,0.79,M,M
2011-09-08,70,57,0.28,M,M
2011-09-09,80,54,0.00,M,M
2011-09-10,73,47,0.00,M,M
2011-09-11,74,45,0.01,M,M
2011-09-12,82,53,0.00,M,M
2011-09-13,82,55,0.00,M,M
2011-09-14,77,56,0.06,M,M
2011-09-15,62,41,0.20,M,M
2011-09-16,61,36,0.00,M,M
2011-09-17,63,35,0.00,M,M
2011-09-18,66,40,0.00,M,M
2011-09-19,67,40,0.00,M,M
2011-09-20,64,44,0.11,M,M
2011-09-21,74,56,0.00,M,M
2011-09-22,72,58,0.87,M,M
2011-09-23,76,64,0.19,M,M
2011-09-24,80,65,0.03,M,M
2011-09-25,80,62,0.01,M,M
2011-09-26,81,56,0.00,M,M
2011-09-27,81,52,0.00,M,M
2011-09-28,74,59,0.09,M,M
2011-09-29,66,57,1.00,M,M
2011-09-30,70,49,0.02,M,M
2011-10-01,60,45,0.83,M,M
2011-10-02,57,45,0.11,M,M
2011-10-03,62,51,0.03,M,M
2011-10-04,62,51,0.14,M,M
2011-10-05,62,34,0.02,M,M
2011-10-06,59,30,0.00,M,M
2011-10-07,64,31,0.00,M,M
2011-10-08,78,38,0.00,M,M
2011-10-09,82,42,0.01,M,M
2011-10-10,80,45,0.00,M,M
2011-10-11,71,43,0.01,M,M
2011-10-12,60,43,0.00,M,M
2011-10-13,58,53,0.34,M,M
2011-10-14,67,56,0.88,M,M
2011-10-15,61,49,0.08,M,M
2011-10-16,60,50,0.02,M,M
2011-10-17,58,38,0.09,M,M
2011-10-18,60,42,0.00,M,M
2011-10-19,58,42,0.13,M,M
2011-10-20,65,44,0.07,M,M
2011-10-21,58,44,0.00,M,M
2011-10-22,54,44,0.00,M,M
2011-10-23,52,33,0.00,M,M
2011-10-24,58,31,T,M,M
2011-10-25,56,32,0.03,M,M
2011-10-26,44,30,0.03,M,M
2011-10-27,42,32,0.62,M,M
2011-10-28,45,26,0.01,M,M
2011-10-29,37,28,0.32,M,M
2011-10-30,44,26,0.14,M,M
2011-10-31,48,22,0.00,M,M
2011-11-01,53,26,0.00,M,M
2011-11-02,57,26,0.00,M,M
2011-11-03,54,27,0.00,M,M
2011-11-04,48,25,0.00,M,M
2011-11-05,50,22,0.00,M,M
2011-11-06,56,19,0.00,M,M
2011-11-07,61,22,0.00,M,M
2011-11-08,68,30,0.00,M,M
2011-11-09,69,37,0.00,M,M
2011-11-10,67,44,0.09,M,M
2011-11-11,48,34,0.05,M,M
2011-11-12,51,26,0.00,M,M
2011-11-13,56,27,0.00,M,M
2011-11-14,59,48,0.22,M,M
2011-11-15,62,34,0.00,M,M
2011-11-16,52,34,0.24,M,M
2011-11-17,52,34,0.00,M,M
2011-11-18,42,28,0.00,M,M
2011-11-19,52,25,0.00,M,M
2011-11-20,63,41,T,M,M
2011-11-21,45,20,0.00,M,M
2011-11-22,40,16,0.03,M,M
2011-11-23,35,30,0.95,M,M
2011-11-24,35,23,0.00,M,M
2011-11-25,40,25,0.00,M,M
2011-11-26,43,24,0.00,M,M
2011-11-27,48,29,0.00,M,M
2011-11-28,54,36,0.00,M,M
2011-11-29,60,42,0.39,M,M
2011-11-30,60,40,0.26,M,M
2011-12-01,44,24,0.00,M,M
2011-12-02,39,21,0.00,M,M
2011-12-03,41,20,0.00,M,M
2011-12-04,50,20,0.00,M,M
2011-12-05,50,34,0.00,M,M
2011-12-06,55,43,0.30,M,M
2011-12-07,44,34,0.82,M,M
2011-12-08,37,27,0.30,M,M
2011-12-09,39,25,0.00,M,M
2011-12-10,35,19,T,M,M
2011-12-11,35,14,0.00,M,M
2011-12-12,43,17,0.00,M,M
2011-12-13,40,16,0.00,M,M
2011-12-14,39,29,T,M,M
2011-12-15,49,32,0.07,M,M
2011-12-16,51,33,0.02,M,M
2011-12-17,33,15,0.04,M,M
2011-12-18,23,7,0.00,M,M
2011-12-19,42,7,0.00,M,M
2011-12-20,41,15,0.03,M,M
2011-12-21,35,14,0.23,M,M
2011-12-22,49,34,0.01,M,M
2011-12-23,38,22,0.37,M,M
2011-12-24,23,7,0.00,M,M
2011-12-25,28,7,T,M,M
2011-12-26,35,18,T,M,M
2011-12-27,40,16,0.62,M,M
2011-12-28,42,20,0.05,M,M
2011-12-29,27,11,0.00,M,M
2011-12-30,25,14,T,M,M
2011-12-31,35,25,0.03,M,M
2012-01-01,45,31,0.18,M,M
2012-01-02,43,25,0.04,M,M
2012-01-03,25,4,T,M,M
2012-01-04,22,1,0.00,M,M
2012-01-05,32,13,T,M,M
2012-01-06,32,14,T,M,M
2012-01-07,40,22,0.00,M,M
2012-01-08,39,17,0.00,M,M
2012-01-09,34,13,0.00,M,M
2012-01-10,38,24,0.00,M,M
2012-01-11,31,18,0.00,M,M
2012-01-12,33,28,0.32,M,M
2012-01-13,35,24,0.12,M,M
2012-01-14,31,0,T,M,M
2012-01-15,9,-13,T,M,M
2012-01-16,27,-14,0.00,M,M
2012-01-17,40,26,0.14,M,M
2012-01-18,43,5,0.01,M,M
2012-01-19,25,0,0.04,M,M
2012-01-20,24,5,0.04,M,M
2012-01-21,15,-6,0.04,M,M
2012-01-22,24,-8,0.00,M,M
2012-01-23,33,17,0.35,M,M
2012-01-24,45,33,0.00,M,M
2012-01-25,36,29,0.00,M,M
2012-01-26,35,21,0.07,M,M
2012-01-27,40,32,0.93,M,M
2012-01-28,42,32,0.01,M,M
2012-01-29,37,21,T,M,M
2012-01-30,32,17,0.01,M,M
2012-01-31,34,19,0.03,M,M
2012-02-01,51,31,0.02,M,M
2012-02-02,40,21,0.00,M,M
2012-02-03,34,14,0.00,M,M
2012-02-04,33,17,T,M,M
2012-02-05,34,9,0.00,M,M
2012-02-06,47,16,0.00,M,M
2012-02-07,38,19,T,M,M
2012-02-08,36,10,0.00,M,M
2012-02-09,43,18,0.00,M,M
2012-02-10,45,16,0.00,M,M
2012-02-11,38,14,0.00,M,M
2012-02-12,16,8,0.00,M,M
2012-02-13,39,7,T,M,M
2012-02-14,38,20,0.00,M,M
2012-02-15,44,27,0.00,M,M
2012-02-16,42,24,0.05,M,M
2012-02-17,45,26,0.01,M,M
2012-02-18,41,23,0.00,M,M
2012-02-19,38,17,0.00,M,M
2012-02-20,37,13,0.00,M,M
2012-02-21,41,12,0.01,M,M
2012-02-22,50,28,0.01,M,M
2012-02-23,45,24,T,M,M
2012-02-24,36,22,0.55,M,M
2012-02-25,36,23,0.01,M,M
2012-02-26,31,11,0.00,M,M
2012-02-27,43,6,0.00,M,M
2012-02-29,30,22,0.03,M,M
2012-03-01,30,21,0.22,M,M
2012-03-02,32,23,0.01,M,M
2012-03-03,46,28,0.19,M,M
2012-03-04,39,21,0.01,M,M
2012-03-05,27,11,T,M,M
2012-03-06,35,0,0.00,M,M
2012-03-07,54,17,0.00,M,M
2012-03-08,64,36,0.08,M,M
2012-03-09,42,29,0.13,M,M
2012-03-10,39,23,0.02,M,M
2012-03-11,57,22,0.00,M,M
2012-03-12,67,24,0.00,M,M
2012-03-13,68,35,0.00,M,M
2012-03-14,60,28,T,M,M
2012-03-15,48,31,T,M,M
2012-03-16,43,38,0.05,M,M
2012-03-17,55,32,0.00,M,M
2012-03-18,80,30,0.00,M,M
2012-03-19,79,37,0.00,M,M
2012-03-20,80,41,0.00,M,M
2012-03-21,82,39,0.00,M,M
2012-03-22,85,39,0.00,M,M
2012-03-23,70,37,0.00,M,M
2012-03-24,55,38,T,M,M
2012-03-25,49,38,0.18,M,M
2012-03-26,41,27,0.04,M,M
2012-03-27,45,21,0.00,M,M
2012-03-28,47,28,0.01,M,M
2012-03-29,41,34,0.01,M,M
2012-03-30,46,29,T,M,M
2012-03-31,49,25,T,M,M
2012-04-01,49,21,0.07,M,M
2012-04-02,51,22,0.00,M,M
2012-04-03,56,18,0.00,M,M
2012-04-04,56,25,T,M,M
2012-04-05,43,28,T,M,M
2012-04-06,50,25,0.00,M,M
2012-04-07,53,21,0.00,M,M
2012-04-08,52,35,0.00,M,M
2012-04-09,49,33,0.02,M,M
2012-04-10,51,34,0.00,M,M
2012-04-11,55,25,0.00,M,M
2012-04-12,55,28,0.09,M,M
2012-04-13,64,25,0.00,M,M
2012-04-14,68,27,0.00,M,M
2012-04-15,76,37,T,M,M
2012-04-16,90,54,0.00,M,M
2012-04-17,75,48,0.00,M,M
2012-04-18,60,34,0.01,M,M
2012-04-19,73,28,0.00,M,M
2012-04-20,80,38,0.00,M,M
2012-04-21,77,45,0.77,M,M
2012-04-22,47,42,0.92,M,M
2012-04-23,62,41,0.69,M,M
2012-04-24,53,38,0.09,M,M
2012-04-25,54,34,T,M,M
2012-04-26,57,31,0.25,M,M
2012-04-27,50,35,0.01,M,M
2012-04-28,53,29,0.00,M,M
2012-04-29,53,25,0.00,M,M
2012-04-30,63,24,0.00,M,M
2012-05-01,53,43,0.51,M,M
2012-05-02,54,43,0.00,M,M
2012-05-03,55,45,0.15,M,M
2012-05-04,60,50,0.31,M,M
2012-05-05,67,43,0.01,M,M
2012-05-06,70,40,0.00,M,M
2012-05-07,73,33,0.00,M,M
2012-05-08,58,47,1.11,M,M
2012-05-09,65,52,0.02,M,M
2012-05-10,60,46,0.39,M,M
2012-05-11,66,37,0.00,M,M
2012-05-12,80,30,0.00,M,M
2012-05-13,82,45,0.00,M,M
2012-05-14,67,49,0.47,M,M
2012-05-15,65,58,0.36,M,M
2012-05-16,75,56,0.11,M,M
2012-05-17,67,40,0.00,M,M
2012-05-18,75,35,0.00,M,M
2012-05-19,84,41,0.00,M,M
2012-05-20,88,48,0.00,M,M
2012-05-21,80,48,0.00,M,M
2012-05-22,72,60,0.01,M,M
2012-05-23,82,57,0.01,M,M
2012-05-24,77,56,0.10,M,M
2012-05-25,74,61,0.09,M,M
2012-05-26,86,55,0.00,M,M
2012-05-27,83,49,0.00,M,M
2012-05-28,85,54,0.04,M,M
2012-05-29,74,60,1.50,M,M
2012-05-30,80,61,0.02,M,M
2012-05-31,78,49,0.00,M,M
2012-06-01,73,45,T,M,M
2012-06-02,59,51,0.87,M,M
2012-06-03,67,52,0.04,M,M
2012-06-04,56,50,0.23,M,M
2012-06-05,68,47,0.01,M,M
2012-06-06,71,46,0.02,M,M
2012-06-07,70,48,0.04,M,M
2012-06-08,80,46,0.07,M,M
2012-06-09,78,45,0.01,M,M
2012-06-10,83,46,0.00,M,M
2012-06-11,78,55,0.00,M,M
2012-06-12,78,58,0.42,M,M
2012-06-13,79,52,0.18,M,M
2012-06-14,79,47,0.00,M,M
2012-06-15,81,45,0.00,M,M
2012-06-16,81,49,0.00,M,M
2012-06-17,78,48,0.00,M,M
2012-06-18,74,52,0.00,M,M
2012-06-19,81,50,0.00,M,M
2012-06-20,96,62,0.00,M,M
2012-06-21,95,66,0.00,M,M
2012-06-22,90,61,0.00,M,M
2012-06-23,85,57,0.31,M,M
2012-06-24,85,52,0.01,M,M
2012-06-25,68,58,0.10,M,M
2012-06-26,63,55,0.04,M,M
2012-06-27,69,57,0.02,M,M
2012-06-28,85,56,0.00,M,M
2012-06-29,91,55,0.10,M,M
2012-06-30,89,53,0.00,M,M
2012-07-01,90,59,T,M,M
2012-07-02,84,58,0.24,M,M
2012-07-03,84,58,0.01,M,M
2012-07-04,88,62,0.47,M,M
2012-07-05,81,59,0.00,M,M
2012-07-06,87,57,0.01,M,M
2012-07-07,82,60,0.02,M,M
2012-07-08,83,53,0.00,M,M
2012-07-09,80,48,0.00,M,M
2012-07-10,81,45,0.00,M,M
2012-07-11,87,49,0.00,M,M
2012-07-12,92,53,0.00,M,M
2012-07-13,93,57,0.00,M,M
2012-07-14,91,62,0.00,M,M
2012-07-15,89,60,0.12,M,M
2012-07-16,90,65,0.01,M,M
2012-07-17,96,64,0.56,M,M
2012-07-18,87,56,T,M,M
2012-07-19,72,66,M,M,M
2012-07-20,M,M,0.00,M,M
2012-07-21,84,53,0.00,M,M
2012-07-22,88,60,0.00,M,M
2012-07-23,89,67,0.43,M,M
2012-07-24,86,56,0.05,M,M
2012-07-25,81,53,0.00,M,M
2012-07-26,70,60,1.32,M,M
2012-07-27,80,63,0.04,M,M
2012-07-28,81,64,0.29,M,M
2012-07-29,79,61,0.17,M,M
2012-07-30,85,58,0.00,M,M
2012-07-31,86,62,0.02,M,M
2012-08-01,84,58,0.00,M,M
2012-08-02,90,64,T,M,M
2012-08-03,91,63,0.00,M,M
2012-08-04,93,64,T,M,M
2012-08-05,89,64,0.09,M,M
2012-08-06,81,56,0.00,M,M
2012-08-07,85,56,0.00,M,M
2012-08-08,90,53,0.01,M,M
2012-08-09,86,59,0.01,M,M
2012-08-10,80,67,0.75,M,M
2012-08-11,79,67,0.16,M,M
2012-08-12,85,63,0.02,M,M
2012-08-13,84,59,0.00,M,M
2012-08-14,83,57,0.00,M,M
2012-08-15,82,62,T,M,M
2012-08-16,84,57,T,M,M
2012-08-17,86,55,0.16,M,M
2012-08-18,79,51,T,M,M
2012-08-19,77,47,0.00,M,M
2012-08-20,81,49,0.01,M,M
2012-08-21,81,53,T,M,M
2012-08-22,83,48,0.00,M,M
2012-08-23,87,51,0.00,M,M
2012-08-24,86,54,0.00,M,M
2012-08-25,86,58,0.00,M,M
2012-08-26,88,57,0.01,M,M
2012-08-27,85,55,0.23,M,M
2012-08-28,83,54,0.07,M,M
2012-08-29,77,46,0.00,M,M
2012-08-30,83,46,0.00,M,M
2012-08-31,86,53,0.06,M,M
2012-09-01,84,58,0.01,M,M
2012-09-02,79,52,T,M,M
2012-09-03,82,52,0.01,M,M
2012-09-04,68,60,0.68,M,M
2012-09-05,78,59,0.09,M,M
2012-09-06,82,62,0.01,M,M
2012-09-07,84,59,0.00,M,M
2012-09-08,83,60,0.70,M,M
2012-09-09,75,54,0.01,M,M
2012-09-10,67,46,0.00,M,M
2012-09-11,75,39,0.00,M,M
2012-09-12,80,43,0.00,M,M
2012-09-13,84,47,0.01,M,M
2012-09-14,83,51,0.00,M,M
2012-09-15,70,43,T,M,M
2012-09-16,68,39,0.00,M,M
2012-09-17,78,37,0.00,M,M
2012-09-18,71,49,1.11,M,M
2012-09-19,68,39,0.02,M,M
2012-09-20,66,39,0.01,M,M
2012-09-21,72,43,0.00,M,M
2012-09-22,72,44,0.24,M,M
2012-09-23,66,39,0.03,M,M
2012-09-24,64,37,0.00,M,M
2012-09-25,72,34,0.00,M,M
2012-09-26,70,45,0.02,M,M
2012-09-27,65,39,0.01,M,M
2012-09-28,53,37,0.46,M,M
2012-09-29,59,51,0.09,M,M
2012-09-30,57,50,0.22,M,M
2012-10-01,63,49,0.04,M,M
2012-10-02,67,48,0.05,M,M
2012-10-03,65,59,0.36,M,M
2012-10-04,65,61,0.03,M,M
2012-10-05,78,58,0.00,M,M
2012-10-06,69,45,0.02,M,M
2012-10-07,56,37,0.15,M,M
2012-10-08,56,38,0.01,M,M
2012-10-09,55,38,0.00,M,M
2012-10-10,55,41,0.21,M,M
2012-10-11,55,40,0.00,M,M
2012-10-12,51,25,0.07,M,M
2012-10-13,52,22,T,M,M
2012-10-14,54,40,0.36,M,M
2012-10-15,70,47,0.09,M,M
2012-10-16,56,32,T,M,M
2012-10-17,60,29,0.00,M,M
2012-10-18,68,33,0.02,M,M
2012-10-19,64,48,0.56,M,M
2012-10-20,74,43,0.01,M,M
2012-10-21,60,36,T,M,M
2012-10-22,64,36,0.00,M,M
2012-10-23,61,34,0.00,M,M
2012-10-24,61,30,0.00,M,M
2012-10-25,62,40,0.00,M,M
2012-10-26,66,42,0.00,M,M
2012-10-27,59,46,0.01,M,M
2012-10-28,61,44,0.00,M,M
2012-10-29,63,52,0.82,M,M
2012-10-30,68,53,1.32,M,M
2012-10-31,58,42,0.10,M,M
2012-11-01,49,43,0.01,M,M
2012-11-02,49,39,0.00,M,M
2012-11-03,49,41,0.00,M,M
2012-11-04,43,36,0.00,M,M
2012-11-05,40,26,T,M,M
2012-11-06,40,19,0.00,M,M
2012-11-07,35,17,0.00,M,M
2012-11-08,40,34,0.01,M,M
2012-11-09,51,34,0.00,M,M
2012-11-10,51,26,T,M,M
2012-11-11,62,35,T,M,M
2012-11-12,67,36,0.00,M,M
2012-11-13,65,26,0.44,M,M
2012-11-14,45,21,0.00,M,M
2012-11-15,41,19,0.00,M,M
2012-11-16,43,19,0.00,M,M
2012-11-17,46,19,0.00,M,M
2012-11-18,47,17,0.00,M,M
2012-11-19,47,19,0.00,M,M
2012-11-20,43,18,0.00,M,M
2012-11-21,50,22,0.00,M,M
2012-11-22,53,20,0.00,M,M
2012-11-23,57,21,T,M,M
2012-11-24,47,29,0.02,M,M
2012-11-25,35,27,T,M,M
2012-11-26,40,23,0.00,M,M
2012-11-27,39,22,0.00,M,M
2012-11-28,37,27,0.00,M,M
2012-11-29,41,27,0.02,M,M
2012-11-30,28,17,T,M,M
2012-12-01,29,19,0.02,M,M
2012-12-02,45,29,0.14,M,M
2012-12-03,51,29,0.00,M,M
2012-12-04,54,27,0.02,M,M
2012-12-05,55,30,0.17,M,M
2012-12-06,37,20,0.00,M,M
2012-12-07,38,22,0.06,M,M
2012-12-08,39,34,0.03,M,M
2012-12-09,43,26,0.01,M,M
2012-12-10,45,35,0.73,M,M
2012-12-11,42,24,T,M,M
2012-12-12,40,18,0.00,M,M
2012-12-13,41,18,0.00,M,M
2012-12-14,45,17,0.00,M,M
2012-12-15,38,20,0.00,M,M
2012-12-16,28,21,0.09,M,M
2012-12-17,35,28,0.15,M,M
2012-12-18,39,34,0.48,M,M
2012-12-19,41,35,0.00,M,M
2012-12-20,37,33,0.00,M,M
2012-12-21,52,33,0.86,M,M
2012-12-22,38,24,T,M,M
2012-12-23,35,15,0.00,M,M
2012-12-24,35,22,T,M,M
2012-12-25,31,11,0.05,M,M
2012-12-26,30,7,0.01,M,M
2012-12-27,35,24,0.56,M,M
2012-12-28,32,9,0.00,M,M
2012-12-29,24,3,0.29,M,M
2012-12-30,25,3,0.02,M,M
2012-12-31,32,1,0.00,M,M
2013-01-01,35,-7,T,M,M
2013-01-02,21,-10,T,M,M
2013-01-03,11,-19,0.00,M,M
2013-01-04,35,-5,T,M,M
2013-01-05,35,7,T,M,M
2013-01-06,33,7,T,M,M
2013-01-07,31,1,T,M,M
2013-01-08,42,0,0.00,M,M
2013-01-09,44,4,0.00,M,M
2013-01-10,41,21,0.01,M,M
2013-01-11,36,16,0.12,M,M
2013-01-12,41,33,0.00,M,M
2013-01-13,44,34,0.00,M,M
2013-01-14,55,30,T,M,M
2013-01-15,36,23,0.00,M,M
2013-01-16,31,19,0.24,M,M
2013-01-17,37,14,T,M,M
2013-01-18,20,-2,0.00,M,M
2013-01-19,41,12,T,M,M
2013-01-20,43,21,T,M,M
2013-01-21,25,9,0.02,M,M
2013-01-22,20,-1,0.02,M,M
2013-01-23,7,-10,T,M,M
2013-01-24,13,-15,0.00,M,M
2013-01-25,18,-4,T,M,M
2013-01-26,19,-1,T,M,M
2013-01-27,25,-1,0.00,M,M
2013-01-28,19,2,0.28,M,M
2013-01-29,33,19,0.04,M,M
2013-01-30,52,32,0.10,M,M
2013-01-31,58,24,0.56,M,M
2013-02-01,28,16,T,M,M
2013-02-02,23,8,T,M,M
2013-02-03,28,14,0.00,M,M
2013-02-04,28,14,0.00,M,M
2013-02-05,28,3,0.02,M,M
2013-02-06,35,13,T,M,M
2013-02-07,24,8,0.00,M,M
2013-02-08,24,19,0.42,M,M
2013-02-09,21,5,0.21,M,M
2013-02-10,31,-16,0.00,M,M
2013-02-11,32,4,0.10,M,M
2013-02-12,40,31,T,M,M
2013-02-13,38,20,0.00,M,M
2013-02-14,39,23,0.00,M,M
2013-02-15,46,21,0.00,M,M
2013-02-16,34,22,T,M,M
2013-02-17,22,13,0.00,M,M
2013-02-18,28,9,0.00,M,M
2013-02-19,41,8,0.18,M,M
2013-02-20,33,23,0.04,M,M
2013-02-21,25,16,T,M,M
2013-02-22,38,25,0.00,M,M
2013-02-23,35,31,0.09,M,M
2013-02-24,36,31,0.22,M,M
2013-02-25,37,27,0.00,M,M
2013-02-26,40,30,0.00,M,M
2013-02-27,37,32,0.31,M,M
2013-02-28,42,29,0.02,M,M
2013-03-01,38,28,0.00,M,M
2013-03-02,37,27,0.01,M,M
2013-03-03,36,25,0.02,M,M
2013-03-04,33,27,T,M,M
2013-03-05,42,27,0.00,M,M
2013-03-06,38,31,0.02,M,M
2013-03-07,38,31,0.02,M,M
2013-03-08,42,24,0.09,M,M
2013-03-09,55,14,0.00,M,M
2013-03-10,54,19,0.00,M,M
2013-03-11,47,35,0.00,M,M
2013-03-12,50,40,0.88,M,M
2013-03-13,45,25,0.00,M,M
2013-03-14,34,19,T,M,M
2013-03-15,37,16,0.03,M,M
2013-03-16,33,20,0.00,M,M
2013-03-17,31,12,0.00,M,M
2013-03-18,36,7,T,M,M
2013-03-19,33,26,0.37,M,M
2013-03-20,35,21,T,M,M
2013-03-21,38,10,0.00,M,M
2013-03-22,38,13,T,M,M
2013-03-23,40,21,T,M,M
2013-03-24,43,22,0.00,M,M
2013-03-25,46,20,0.00,M,M
2013-03-26,48,24,T,M,M
2013-03-27,52,21,T,M,M
2013-03-28,50,28,0.01,M,M
2013-03-29,51,29,0.00,M,M
2013-03-30,54,22,0.00,M,M
2013-03-31,56,20,0.22,M,M
2013-04-01,49,29,0.18,M,M
2013-04-02,37,25,0.00,M,M
2013-04-03,43,25,0.00,M,M
2013-04-04,53,21,0.00,M,M
2013-04-05,55,30,0.00,M,M
2013-04-06,43,23,0.00,M,M
2013-04-07,59,24,0.00,M,M
2013-04-08,60,36,T,M,M
2013-04-09,61,41,0.21,M,M
2013-04-10,54,42,0.69,M,M
2013-04-11,45,38,0.01,M,M
2013-04-12,38,31,0.50,M,M
2013-04-13,54,33,0.03,M,M
2013-04-14,49,28,T,M,M
2013-04-15,61,24,0.00,M,M
2013-04-16,62,39,0.09,M,M
2013-04-17,60,32,0.00,M,M
2013-04-18,62,28,0.00,M,M
2013-04-19,75,52,0.21,M,M
2013-04-20,53,36,0.17,M,M
2013-04-21,51,26,0.00,M,M
2013-04-22,56,23,0.00,M,M
2013-04-23,42,26,0.00,M,M
2013-04-24,76,40,0.00,M,M
2013-04-25,59,31,0.00,M,M
2013-04-26,60,26,0.00,M,M
2013-04-27,68,30,0.00,M,M
2013-04-28,73,30,0.00,M,M
2013-04-29,71,41,0.00,M,M
2013-04-30,75,44,0.00,M,M
2013-05-01,78,36,0.00,M,M
2013-05-02,84,37,0.00,M,M
2013-05-03,71,34,0.00,M,M
2013-05-04,77,37,0.00,M,M
2013-05-05,76,33,0.00,M,M
2013-05-06,78,35,0.00,M,M
2013-05-07,84,38,0.00,M,M
2013-05-08,76,46,0.58,M,M
2013-05-09,70,48,0.59,M,M
2013-05-10,77,49,0.07,M,M
2013-05-11,69,57,1.02,M,M
2013-05-12,66,38,T,M,M
2013-05-13,52,39,0.00,M,M
2013-05-14,58,33,0.00,M,M
2013-05-15,65,29,0.10,M,M
2013-05-16,78,44,0.01,M,M
2013-05-17,69,40,0.00,M,M
2013-05-18,74,34,0.00,M,M
2013-05-19,71,42,0.25,M,M
2013-05-20,73,56,0.02,M,M
2013-05-21,85,53,0.67,M,M
2013-05-22,74,53,0.38,M,M
2013-05-23,79,56,0.02,M,M
2013-05-24,68,46,0.56,M,M
2013-05-25,47,35,0.90,M,M
2013-05-26,53,37,0.02,M,M
2013-05-27,70,32,0.00,M,M
2013-05-28,75,35,0.00,M,M
2013-05-29,62,54,0.30,M,M
2013-05-30,88,57,0.00,M,M
2013-05-31,93,57,0.01,M,M
2013-06-01,93,60,0.00,M,M
2013-06-02,90,64,0.69,M,M
2013-06-03,78,54,0.00,M,M
2013-06-04,70,44,0.00,M,M
2013-06-05,76,42,0.00,M,M
2013-06-06,73,50,0.09,M,M
2013-06-07,57,52,0.95,M,M
2013-06-08,72,53,0.15,M,M
2013-06-09,78,51,0.00,M,M
2013-06-10,73,48,0.27,M,M
2013-06-11,61,55,1.01,M,M
2013-06-12,69,50,0.02,M,M
2013-06-13,64,48,0.14,M,M
2013-06-14,79,52,0.01,M,M
2013-06-15,77,45,0.00,M,M
2013-06-16,74,46,0.03,M,M
2013-06-17,80,49,0.03,M,M
2013-06-18,62,51,0.12,M,M
2013-06-19,74,47,0.00,M,M
2013-06-20,80,42,0.00,M,M
2013-06-21,84,48,0.00,M,M
2013-06-22,83,53,0.05,M,M
2013-06-23,87,63,0.28,M,M
2013-06-24,92,62,0.04,M,M
2013-06-25,91,62,0.38,M,M
2013-06-26,75,62,0.62,M,M
2013-06-27,82,61,T,M,M
2013-06-28,81,60,1.01,M,M
2013-06-29,82,66,0.19,M,M
2013-06-30,85,63,0.02,M,M
2013-07-01,81,66,1.64,M,M
2013-07-02,83,64,3.47,M,M
2013-07-03,88,63,0.29,M,M
2013-07-04,92,66,0.50,M,M
2013-07-05,93,68,0.02,M,M
2013-07-06,89,66,0.01,M,M
2013-07-07,88,64,0.06,M,M
2013-07-08,85,68,0.42,M,M
2013-07-09,83,67,0.00,M,M
2013-07-10,82,70,0.69,M,M
2013-07-11,84,60,0.01,M,M
2013-07-12,84,58,0.00,M,M
2013-07-13,80,58,T,M,M
2013-07-14,88,65,0.00,M,M
2013-07-15,94,66,0.01,M,M
2013-07-16,93,64,0.00,M,M
2013-07-17,95,64,T,M,M
2013-07-18,94,70,0.18,M,M
2013-07-19,95,67,0.14,M,M
2013-07-20,87,65,T,M,M
2013-07-21,84,61,0.00,M,M
2013-07-22,81,57,0.05,M,M
2013-07-23,80,64,1.04,M,M
2013-07-24,79,53,0.00,M,M
2013-07-25,75,46,0.00,M,M
2013-07-26,77,58,T,M,M
2013-07-27,84,53,0.01,M,M
2013-07-28,81,59,T,M,M
2013-07-29,83,57,0.33,M,M
2013-07-30,80,55,0.00,M,M
2013-07-31,82,54,0.01,M,M
2013-08-01,82,56,0.23,M,M
2013-08-02,81,57,0.01,M,M
2013-08-03,79,54,0.25,M,M
2013-08-04,75,51,0.31,M,M
2013-08-05,75,48,0.00,M,M
2013-08-06,79,45,0.00,M,M
2013-08-07,81,52,0.00,M,M
2013-08-08,84,67,T,M,M
2013-08-09,77,67,0.39,M,M
2013-08-10,80,52,0.01,M,M
2013-08-11,80,49,0.00,M,M
2013-08-12,81,51,0.00,M,M
2013-08-13,70,57,0.40,M,M
2013-08-14,73,49,0.00,M,M
2013-08-15,75,44,0.01,M,M
2013-08-16,79,47,0.00,M,M
2013-08-17,82,53,0.00,M,M
2013-08-18,78,53,0.01,M,M
2013-08-19,86,53,0.00,M,M
2013-08-20,87,56,0.00,M,M
2013-08-21,89,57,0.00,M,M
2013-08-22,88,58,0.16,M,M
2013-08-23,79,49,0.01,M,M
2013-08-24,79,45,0.00,M,M
2013-08-25,81,48,0.07,M,M
2013-08-26,78,61,0.08,M,M
2013-08-27,87,65,0.01,M,M
2013-08-28,87,64,3.09,M,M
2013-08-29,74,62,0.00,M,M
2013-08-30,87,64,0.00,M,M
2013-08-31,78,68,2.26,M,M
2013-09-01,84,66,0.01,M,M
2013-09-02,81,67,0.59,M,M
2013-09-03,75,59,0.01,M,M
2013-09-04,78,57,T,M,M
2013-09-05,69,43,0.07,M,M
2013-09-06,70,39,T,M,M
2013-09-07,70,45,0.03,M,M
2013-09-08,65,41,T,M,M
2013-09-09,71,36,0.00,M,M
2013-09-10,74,49,0.24,M,M
2013-09-11,93,68,0.22,M,M
2013-09-12,83,66,0.87,M,M
2013-09-13,67,56,0.43,M,M
2013-09-14,63,51,0.00,M,M
2013-09-15,71,49,0.00,M,M
2013-09-16,61,37,0.03,M,M
2013-09-17,66,34,0.00,M,M
2013-09-18,73,40,0.00,M,M
2013-09-19,78,44,0.01,M,M
2013-09-20,80,47,0.01,M,M
2013-09-21,75,48,0.07,M,M
2013-09-22,67,49,0.39,M,M
2013-09-23,57,41,0.00,M,M
2013-09-24,65,49,0.00,M,M
2013-09-25,67,41,0.00,M,M
2013-09-26,68,41,0.00,M,M
2013-09-27,68,45,0.00,M,M
2013-09-28,75,45,0.00,M,M
2013-09-29,74,44,0.01,M,M
2013-09-30,74,43,0.01,M,M
2013-10-01,79,43,0.00,M,M
2013-10-02,78,49,0.01,M,M
2013-10-03,76,43,0.01,M,M
2013-10-04,66,44,0.00,M,M
2013-10-05,64,56,0.00,M,M
2013-10-06,59,50,0.30,M,M
2013-10-07,72,48,0.46,M,M
2013-10-08,63,35,0.00,M,M
2013-10-09,64,34,0.00,M,M
2013-10-10,63,37,0.00,M,M
2013-10-11,68,39,0.01,M,M
2013-10-12,60,39,0.00,M,M
2013-10-13,65,39,0.00,M,M
2013-10-14,64,40,0.00,M,M
2013-10-15,65,47,0.00,M,M
2013-10-16,65,46,0.00,M,M
2013-10-17,71,48,0.17,M,M
2013-10-18,62,40,0.33,M,M
2013-10-19,64,34,0.01,M,M
2013-10-20,59,35,0.02,M,M
2013-10-21,64,31,0.00,M,M
2013-10-22,57,32,0.01,M,M
2013-10-23,53,31,T,M,M
2013-10-24,49,29,T,M,M
2013-10-25,48,27,0.01,M,M
2013-10-26,49,26,T,M,M
2013-10-27,53,27,0.00,M,M
2013-10-28,52,22,T,M,M
2013-10-29,47,18,0.00,M,M
2013-10-30,49,27,T,M,M
2013-10-31,60,27,0.21,M,M
2013-11-01,68,43,0.55,M,M
2013-11-02,60,35,0.00,M,M
2013-11-03,42,22,0.00,M,M
2013-11-04,42,18,0.00,M,M
2013-11-05,48,20,0.00,M,M
2013-11-06,59,31,0.00,M,M
2013-11-07,55,37,0.14,M,M
2013-11-08,43,24,0.01,M,M
2013-11-09,44,28,T,M,M
2013-11-10,47,32,0.11,M,M
2013-11-11,46,36,T,M,M
2013-11-12,44,27,0.05,M,M
2013-11-13,34,20,0.00,M,M
2013-11-14,48,22,0.02,M,M
2013-11-15,55,21,0.00,M,M
2013-11-16,60,27,0.00,M,M
2013-11-17,48,26,0.09,M,M
2013-11-18,60,37,0.37,M,M
2013-11-19,44,29,T,M,M
2013-11-20,40,18,0.00,M,M
2013-11-21,43,27,M,M,M
2013-11-22,36,29,0.15,M,M
2013-11-23,42,23,0.12,M,M
2013-11-24,24,15,T,M,M
2013-11-25,29,5,0.00,M,M
2013-11-26,35,28,0.13,M,M
2013-11-27,40,32,1.18,M,M
2013-11-28,34,12,T,M,M
2013-11-29,28,9,0.00,M,M
2013-11-30,29,5,0.00,M,M
2013-12-01,37,27,0.00,M,M
2013-12-02,38,28,T,M,M
2013-12-03,38,30,0.00,M,M
2013-12-04,42,23,0.00,M,M
2013-12-05,40,23,0.01,M,M
2013-12-06,43,33,0.45,M,M
2013-12-07,35,24,T,M,M
2013-12-08,30,21,0.00,M,M
2013-12-09,30,24,0.10,M,M
2013-12-10,35,20,T,M,M
2013-12-11,29,19,T,M,M
2013-12-12,20,5,0.00,M,M
2013-12-13,21,3,0.01,M,M
2013-12-14,14,-1,0.22,M,M
2013-12-15,27,12,0.47,M,M
2013-12-16,23,1,T,M,M
2013-12-17,10,-20,0.06,M,M
2013-12-18,27,0,0.00,M,M
2013-12-19,38,17,T,M,M
2013-12-20,41,30,0.02,M,M
2013-12-21,46,34,0.11,M,M
2013-12-22,44,34,0.06,M,M
2013-12-23,38,34,0.12,M,M
2013-12-24,34,14,T,M,M
2013-12-25,19,5,0.00,M,M
2013-12-26,27,16,0.05,M,M
2013-12-27,32,15,0.00,M,M
2013-12-28,39,18,0.00,M,M
2013-12-29,36,21,0.65,M,M
2013-12-30,38,4,0.00,M,M
2013-12-31,14,-5,T,M,M
2014-01-01,20,-5,0.00,M,M
2014-01-02,7,2,0.20,M,M
2014-01-03,6,-23,T,M,M
2014-01-04,17,-23,0.00,M,M
2014-01-05,30,0,0.02,M,M
2014-01-06,44,23,0.91,M,M
2014-01-07,23,4,0.00,M,M
2014-01-08,19,-1,0.00,M,M
2014-01-09,25,-5,0.00,M,M
2014-01-10,29,-3,T,M,M
2014-01-11,51,27,0.83,M,M
2014-01-12,48,36,0.00,M,M
2014-01-13,46,25,0.00,M,M
2014-01-14,43,34,0.41,M,M
2014-01-15,45,26,T,M,M
2014-01-16,34,30,0.05,M,M
2014-01-17,37,23,T,M,M
2014-01-18,35,22,0.07,M,M
2014-01-19,31,28,0.02,M,M
2014-01-20,34,7,T,M,M
2014-01-21,9,1,0.00,M,M
2014-01-22,12,-6,0.00,M,M
2014-01-23,16,-9,0.00,M,M
2014-01-24,14,-9,0.00,M,M
2014-01-25,23,13,T,M,M
2014-01-26,22,6,T,M,M
2014-01-27,33,12,T,M,M
2014-01-28,17,3,0.00,M,M
2014-01-29,21,-4,0.00,M,M
2014-01-30,27,0,0.00,M,M
2014-01-31,38,19,0.00,M,M
2014-02-01,39,14,0.02,M,M
2014-02-02,42,32,0.00,M,M
2014-02-03,33,17,0.00,M,M
2014-02-04,32,11,0.00,M,M
2014-02-05,26,17,0.51,M,M
2014-02-06,22,-11,0.00,M,M
2014-02-07,25,-11,0.00,M,M
2014-02-08,26,-9,0.00,M,M
2014-02-09,26,12,0.03,M,M
2014-02-10,24,-4,0.01,M,M
2014-02-11,20,-16,0.00,M,M
2014-02-12,25,-18,0.00,M,M
2014-02-13,29,2,0.39,M,M
2014-02-14,32,17,0.81,M,M
2014-02-15,32,15,0.05,M,M
2014-02-16,25,8,0.00,M,M
2014-02-17,22,-8,0.00,M,M
2014-02-18,23,-11,0.14,M,M
2014-02-19,28,-4,0.15,M,M
2014-02-20,45,4,0.02,M,M
2014-02-21,39,31,0.67,M,M
2014-02-22,47,27,0.00,M,M
2014-02-23,46,31,0.00,M,M
2014-02-24,35,17,0.00,M,M
2014-02-25,23,3,0.00,M,M
2014-02-26,23,-2,T,M,M
2014-02-27,23,2,T,M,M
2014-02-28,19,-8,0.00,M,M
2014-03-01,30,-6,0.00,M,M
2014-03-02,31,16,T,M,M
2014-03-03,19,-5,0.00,M,M
2014-03-04,27,-11,T,M,M
2014-03-05,24,6,T,M,M
2014-03-06,29,-12,0.00,M,M
2014-03-07,39,-8,0.00,M,M
2014-03-08,45,10,0.00,M,M
2014-03-09,33,10,0.00,M,M
2014-03-10,39,23,0.05,M,M
2014-03-11,49,28,0.01,M,M
2014-03-12,33,20,1.20,M,M
2014-03-13,19,-4,0.04,M,M
2014-03-14,33,-13,0.00,M,M
2014-03-15,47,30,T,M,M
2014-03-16,31,2,T,M,M
2014-03-17,27,0,0.00,M,M
2014-03-18,39,-3,0.00,M,M
2014-03-19,40,7,0.39,M,M
2014-03-20,41,31,0.16,M,M
2014-03-21,38,17,0.00,M,M
2014-03-22,44,13,0.01,M,M
2014-03-23,35,8,0.00,M,M
2014-03-24,27,-4,0.00,M,M
2014-03-25,33,-3,0.00,M,M
2014-03-26,30,17,0.00,M,M
2014-03-27,38,4,0.00,M,M
2014-03-28,42,32,0.09,M,M
2014-03-29,51,35,0.31,M,M
2014-03-30,40,34,0.62,M,M
2014-03-31,38,32,0.02,M,M
2014-04-01,53,27,0.00,M,M
2014-04-02,55,26,0.00,M,M
2014-04-03,48,24,0.00,M,M
2014-04-04,48,23,0.20,M,M
2014-04-05,47,34,0.05,M,M
2014-04-06,53,28,0.00,M,M
2014-04-07,57,26,0.02,M,M
2014-04-08,56,38,0.25,M,M
2014-04-09,50,24,0.00,M,M
2014-04-10,63,20,0.00,M,M
2014-04-11,68,36,0.04,M,M
2014-04-12,66,35,0.00,M,M
2014-04-13,54,36,0.43,M,M
2014-04-14,79,35,0.00,M,M
2014-04-15,65,34,0.60,M,M
2014-04-16,38,22,0.08,M,M
2014-04-17,48,19,0.00,M,M
2014-04-18,50,21,0.00,M,M
2014-04-19,55,27,0.00,M,M
2014-04-20,62,22,0.00,M,M
2014-04-21,76,33,0.00,M,M
2014-04-22,71,41,0.01,M,M
2014-04-23,52,43,T,M,M
2014-04-24,54,34,0.00,M,M
2014-04-25,64,28,0.00,M,M
2014-04-26,55,41,0.70,M,M
2014-04-27,51,38,0.03,M,M
2014-04-28,59,31,T,M,M
2014-04-29,57,40,0.01,M,M
2014-04-30,45,39,0.46,M,M
2014-05-01,68,40,0.14,M,M
2014-05-02,61,37,0.04,M,M
2014-05-03,62,41,0.13,M,M
2014-05-04,55,45,0.07,M,M
2014-05-05,58,36,0.00,M,M
2014-05-06,61,33,0.00,M,M
2014-05-07,67,28,0.00,M,M
2014-05-08,73,32,0.00,M,M
2014-05-09,56,48,0.03,M,M
2014-05-10,83,52,0.13,M,M
2014-05-11,76,47,0.00,M,M
2014-05-12,85,39,0.00,M,M
2014-05-13,64,50,T,M,M
2014-05-14,78,46,0.00,M,M
2014-05-15,77,53,0.00,M,M
2014-05-16,71,65,0.06,M,M
2014-05-17,68,42,1.15,M,M
2014-05-18,68,37,0.00,M,M
2014-05-19,64,35,0.00,M,M
2014-05-20,74,37,0.00,M,M
2014-05-21,78,38,0.00,M,M
2014-05-22,63,48,0.63,M,M
2014-05-23,60,53,0.62,M,M
2014-05-24,71,52,0.12,M,M
2014-05-25,81,51,T,M,M
2014-05-26,77,51,0.02,M,M
2014-05-27,76,48,0.19,M,M
2014-05-28,56,46,T,M,M
2014-05-29,72,40,0.00,M,M
2014-05-30,71,45,0.19,M,M
2014-05-31,72,46,0.01,M,M
2014-06-01,78,46,0.00,M,M
2014-06-02,85,45,0.00,M,M
2014-06-03,86,52,0.04,M,M
2014-06-04,79,53,0.00,M,M
2014-06-05,72,53,0.08,M,M
2014-06-06,73,50,0.01,M,M
2014-06-07,84,47,0.00,M,M
2014-06-08,86,48,0.00,M,M
2014-06-09,84,58,T,M,M
2014-06-10,83,58,0.00,M,M
2014-06-11,73,48,0.13,M,M
2014-06-12,63,55,0.50,M,M
2014-06-13,64,59,0.75,M,M
2014-06-14,75,52,0.09,M,M
2014-06-15,75,49,0.00,M,M
2014-06-16,82,44,0.00,M,M
2014-06-17,90,55,0.02,M,M
2014-06-18,80,65,0.28,M,M
2014-06-19,79,52,0.00,M,M
2014-06-20,72,45,0.00,M,M
2014-06-21,75,42,0.00,M,M
2014-06-22,81,44,0.00,M,M
2014-06-23,83,47,0.00,M,M
2014-06-24,78,62,T,M,M
2014-06-25,78,66,1.67,M,M
2014-06-26,76,56,0.32,M,M
2014-06-27,84,56,0.00,M,M
2014-06-28,87,52,0.00,M,M
2014-06-29,86,53,0.00,M,M
2014-06-30,85,60,0.00,M,M
2014-07-01,91,63,0.00,M,M
2014-07-02,93,68,0.42,M,M
2014-07-03,90,66,0.34,M,M
2014-07-04,73,62,0.20,M,M
2014-07-05,82,60,0.00,M,M
2014-07-06,84,55,0.00,M,M
2014-07-07,83,54,0.32,M,M
2014-07-08,87,66,0.43,M,M
2014-07-09,82,63,0.22,M,M
2014-07-10,80,56,0.00,M,M
2014-07-11,81,51,0.00,M,M
2014-07-12,85,53,0.00,M,M
2014-07-13,83,64,T,M,M
2014-07-14,88,63,0.00,M,M
2014-07-15,86,64,0.21,M,M
2014-07-16,80,59,0.35,M,M
2014-07-17,79,53,0.00,M,M
2014-07-18,82,53,T,M,M
2014-07-19,80,52,0.00,M,M
2014-07-20,80,56,0.01,M,M
2014-07-21,84,53,0.00,M,M
2014-07-22,90,59,0.01,M,M
2014-07-23,91,66,0.25,M,M
2014-07-24,79,52,0.00,M,M
2014-07-25,81,50,0.00,M,M
2014-07-26,81,53,0.00,M,M
2014-07-27,79,56,0.52,M,M
2014-07-28,75,63,1.77,M,M
2014-07-29,76,54,0.00,M,M
2014-07-30,75,52,0.00,M,M
2014-07-31,73,53,0.03,M,M
2014-08-01,82,55,0.00,M,M
2014-08-02,80,59,0.00,M,M
2014-08-03,80,56,T,M,M
2014-08-04,82,59,0.04,M,M
2014-08-05,86,62,T,M,M
2014-08-06,81,53,0.04,M,M
2014-08-07,76,52,0.19,M,M
2014-08-08,82,55,0.00,M,M
2014-08-09,86,50,0.00,M,M
2014-08-10,86,51,0.00,M,M
2014-08-11,86,56,0.00,M,M
2014-08-12,81,56,0.00,M,M
2014-08-13,70,62,1.14,M,M
2014-08-14,72,50,0.00,M,M
2014-08-15,67,50,0.01,M,M
2014-08-16,73,53,0.01,M,M
2014-08-17,72,54,0.12,M,M
2014-08-18,73,47,0.00,M,M
2014-08-19,79,45,0.00,M,M
2014-08-20,83,50,0.00,M,M
2014-08-21,69,59,0.43,M,M
2014-08-22,65,58,0.39,M,M
2014-08-23,77,54,0.00,M,M
2014-08-24,84,54,0.00,M,M
2014-08-25,87,55,0.00,M,M
2014-08-26,86,56,0.00,M,M
2014-08-27,87,59,0.01,M,M
2014-08-28,76,52,0.00,M,M
2014-08-29,77,47,0.00,M,M
2014-08-30,78,51,0.00,M,M
2014-08-31,79,64,0.12,M,M
2014-09-01,87,63,0.00,M,M
2014-09-02,86,62,0.52,M,M
2014-09-03,82,55,0.00,M,M
2014-09-04,83,52,0.00,M,M
2014-09-05,87,58,0.00,M,M
2014-09-06,85,61,0.06,M,M
2014-09-07,76,50,0.00,M,M
2014-09-08,76,49,0.00,M,M
2014-09-09,72,44,0.00,M,M
2014-09-10,73,44,0.00,M,M
2014-09-11,73,55,T,M,M
2014-09-12,62,47,0.00,M,M
2014-09-13,55,39,0.27,M,M
2014-09-14,61,37,0.00,M,M
2014-09-15,65,36,T,M,M
2014-09-16,64,46,0.18,M,M
2014-09-17,69,41,0.00,M,M
2014-09-18,66,36,0.00,M,M
2014-09-19,60,31,0.00,M,M
2014-09-20,66,35,0.00,M,M
2014-09-21,80,50,T,M,M
2014-09-22,68,43,T,M,M
2014-09-23,67,35,0.00,M,M
2014-09-24,72,42,0.00,M,M
2014-09-25,66,44,0.00,M,M
2014-09-26,78,48,0.00,M,M
2014-09-27,83,47,0.00,M,M
2014-09-28,84,54,0.00,M,M
2014-09-29,74,54,0.00,M,M
2014-09-30,67,57,0.00,M,M
2014-10-01,64,57,0.02,M,M
2014-10-02,71,50,0.00,M,M
2014-10-03,71,45,0.00,M,M
2014-10-04,59,53,1.06,M,M
2014-10-05,61,36,T,M,M
2014-10-06,65,34,0.00,M,M
2014-10-07,71,50,0.01,M,M
2014-10-08,68,52,0.55,M,M
2014-10-09,61,44,0.00,M,M
2014-10-10,60,32,0.00,M,M
2014-10-11,58,35,0.00,M,M
2014-10-12,61,32,0.00,M,M
2014-10-13,57,32,0.00,M,M
2014-10-14,78,54,0.00,M,M
2014-10-15,78,64,T,M,M
2014-10-16,74,59,0.80,M,M
2014-10-17,68,50,0.00,M,M
2014-10-18,62,48,0.05,M,M
2014-10-19,50,37,T,M,M
2014-10-20,56,27,0.00,M,M
2014-10-21,50,44,0.07,M,M
2014-10-22,53,48,0.14,M,M
2014-10-23,51,47,0.96,M,M
2014-10-24,50,39,0.08,M,M
2014-10-25,63,33,T,M,M
2014-10-26,53,38,0.09,M,M
2014-10-27,57,34,0.00,M,M
2014-10-28,61,37,0.04,M,M
2014-10-29,56,36,0.12,M,M
2014-10-30,54,35,T,M,M
2014-10-31,51,34,0.00,M,M
2014-11-01,41,31,0.13,M,M
2014-11-02,41,36,0.00,M,M
2014-11-03,52,28,0.00,M,M
2014-11-04,51,26,0.00,M,M
2014-11-05,59,30,0.00,M,M
2014-11-06,47,30,0.36,M,M
2014-11-07,41,36,0.03,M,M
2014-11-08,43,30,0.00,M,M
2014-11-09,51,25,0.00,M,M
2014-11-10,54,25,0.00,M,M
2014-11-11,61,26,0.00,M,M
2014-11-12,61,28,T,M,M
2014-11-13,44,24,T,M,M
2014-11-14,42,26,T,M,M
2014-11-15,39,17,0.00,M,M
2014-11-16,40,16,0.00,M,M
2014-11-17,37,32,0.70,M,M
2014-11-18,39,23,0.00,M,M
2014-11-19,32,18,0.00,M,M
2014-11-20,38,22,0.00,M,M
2014-11-21,32,15,T,M,M
2014-11-22,41,12,0.00,M,M
2014-11-23,54,32,0.00,M,M
2014-11-24,64,34,0.40,M,M
2014-11-25,61,28,0.00,M,M
2014-11-26,37,30,0.76,M,M
2014-11-27,31,27,0.04,M,M
2014-11-28,30,8,T,M,M
2014-11-29,30,2,0.00,M,M
2014-11-30,43,28,0.00,M,M
2014-12-01,47,33,0.01,M,M
2014-12-02,33,21,0.09,M,M
2014-12-03,40,27,0.40,M,M
2014-12-04,37,16,T,M,M
2014-12-05,33,12,0.09,M,M
2014-12-06,35,28,0.65,M,M
2014-12-07,34,8,0.00,M,M
2014-12-08,24,2,0.00,M,M
2014-12-09,35,23,1.04,M,M
2014-12-10,36,33,0.52,M,M
2014-12-11,34,30,0.12,M,M
2014-12-12,34,20,T,M,M
2014-12-13,37,24,0.00,M,M
2014-12-14,36,17,0.00,M,M
2014-12-15,34,29,0.00,M,M
2014-12-16,37,29,0.01,M,M
2014-12-17,37,33,0.24,M,M
2014-12-18,37,31,0.00,M,M
2014-12-19,31,24,0.00,M,M
2014-12-20,32,11,0.00,M,M
2014-12-21,30,24,0.02,M,M
2014-12-22,35,27,T,M,M
2014-12-23,39,33,0.33,M,M
2014-12-24,38,34,0.29,M,M
2014-12-25,49,34,0.11,M,M
2014-12-26,44,27,0.00,M,M
2014-12-27,45,27,0.00,M,M
2014-12-28,45,35,0.17,M,M
2014-12-29,36,17,T,M,M
2014-12-30,25,7,0.00,M,M
2014-12-31,24,5,T,M,M
2015-01-01,29,15,0.00,M,M
2015-01-02,33,16,T,M,M
2015-01-03,24,9,0.37,M,M
2015-01-04,43,21,0.36,M,M
2015-01-05,43,10,T,M,M
2015-01-06,15,1,T,M,M
2015-01-07,20,-5,T,M,M
2015-01-08,15,-14,0.00,M,M
2015-01-09,26,14,T,M,M
2015-01-10,19,6,0.00,M,M
2015-01-11,23,1,0.00,M,M
2015-01-12,32,22,0.04,M,M
2015-01-13,24,-7,0.00,M,M
2015-01-14,18,-12,0.00,M,M
2015-01-15,23,-3,T,M,M
2015-01-16,32,3,T,M,M
2015-01-17,21,-6,0.00,M,M
2015-01-18,35,15,1.26,M,M
2015-01-19,38,30,0.04,M,M
2015-01-20,30,13,0.00,M,M
2015-01-21,24,5,0.00,M,M
2015-01-22,32,12,0.00,M,M
2015-01-23,32,7,0.00,M,M
2015-01-24,32,16,0.03,M,M
2015-01-25,34,6,0.01,M,M
2015-01-26,20,-3,0.00,M,M
2015-01-27,17,11,0.17,M,M
2015-01-28,23,-3,T,M,M
2015-01-29,30,-9,0.01,M,M
2015-01-30,32,9,0.08,M,M
2015-01-31,14,-4,T,M,M
2015-02-01,20,-9,0.00,M,M
2015-02-02,10,-2,0.34,M,M
2015-02-03,19,-21,0.00,M,M
2015-02-04,30,-12,0.01,M,M
2015-02-05,28,-11,0.03,M,M
2015-02-06,19,-18,0.00,M,M
2015-02-07,28,3,T,M,M
2015-02-08,19,13,0.27,M,M
2015-02-09,20,8,0.28,M,M
2015-02-10,30,3,0.01,M,M
2015-02-11,27,-10,0.00,M,M
2015-02-12,27,4,0.05,M,M
2015-02-13,10,-15,T,M,M
2015-02-14,15,-12,0.11,M,M
2015-02-15,14,-7,0.12,M,M
2015-02-16,14,-11,0.00,M,M
2015-02-17,19,-15,0.00,M,M
2015-02-18,29,-18,0.05,M,M
2015-02-19,21,1,0.02,M,M
2015-02-20,16,-9,0.00,M,M
2015-02-21,25,-19,0.12,M,M
2015-02-22,37,8,0.01,M,M
2015-02-23,28,-22,T,M,M
2015-02-24,19,-27,0.00,M,M
2015-02-25,30,4,0.00,M,M
2015-02-26,19,1,0.00,M,M
2015-02-27,23,-9,0.00,M,M
2015-02-28,29,-19,0.00,M,M
2015-03-01,28,-13,0.02,M,M
2015-03-02,30,9,T,M,M
2015-03-03,29,-4,0.06,M,M
2015-03-04,42,26,T,M,M
2015-03-05,34,-3,0.00,M,M
2015-03-06,27,-16,0.00,M,M
2015-03-07,31,0,0.00,M,M
2015-03-08,38,7,0.02,M,M
2015-03-09,43,11,0.00,M,M
2015-03-10,49,16,0.00,M,M
2015-03-11,50,34,0.00,M,M
2015-03-12,40,17,T,M,M
2015-03-13,35,11,0.00,M,M
2015-03-14,34,29,0.07,M,M
2015-03-15,36,24,0.03,M,M
2015-03-16,42,18,0.00,M,M
2015-03-17,44,22,0.08,M,M
2015-03-18,23,17,T,M,M
2015-03-19,30,12,0.00,M,M
2015-03-20,33,11,T,M,M
2015-03-21,43,19,T,M,M
2015-03-22,31,15,0.00,M,M
2015-03-23,29,9,T,M,M
2015-03-24,41,7,0.00,M,M
2015-03-25,49,15,T,M,M
2015-03-26,47,34,0.39,M,M
2015-03-27,43,33,0.01,M,M
2015-03-28,35,21,0.00,M,M
2015-03-29,43,13,0.00,M,M
2015-03-30,41,25,0.00,M,M
2015-03-31,46,23,T,M,M
2015-04-01,42,18,0.00,M,M
2015-04-02,60,18,T,M,M
2015-04-03,68,38,T,M,M
2015-04-04,43,26,0.08,M,M
2015-04-05,43,27,0.00,M,M
2015-04-06,43,22,0.01,M,M
2015-04-07,48,24,0.01,M,M
2015-04-08,44,20,0.45,M,M
2015-04-09,37,29,0.08,M,M
2015-04-10,50,33,0.23,M,M
2015-04-11,50,29,0.00,M,M
2015-04-12,66,24,0.00,M,M
2015-04-13,73,26,0.00,M,M
2015-04-14,66,32,T,M,M
2015-04-15,62,26,0.00,M,M
2015-04-16,68,23,0.00,M,M
2015-04-17,65,38,0.13,M,M
2015-04-18,67,34,0.01,M,M
2015-04-19,62,39,0.00,M,M
2015-04-20,48,40,0.15,M,M
2015-04-21,59,34,0.41,M,M
2015-04-22,60,31,0.17,M,M
2015-04-23,46,28,0.01,M,M
2015-04-24,44,33,0.00,M,M
2015-04-25,52,33,0.00,M,M
2015-04-26,59,37,0.00,M,M
2015-04-27,53,44,T,M,M
2015-04-28,61,35,0.00,M,M
2015-04-29,65,33,0.00,M,M
2015-04-30,63,44,T,M,M
2015-05-01,61,40,0.00,M,M
2015-05-02,74,35,0.00,M,M
2015-05-03,76,37,T,M,M
2015-05-04,85,39,0.00,M,M
2015-05-05,75,45,0.00,M,M
2015-05-06,79,35,0.00,M,M
2015-05-07,86,37,0.00,M,M
2015-05-08,83,42,0.00,M,M
2015-05-09,82,43,0.00,M,M
2015-05-10,89,60,0.45,M,M
2015-05-11,75,55,0.08,M,M
2015-05-12,79,54,0.09,M,M
2015-05-13,60,36,T,M,M
2015-05-14,69,30,0.00,M,M
2015-05-15,71,33,0.00,M,M
2015-05-16,76,51,0.02,M,M
2015-05-17,84,53,0.00,M,M
2015-05-18,75,55,0.00,M,M
2015-05-19,80,56,0.05,M,M
2015-05-20,59,35,0.00,M,M
2015-05-21,72,33,0.00,M,M
2015-05-22,68,42,T,M,M
2015-05-23,64,31,0.00,M,M
2015-05-24,82,38,0.00,M,M
2015-05-25,77,50,T,M,M
2015-05-26,89,65,0.00,M,M
2015-05-27,90,65,M,M,M
2015-05-28,83,59,0.00,M,M
2015-05-29,83,51,0.00,M,M
2015-05-30,86,55,0.57,M,M
2015-05-31,70,48,0.45,M,M
2015-06-01,52,47,0.23,M,M
2015-06-02,57,47,0.00,M,M
2015-06-03,69,38,0.00,M,M
2015-06-04,72,43,0.00,M,M
2015-06-05,74,49,0.00,M,M
2015-06-06,71,40,0.13,M,M
2015-06-07,74,36,0.00,M,M
2015-06-08,74,59,0.04,M,M
2015-06-09,77,63,0.10,M,M
2015-06-10,81,54,T,M,M
2015-06-11,84,58,0.00,M,M
2015-06-12,79,54,0.13,M,M
2015-06-13,83,55,0.10,M,M
2015-06-14,82,52,0.00,M,M
2015-06-15,62,56,0.35,M,M
2015-06-16,71,56,0.30,M,M
2015-06-17,78,51,0.00,M,M
2015-06-18,79,50,0.00,M,M
2015-06-19,76,47,0.76,M,M
2015-06-20,78,41,0.10,M,M
2015-06-21,82,61,0.75,M,M
2015-06-22,82,59,0.00,M,M
2015-06-23,86,59,0.46,M,M
2015-06-24,80,56,0.00,M,M
2015-06-25,79,53,0.03,M,M
2015-06-26,78,50,0.14,M,M
2015-06-27,76,46,0.04,M,M
2015-06-28,60,53,1.31,M,M
2015-06-29,72,53,T,M,M
2015-06-30,78,56,0.03,M,M
2015-07-01,77,61,0.53,M,M
2015-07-02,77,51,0.00,M,M
2015-07-03,80,44,0.00,M,M
2015-07-04,71,49,0.00,M,M
2015-07-05,84,56,T,M,M
2015-07-06,85,57,0.00,M,M
2015-07-07,84,59,0.00,M,M
2015-07-08,79,55,0.01,M,M
2015-07-09,76,53,0.06,M,M
2015-07-10,84,56,0.05,M,M
2015-07-11,89,51,0.00,M,M
2015-07-12,92,57,0.00,M,M
2015-07-13,86,63,0.00,M,M
2015-07-14,80,59,0.32,M,M
2015-07-15,73,49,0.00,M,M
2015-07-16,77,44,0.00,M,M
2015-07-17,79,46,0.03,M,M
2015-07-18,81,64,0.12,M,M
2015-07-19,91,69,0.19,M,M
2015-07-20,89,65,0.00,M,M
2015-07-21,88,59,0.15,M,M
2015-07-22,78,60,0.09,M,M
2015-07-23,80,56,0.00,M,M
2015-07-24,80,54,0.00,M,M
2015-07-25,80,52,0.00,M,M
2015-07-26,81,64,0.08,M,M
2015-07-27,87,66,0.00,M,M
2015-07-28,91,64,0.02,M,M
2015-07-29,95,60,0.00,M,M
2015-07-30,88,62,0.38,M,M
2015-07-31,84,57,0.00,M,M
2015-08-01,84,57,0.00,M,M
2015-08-02,84,51,0.00,M,M
2015-08-03,90,57,0.38,M,M
2015-08-04,82,58,0.08,M,M
2015-08-05,81,55,0.01,M,M
2015-08-06,78,50,0.00,M,M
2015-08-07,78,48,0.00,M,M
2015-08-08,79,51,0.00,M,M
2015-08-09,80,54,0.00,M,M
2015-08-10,85,55,T,M,M
2015-08-11,75,66,0.91,M,M
2015-08-12,80,61,T,M,M
2015-08-13,79,55,T,M,M
2015-08-14,85,50,0.00,M,M
2015-08-15,86,62,0.76,M,M
2015-08-16,88,64,0.00,M,M
2015-08-17,88,63,0.00,M,M
2015-08-18,91,62,0.00,M,M
2015-08-19,89,64,0.00,M,M
2015-08-20,87,66,0.02,M,M
2015-08-21,79,60,0.26,M,M
2015-08-22,84,61,0.00,M,M
2015-08-23,82,55,0.00,M,M
2015-08-24,85,65,T,M,M
2015-08-25,81,64,0.82,M,M
2015-08-26,79,60,0.00,M,M
2015-08-27,76,53,0.00,M,M
2015-08-28,79,49,0.00,M,M
2015-08-29,80,53,0.00,M,M
2015-08-30,82,58,0.00,M,M
2015-08-31,86,56,0.00,M,M
2015-09-01,84,56,0.00,M,M
2015-09-02,89,58,0.00,M,M
2015-09-03,89,60,0.00,M,M
2015-09-04,81,54,0.00,M,M
2015-09-05,85,51,0.00,M,M
2015-09-06,87,53,0.00,M,M
2015-09-07,91,57,0.00,M,M
2015-09-08,90,66,0.00,M,M
2015-09-09,90,64,T,M,M
2015-09-10,75,61,1.30,M,M
2015-09-11,78,54,0.47,M,M
2015-09-12,78,54,T,M,M
2015-09-13,67,59,1.70,M,M
2015-09-14,68,54,0.01,M,M
2015-09-15,81,49,0.00,M,M
2015-09-16,84,52,0.00,M,M
2015-09-17,85,56,T,M,M
2015-09-18,84,55,0.00,M,M
2015-09-19,80,55,0.00,M,M
2015-09-20,71,42,0.11,M,M
2015-09-21,68,38,0.00,M,M
2015-09-22,67,46,0.00,M,M
2015-09-23,76,47,0.00,M,M
2015-09-24,76,47,0.00,M,M
2015-09-25,66,44,0.00,M,M
2015-09-26,67,39,0.00,M,M
2015-09-27,71,37,0.00,M,M
2015-09-28,76,37,T,M,M
2015-09-29,71,61,0.48,M,M
2015-09-30,68,50,2.29,M,M
2015-10-01,63,48,0.00,M,M
2015-10-02,55,43,0.00,M,M
2015-10-03,57,39,0.00,M,M
2015-10-04,62,34,0.00,M,M
2015-10-05,61,33,0.00,M,M
2015-10-06,65,39,0.00,M,M
2015-10-07,69,40,T,M,M
2015-10-08,63,36,0.00,M,M
2015-10-09,60,37,0.70,M,M
2015-10-10,55,36,T,M,M
2015-10-11,69,37,0.00,M,M
2015-10-12,76,38,0.00,M,M
2015-10-13,68,42,0.03,M,M
2015-10-14,62,40,0.00,M,M
2015-10-15,62,32,0.00,M,M
2015-10-16,59,34,0.05,M,M
2015-10-17,50,27,0.01,M,M
2015-10-18,43,21,T,M,M
2015-10-19,48,20,0.02,M,M
2015-10-20,64,40,0.07,M,M
2015-10-21,63,44,T,M,M
2015-10-22,65,49,0.01,M,M
2015-10-23,52,25,0.00,M,M
2015-10-24,48,22,0.01,M,M
2015-10-25,62,34,0.07,M,M
2015-10-26,54,26,0.00,M,M
2015-10-27,53,23,0.00,M,M
2015-10-28,51,28,0.75,M,M
2015-10-29,71,48,0.46,M,M
2015-10-30,51,26,T,M,M
2015-10-31,51,23,0.00,M,M
2015-11-01,57,40,T,M,M
2015-11-02,64,36,0.00,M,M
2015-11-03,71,33,0.00,M,M
2015-11-04,66,33,0.00,M,M
2015-11-05,69,32,0.00,M,M
2015-11-06,74,52,0.01,M,M
2015-11-07,63,45,0.00,M,M
2015-11-08,52,27,0.00,M,M
2015-11-09,58,23,0.00,M,M
2015-11-10,59,24,0.01,M,M
2015-11-11,50,41,0.35,M,M
2015-11-12,53,45,0.09,M,M
2015-11-13,55,43,0.00,M,M
2015-11-14,43,29,0.01,M,M
2015-11-15,54,23,0.00,M,M
2015-11-16,55,27,0.00,M,M
2015-11-17,47,19,0.00,M,M
2015-11-18,49,17,0.00,M,M
2015-11-19,52,42,0.59,M,M
2015-11-20,54,26,0.29,M,M
2015-11-21,45,23,0.00,M,M
2015-11-22,48,36,0.01,M,M
2015-11-23,39,17,0.00,M,M
2015-11-24,42,13,0.00,M,M
2015-11-25,45,19,0.00,M,M
2015-11-26,51,23,0.00,M,M
2015-11-27,62,33,0.00,M,M
2015-11-28,61,31,T,M,M
2015-11-29,39,18,0.00,M,M
2015-11-30,34,14,0.00,M,M
2015-12-01,34,15,0.39,M,M
2015-12-02,40,33,0.44,M,M
2015-12-03,44,37,0.05,M,M
2015-12-04,44,26,0.00,M,M
2015-12-05,52,25,0.00,M,M
2015-12-06,33,29,0.00,M,M
2015-12-07,42,24,0.00,M,M
2015-12-08,39,21,0.00,M,M
2015-12-09,44,29,0.00,M,M
2015-12-10,51,34,T,M,M
2015-12-11,51,37,0.00,M,M
2015-12-12,57,36,0.00,M,M
2015-12-13,46,36,T,M,M
2015-12-14,49,42,0.19,M,M
2015-12-15,55,41,0.16,M,M
2015-12-16,43,30,0.00,M,M
2015-12-17,43,37,0.21,M,M
2015-12-18,45,36,T,M,M
2015-12-19,36,25,T,M,M
2015-12-20,37,24,T,M,M
2015-12-21,46,23,T,M,M
2015-12-22,46,37,0.76,M,M
2015-12-23,49,38,0.37,M,M
2015-12-24,69,35,0.27,M,M
2015-12-25,55,30,0.00,M,M
2015-12-26,48,25,T,M,M
2015-12-27,42,33,0.37,M,M
2015-12-28,33,20,T,M,M
2015-12-29,28,20,0.93,M,M
2015-12-30,34,27,0.10,M,M
2015-12-31,39,33,0.02,M,M
2016-01-01,37,29,0.04,M,M
2016-01-02,34,26,0.00,M,M
2016-01-03,38,29,0.00,M,M
2016-01-04,31,3,T,M,M
2016-01-05,20,-1,0.00,M,M
2016-01-06,30,0,0.00,M,M
2016-01-07,34,6,0.00,M,M
2016-01-08,32,8,0.00,M,M
2016-01-09,40,31,T,M,M
2016-01-10,50,34,0.85,M,M
2016-01-11,M,M,T,M,M
2016-01-12,46,16,0.07,M,M
2016-01-13,24,7,0.01,M,M
2016-01-14,26,5,0.00,M,M
2016-01-15,32,10,0.00,M,M
2016-01-16,39,30,0.18,M,M
2016-01-17,36,24,0.02,M,M
2016-01-18,25,11,0.12,M,M
2016-01-19,21,7,T,M,M
2016-01-20,28,7,0.00,M,M
2016-01-21,26,4,T,M,M
2016-01-22,27,5,0.00,M,M
2016-01-23,26,4,0.00,M,M
2016-01-24,32,-2,T,M,M
2016-01-25,36,8,0.00,M,M
2016-01-26,45,18,0.01,M,M
2016-01-27,41,20,0.01,M,M
2016-01-28,39,12,0.00,M,M
2016-01-29,35,25,T,M,M
2016-01-30,36,29,0.00,M,M
2016-01-31,47,27,T,M,M
2016-02-01,53,28,0.00,M,M
2016-02-02,45,27,0.00,M,M
2016-02-03,39,29,1.11,M,M
2016-02-04,53,32,0.00,M,M
2016-02-05,34,18,T,M,M
2016-02-06,41,16,0.00,M,M
2016-02-07,43,21,0.00,M,M
2016-02-08,30,21,0.06,M,M
2016-02-09,29,12,0.04,M,M
2016-02-10,35,17,0.03,M,M
2016-02-11,26,4,T,M,M
2016-02-12,22,-5,0.00,M,M
2016-02-13,16,-12,T,M,M
2016-02-14,6,-14,T,M,M
2016-02-15,20,-9,0.17,M,M
2016-02-16,51,17,0.73,M,M
2016-02-17,38,27,0.00,M,M
2016-02-18,31,10,0.00,M,M
2016-02-19,38,4,0.01,M,M
2016-02-20,53,33,0.04,M,M
2016-02-21,47,33,0.00,M,M
2016-02-22,35,18,0.00,M,M
2016-02-23,38,13,T,M,M
2016-02-24,36,30,0.79,M,M
2016-02-25,61,34,1.14,M,M
2016-02-26,35,16,T,M,M
2016-02-27,38,11,0.00,M,M
2016-02-28,55,28,0.00,M,M
2016-02-29,54,30,T,M,M
2016-03-01,41,19,T,M,M
2016-03-02,40,18,0.42,M,M
2016-03-03,27,12,0.00,M,M
2016-03-04,36,13,0.00,M,M
2016-03-05,35,12,0.00,M,M
2016-03-06,42,15,0.00,M,M
2016-03-07,36,19,T,M,M
2016-03-08,55,33,0.00,M,M
2016-03-09,74,36,0.00,M,M
2016-03-10,67,47,0.59,M,M
2016-03-11,53,25,0.16,M,M
2016-03-12,63,23,0.00,M,M
2016-03-13,58,31,0.00,M,M
2016-03-14,39,27,0.15,M,M
2016-03-15,47,35,0.02,M,M
2016-03-16,64,39,0.34,M,M
2016-03-17,61,38,0.06,M,M
2016-03-18,46,29,T,M,M
2016-03-19,38,19,T,M,M
2016-03-20,42,13,0.00,M,M
2016-03-21,46,24,T,M,M
2016-03-22,47,28,0.00,M,M
2016-03-23,47,35,0.00,M,M
2016-03-24,42,30,0.05,M,M
2016-03-25,45,33,0.32,M,M
2016-03-26,54,29,0.00,M,M
2016-03-27,57,25,0.00,M,M
2016-03-28,42,25,0.55,M,M
2016-03-29,43,24,0.00,M,M
2016-03-30,60,19,0.00,M,M
2016-03-31,71,42,0.00,M,M
2016-04-01,70,39,0.18,M,M
2016-04-02,51,29,0.04,M,M
2016-04-03,35,21,T,M,M
2016-04-04,25,8,0.08,M,M
2016-04-05,52,2,0.00,M,M
2016-04-06,40,13,0.01,M,M
2016-04-07,59,29,0.36,M,M
2016-04-08,44,30,0.07,M,M
2016-04-09,47,27,0.00,M,M
2016-04-10,44,25,0.00,M,M
2016-04-11,49,33,0.02,M,M
2016-04-12,52,29,0.35,M,M
2016-04-13,53,27,0.00,M,M
2016-04-14,58,24,0.00,M,M
2016-04-15,63,24,0.00,M,M
2016-04-16,66,25,0.00,M,M
2016-04-17,79,28,0.00,M,M
2016-04-18,78,34,T,M,M
2016-04-19,61,44,0.05,M,M
2016-04-20,63,32,0.00,M,M
2016-04-21,77,27,0.00,M,M
2016-04-22,74,49,T,M,M
2016-04-23,62,31,0.00,M,M
2016-04-24,57,27,M,M,M
2016-04-25,62,22,0.00,M,M
2016-04-26,46,30,0.34,M,M
2016-04-27,58,30,0.00,M,M
2016-04-28,58,23,0.00,M,M
2016-04-29,61,28,0.00,M,M
2016-04-30,70,32,0.00,M,M
2016-05-01,50,42,0.31,M,M
2016-05-02,49,41,0.69,M,M
2016-05-03,55,40,0.00,M,M
2016-05-04,51,43,0.15,M,M
2016-05-05,58,44,0.00,M,M
2016-05-06,74,40,0.02,M,M
2016-05-07,61,49,T,M,M
2016-05-08,55,36,0.10,M,M
2016-05-09,57,32,0.00,M,M
2016-05-10,71,28,0.00,M,M
2016-05-11,75,34,0.00,M,M
2016-05-12,82,36,0.00,M,M
2016-05-13,67,44,0.65,M,M
2016-05-14,75,47,0.48,M,M
2016-05-15,56,37,0.17,M,M
2016-05-16,54,33,0.01,M,M
2016-05-17,69,32,0.05,M,M
2016-05-18,68,35,0.00,M,M
2016-05-19,70,44,0.02,M,M
2016-05-20,76,45,0.00,M,M
2016-05-21,76,40,0.00,M,M
2016-05-22,74,51,T,M,M
2016-05-23,83,49,0.00,M,M
2016-05-24,68,51,0.27,M,M
2016-05-25,86,53,0.00,M,M
2016-05-26,87,52,0.00,M,M
2016-05-27,87,64,0.00,M,M
2016-05-28,94,63,0.00,M,M
2016-05-29,78,61,0.01,M,M
2016-05-30,85,58,0.06,M,M
2016-05-31,85,56,0.00,M,M
2016-06-01,82,51,0.00,M,M
2016-06-02,77,50,0.00,M,M
2016-06-03,M,M,0.03,M,M
2016-06-04,85,57,0.00,M,M
2016-06-05,68,56,1.48,M,M
2016-06-06,80,54,0.00,M,M
2016-06-07,79,50,0.31,M,M
2016-06-08,70,53,T,M,M
2016-06-09,61,51,0.00,M,M
2016-06-10,73,48,0.00,M,M
2016-06-11,63,44,0.09,M,M
2016-06-12,67,51,T,M,M
2016-06-13,70,52,T,M,M
2016-06-14,78,50,0.00,M,M
2016-06-15,83,49,0.00,M,M
2016-06-16,86,48,0.00,M,M
2016-06-17,83,46,0.00,M,M
2016-06-18,87,45,0.00,M,M
2016-06-19,91,51,0.00,M,M
2016-06-20,91,57,0.00,M,M
2016-06-21,81,50,0.01,M,M
2016-06-22,72,45,0.26,M,M
2016-06-23,80,49,0.00,M,M
2016-06-24,83,46,0.00,M,M
2016-06-25,88,47,0.00,M,M
2016-06-26,90,53,0.00,M,M
2016-06-27,84,63,0.01,M,M
2016-06-28,86,64,0.64,M,M
2016-06-29,84,59,0.12,M,M
2016-06-30,84,56,0.00,M,M
2016-07-01,85,53,1.02,M,M
2016-07-02,74,52,0.08,M,M
2016-07-03,82,49,0.00,M,M
2016-07-04,86,49,0.00,M,M
2016-07-05,89,54,0.00,M,M
2016-07-06,93,57,0.00,M,M
2016-07-07,88,62,0.07,M,M
2016-07-08,78,64,0.00,M,M
2016-07-09,64,59,0.34,M,M
2016-07-10,68,58,0.59,M,M
2016-07-11,81,57,0.00,M,M
2016-07-12,86,56,0.00,M,M
2016-07-13,91,58,0.00,M,M
2016-07-14,87,67,0.79,M,M
2016-07-15,89,64,0.00,M,M
2016-07-16,84,61,0.00,M,M
2016-07-17,85,62,1.09,M,M
2016-07-18,86,60,0.01,M,M
2016-07-19,76,53,0.00,M,M
2016-07-20,81,48,0.00,M,M
2016-07-21,87,53,0.00,M,M
2016-07-22,92,61,0.05,M,M
2016-07-23,90,60,0.31,M,M
2016-07-24,85,56,0.00,M,M
2016-07-25,87,55,0.01,M,M
2016-07-26,89,62,0.00,M,M
2016-07-27,91,57,0.00,M,M
2016-07-28,90,62,T,M,M
2016-07-29,87,61,0.02,M,M
2016-07-30,85,54,0.00,M,M
2016-07-31,71,63,0.08,M,M
2016-08-01,71,64,0.69,M,M
2016-08-02,79,59,0.02,M,M
2016-08-03,85,58,0.00,M,M
2016-08-04,86,54,0.00,M,M
2016-08-05,89,56,0.00,M,M
2016-08-06,90,64,0.00,M,M
2016-08-07,85,55,0.00,M,M
2016-08-08,85,52,0.00,M,M
2016-08-09,88,50,0.00,M,M
2016-08-10,82,58,0.14,M,M
2016-08-11,94,68,0.00,M,M
2016-08-12,93,69,0.00,M,M
2016-08-13,78,69,2.06,M,M
2016-08-14,88,68,T,M,M
2016-08-15,79,61,0.00,M,M
2016-08-16,77,61,0.15,M,M
2016-08-17,79,58,0.00,M,M
2016-08-18,86,57,0.00,M,M
2016-08-19,85,58,0.00,M,M
2016-08-20,87,54,0.00,M,M
2016-08-21,85,65,0.94,M,M
2016-08-22,72,50,0.28,M,M
2016-08-23,80,46,0.00,M,M
2016-08-24,86,53,0.00,M,M
2016-08-25,80,58,T,M,M
2016-08-26,88,60,0.40,M,M
2016-08-27,86,58,0.00,M,M
2016-08-28,86,60,0.00,M,M
2016-08-29,80,54,0.00,M,M
2016-08-30,81,52,0.00,M,M
2016-08-31,80,58,0.00,M,M
2016-09-01,81,53,0.00,M,M
2016-09-02,76,49,0.00,M,M
2016-09-03,78,45,0.00,M,M
2016-09-04,81,50,0.00,M,M
2016-09-05,84,50,0.00,M,M
2016-09-06,80,57,0.00,M,M
2016-09-07,81,61,0.02,M,M
2016-09-08,84,63,0.00,M,M
2016-09-09,89,61,0.00,M,M
2016-09-10,78,57,0.01,M,M
2016-09-11,78,47,0.47,M,M
2016-09-12,75,45,0.00,M,M
2016-09-13,82,47,0.00,M,M
2016-09-14,76,46,0.19,M,M
2016-09-15,71,40,0.00,M,M
2016-09-16,75,44,0.00,M,M
2016-09-17,77,44,0.00,M,M
2016-09-18,75,64,0.05,M,M
2016-09-19,76,65,0.90,M,M
2016-09-20,85,59,0.00,M,M
2016-09-21,81,51,0.00,M,M
2016-09-22,83,49,0.00,M,M
2016-09-23,68,42,0.10,M,M
2016-09-24,65,38,0.00,M,M
2016-09-25,63,34,0.00,M,M
2016-09-26,67,33,0.00,M,M
2016-09-27,73,48,0.26,M,M
2016-09-28,61,49,0.00,M,M
2016-09-29,67,42,0.00,M,M
2016-09-30,63,40,0.00,M,M
2016-10-01,60,48,0.09,M,M
2016-10-02,59,52,T,M,M
2016-10-03,72,54,T,M,M
2016-10-04,65,48,0.00,M,M
2016-10-05,71,43,0.00,M,M
2016-10-06,75,45,0.00,M,M
2016-10-07,76,46,0.00,M,M
2016-10-08,64,41,0.02,M,M
2016-10-09,59,44,0.06,M,M
2016-10-10,55,31,0.00,M,M
2016-10-11,67,30,0.00,M,M
2016-10-12,71,38,0.00,M,M
2016-10-13,67,38,0.03,M,M
2016-10-14,57,30,0.00,M,M
2016-10-15,59,26,0.00,M,M
2016-10-16,67,30,0.01,M,M
2016-10-17,76,47,0.03,M,M
2016-10-18,67,51,0.01,M,M
2016-10-19,75,40,0.00,M,M
2016-10-20,64,36,0.44,M,M
2016-10-21,64,53,0.74,M,M
2016-10-22,61,41,0.43,M,M
2016-10-23,54,37,0.05,M,M
2016-10-24,54,29,0.00,M,M
2016-10-25,43,35,T,M,M
2016-10-26,45,27,0.00,M,M
2016-10-27,42,23,0.32,M,M
2016-10-28,44,37,0.99,M,M
2016-10-29,44,38,0.15,M,M
2016-10-30,48,37,0.05,M,M
2016-10-31,43,28,T,M,M
2016-11-01,52,22,0.00,M,M
2016-11-02,67,40,0.00,M,M
2016-11-03,55,45,0.80,M,M
2016-11-04,50,25,T,M,M
2016-11-05,44,23,0.03,M,M
2016-11-06,47,29,0.06,M,M
2016-11-07,52,22,0.00,M,M
2016-11-08,61,25,0.00,M,M
2016-11-09,49,33,0.03,M,M
2016-11-10,53,25,0.00,M,M
2016-11-11,52,31,T,M,M
2016-11-12,47,32,0.00,M,M
2016-11-13,59,28,0.00,M,M
2016-11-14,62,24,0.00,M,M
2016-11-15,51,30,0.33,M,M
2016-11-16,53,44,0.07,M,M
2016-11-17,50,40,0.00,M,M
2016-11-18,60,32,0.00,M,M
2016-11-19,61,32,0.00,M,M
2016-11-20,45,31,0.57,M,M
2016-11-21,35,29,T,M,M
2016-11-22,36,28,0.00,M,M
2016-11-23,39,28,0.00,M,M
2016-11-24,35,31,0.13,M,M
2016-11-25,39,33,0.05,M,M
2016-11-26,40,35,0.02,M,M
2016-11-27,40,31,0.00,M,M
2016-11-28,44,22,0.00,M,M
2016-11-29,40,24,0.40,M,M
2016-11-30,47,34,0.19,M,M
2016-12-01,51,35,0.50,M,M
2016-12-02,49,33,0.01,M,M
2016-12-03,41,33,T,M,M
2016-12-04,38,19,0.00,M,M
2016-12-05,32,17,0.22,M,M
2016-12-06,39,18,0.00,M,M
2016-12-07,36,30,0.13,M,M
2016-12-08,39,26,0.02,M,M
2016-12-09,32,22,0.01,M,M
2016-12-10,24,3,T,M,M
2016-12-11,25,0,T,M,M
2016-12-12,37,23,0.31,M,M
2016-12-13,40,28,0.00,M,M
2016-12-14,35,14,T,M,M
2016-12-15,23,1,T,M,M
2016-12-16,11,-9,0.00,M,M
2016-12-17,26,2,0.36,M,M
2016-12-18,46,22,0.38,M,M
2016-12-19,22,-3,0.00,M,M
2016-12-20,24,-7,0.00,M,M
2016-12-21,39,15,0.00,M,M
2016-12-22,34,21,0.11,M,M
2016-12-23,41,14,0.00,M,M
2016-12-24,42,25,0.02,M,M
2016-12-25,40,8,0.00,M,M
2016-12-26,39,5,0.03,M,M
2016-12-27,49,37,0.11,M,M
2016-12-28,37,28,T,M,M
2016-12-29,32,27,0.34,M,M
2016-12-30,36,23,0.00,M,M
2016-12-31,35,2,T,M,M
2017-01-01,40,12,T,M,M
2017-01-02,34,5,0.00,M,M
2017-01-03,38,25,0.22,M,M
2017-01-04,43,27,0.12,M,M
2017-01-05,29,21,T,M,M
2017-01-06,27,7,T,M,M
2017-01-07,18,3,0.00,M,M
2017-01-08,19,-1,0.00,M,M
2017-01-09,17,-5,0.00,M,M
2017-01-10,42,2,T,M,M
2017-01-11,51,32,0.21,M,M
2017-01-12,54,36,0.08,M,M
2017-01-13,54,17,0.00,M,M
2017-01-14,25,8,0.00,M,M
2017-01-15,32,11,0.00,M,M
2017-01-16,38,8,0.00,M,M
2017-01-17,39,14,0.10,M,M
2017-01-18,35,31,0.04,M,M
2017-01-19,38,31,0.00,M,M
2017-01-20,36,33,0.00,M,M
2017-01-21,44,34,0.00,M,M
2017-01-22,44,33,T,M,M
2017-01-23,36,31,0.02,M,M
2017-01-24,36,30,0.80,M,M
2017-01-25,36,29,0.00,M,M
2017-01-26,49,30,0.02,M,M
2017-01-27,39,32,T,M,M
2017-01-28,37,27,0.00,M,M
2017-01-29,37,24,0.00,M,M
2017-01-30,31,17,T,M,M
2017-01-31,27,8,T,M,M
2017-02-01,37,22,0.03,M,M
2017-02-02,33,13,T,M,M
2017-02-03,29,17,T,M,M
2017-02-04,29,19,0.00,M,M
2017-02-05,37,21,0.00,M,M
2017-02-06,35,19,T,M,M
2017-02-07,28,21,0.30,M,M
2017-02-08,46,22,0.39,M,M
2017-02-09,30,8,0.28,M,M
2017-02-10,16,-6,T,M,M
2017-02-11,21,8,0.05,M,M
2017-02-12,26,16,0.37,M,M
2017-02-13,28,22,0.11,M,M
2017-02-14,35,9,0.00,M,M
2017-02-15,32,24,0.27,M,M
2017-02-16,32,24,0.01,M,M
2017-02-17,35,4,0.00,M,M
2017-02-18,50,6,0.00,M,M
2017-02-19,54,21,0.00,M,M
2017-02-20,41,18,0.00,M,M
2017-02-21,43,11,T,M,M
2017-02-22,57,31,T,M,M
2017-02-23,65,28,0.00,M,M
2017-02-24,52,33,0.16,M,M
2017-02-25,66,34,0.59,M,M
2017-02-26,40,25,0.00,M,M
2017-02-27,52,25,0.00,M,M
2017-02-28,51,25,T,M,M
2017-03-01,61,39,0.01,M,M
2017-03-02,55,25,0.02,M,M
2017-03-03,33,12,T,M,M
2017-03-04,13,6,T,M,M
2017-03-05,27,5,0.00,M,M
2017-03-06,44,4,T,M,M
2017-03-07,41,31,0.01,M,M
2017-03-08,54,34,0.07,M,M
2017-03-09,44,28,T,M,M
2017-03-10,36,15,T,M,M
2017-03-11,15,2,T,M,M
2017-03-12,23,4,0.00,M,M
2017-03-13,30,5,T,M,M
2017-03-14,25,14,1.17,M,M
2017-03-15,26,9,T,M,M
2017-03-16,31,16,T,M,M
2017-03-17,37,4,T,M,M
2017-03-18,40,-1,0.00,M,M
2017-03-19,45,18,0.00,M,M
2017-03-20,50,11,0.00,M,M
2017-03-21,48,26,0.00,M,M
2017-03-22,36,14,0.02,M,M
2017-03-23,35,6,T,M,M
2017-03-24,34,18,0.18,M,M
2017-03-25,38,23,0.03,M,M
2017-03-26,40,15,0.02,M,M
2017-03-27,40,33,0.43,M,M
2017-03-28,43,34,0.02,M,M
2017-03-29,41,35,T,M,M
2017-03-30,48,33,0.00,M,M
2017-03-31,37,32,0.68,M,M
2017-04-01,38,31,0.51,M,M
2017-04-02,52,27,0.00,M,M
2017-04-03,58,23,0.00,M,M
2017-04-04,42,34,0.67,M,M
2017-04-05,48,34,T,M,M
2017-04-06,41,37,0.60,M,M
2017-04-07,49,37,0.13,M,M
2017-04-08,43,28,T,M,M
2017-04-09,65,23,0.00,M,M
2017-04-10,80,32,0.00,M,M
2017-04-11,85,41,0.10,M,M
2017-04-12,62,46,0.24,M,M
2017-04-13,57,30,0.00,M,M
2017-04-14,62,26,0.00,M,M
2017-04-15,71,25,0.02,M,M
2017-04-16,84,44,0.01,M,M
2017-04-17,68,40,0.00,M,M
2017-04-18,55,36,0.00,M,M
2017-04-19,54,39,0.07,M,M
2017-04-20,59,44,0.00,M,M
2017-04-21,50,42,0.52,M,M
2017-04-22,48,37,T,M,M
2017-04-23,70,31,0.00,M,M
2017-04-24,74,33,0.00,M,M
2017-04-25,51,39,0.17,M,M
2017-04-26,60,47,0.21,M,M
2017-04-27,71,54,0.01,M,M
2017-04-28,82,53,0.00,M,M
2017-04-29,78,50,0.00,M,M
2017-04-30,50,39,0.07,M,M
2017-05-01,52,46,0.72,M,M
2017-05-02,64,46,0.22,M,M
2017-05-03,56,32,0.01,M,M
2017-05-04,68,29,0.00,M,M
2017-05-05,54,47,0.66,M,M
2017-05-06,70,48,0.17,M,M
2017-05-07,64,44,0.12,M,M
2017-05-08,48,37,0.07,M,M
2017-05-09,50,34,0.00,M,M
2017-05-10,58,42,0.00,M,M
2017-05-11,67,39,0.00,M,M
2017-05-12,68,42,0.00,M,M
2017-05-13,62,38,0.15,M,M
2017-05-14,52,39,0.89,M,M
2017-05-15,61,46,0.09,M,M
2017-05-16,77,44,0.00,M,M
2017-05-17,91,51,T,M,M
2017-05-18,93,56,T,M,M
2017-05-19,78,46,T,M,M
2017-05-20,71,39,0.00,M,M
2017-05-21,72,36,0.08,M,M
2017-05-22,54,48,0.48,M,M
2017-05-23,73,50,0.00,M,M
2017-05-24,75,49,0.00,M,M
2017-05-25,63,50,0.07,M,M
2017-05-26,59,51,1.32,M,M
2017-05-27,72,51,0.00,M,M
2017-05-28,76,50,0.00,M,M
2017-05-29,63,50,0.12,M,M
2017-05-30,60,50,0.75,M,M
2017-05-31,75,50,0.63,M,M
2017-06-01,73,49,T,M,M
2017-06-02,64,40,0.01,M,M
2017-06-03,64,45,T,M,M
2017-06-04,71,43,0.05,M,M
2017-06-05,59,53,0.21,M,M
2017-06-06,53,49,1.59,M,M
2017-06-07,78,44,T,M,M
2017-06-08,82,46,0.00,M,M
2017-06-09,76,52,0.01,M,M
2017-06-10,84,51,0.00,M,M
2017-06-11,91,58,0.00,M,M
2017-06-12,95,61,0.00,M,M
2017-06-13,91,62,T,M,M
2017-06-14,78,47,0.00,M,M
2017-06-15,80,43,T,M,M
2017-06-16,66,56,0.42,M,M
2017-06-17,78,59,0.00,M,M
2017-06-18,87,70,T,M,M
2017-06-19,85,66,0.66,M,M
2017-06-20,80,62,T,M,M
2017-06-21,77,56,0.00,M,M
2017-06-22,81,50,0.00,M,M
2017-06-23,89,62,0.01,M,M
2017-06-24,85,58,0.05,M,M
2017-06-25,81,54,0.00,M,M
2017-06-26,76,51,0.04,M,M
2017-06-27,72,48,T,M,M
2017-06-28,74,46,0.03,M,M
2017-06-29,68,49,0.17,M,M
2017-06-30,83,60,0.47,M,M
2017-07-01,80,64,2.44,M,M
2017-07-02,85,61,0.00,M,M
2017-07-03,81,58,0.00,M,M
2017-07-04,82,53,T,M,M
2017-07-05,84,50,0.00,M,M
2017-07-06,77,56,0.01,M,M
2017-07-07,80,60,0.07,M,M
2017-07-08,82,58,0.41,M,M
2017-07-09,81,55,0.00,M,M
2017-07-10,84,56,T,M,M
2017-07-11,82,63,0.07,M,M
2017-07-12,88,61,T,M,M
2017-07-13,72,59,0.69,M,M
2017-07-14,65,59,0.01,M,M
2017-07-15,81,60,0.02,M,M
2017-07-16,86,59,0.00,M,M
2017-07-17,89,58,0.28,M,M
2017-07-18,87,62,0.00,M,M
2017-07-19,89,59,0.00,M,M
2017-07-20,87,61,T,M,M
2017-07-21,87,58,0.00,M,M
2017-07-22,85,57,0.00,M,M
2017-07-23,80,63,0.00,M,M
2017-07-24,66,56,0.34,M,M
2017-07-25,70,53,0.19,M,M
2017-07-26,80,54,0.00,M,M
2017-07-27,74,62,0.09,M,M
2017-07-28,81,53,0.00,M,M
2017-07-29,76,49,0.00,M,M
2017-07-30,81,48,0.00,M,M
2017-07-31,88,50,0.00,M,M
2017-08-01,88,57,0.00,M,M
2017-08-02,87,54,0.00,M,M
2017-08-03,89,60,0.00,M,M
2017-08-04,86,61,T,M,M
2017-08-05,80,58,0.35,M,M
2017-08-06,76,52,0.00,M,M
2017-08-07,80,49,T,M,M
2017-08-08,80,54,0.08,M,M
2017-08-09,84,50,T,M,M
2017-08-10,84,57,T,M,M
2017-08-11,80,60,0.06,M,M
2017-08-12,82,64,0.03,M,M
2017-08-13,82,54,0.00,M,M
2017-08-14,82,52,0.00,M,M
2017-08-15,82,55,0.59,M,M
2017-08-16,78,50,0.02,M,M
2017-08-17,81,47,0.00,M,M
2017-08-18,68,60,1.10,M,M
2017-08-19,85,63,0.00,M,M
2017-08-20,81,57,0.01,M,M
2017-08-21,85,55,0.00,M,M
2017-08-22,89,58,0.46,M,M
2017-08-23,78,54,0.00,M,M
2017-08-24,77,50,0.00,M,M
2017-08-25,73,47,0.00,M,M
2017-08-26,75,45,0.00,M,M
2017-08-27,76,45,0.00,M,M
2017-08-28,77,46,0.00,M,M
2017-08-29,66,47,0.00,M,M
2017-08-30,76,48,0.00,M,M
2017-08-31,73,45,0.00,M,M
2017-09-01,65,42,0.00,M,M
2017-09-02,72,36,0.00,M,M
2017-09-03,58,50,1.35,M,M
2017-09-04,79,53,0.00,M,M
2017-09-05,77,63,0.14,M,M
2017-09-06,65,59,0.26,M,M
2017-09-07,71,50,0.11,M,M
2017-09-08,69,48,T,M,M
2017-09-09,69,46,T,M,M
2017-09-10,72,44,0.00,M,M
2017-09-11,78,41,0.00,M,M
2017-09-12,82,48,0.00,M,M
2017-09-13,82,48,T,M,M
2017-09-14,82,56,0.65,M,M
2017-09-15,84,61,0.00,M,M
2017-09-16,83,61,0.00,M,M
2017-09-17,84,60,0.00,M,M
2017-09-18,82,59,0.00,M,M
2017-09-19,77,65,0.00,M,M
2017-09-20,80,60,0.00,M,M
2017-09-21,80,51,0.00,M,M
2017-09-22,80,50,0.00,M,M
2017-09-23,86,48,0.00,M,M
2017-09-24,92,56,0.00,M,M
2017-09-25,90,62,0.00,M,M
2017-09-26,89,63,0.00,M,M
2017-09-27,89,60,0.00,M,M
2017-09-28,73,43,0.00,M,M
2017-09-29,65,38,0.00,M,M
2017-09-30,53,41,0.10,M,M
2017-10-01,67,38,0.00,M,M
2017-10-02,71,36,0.00,M,M
2017-10-03,72,40,0.00,M,M
2017-10-04,80,42,T,M,M
2017-10-05,75,48,T,M,M
2017-10-06,65,44,0.03,M,M
2017-10-07,69,47,0.02,M,M
2017-10-08,81,56,0.11,M,M
2017-10-09,72,57,0.40,M,M
2017-10-10,77,52,0.00,M,M
2017-10-11,63,49,0.07,M,M
2017-10-12,61,35,0.00,M,M
2017-10-13,65,33,0.00,M,M
2017-10-14,76,54,0.00,M,M
2017-10-15,79,51,0.01,M,M
2017-10-16,65,35,T,M,M
2017-10-17,59,27,0.00,M,M
2017-10-18,72,33,0.00,M,M
2017-10-19,75,34,0.00,M,M
2017-10-20,69,39,0.00,M,M
2017-10-21,79,34,0.00,M,M
2017-10-22,76,36,0.00,M,M
2017-10-23,67,39,0.00,M,M
2017-10-24,77,63,0.84,M,M
2017-10-25,67,56,0.29,M,M
2017-10-26,56,44,1.17,M,M
2017-10-27,59,36,0.00,M,M
2017-10-28,67,36,0.00,M,M
2017-10-29,64,54,1.02,M,M
2017-10-30,66,43,0.51,M,M
2017-10-31,54,36,0.00,M,M
2017-11-01,48,29,0.14,M,M
2017-11-02,63,43,0.19,M,M
2017-11-03,64,44,0.02,M,M
2017-11-04,50,32,0.00,M,M
2017-11-05,52,35,0.12,M,M
2017-11-06,63,40,0.25,M,M
2017-11-07,40,29,0.00,M,M
2017-11-08,46,22,0.00,M,M
2017-11-09,45,20,T,M,M
2017-11-10,46,21,0.04,M,M
2017-11-11,34,17,0.00,M,M
2017-11-12,42,21,0.00,M,M
2017-11-13,35,21,T,M,M
2017-11-14,38,33,0.00,M,M
2017-11-15,44,28,0.00,M,M
2017-11-16,42,30,0.19,M,M
2017-11-17,40,20,T,M,M
2017-11-18,36,17,0.09,M,M
2017-11-19,54,33,0.27,M,M
2017-11-20,36,30,0.00,M,M
2017-11-21,54,21,0.00,M,M
2017-11-22,39,25,0.08,M,M
2017-11-23,34,21,0.00,M,M
2017-11-24,46,27,0.00,M,M
2017-11-25,53,26,0.00,M,M
2017-11-26,47,25,0.04,M,M
2017-11-27,36,16,T,M,M
2017-11-28,41,13,0.00,M,M
2017-11-29,54,25,0.02,M,M
2017-11-30,42,17,0.01,M,M
2017-12-01,44,33,T,M,M
2017-12-02,38,23,0.00,M,M
2017-12-03,37,21,T,M,M
2017-12-04,45,22,0.00,M,M
2017-12-05,42,37,0.75,M,M
2017-12-06,47,27,0.09,M,M
2017-12-07,39,25,T,M,M
2017-12-08,36,24,0.00,M,M
2017-12-09,33,25,0.17,M,M
2017-12-10,35,12,0.01,M,M
2017-12-11,34,22,0.00,M,M
2017-12-12,29,24,0.44,M,M
2017-12-13,29,3,0.01,M,M
2017-12-14,22,-4,0.00,M,M
2017-12-15,20,-11,0.00,M,M
2017-12-16,31,-3,0.01,M,M
2017-12-17,21,-10,0.00,M,M
2017-12-18,26,6,0.02,M,M
2017-12-19,46,26,0.08,M,M
2017-12-20,40,25,T,M,M
2017-12-21,26,10,0.00,M,M
2017-12-22,19,11,0.37,M,M
2017-12-23,35,19,0.38,M,M
2017-12-24,35,18,0.00,M,M
2017-12-25,32,20,0.38,M,M
2017-12-26,22,0,T,M,M
2017-12-27,14,-21,0.00,M,M
2017-12-28,6,-25,0.00,M,M
2017-12-29,2,-19,0.01,M,M
2017-12-30,3,-26,T,M,M
2017-12-31,5,-23,T,M,M
2018-01-01,7,-26,T,M,M
2018-01-02,5,-28,0.00,M,M
2018-01-03,23,-10,0.00,M,M
2018-01-04,22,-4,T,M,M
2018-01-05,19,-3,T,M,M
2018-01-06,3,-7,0.00,M,M
2018-01-07,13,-23,T,M,M
2018-01-08,29,12,T,M,M
2018-01-09,38,27,T,M,M
2018-01-10,35,5,0.00,M,M
2018-01-11,46,30,0.00,M,M
2018-01-12,56,39,0.41,M,M
2018-01-13,46,11,0.56,M,M
2018-01-14,16,2,0.00,M,M
2018-01-15,21,1,0.00,M,M
2018-01-16,29,15,0.05,M,M
2018-01-17,30,11,0.16,M,M
2018-01-18,28,-6,0.00,M,M
2018-01-19,30,20,T,M,M
2018-01-20,47,24,0.00,M,M
2018-01-21,44,23,0.00,M,M
2018-01-22,36,28,0.08,M,M
2018-01-23,37,29,0.86,M,M
2018-01-24,40,18,T,M,M
2018-01-25,23,9,0.00,M,M
2018-01-26,30,4,0.00,M,M
2018-01-27,45,13,0.00,M,M
2018-01-28,49,27,T,M,M
2018-01-29,35,21,0.00,M,M
2018-01-30,30,16,0.00,M,M
2018-01-31,29,8,0.00,M,M
2018-02-01,35,27,T,M,M
2018-02-02,32,5,0.01,M,M
2018-02-03,22,-2,0.00,M,M
2018-02-04,36,17,0.56,M,M
2018-02-05,36,7,0.01,M,M
2018-02-06,31,4,T,M,M
2018-02-07,23,1,0.88,M,M
2018-02-08,25,0,0.00,M,M
2018-02-09,26,-10,T,M,M
2018-02-10,41,21,T,M,M
2018-02-11,38,34,0.12,M,M
2018-02-12,40,20,T,M,M
2018-02-13,30,8,0.00,M,M
2018-02-14,43,23,0.00,M,M
2018-02-15,43,19,T,M,M
2018-02-16,45,25,0.12,M,M
2018-02-17,34,12,0.05,M,M
2018-02-18,39,15,0.08,M,M
2018-02-19,45,8,T,M,M
2018-02-20,53,35,0.03,M,M
2018-02-21,68,34,0.01,M,M
2018-02-22,39,24,0.07,M,M
2018-02-23,37,17,0.09,M,M
2018-02-24,46,27,0.00,M,M
2018-02-25,36,27,0.21,M,M
2018-02-26,49,29,0.00,M,M
2018-02-27,51,22,0.00,M,M
2018-02-28,59,26,T,M,M
2018-03-01,51,33,0.00,M,M
2018-03-02,40,32,0.30,M,M
2018-03-03,44,33,0.00,M,M
2018-03-04,42,34,T,M,M
2018-03-05,44,26,0.03,M,M
2018-03-06,46,21,0.00,M,M
2018-03-07,34,28,0.45,M,M
2018-03-08,34,26,0.67,M,M
2018-03-09,35,11,0.01,M,M
2018-03-10,38,21,T,M,M
2018-03-11,40,25,0.00,M,M
2018-03-12,41,10,0.00,M,M
2018-03-13,35,29,0.34,M,M
2018-03-14,37,30,0.13,M,M
2018-03-15,39,26,T,M,M
2018-03-16,33,24,0.00,M,M
2018-03-17,32,4,0.00,M,M
2018-03-18,27,-9,T,M,M
2018-03-19,31,-6,T,M,M
2018-03-20,40,-3,T,M,M
2018-03-21,39,10,0.00,M,M
2018-03-22,47,27,0.00,M,M
2018-03-23,43,20,0.00,M,M
2018-03-24,42,21,0.00,M,M
2018-03-25,43,23,0.01,M,M
2018-03-26,49,16,0.00,M,M
2018-03-27,49,18,T,M,M
2018-03-28,57,34,0.02,M,M
2018-03-29,52,34,0.15,M,M
2018-03-30,54,38,0.21,M,M
2018-03-31,53,28,0.00,M,M
2018-04-01,50,29,0.00,M,M
2018-04-02,47,26,0.00,M,M
2018-04-03,47,27,0.06,M,M
2018-04-04,48,30,0.22,M,M
2018-04-05,39,24,0.00,M,M
2018-04-06,38,17,0.14,M,M
2018-04-07,43,22,0.04,M,M
2018-04-08,39,19,T,M,M
2018-04-09,41,23,0.00,M,M
2018-04-10,43,26,T,M,M
2018-04-11,48,26,0.00,M,M
2018-04-12,55,27,0.31,M,M
2018-04-13,55,36,0.04,M,M
2018-04-14,46,27,0.03,M,M
2018-04-15,30,27,0.55,M,M
2018-04-16,42,28,0.47,M,M
2018-04-17,44,35,0.18,M,M
2018-04-18,48,32,0.00,M,M
2018-04-19,44,34,T,M,M
2018-04-20,47,35,0.00,M,M
2018-04-21,57,27,0.00,M,M
2018-04-22,59,23,0.00,M,M
2018-04-23,68,24,0.00,M,M
2018-04-24,73,29,0.00,M,M
2018-04-25,57,49,0.44,M,M
2018-04-26,60,44,0.14,M,M
2018-04-27,56,41,0.26,M,M
2018-04-28,67,48,0.37,M,M
2018-04-29,51,40,0.40,M,M
2018-04-30,53,36,0.28,M,M
2018-05-01,68,39,T,M,M
2018-05-02,88,41,T,M,M
2018-05-03,82,58,0.08,M,M
2018-05-04,82,60,0.20,M,M
2018-05-05,73,50,0.00,M,M
2018-05-06,65,47,0.01,M,M
2018-05-07,72,42,0.00,M,M
2018-05-08,79,35,0.00,M,M
2018-05-09,83,40,0.00,M,M
2018-05-10,75,42,T,M,M
2018-05-11,64,39,0.00,M,M
2018-05-12,56,33,0.00,M,M
2018-05-13,72,39,0.00,M,M
2018-05-14,81,43,0.00,M,M
2018-05-15,81,50,0.03,M,M
2018-05-16,72,47,0.00,M,M
2018-05-17,83,53,0.00,M,M
2018-05-18,72,45,0.00,M,M
2018-05-19,61,38,0.38,M,M
2018-05-20,73,46,0.07,M,M
2018-05-21,79,42,0.00,M,M
2018-05-22,68,48,0.20,M,M
2018-05-23,83,48,0.09,M,M
2018-05-24,78,42,0.00,M,M
2018-05-25,86,45,T,M,M
2018-05-26,85,60,0.06,M,M
2018-05-27,68,53,0.05,M,M
2018-05-28,73,50,T,M,M
2018-05-29,87,49,0.00,M,M
2018-05-30,83,44,0.00,M,M
2018-05-31,86,50,0.00,M,M
2018-06-01,85,67,0.45,M,M
2018-06-02,80,52,0.00,M,M
2018-06-03,75,47,0.00,M,M
2018-06-04,54,48,0.46,M,M
2018-06-05,61,48,0.07,M,M
2018-06-06,70,47,0.00,M,M
2018-06-07,72,49,0.00,M,M
2018-06-08,79,47,0.00,M,M
2018-06-09,79,42,0.00,M,M
2018-06-10,78,41,0.00,M,M
2018-06-11,77,41,0.00,M,M
2018-06-12,83,43,0.00,M,M
2018-06-13,77,54,0.47,M,M
2018-06-14,68,60,T,M,M
2018-06-15,77,49,0.06,M,M
2018-06-16,83,45,0.00,M,M
2018-06-17,88,48,0.00,M,M
2018-06-18,92,60,0.21,M,M
2018-06-19,77,51,0.15,M,M
2018-06-20,81,46,0.00,M,M
2018-06-21,80,48,T,M,M
2018-06-22,81,40,0.00,M,M
2018-06-23,68,54,0.63,M,M
2018-06-24,72,56,0.06,M,M
2018-06-25,74,45,T,M,M
2018-06-26,80,40,0.00,M,M
2018-06-27,76,49,0.65,M,M
2018-06-28,76,61,0.69,M,M
2018-06-29,90,63,T,M,M
2018-06-30,93,62,0.00,M,M
2018-07-01,98,69,0.00,M,M
2018-07-02,95,71,0.00,M,M
2018-07-03,96,66,T,M,M
2018-07-04,96,61,0.00,M,M
2018-07-05,94,64,0.13,M,M
2018-07-06,83,52,0.87,M,M
2018-07-07,81,47,0.00,M,M
2018-07-08,86,49,0.00,M,M
2018-07-09,91,54,0.00,M,M
2018-07-10,91,55,0.09,M,M
2018-07-11,83,54,0.00,M,M
2018-07-12,83,48,0.00,M,M
2018-07-13,86,53,0.00,M,M
2018-07-14,76,60,0.09,M,M
2018-07-15,88,M,0.14,M,M
2018-07-16,91,59,0.00,M,M
2018-07-17,78,66,0.72,M,M
2018-07-18,79,50,0.00,M,M
2018-07-19,83,45,0.00,M,M
2018-07-20,88,51,0.00,M,M
2018-07-21,82,55,0.00,M,M
2018-07-22,80,57,0.13,M,M
2018-07-23,83,69,2.03,M,M
2018-07-24,88,69,0.03,M,M
2018-07-25,84,72,0.64,M,M
2018-07-26,81,63,0.34,M,M
2018-07-27,86,61,0.22,M,M
2018-07-28,86,64,0.50,M,M
2018-07-29,82,58,0.00,M,M
2018-07-30,82,56,0.00,M,M
2018-07-31,85,61,T,M,M
2018-08-01,79,62,0.53,M,M
2018-08-02,87,67,T,M,M
2018-08-03,82,67,0.42,M,M
2018-08-04,84,65,0.66,M,M
2018-08-05,91,65,0.00,M,M
2018-08-06,93,65,T,M,M
2018-08-07,92,67,0.09,M,M
2018-08-08,86,70,0.01,M,M
2018-08-09,88,63,T,M,M
2018-08-10,83,56,0.00,M,M
2018-08-11,74,55,0.08,M,M
2018-08-12,73,66,0.06,M,M
2018-08-13,76,68,0.01,M,M
2018-08-14,83,66,0.43,M,M
2018-08-15,89,66,T,M,M
2018-08-16,86,62,0.00,M,M
2018-08-17,80,59,0.75,M,M
2018-08-18,77,66,0.30,M,M
2018-08-19,80,58,0.00,M,M
2018-08-20,80,58,0.00,M,M
2018-08-21,78,54,0.00,M,M
2018-08-22,81,61,0.42,M,M
2018-08-23,77,52,0.00,M,M
2018-08-24,84,50,0.00,M,M
2018-08-25,83,57,0.00,M,M
2018-08-26,82,57,0.00,M,M
2018-08-27,88,62,0.00,M,M
2018-08-28,92,68,T,M,M
2018-08-29,94,66,0.03,M,M
2018-08-30,83,54,0.12,M,M
2018-08-31,76,54,0.00,M,M
2018-09-01,75,61,0.00,M,M
2018-09-02,81,59,0.00,M,M
2018-09-03,92,66,0.24,M,M
2018-09-04,87,63,0.00,M,M
2018-09-05,91,62,0.00,M,M
2018-09-06,89,61,0.05,M,M
2018-09-07,75,55,0.00,M,M
2018-09-08,65,45,0.00,M,M
2018-09-09,64,42,0.00,M,M
2018-09-10,62,45,0.50,M,M
2018-09-11,70,58,0.29,M,M
2018-09-12,72,63,0.03,M,M
2018-09-13,82,60,0.01,M,M
2018-09-14,80,57,0.00,M,M
2018-09-15,84,59,0.00,M,M
2018-09-16,88,62,0.00,M,M
2018-09-17,86,64,0.00,M,M
2018-09-18,86,62,0.66,M,M
2018-09-19,73,51,0.00,M,M
2018-09-20,67,53,0.00,M,M
2018-09-21,68,59,0.03,M,M
2018-09-22,70,43,0.01,M,M
2018-09-23,68,41,0.00,M,M
2018-09-24,58,40,0.00,M,M
2018-09-25,57,42,0.96,M,M
2018-09-26,79,57,0.25,M,M
2018-09-27,70,50,T,M,M
2018-09-28,59,47,0.13,M,M
2018-09-29,68,42,0.00,M,M
2018-09-30,64,40,0.00,M,M
2018-10-01,56,51,0.24,M,M
2018-10-02,55,50,0.43,M,M
2018-10-03,64,52,0.01,M,M
2018-10-04,69,52,0.13,M,M
2018-10-05,61,43,0.00,M,M
2018-10-06,62,43,0.00,M,M
2018-10-07,64,52,0.12,M,M
2018-10-08,57,51,0.00,M,M
2018-10-09,80,57,0.00,M,M
2018-10-10,82,58,0.00,M,M
2018-10-11,65,56,1.20,M,M
2018-10-12,60,46,0.00,M,M
2018-10-13,52,35,0.09,M,M
2018-10-14,59,31,0.00,M,M
2018-10-15,59,34,0.15,M,M
2018-10-16,55,37,0.00,M,M
2018-10-17,54,33,0.04,M,M
2018-10-18,44,27,0.01,M,M
2018-10-19,63,25,0.00,M,M
2018-10-20,63,37,T,M,M
2018-10-21,44,27,0.00,M,M
2018-10-22,48,23,0.00,M,M
2018-10-23,47,36,0.30,M,M
2018-10-24,45,32,0.16,M,M
2018-10-25,40,34,T,M,M
2018-10-26,46,29,0.00,M,M
2018-10-27,41,31,0.47,M,M
2018-10-28,47,38,0.05,M,M
2018-10-29,49,40,0.21,M,M
2018-10-30,44,26,0.00,M,M
2018-10-31,46,25,T,M,M
2018-11-01,49,40,0.09,M,M
2018-11-02,59,47,0.90,M,M
2018-11-03,58,42,0.72,M,M
2018-11-04,48,29,0.00,M,M
2018-11-05,43,28,0.13,M,M
2018-11-06,51,42,0.62,M,M
2018-11-07,58,40,0.01,M,M
2018-11-08,51,34,0.00,M,M
2018-11-09,44,25,0.23,M,M
2018-11-10,43,34,0.21,M,M
2018-11-11,39,22,0.00,M,M
2018-11-12,46,20,0.00,M,M
2018-11-13,38,29,0.48,M,M
2018-11-14,29,15,M,M,M
2018-11-15,26,14,0.01,M,M
2018-11-16,33,24,0.14,M,M
2018-11-17,44,30,0.00,M,M
2018-11-18,35,25,0.00,M,M
2018-11-19,40,30,0.00,M,M
2018-11-20,35,27,0.14,M,M
2018-11-21,37,12,0.05,M,M
2018-11-23,28,7,M,M,M
2018-11-24,38,10,0.00,M,M
2018-11-25,38,33,0.05,M,M
2018-11-26,40,34,0.06,M,M
2018-11-27,37,33,0.61,M,M
2018-11-28,36,30,0.02,M,M
2018-11-29,38,31,T,M,M
2018-11-30,34,32,0.00,M,M
2018-12-01,35,32,0.00,M,M
2018-12-02,36,31,0.36,M,M
2018-12-03,46,33,0.02,M,M
2018-12-04,33,14,0.01,M,M
2018-12-05,29,13,T,M,M
2018-12-06,35,16,T,M,M
2018-12-07,31,12,0.01,M,M
2018-12-08,25,2,0.00,M,M
2018-12-09,32,6,0.00,M,M
2018-12-10,32,11,0.00,M,M
2018-12-11,29,5,T,M,M
2018-12-12,29,6,T,M,M
2018-12-13,25,2,0.00,M,M
2018-12-14,40,22,0.00,M,M
2018-12-15,47,25,0.00,M,M
2018-12-16,38,21,T,M,M
2018-12-17,36,26,0.06,M,M
2018-12-18,26,16,0.01,M,M
2018-12-19,30,11,0.00,M,M
2018-12-20,40,15,0.02,M,M
2018-12-21,55,33,1.47,M,M
2018-12-22,56,32,0.14,M,M
2018-12-23,34,19,0.00,M,M
2018-12-24,34,21,0.00,M,M
2018-12-25,32,13,0.00,M,M
2018-12-26,33,9,T,M,M
2018-12-27,30,16,0.00,M,M
2018-12-28,35,22,0.49,M,M
2018-12-29,44,20,T,M,M
2018-12-30,32,18,0.00,M,M
2018-12-31,38,23,0.09,M,M
2019-01-01,47,23,0.34,M,M
2019-01-02,30,17,0.00,M,M
2019-01-03,35,24,0.11,M,M
2019-01-04,41,24,0.00,M,M
2019-01-05,37,21,0.00,M,M
2019-01-06,39,17,0.01,M,M
2019-01-07,21,9,0.00,M,M
2019-01-08,32,20,0.05,M,M
2019-01-09,37,30,0.73,M,M
2019-01-10,32,19,T,M,M
2019-01-11,19,-11,0.00,M,M
2019-01-12,19,-18,0.00,M,M
2019-01-13,19,-8,M,M,M
2019-01-14,22,-12,0.00,M,M
2019-01-15,26,-2,0.00,M,M
2019-01-16,35,14,T,M,M
2019-01-17,19,-11,0.00,M,M
2019-01-18,32,13,T,M,M
2019-01-19,30,12,0.05,M,M
2019-01-20,18,0,0.54,M,M
2019-01-21,4,-3,0.01,M,M
2019-01-22,21,-14,0.00,M,M
2019-01-23,38,9,0.03,M,M
2019-01-24,50,34,1.31,M,M
2019-01-25,34,14,T,M,M
2019-01-26,24,6,0.00,M,M
2019-01-27,35,3,0.02,M,M
2019-01-28,26,-2,T,M,M
2019-01-29,20,-4,0.08,M,M
2019-01-30,24,2,0.07,M,M
2019-01-31,12,-9,0.00,M,M
2019-02-01,18,-12,0.00,M,M
2019-02-02,30,-14,T,M,M
2019-02-03,33,19,T,M,M
2019-02-04,54,29,T,M,M
2019-02-05,56,31,0.02,M,M
2019-02-06,38,21,0.11,M,M
2019-02-07,38,33,0.05,M,M
2019-02-08,47,25,0.16,M,M
2019-02-09,29,12,0.00,M,M
2019-02-10,29,8,T,M,M
2019-02-11,30,13,0.00,M,M
2019-02-12,24,5,0.09,M,M
2019-02-13,37,24,0.17,M,M
2019-02-14,34,14,0.07,M,M
2019-02-15,38,20,0.04,M,M
2019-02-16,37,14,0.00,M,M
2019-02-17,30,3,0.00,M,M
2019-02-18,26,1,0.02,M,M
2019-02-19,25,-10,T,M,M
2019-02-20,26,-8,0.01,M,M
2019-02-21,41,22,0.02,M,M
2019-02-22,39,19,T,M,M
2019-02-23,37,10,0.00,M,M
2019-02-24,38,25,0.08,M,M
2019-02-25,37,22,0.05,M,M
2019-02-26,22,8,M,M,M
2019-02-27,15,0,0.01,M,M
2019-02-28,27,2,0.02,M,M
2019-03-01,35,1,0.00,M,M
2019-03-02,36,14,T,M,M
2019-03-03,36,20,T,M,M
2019-03-04,35,17,0.08,M,M
2019-03-05,25,3,0.00,M,M
2019-03-06,20,-4,T,M,M
2019-03-07,23,-8,T,M,M
2019-03-08,37,-7,T,M,M
2019-03-09,40,2,T,M,M
2019-03-10,35,20,0.04,M,M
2019-03-11,42,32,0.02,M,M
2019-03-12,39,22,0.02,M,M
2019-03-13,42,13,0.02,M,M
2019-03-14,52,32,0.00,M,M
2019-03-15,61,37,T,M,M
2019-03-16,44,32,T,M,M
2019-03-17,34,23,T,M,M
2019-03-18,38,17,0.00,M,M
2019-03-19,39,20,0.00,M,M
2019-03-20,50,15,0.00,M,M
2019-03-21,48,29,T,M,M
2019-03-22,39,33,0.07,M,M
2019-03-23,39,25,0.02,M,M
2019-03-24,50,18,0.00,M,M
2019-03-25,44,20,0.00,M,M
2019-03-28,54,34,M,M,M
2019-03-29,53,36,0.01,M,M
2019-03-30,57,36,0.00,M,M
2019-03-31,61,34,0.23,M,M
2019-04-01,40,23,0.00,M,M
2019-04-02,51,20,0.00,M,M
2019-04-03,59,35,T,M,M
2019-04-04,45,27,0.00,M,M
2019-04-05,46,21,0.02,M,M
2019-04-06,57,29,0.02,M,M
2019-04-07,61,27,0.02,M,M
2019-04-08,45,34,0.66,M,M
2019-04-09,38,34,0.36,M,M
2019-04-10,38,27,0.01,M,M
2019-04-11,50,22,0.00,M,M
2019-04-12,50,30,0.01,M,M
2019-04-13,74,39,0.00,M,M
2019-04-14,56,35,0.26,M,M
2019-04-15,63,38,1.10,M,M
2019-04-16,54,37,0.00,M,M
2019-04-17,61,28,0.00,M,M
2019-04-18,53,29,0.01,M,M
2019-04-19,76,50,0.04,M,M
2019-04-20,70,64,0.39,M,M
2019-04-21,69,50,0.02,M,M
2019-04-22,76,44,0.27,M,M
2019-04-23,72,51,0.44,M,M
2019-04-24,55,45,0.04,M,M
2019-04-25,65,36,0.00,M,M
2019-04-26,50,42,0.83,M,M
2019-04-27,47,41,0.54,M,M
2019-04-28,52,32,0.00,M,M
2019-04-29,54,27,T,M,M
2019-04-30,52,34,0.07,M,M
2019-05-01,48,37,0.23,M,M
2019-05-02,48,44,0.05,M,M
2019-05-03,51,44,0.47,M,M
2019-05-04,65,48,0.01,M,M
2019-05-05,61,50,T,M,M
2019-05-06,73,43,0.00,M,M
2019-05-07,60,45,0.09,M,M
2019-05-08,61,37,0.00,M,M
2019-05-09,67,32,0.11,M,M
2019-05-10,58,46,0.32,M,M
2019-05-11,62,44,0.00,M,M
2019-05-12,56,42,0.00,M,M
2019-05-13,59,38,0.58,M,M
2019-05-14,50,34,0.22,M,M
2019-05-15,60,42,0.02,M,M
2019-05-16,66,45,0.01,M,M
2019-05-17,72,45,0.24,M,M
2019-05-18,71,44,0.00,M,M
2019-05-19,81,50,0.88,M,M
2019-05-20,80,60,0.55,M,M
2019-05-21,62,50,T,M,M
2019-05-22,71,39,T,M,M
2019-05-23,75,50,0.21,M,M
2019-05-24,65,44,0.01,M,M
2019-05-25,74,44,0.22,M,M
2019-05-26,85,53,0.08,M,M
2019-05-27,77,45,0.00,M,M
2019-05-28,55,43,0.71,M,M
2019-05-29,61,45,0.00,M,M
2019-05-30,73,53,0.00,M,M
2019-05-31,74,48,0.00,M,M
2019-06-01,77,42,0.20,M,M
2019-06-02,69,53,0.05,M,M
2019-06-03,64,41,T,M,M
2019-06-04,67,38,0.03,M,M
2019-06-05,74,51,1.31,M,M
2019-06-06,79,49,0.20,M,M
2019-06-07,84,45,0.00,M,M
2019-06-08,82,48,0.00,M,M
2019-06-09,84,44,0.00,M,M
2019-06-10,85,51,0.10,M,M
2019-06-11,74,49,0.61,M,M
2019-06-12,78,44,0.00,M,M
2019-06-13,63,50,0.12,M,M
2019-06-14,68,50,0.01,M,M
2019-06-15,82,46,T,M,M
2019-06-16,70,61,0.40,M,M
2019-06-17,81,51,0.00,M,M
2019-06-18,78,55,0.00,M,M
2019-06-19,83,55,0.00,M,M
2019-06-20,71,65,2.07,M,M
2019-06-21,75,56,0.06,M,M
2019-06-22,78,49,0.00,M,M
2019-06-23,85,48,0.00,M,M
2019-06-24,85,50,0.00,M,M
2019-06-25,70,54,0.37,M,M
2019-06-26,86,64,0.08,M,M
2019-06-27,88,60,0.00,M,M
2019-06-28,90,57,T,M,M
2019-06-29,83,63,0.23,M,M
2019-06-30,76,56,0.30,M,M
2019-07-01,85,53,0.00,M,M
2019-07-02,88,61,0.00,M,M
2019-07-03,89,58,0.00,M,M
2019-07-04,91,59,0.00,M,M
2019-07-05,92,60,0.00,M,M
2019-07-06,90,68,0.17,M,M
2019-07-07,82,53,0.00,M,M
2019-07-08,85,49,0.00,M,M
2019-07-09,88,51,0.00,M,M
2019-07-10,89,56,0.00,M,M
2019-07-11,84,58,1.46,M,M
2019-07-12,87,65,T,M,M
2019-07-13,87,61,T,M,M
2019-07-14,85,59,0.00,M,M
2019-07-15,83,55,0.00,M,M
2019-07-16,82,54,0.08,M,M
2019-07-17,84,67,0.17,M,M
2019-07-18,85,64,0.01,M,M
2019-07-19,92,63,0.00,M,M
2019-07-20,96,69,0.00,M,M
2019-07-21,91,67,T,M,M
2019-07-22,74,63,0.57,M,M
2019-07-23,79,62,0.34,M,M
2019-07-24,82,57,0.00,M,M
2019-07-25,84,53,0.00,M,M
2019-07-26,87,56,0.00,M,M
2019-07-27,88,57,0.00,M,M
2019-07-28,90,63,T,M,M
2019-07-29,91,64,0.00,M,M
2019-07-30,93,64,0.01,M,M
2019-07-31,83,65,0.01,M,M
2019-08-01,85,55,0.00,M,M
2019-08-02,85,50,T,M,M
2019-08-03,88,54,0.00,M,M
2019-08-04,83,51,T,M,M
2019-08-05,83,46,0.00,M,M
2019-08-06,87,49,0.00,M,M
2019-08-07,85,63,0.08,M,M
2019-08-08,86,64,0.10,M,M
2019-08-09,83,58,0.00,M,M
2019-08-10,73,51,0.14,M,M
2019-08-11,79,48,0.00,M,M
2019-08-12,85,51,0.00,M,M
2019-08-13,83,59,0.05,M,M
2019-08-14,83,57,0.00,M,M
2019-08-15,84,53,0.00,M,M
2019-08-16,80,64,0.09,M,M
2019-08-17,87,65,0.50,M,M
2019-08-18,88,66,0.41,M,M
2019-08-19,88,64,0.00,M,M
2019-08-20,88,56,0.00,M,M
2019-08-21,72,56,0.84,M,M
2019-08-22,86,58,0.00,M,M
2019-08-23,78,51,0.00,M,M
2019-08-24,74,47,0.00,M,M
2019-08-25,76,49,0.00,M,M
2019-08-26,78,45,0.00,M,M
2019-08-27,79,46,0.00,M,M
2019-08-28,85,62,0.47,M,M
2019-08-29,83,57,0.14,M,M
2019-08-30,82,50,0.00,M,M
2019-08-31,76,48,0.00,M,M
2019-09-01,74,46,T,M,M
2019-09-02,67,60,1.40,M,M
2019-09-03,76,55,0.00,M,M
2019-09-04,78,56,0.09,M,M
2019-09-05,76,48,0.00,M,M
2019-09-06,71,48,0.00,M,M
2019-09-07,75,50,0.01,M,M
2019-09-08,72,48,0.00,M,M
2019-09-09,71,46,0.00,M,M
2019-09-10,74,45,0.08,M,M
2019-09-11,86,65,0.04,M,M
2019-09-12,70,45,0.05,M,M
2019-09-13,69,42,0.00,M,M
2019-09-14,66,46,T,M,M
2019-09-15,76,49,T,M,M
2019-09-16,72,45,0.00,M,M
2019-09-17,71,38,0.00,M,M
2019-09-18,68,41,0.00,M,M
2019-09-19,72,39,0.00,M,M
2019-09-20,80,38,0.00,M,M
2019-09-21,84,46,0.00,M,M
2019-09-22,87,54,0.00,M,M
2019-09-23,81,63,0.37,M,M
2019-09-24,73,55,0.21,M,M
2019-09-25,70,48,0.00,M,M
2019-09-26,72,48,0.18,M,M
2019-09-27,71,42,0.00,M,M
2019-09-28,79,45,0.00,M,M
2019-09-29,69,39,0.00,M,M
2019-09-30,62,36,T,M,M
2019-10-01,72,54,0.07,M,M
2019-10-02,69,41,0.22,M,M
2019-10-03,52,37,0.06,M,M
2019-10-04,55,32,0.01,M,M
2019-10-05,59,29,0.00,M,M
2019-10-06,64,29,T,M,M
2019-10-07,66,55,0.82,M,M
2019-10-08,67,39,0.01,M,M
2019-10-09,62,41,0.00,M,M
2019-10-10,66,42,0.00,M,M
2019-10-11,66,35,T,M,M
2019-10-12,65,49,0.00,M,M
2019-10-13,66,39,0.00,M,M
2019-10-14,69,37,T,M,M
2019-10-15,62,34,0.00,M,M
2019-10-16,60,30,0.49,M,M
2019-10-17,53,45,2.33,M,M
2019-10-18,51,40,0.01,M,M
2019-10-19,59,32,0.00,M,M
2019-10-20,55,31,0.12,M,M
2019-10-21,63,38,0.00,M,M
2019-10-22,60,42,0.15,M,M
2019-10-23,63,41,0.42,M,M
2019-10-24,70,32,0.00,M,M
2019-10-25,53,44,0.16,M,M
2019-10-26,58,34,0.07,M,M
2019-10-27,48,34,0.93,M,M
2019-10-28,57,46,0.00,M,M
2019-10-29,56,48,T,M,M
2019-10-30,64,53,0.01,M,M
2019-10-31,72,56,0.54,M,M
2019-11-01,M,M,0.01,M,M
2019-11-02,49,26,0.00,M,M
2019-11-03,50,26,0.00,M,M
2019-11-04,50,26,0.00,M,M
2019-11-05,55,43,T,M,M
2019-11-06,49,30,0.00,M,M
2019-11-07,43,30,0.21,M,M
2019-11-08,32,19,T,M,M
2019-11-09,39,16,0.00,M,M
2019-11-10,46,26,0.00,M,M
2019-11-11,42,30,0.12,M,M
2019-11-12,33,16,0.13,M,M
2019-11-13,26,12,0.00,M,M
2019-11-14,31,12,0.00,M,M
2019-11-15,44,23,T,M,M
2019-11-16,30,12,0.00,M,M
2019-11-17,35,10,0.00,M,M
2019-11-18,37,26,T,M,M
2019-11-19,38,34,0.54,M,M
2019-11-20,37,34,0.13,M,M
2019-11-21,44,26,0.02,M,M
2019-11-22,45,30,0.05,M,M
2019-11-23,42,22,0.00,M,M
2019-11-24,37,23,0.49,M,M
2019-11-25,46,28,T,M,M
2019-11-26,53,28,0.00,M,M
2019-11-27,46,31,0.46,M,M
2019-11-28,44,31,0.10,M,M
2019-11-29,36,24,0.00,M,M
2019-11-30,29,13,0.00,M,M
2019-12-01,26,9,0.24,M,M
2019-12-02,33,25,0.04,M,M
2019-12-03,34,16,0.07,M,M
2019-12-04,36,16,T,M,M
2019-12-05,40,16,0.01,M,M
2019-12-06,30,17,0.11,M,M
2019-12-07,27,0,T,M,M
2019-12-08,32,-4,0.00,M,M
2019-12-09,49,29,0.40,M,M
2019-12-10,53,36,0.06,M,M
2019-12-11,37,25,T,M,M
2019-12-12,31,16,0.00,M,M
2019-12-13,33,21,0.08,M,M
2019-12-14,49,33,0.97,M,M
2019-12-15,43,26,T,M,M
2019-12-16,31,19,0.00,M,M
2019-12-17,26,21,0.27,M,M
2019-12-18,33,14,0.03,M,M
2019-12-19,16,-4,T,M,M
2019-12-20,20,-4,0.00,M,M
2019-12-21,20,-4,0.00,M,M
2019-12-22,35,5,0.00,M,M
2019-12-23,52,10,0.00,M,M
2019-12-24,43,22,0.00,M,M
2019-12-25,35,20,0.00,M,M
2019-12-26,37,19,0.01,M,M
2019-12-27,40,31,0.03,M,M
2019-12-28,45,20,0.00,M,M
2019-12-29,38,19,0.18,M,M
2019-12-30,34,27,0.99,M,M
2019-12-31,35,28,0.07,M,M
2020-01-01,36,25,0.00,M,M
2020-01-02,39,19,0.00,M,M
2020-01-03,41,27,0.00,M,M
2020-01-04,37,34,0.31,M,M
2020-01-05,35,18,T,M,M
2020-01-06,31,15,0.09,M,M
2020-01-07,36,24,0.01,M,M
2020-01-08,37,19,0.10,M,M
2020-01-09,23,2,T,M,M
2020-01-10,39,12,T,M,M
2020-01-11,58,34,T,M,M
2020-01-12,64,26,0.11,M,M
2020-01-13,32,26,T,M,M
2020-01-14,40,32,T,M,M
2020-01-15,43,31,0.01,M,M
2020-01-16,35,18,0.37,M,M
2020-01-17,18,-3,T,M,M
2020-01-18,16,-2,0.29,M,M
2020-01-19,37,11,0.01,M,M
2020-01-20,23,-5,T,M,M
2020-01-21,20,-13,0.00,M,M
2020-01-22,36,5,0.00,M,M
2020-01-23,36,1,0.00,M,M
2020-01-24,39,8,0.00,M,M
2020-01-25,39,15,0.39,M,M
2020-01-26,42,32,0.01,M,M
2020-01-27,41,28,0.00,M,M
2020-01-28,36,29,0.00,M,M
2020-01-29,34,15,0.00,M,M
2020-01-30,31,6,0.00,M,M
2020-01-31,36,8,0.00,M,M
2020-02-01,39,30,T,M,M
2020-02-02,38,25,0.00,M,M
2020-02-03,42,24,0.00,M,M
2020-02-04,41,22,0.00,M,M
2020-02-05,35,25,0.00,M,M
2020-02-06,33,22,0.43,M,M
2020-02-07,35,20,0.80,M,M
2020-02-08,24,-4,T,M,M
2020-02-09,24,-10,T,M,M
2020-02-10,37,24,0.05,M,M
2020-02-11,35,31,0.02,M,M
2020-02-12,39,29,0.01,M,M
2020-02-13,36,29,0.12,M,M
2020-02-14,29,-7,0.00,M,M
2020-02-15,24,-12,T,M,M
2020-02-16,37,17,T,M,M
2020-02-17,36,13,0.00,M,M
2020-02-18,30,13,0.30,M,M
2020-02-19,37,16,T,M,M
2020-02-20,27,-3,T,M,M
2020-02-21,29,-15,0.00,M,M
2020-02-22,40,1,0.00,M,M
2020-02-23,50,7,0.00,M,M
2020-02-24,55,17,0.00,M,M
2020-02-25,47,32,0.00,M,M
2020-02-26,45,34,0.02,M,M
2020-02-27,43,26,0.68,M,M
2020-02-28,31,24,T,M,M
2020-02-29,28,18,T,M,M
2020-03-01,30,8,0.00,M,M
2020-03-02,49,16,T,M,M
2020-03-03,60,35,0.13,M,M
2020-03-04,48,37,0.02,M,M
2020-03-05,49,26,T,M,M
2020-03-06,46,22,T,M,M
2020-03-07,41,18,0.00,M,M
2020-03-08,52,18,0.00,M,M
2020-03-09,69,26,0.00,M,M
2020-03-10,62,31,0.05,M,M
2020-03-11,46,25,0.00,M,M
2020-03-12,47,25,T,M,M
2020-03-13,54,39,0.56,M,M
2020-03-14,50,37,0.00,M,M
2020-03-15,41,20,0.00,M,M
2020-03-16,42,13,0.00,M,M
2020-03-17,42,31,T,M,M
2020-03-18,51,23,0.00,M,M
2020-03-19,44,34,0.20,M,M
2020-03-20,65,38,0.07,M,M
2020-03-21,48,24,T,M,M
2020-03-22,40,19,0.00,M,M
2020-03-23,36,22,0.66,M,M
2020-03-24,40,26,T,M,M
2020-03-25,46,22,0.00,M,M
2020-03-26,55,22,T,M,M
2020-03-27,57,29,0.00,M,M
2020-03-28,53,22,T,M,M
2020-03-29,44,37,0.58,M,M
2020-03-30,41,35,0.21,M,M
2020-03-31,49,30,0.01,M,M
2020-04-01,51,26,0.00,M,M
2020-04-02,45,37,0.17,M,M
2020-04-03,52,36,0.32,M,M
2020-04-04,58,37,0.00,M,M
2020-04-05,57,34,0.01,M,M
2020-04-06,59,30,0.00,M,M
2020-04-07,60,25,0.00,M,M
2020-04-08,58,33,0.00,M,M
2020-04-09,45,29,1.01,M,M
2020-04-10,45,35,T,M,M
2020-04-11,48,29,0.00,M,M
2020-04-12,58,24,T,M,M
2020-04-13,63,46,0.73,M,M
2020-04-14,53,38,0.00,M,M
2020-04-15,48,28,0.00,M,M
2020-04-16,45,28,T,M,M
2020-04-17,48,24,0.00,M,M
2020-04-18,48,25,T,M,M
2020-04-19,65,22,0.03,M,M
2020-04-20,54,27,0.00,M,M
2020-04-21,49,25,0.38,M,M
2020-04-22,41,27,T,M,M
2020-04-23,54,23,0.00,M,M
2020-04-24,58,33,0.00,M,M
2020-04-25,67,37,0.00,M,M
2020-04-26,59,34,0.21,M,M
2020-04-27,43,34,0.82,M,M
2020-04-28,58,33,0.00,M,M
2020-04-29,63,29,0.00,M,M
2020-04-30,48,42,0.30,M,M
2020-05-01,68,48,0.43,M,M
2020-05-02,69,39,0.00,M,M
2020-05-03,79,49,0.02,M,M
2020-05-04,63,41,T,M,M
2020-05-05,55,31,0.00,M,M
2020-05-06,61,27,0.00,M,M
2020-05-07,64,36,0.01,M,M
2020-05-08,56,34,0.13,M,M
2020-05-09,42,33,0.09,M,M
2020-05-10,57,36,0.02,M,M
2020-05-11,61,38,0.23,M,M
2020-05-12,53,35,0.00,M,M
2020-05-13,59,27,0.00,M,M
2020-05-14,70,27,0.00,M,M
2020-05-15,78,52,0.47,M,M
2020-05-16,63,43,0.00,M,M
2020-05-17,71,46,0.00,M,M
2020-05-18,73,52,T,M,M
2020-05-19,70,40,0.00,M,M
2020-05-20,76,37,0.00,M,M
2020-05-21,84,40,0.00,M,M
2020-05-22,88,40,0.00,M,M
2020-05-23,81,49,0.00,M,M
2020-05-24,74,39,0.00,M,M
2020-05-25,74,41,0.00,M,M
2020-05-26,91,55,0.00,M,M
2020-05-27,94,61,0.00,M,M
2020-05-28,86,66,T,M,M
2020-05-29,89,68,0.50,M,M
2020-05-30,77,63,T,M,M
2020-05-31,64,37,0.00,M,M
2020-06-01,64,33,T,M,M
2020-06-02,69,39,T,M,M
2020-06-03,75,53,0.00,M,M
2020-06-04,85,50,0.00,M,M
2020-06-05,87,61,0.00,M,M
2020-06-06,82,56,0.32,M,M
2020-06-07,70,49,T,M,M
2020-06-08,77,43,0.00,M,M
2020-06-09,73,54,T,M,M
2020-06-10,78,51,0.06,M,M
2020-06-11,86,56,0.11,M,M
2020-06-12,81,49,T,M,M
2020-06-13,62,40,0.00,M,M
2020-06-14,72,39,0.00,M,M
2020-06-15,78,48,0.00,M,M
2020-06-16,84,42,0.00,M,M
2020-06-17,88,47,0.00,M,M
2020-06-18,92,50,0.00,M,M
2020-06-19,91,58,0.00,M,M
2020-06-20,93,60,T,M,M
2020-06-21,94,64,0.31,M,M
2020-06-22,91,66,0.00,M,M
2020-06-23,92,66,0.00,M,M
2020-06-24,84,57,0.13,M,M
2020-06-25,83,51,0.00,M,M
2020-06-26,87,55,0.00,M,M
2020-06-27,82,53,0.00,M,M
2020-06-28,84,58,0.54,M,M
2020-06-29,73,65,0.47,M,M
2020-06-30,76,64,1.38,M,M
2020-07-01,78,65,0.51,M,M
2020-07-02,94,65,0.00,M,M
2020-07-03,82,67,T,M,M
2020-07-04,90,59,0.00,M,M
2020-07-05,88,58,0.09,M,M
2020-07-06,87,60,0.00,M,M
2020-07-07,85,59,0.00,M,M
2020-07-08,88,68,0.02,M,M
2020-07-09,94,69,0.00,M,M
2020-07-10,90,67,T,M,M
2020-07-11,90,73,0.10,M,M
2020-07-12,89,69,0.00,M,M
2020-07-13,89,65,0.26,M,M
2020-07-14,79,64,1.46,M,M
2020-07-15,84,62,0.00,M,M
2020-07-16,80,65,T,M,M
2020-07-17,79,62,0.17,M,M
2020-07-18,91,65,0.00,M,M
2020-07-19,96,60,0.00,M,M
2020-07-20,92,66,0.00,M,M
2020-07-21,88,60,0.00,M,M
2020-07-22,77,63,0.16,M,M
2020-07-23,83,67,0.07,M,M
2020-07-24,87,63,0.00,M,M
2020-07-25,89,60,0.00,M,M
2020-07-26,90,59,0.00,M,M
2020-07-27,94,73,0.00,M,M
2020-07-28,87,63,0.11,M,M
2020-07-29,91,58,T,M,M
2020-07-30,86,61,0.26,M,M
2020-07-31,87,62,0.00,M,M
2020-08-01,89,57,0.00,M,M
2020-08-02,80,61,0.02,M,M
2020-08-03,85,63,0.00,M,M
2020-08-04,77,64,1.29,M,M
2020-08-05,84,55,T,M,M
2020-08-06,81,52,0.00,M,M
2020-08-07,84,53,0.00,M,M
2020-08-08,83,65,0.63,M,M
2020-08-09,88,65,0.01,M,M
2020-08-10,91,65,T,M,M
2020-08-11,93,65,0.01,M,M
2020-08-12,90,62,T,M,M
2020-08-13,88,58,0.00,M,M
2020-08-14,89,58,0.00,M,M
2020-08-15,81,55,0.00,M,M
2020-08-16,74,56,T,M,M
2020-08-17,81,56,0.08,M,M
2020-08-18,81,56,0.23,M,M
2020-08-19,76,52,0.03,M,M
2020-08-20,77,49,0.00,M,M
2020-08-21,87,54,0.12,M,M
2020-08-22,85,59,0.04,M,M
2020-08-23,91,56,0.36,M,M
2020-08-24,89,62,T,M,M
2020-08-25,86,58,0.76,M,M
2020-08-26,72,48,0.00,M,M
2020-08-27,62,45,0.04,M,M
2020-08-28,79,57,0.01,M,M
2020-08-29,70,57,0.59,M,M
2020-08-30,71,49,0.00,M,M
2020-08-31,75,43,0.00,M,M
2020-09-01,79,52,0.00,M,M
2020-09-02,70,58,0.09,M,M
2020-09-03,80,55,0.09,M,M
2020-09-04,79,51,0.00,M,M
2020-09-05,76,44,0.00,M,M
2020-09-06,78,50,0.00,M,M
2020-09-07,81,51,0.00,M,M
2020-09-08,85,60,0.00,M,M
2020-09-09,88,59,0.00,M,M
2020-09-10,85,58,0.00,M,M
2020-09-11,70,44,0.00,M,M
2020-09-12,73,41,0.00,M,M
2020-09-13,76,44,0.00,M,M
2020-09-14,70,41,T,M,M
2020-09-15,64,35,0.00,M,M
2020-09-16,75,38,0.00,M,M
2020-09-17,68,46,T,M,M
2020-09-18,67,34,0.00,M,M
2020-09-19,62,29,0.00,M,M
2020-09-20,65,28,0.00,M,M
2020-09-21,66,27,0.00,M,M
2020-09-22,67,28,0.00,M,M
2020-09-23,76,38,0.00,M,M
2020-09-24,82,43,0.00,M,M
2020-09-25,81,51,0.00,M,M
2020-09-26,78,49,0.00,M,M
2020-09-27,79,61,0.00,M,M
2020-09-28,82,64,0.01,M,M
2020-09-29,82,66,1.17,M,M
2020-09-30,73,47,1.12,M,M
2020-10-01,71,45,0.00,M,M
2020-10-02,58,45,0.28,M,M
2020-10-03,62,45,T,M,M
2020-10-04,62,39,0.00,M,M
2020-10-05,67,42,0.00,M,M
2020-10-06,69,44,T,M,M
2020-10-07,67,49,0.09,M,M
2020-10-08,56,33,0.00,M,M
2020-10-09,60,28,T,M,M
2020-10-10,79,42,0.09,M,M
2020-10-11,60,33,0.00,M,M
2020-10-12,58,32,0.00,M,M
2020-10-13,51,46,1.73,M,M
2020-10-14,69,39,0.00,M,M
2020-10-15,74,39,0.00,M,M
2020-10-16,60,47,0.77,M,M
2020-10-17,57,31,0.92,M,M
2020-10-18,60,30,0.00,M,M
2020-10-19,63,36,T,M,M
2020-10-20,62,52,0.05,M,M
2020-10-21,71,51,0.01,M,M
2020-10-22,70,42,0.00,M,M
2020-10-23,67,51,0.00,M,M
2020-10-24,66,44,T,M,M
2020-10-25,50,37,0.00,M,M
2020-10-26,46,38,0.18,M,M
2020-10-27,51,39,0.01,M,M
2020-10-28,47,35,0.07,M,M
2020-10-29,44,33,0.39,M,M
2020-10-30,41,23,0.07,M,M
2020-10-31,43,19,0.00,M,M
2020-11-01,50,24,0.10,M,M
2020-11-02,42,30,0.01,M,M
2020-11-03,36,24,0.05,M,M
2020-11-04,52,28,T,M,M
2020-11-05,69,27,0.00,M,M
2020-11-06,72,43,T,M,M
2020-11-07,75,37,0.00,M,M
2020-11-08,75,34,0.00,M,M
2020-11-09,71,33,0.00,M,M
2020-11-10,73,33,0.00,M,M
2020-11-11,68,42,0.08,M,M
2020-11-12,64,29,T,M,M
2020-11-13,40,26,0.02,M,M
2020-11-14,44,23,0.00,M,M
2020-11-15,46,20,0.58,M,M
2020-11-16,48,39,0.01,M,M
2020-11-17,44,30,T,M,M
2020-11-18,30,13,0.00,M,M
2020-11-19,42,14,0.00,M,M
2020-11-20,56,30,0.00,M,M
2020-11-21,54,27,0.00,M,M
2020-11-22,39,19,T,M,M
2020-11-23,46,34,0.50,M,M
2020-11-24,37,20,0.00,M,M
2020-11-25,35,20,0.14,M,M
2020-11-26,42,34,0.28,M,M
2020-11-27,47,40,0.03,M,M
2020-11-28,46,27,0.12,M,M
2020-11-29,50,24,0.00,M,M
2020-11-30,63,27,0.96,M,M
2020-12-01,64,41,0.02,M,M
2020-12-02,41,33,0.01,M,M
2020-12-03,48,22,0.00,M,M
2020-12-04,49,25,T,M,M
2020-12-05,39,32,0.28,M,M
2020-12-06,32,28,T,M,M
2020-12-07,29,26,M,M,M
2020-12-08,29,25,0.00,M,M
2020-12-09,33,23,T,M,M
2020-12-10,42,25,0.00,M,M
2020-12-11,44,21,0.00,M,M
2020-12-12,42,25,0.11,M,M
2020-12-13,50,33,0.03,M,M
2020-12-14,38,28,0.02,M,M
2020-12-15,33,14,0.00,M,M
2020-12-16,19,9,T,M,M
2020-12-17,22,13,1.70,M,M
2020-12-18,23,-9,T,M,M
2020-12-19,18,-14,0.00,M,M
2020-12-20,29,12,T,M,M
2020-12-21,35,28,0.00,M,M
2020-12-22,40,22,T,M,M
2020-12-23,35,14,0.00,M,M
2020-12-24,53,29,0.01,M,M
2020-12-25,60,41,0.86,M,M
2020-12-26,41,28,T,M,M
2020-12-27,35,21,T,M,M
2020-12-28,43,23,T,M,M
2020-12-29,39,13,0.00,M,M
2020-12-30,35,12,T,M,M
2020-12-31,41,20,0.01,M,M
2021-01-01,34,16,0.02,M,M
2021-01-02,38,29,0.52,M,M
2021-01-03,32,29,0.06,M,M
2021-01-04,41,23,0.01,M,M
2021-01-05,36,32,T,M,M
2021-01-06,32,23,T,M,M
2021-01-07,32,23,0.00,M,M
2021-01-08,32,16,0.00,M,M
2021-01-09,33,13,0.00,M,M
2021-01-10,34,12,0.00,M,M
2021-01-11,28,8,T,M,M
2021-01-12,36,12,T,M,M
2021-01-13,36,25,T,M,M
2021-01-14,35,28,0.00,M,M
2021-01-15,40,17,0.00,M,M
2021-01-16,41,34,0.89,M,M
2021-01-17,38,32,T,M,M
2021-01-18,37,22,0.00,M,M
2021-01-19,30,15,T,M,M
2021-01-20,33,14,T,M,M
2021-01-21,25,11,0.01,M,M
2021-01-22,36,14,0.05,M,M
2021-01-23,27,8,0.01,M,M
2021-01-24,24,7,0.00,M,M
2021-01-25,30,1,T,M,M
2021-01-26,29,7,0.09,M,M
2021-01-27,34,25,0.05,M,M
2021-01-28,29,11,0.00,M,M
2021-01-29,15,0,T,M,M
2021-01-30,17,-5,T,M,M
2021-01-31,22,-6,0.00,M,M
2021-02-01,27,-4,0.10,M,M
2021-02-02,33,26,0.66,M,M
2021-02-03,32,26,0.00,M,M
2021-02-04,37,11,0.00,M,M
2021-02-05,37,8,0.10,M,M
2021-02-06,34,11,0.02,M,M
2021-02-07,26,-3,0.04,M,M
2021-02-08,26,-2,T,M,M
2021-02-09,22,2,0.13,M,M
2021-02-10,26,-1,T,M,M
2021-02-11,26,-3,T,M,M
2021-02-12,17,-9,0.00,M,M
2021-02-13,23,-8,0.00,M,M
2021-02-14,33,19,0.00,M,M
2021-02-15,28,22,0.04,M,M
2021-02-16,40,24,0.85,M,M
2021-02-17,27,12,0.00,M,M
2021-02-18,27,13,0.01,M,M
2021-02-19,29,21,0.09,M,M
2021-02-20,29,5,0.01,M,M
2021-02-21,31,0,T,M,M
2021-02-22,31,0,0.24,M,M
2021-02-23,39,26,0.00,M,M
2021-02-24,45,30,T,M,M
2021-02-25,48,19,0.01,M,M
2021-02-26,37,13,0.00,M,M
2021-02-27,42,11,0.22,M,M
2021-02-28,43,21,T,M,M
2021-03-01,44,16,0.07,M,M
2021-03-02,23,5,T,M,M
2021-03-03,37,9,0.00,M,M
2021-03-04,32,18,T,M,M
2021-03-05,27,16,0.00,M,M
2021-03-06,28,3,0.00,M,M
2021-03-07,34,9,0.00,M,M
2021-03-08,38,5,0.00,M,M
2021-03-09,49,26,0.00,M,M
2021-03-10,53,19,0.00,M,M
2021-03-11,61,34,0.00,M,M
2021-03-12,59,36,T,M,M
2021-03-13,40,25,T,M,M
2021-03-14,37,17,T,M,M
2021-03-15,23,10,T,M,M
2021-03-16,39,6,0.00,M,M
2021-03-17,54,18,0.00,M,M
2021-03-18,42,32,0.24,M,M
2021-03-19,37,19,0.00,M,M
2021-03-20,56,15,0.00,M,M
2021-03-21,65,20,0.00,M,M
2021-03-22,67,20,0.00,M,M
2021-03-23,70,23,0.00,M,M
2021-03-24,58,27,0.01,M,M
2021-03-25,71,42,0.05,M,M
2021-03-26,68,45,0.38,M,M
2021-03-27,59,36,0.00,M,M
2021-03-28,46,39,0.77,M,M
2021-03-29,47,26,0.05,M,M
2021-03-30,63,22,0.00,M,M
2021-03-31,61,34,0.30,M,M
2021-04-01,47,26,0.13,M,M
2021-04-02,32,21,T,M,M
2021-04-03,50,16,0.00,M,M
2021-04-04,57,20,0.00,M,M
2021-04-05,58,32,0.00,M,M
2021-04-06,62,37,0.00,M,M
2021-04-07,69,36,0.00,M,M
2021-04-08,74,35,0.00,M,M
2021-04-09,76,37,0.00,M,M
2021-04-10,79,45,T,M,M
2021-04-11,69,40,0.00,M,M
2021-04-12,58,34,T,M,M
2021-04-13,68,36,0.00,M,M
2021-04-14,72,48,0.00,M,M
2021-04-15,51,34,0.58,M,M
2021-04-16,38,34,0.67,M,M
2021-04-17,49,36,T,M,M
2021-04-18,60,35,0.00,M,M
2021-04-19,64,35,T,M,M
2021-04-20,61,32,0.04,M,M
2021-04-21,47,30,0.45,M,M
2021-04-22,40,26,0.04,M,M
2021-04-23,59,35,0.00,M,M
2021-04-24,70,30,0.00,M,M
2021-04-25,61,42,T,M,M
2021-04-26,50,28,T,M,M
2021-04-27,67,25,0.00,M,M
2021-04-28,67,46,0.53,M,M
2021-04-29,56,51,0.56,M,M
2021-04-30,58,41,0.42,M,M
2021-05-01,57,41,0.04,M,M
2021-05-02,69,41,T,M,M
2021-05-03,57,46,0.00,M,M
2021-05-04,58,46,0.07,M,M
2021-05-05,56,47,0.62,M,M
2021-05-06,61,38,0.01,M,M
2021-05-07,66,31,0.00,M,M
2021-05-08,60,41,T,M,M
2021-05-09,62,34,0.00,M,M
2021-05-10,65,46,0.05,M,M
2021-05-11,58,39,T,M,M
2021-05-12,64,45,T,M,M
2021-05-13,72,34,0.00,M,M
2021-05-14,77,35,0.00,M,M
2021-05-15,78,38,0.00,M,M
2021-05-16,74,42,T,M,M
2021-05-17,80,40,0.00,M,M
2021-05-18,81,47,0.00,M,M
2021-05-19,86,46,0.00,M,M
2021-05-20,88,49,0.00,M,M
2021-05-21,92,61,T,M,M
2021-05-22,89,60,T,M,M
2021-05-23,82,46,0.02,M,M
2021-05-24,73,39,0.00,M,M
2021-05-25,83,48,0.00,M,M
2021-05-26,92,61,0.19,M,M
2021-05-27,72,47,0.00,M,M
2021-05-28,56,41,0.03,M,M
2021-05-29,57,44,0.06,M,M
2021-05-30,56,45,0.43,M,M
2021-05-31,59,42,0.25,M,M
2021-06-01,77,44,T,M,M
2021-06-02,82,42,0.00,M,M
2021-06-03,78,60,0.41,M,M
2021-06-04,82,59,0.18,M,M
2021-06-05,90,54,0.15,M,M
2021-06-06,93,63,0.00,M,M
2021-06-07,94,60,0.00,M,M
2021-06-08,91,69,0.22,M,M
2021-06-09,89,56,0.00,M,M
2021-06-10,79,50,0.00,M,M
2021-06-11,66,50,0.00,M,M
2021-06-12,80,55,0.13,M,M
2021-06-13,85,49,0.00,M,M
2021-06-14,66,59,0.25,M,M
2021-06-15,79,62,0.02,M,M
2021-06-16,74,49,0.00,M,M
2021-06-17,79,42,0.00,M,M
2021-06-18,85,44,T,M,M
2021-06-19,87,63,0.05,M,M
2021-06-20,87,56,0.00,M,M
2021-06-21,94,61,0.70,M,M
2021-06-22,72,55,0.06,M,M
2021-06-23,73,45,0.00,M,M
2021-06-24,80,44,0.00,M,M
2021-06-25,78,48,0.00,M,M
2021-06-26,81,61,0.00,M,M
2021-06-27,92,69,0.00,M,M
2021-06-28,94,71,0.30,M,M
2021-06-29,94,70,0.00,M,M
2021-06-30,92,70,0.59,M,M
2021-07-01,78,66,0.19,M,M
2021-07-02,66,58,0.97,M,M
2021-07-03,62,57,1.08,M,M
2021-07-04,74,56,0.04,M,M
2021-07-05,80,59,0.00,M,M
2021-07-06,89,68,0.07,M,M
2021-07-07,82,60,0.00,M,M
2021-07-08,66,60,0.78,M,M
2021-07-09,81,61,0.05,M,M
2021-07-10,83,57,0.01,M,M
2021-07-11,79,52,0.08,M,M
2021-07-12,76,64,0.20,M,M
2021-07-13,71,65,0.73,M,M
2021-07-14,84,66,1.40,M,M
2021-07-15,87,67,0.00,M,M
2021-07-16,88,68,0.13,M,M
2021-07-17,71,67,0.58,M,M
2021-07-18,71,64,0.59,M,M
2021-07-19,78,62,0.81,M,M
2021-07-20,85,62,0.68,M,M
2021-07-21,78,57,0.00,M,M
2021-07-22,81,55,T,M,M
2021-07-23,81,55,T,M,M
2021-07-24,83,56,0.00,M,M
2021-07-25,83,63,0.22,M,M
2021-07-26,87,66,0.36,M,M
2021-07-27,M,M,0.00,M,M
2021-07-28,M,M,0.00,M,M
2021-07-29,M,M,0.00,M,M
2021-07-30,M,M,0.00,M,M
2021-07-31,M,M,0.00,M,M
2021-08-01,M,M,0.00,M,M
2021-08-02,M,M,0.00,M,M
2021-08-03,M,M,0.00,M,M
2021-08-04,M,M,0.00,M,M
2021-08-05,M,M,0.00,M,M
2021-08-06,M,M,0.00,M,M
2021-08-07,89,57,0.00,M,M
2021-08-08,90,63,0.00,M,M
2021-08-09,86,67,0.00,M,M
2021-08-10,86,65,0.00,M,M
2021-08-11,93,75,T,M,M
2021-08-12,95,72,0.00,M,M
2021-08-13,93,67,0.00,M,M
2021-08-14,88,58,T,M,M
2021-08-15,79,52,T,M,M
2021-08-16,80,50,T,M,M
2021-08-17,79,55,0.01,M,M
2021-08-18,82,67,0.04,M,M
2021-08-19,76,70,1.02,M,M
2021-08-20,91,70,0.06,M,M
2021-08-21,88,71,0.00,M,M
2021-08-22,84,70,0.05,M,M
2021-08-23,84,70,0.44,M,M
2021-08-24,90,66,0.00,M,M
2021-08-25,92,67,0.00,M,M
2021-08-26,95,66,0.00,M,M
2021-08-27,87,62,0.00,M,M
2021-08-28,69,58,0.01,M,M
2021-08-29,70,61,0.01,M,M
2021-08-30,86,62,0.15,M,M
2021-08-31,83,57,0.00,M,M
2021-09-01,72,56,0.40,M,M
2021-09-02,74,53,0.50,M,M
2021-09-03,74,51,0.00,M,M
2021-09-04,78,50,0.00,M,M
2021-09-05,73,52,T,M,M
2021-09-06,79,53,0.02,M,M
2021-09-07,78,49,0.00,M,M
2021-09-08,84,51,0.66,M,M
2021-09-09,71,63,0.25,M,M
2021-09-10,72,49,0.02,M,M
2021-09-11,77,45,0.00,M,M
2021-09-12,79,53,0.00,M,M
2021-09-13,77,54,T,M,M
2021-09-14,77,50,0.00,M,M
2021-09-15,84,63,0.56,M,M
2021-09-16,77,58,0.01,M,M
2021-09-17,73,58,0.00,M,M
2021-09-18,83,53,0.15,M,M
2021-09-19,75,49,0.00,M,M
2021-09-20,76,48,0.00,M,M
2021-09-21,75,50,0.00,M,M
2021-09-22,79,54,0.08,M,M
2021-09-23,82,65,T,M,M
2021-09-24,74,54,0.19,M,M
2021-09-25,75,51,0.00,M,M
2021-09-26,71,52,0.00,M,M
2021-09-27,67,46,0.05,M,M
2021-09-28,67,47,T,M,M
2021-09-29,60,40,T,M,M
2021-09-30,60,40,0.04,M,M
2021-10-01,65,38,0.00,M,M
2021-10-02,66,49,T,M,M
2021-10-03,68,56,0.01,M,M
2021-10-04,59,52,0.03,M,M
2021-10-05,65,52,T,M,M
2021-10-06,74,51,0.00,M,M
2021-10-07,73,51,0.00,M,M
2021-10-08,75,53,0.00,M,M
2021-10-09,62,48,0.00,M,M
2021-10-10,66,48,0.00,M,M
2021-10-11,70,50,0.00,M,M
2021-10-12,76,51,0.00,M,M
2021-10-13,77,51,0.00,M,M
2021-10-14,74,53,0.00,M,M
2021-10-15,74,57,0.01,M,M
2021-10-16,76,57,0.15,M,M
2021-10-17,62,49,0.02,M,M
2021-10-18,58,42,0.01,M,M
2021-10-19,61,40,0.00,M,M
2021-10-20,73,37,0.00,M,M
2021-10-21,63,42,T,M,M
2021-10-22,66,47,T,M,M
2021-10-23,56,36,0.00,M,M
2021-10-24,59,29,0.00,M,M
2021-10-25,48,41,0.46,M,M
2021-10-26,54,46,0.16,M,M
2021-10-27,58,37,T,M,M
2021-10-28,57,34,0.00,M,M
2021-10-29,59,34,0.00,M,M
2021-10-30,55,47,0.51,M,M
2021-10-31,62,52,0.99,M,M
2021-11-01,57,40,0.00,M,M
2021-11-02,51,30,T,M,M
2021-11-03,51,27,T,M,M
2021-11-04,45,30,0.00,M,M
2021-11-05,49,25,0.00,M,M
2021-11-06,52,22,0.00,M,M
2021-11-07,56,25,0.00,M,M
2021-11-08,59,27,0.00,M,M
2021-11-09,65,31,0.00,M,M
2021-11-10,58,28,0.27,M,M
2021-11-11,54,25,0.00,M,M
2021-11-12,55,35,0.87,M,M
2021-11-13,54,35,0.48,M,M
2021-11-14,47,34,0.00,M,M
2021-11-15,45,32,0.04,M,M
2021-11-16,44,26,T,M,M
2021-11-17,48,21,0.00,M,M
2021-11-18,63,44,0.02,M,M
2021-11-19,45,35,0.01,M,M
2021-11-20,43,22,0.00,M,M
2021-11-21,49,36,0.02,M,M
2021-11-22,50,25,0.01,M,M
2021-11-23,33,20,0.00,M,M
2021-11-24,41,20,0.00,M,M
2021-11-25,39,22,T,M,M
2021-11-26,37,33,0.37,M,M
2021-11-27,33,23,T,M,M
2021-11-28,31,14,T,M,M
2021-11-29,35,15,0.02,M,M
2021-11-30,33,10,T,M,M
2021-12-01,42,26,T,M,M
2021-12-02,45,26,0.26,M,M
2021-12-03,43,20,0.03,M,M
2021-12-04,38,15,T,M,M
2021-12-05,39,21,0.00,M,M
2021-12-06,54,35,0.29,M,M
2021-12-07,39,31,0.00,M,M
2021-12-08,31,24,0.07,M,M
2021-12-09,32,14,0.01,M,M
2021-12-10,35,17,0.01,M,M
2021-12-11,57,28,0.45,M,M
2021-12-12,48,31,0.00,M,M
2021-12-13,52,29,0.00,M,M
2021-12-14,46,21,0.00,M,M
2021-12-15,41,22,0.06,M,M
2021-12-16,54,37,0.13,M,M
2021-12-17,63,31,0.00,M,M
2021-12-18,36,28,0.62,M,M
2021-12-19,31,20,0.09,M,M
2021-12-20,28,2,0.00,M,M
2021-12-21,41,12,0.00,M,M
2021-12-22,39,13,0.08,M,M
2021-12-23,29,3,0.00,M,M
2021-12-24,23,4,0.00,M,M
2021-12-25,30,21,0.45,M,M
2021-12-26,32,29,0.06,M,M
2021-12-27,31,24,T,M,M
2021-12-28,38,25,0.02,M,M
2021-12-29,37,28,T,M,M
2021-12-30,38,34,T,M,M
2021-12-31,38,34,0.03,M,M
2022-01-01,37,34,0.08,M,M
2022-01-02,37,22,0.24,M,M
2022-01-03,22,10,0.00,M,M
2022-01-04,29,4,0.00,M,M
2022-01-05,40,20,T,M,M
2022-01-06,37,28,T,M,M
2022-01-07,29,16,0.17,M,M
2022-01-08,25,0,0.00,M,M
2022-01-09,41,12,T,M,M
2022-01-10,35,12,T,M,M
2022-01-11,12,-4,0.00,M,M
2022-01-12,25,0,0.00,M,M
2022-01-13,37,22,0.00,M,M
2022-01-14,34,2,0.00,M,M
2022-01-15,7,-7,0.00,M,M
2022-01-16,18,-10,0.00,M,M
2022-01-17,37,16,0.60,M,M
2022-01-18,30,-7,T,M,M
2022-01-19,36,-11,0.00,M,M
2022-01-20,35,3,0.00,M,M
2022-01-21,14,-16,0.00,M,M
2022-01-22,20,-21,0.00,M,M
2022-01-23,30,1,T,M,M
2022-01-24,25,-2,T,M,M
2022-01-25,34,11,T,M,M
2022-01-26,16,-13,T,M,M
2022-01-27,23,-18,0.00,M,M
2022-01-28,32,13,T,M,M
2022-01-29,16,7,T,M,M
2022-01-30,20,-5,0.00,M,M
2022-01-31,29,-11,0.00,M,M
2022-02-01,32,-6,0.00,M,M
2022-02-02,44,29,0.00,M,M
2022-02-03,44,28,0.65,M,M
2022-02-04,28,16,0.87,M,M
2022-02-05,20,-7,T,M,M
2022-02-06,24,-14,0.00,M,M
2022-02-07,34,0,0.09,M,M
2022-02-08,40,31,T,M,M
2022-02-09,40,15,0.00,M,M
2022-02-10,42,22,0.01,M,M
2022-02-11,48,26,0.00,M,M
2022-02-12,50,29,0.00,M,M
2022-02-13,29,15,0.00,M,M
2022-02-14,16,2,T,M,M
2022-02-15,25,-4,0.00,M,M
2022-02-16,40,2,0.00,M,M
2022-02-17,55,38,0.23,M,M
2022-02-18,56,16,0.25,M,M
2022-02-19,31,11,0.01,M,M
2022-02-20,30,4,0.00,M,M
2022-02-21,46,25,0.00,M,M
2022-02-22,50,24,0.75,M,M
2022-02-23,58,19,0.02,M,M
2022-02-24,30,13,0.00,M,M
2022-02-25,21,8,0.38,M,M
2022-02-26,29,-15,0.00,M,M
2022-02-27,35,9,T,M,M
2022-02-28,22,1,T,M,M
2022-03-01,33,2,0.07,M,M
2022-03-02,36,21,T,M,M
2022-03-03,29,12,0.02,M,M
2022-03-04,29,-7,T,M,M
2022-03-05,40,2,0.00,M,M
2022-03-06,64,34,0.15,M,M
2022-03-07,54,36,0.38,M,M
2022-03-08,41,23,T,M,M
2022-03-09,36,22,0.09,M,M
2022-03-10,48,15,0.00,M,M
2022-03-11,49,22,0.00,M,M
2022-03-12,41,19,0.49,M,M
2022-03-13,30,18,T,M,M
2022-03-14,46,23,T,M,M
2022-03-15,49,30,0.24,M,M
2022-03-16,59,32,0.00,M,M
2022-03-17,57,32,T,M,M
2022-03-18,69,40,0.00,M,M
2022-03-19,51,41,0.39,M,M
2022-03-20,54,41,0.02,M,M
2022-03-21,53,30,0.00,M,M
2022-03-22,44,24,0.00,M,M
2022-03-23,50,21,T,M,M
2022-03-24,43,34,0.41,M,M
2022-03-25,57,36,0.34,M,M
2022-03-26,51,34,0.00,M,M
2022-03-27,44,24,0.02,M,M
2022-03-28,25,15,T,M,M
2022-03-29,35,16,T,M,M
2022-03-30,46,22,T,M,M
2022-03-31,57,34,0.68,M,M
2022-04-01,54,34,0.26,M,M
2022-04-02,49,29,0.00,M,M
2022-04-03,49,26,0.00,M,M
2022-04-04,54,33,0.00,M,M
2022-04-05,61,27,0.00,M,M
2022-04-06,58,32,0.00,M,M
2022-04-07,50,41,0.43,M,M
2022-04-08,57,34,0.75,M,M
2022-04-09,51,32,0.04,M,M
2022-04-10,48,30,T,M,M
2022-04-11,63,30,0.00,M,M
2022-04-12,68,36,0.06,M,M
2022-04-13,57,34,0.03,M,M
2022-04-14,56,45,0.03,M,M
2022-04-15,64,34,0.00,M,M
2022-04-16,59,36,0.45,M,M
2022-04-17,49,29,T,M,M
2022-04-18,61,23,0.08,M,M
2022-04-19,49,35,0.80,M,M
2022-04-20,52,30,T,M,M
2022-04-21,61,26,T,M,M
2022-04-22,59,33,0.08,M,M
2022-04-23,61,27,0.00,M,M
2022-04-24,58,40,T,M,M
2022-04-25,69,35,0.00,M,M
2022-04-26,56,50,0.14,M,M
2022-04-27,51,39,0.17,M,M
2022-04-28,50,36,T,M,M
2022-04-29,53,31,0.00,M,M
2022-04-30,61,27,0.00,M,M
2022-05-01,71,29,0.00,M,M
2022-05-02,56,37,0.14,M,M
2022-05-03,56,47,0.04,M,M
2022-05-04,53,49,0.72,M,M
2022-05-05,66,41,0.00,M,M
2022-05-06,68,37,0.00,M,M
2022-05-07,59,36,0.00,M,M
2022-05-08,65,36,0.00,M,M
2022-05-09,73,30,0.00,M,M
2022-05-10,75,33,0.00,M,M
2022-05-11,82,35,0.00,M,M
2022-05-12,89,39,0.00,M,M
2022-05-13,89,53,0.00,M,M
2022-05-14,91,58,T,M,M
2022-05-15,79,64,0.02,M,M
2022-05-16,85,59,0.91,M,M
2022-05-17,70,49,0.03,M,M
2022-05-18,69,42,T,M,M
2022-05-19,55,42,0.35,M,M
2022-05-20,79,51,0.00,M,M
2022-05-21,90,60,0.00,M,M
2022-05-22,94,63,T,M,M
2022-05-23,70,47,0.00,M,M
2022-05-24,73,42,0.00,M,M
2022-05-25,79,44,0.00,M,M
2022-05-26,75,57,0.00,M,M
2022-05-27,84,59,0.08,M,M
2022-05-28,82,52,0.02,M,M
2022-05-29,81,46,0.00,M,M
2022-05-30,88,49,0.00,M,M
2022-05-31,88,62,0.00,M,M
2022-06-01,62,54,0.21,M,M
2022-06-02,75,55,0.04,M,M
2022-06-03,72,58,0.88,M,M
2022-06-04,80,50,0.00,M,M
2022-06-05,75,44,0.00,M,M
2022-06-06,82,43,0.00,M,M
2022-06-07,81,53,0.08,M,M
2022-06-08,78,56,0.12,M,M
2022-06-09,69,55,0.59,M,M
2022-06-10,72,51,0.00,M,M
2022-06-11,77,45,0.00,M,M
2022-06-12,81,48,0.09,M,M
2022-06-13,83,54,0.03,M,M
2022-06-14,81,49,0.00,M,M
2022-06-15,84,51,0.00,M,M
2022-06-16,76,58,0.00,M,M
2022-06-17,83,66,T,M,M
2022-06-18,70,53,T,M,M
2022-06-19,69,46,0.00,M,M
2022-06-20,79,39,0.00,M,M
2022-06-21,76,45,T,M,M
2022-06-22,66,58,0.03,M,M
2022-06-23,78,57,0.20,M,M
2022-06-24,86,55,0.00,M,M
2022-06-25,93,51,T,M,M
2022-06-26,93,58,0.00,M,M
2022-06-27,84,55,0.18,M,M
2022-06-28,81,51,T,M,M
2022-06-29,83,49,0.00,M,M
2022-06-30,81,50,0.00,M,M
2022-07-01,93,56,0.00,M,M
2022-07-02,88,57,0.04,M,M
2022-07-03,84,53,0.00,M,M
2022-07-04,83,49,0.00,M,M
2022-07-05,70,56,0.49,M,M
2022-07-06,79,55,T,M,M
2022-07-07,82,54,0.00,M,M
2022-07-08,86,56,0.00,M,M
2022-07-09,80,49,0.00,M,M
2022-07-10,83,44,0.00,M,M
2022-07-11,88,48,0.00,M,M
2022-07-12,88,65,0.42,M,M
2022-07-13,85,61,0.00,M,M
2022-07-14,83,56,T,M,M
2022-07-15,85,50,0.00,M,M
2022-07-16,86,54,0.00,M,M
2022-07-17,91,60,0.00,M,M
2022-07-18,76,61,0.45,M,M
2022-07-19,92,66,T,M,M
2022-07-20,96,63,0.00,M,M
2022-07-21,90,66,0.20,M,M
2022-07-22,90,62,0.00,M,M
2022-07-23,96,59,0.00,M,M
2022-07-24,94,63,T,M,M
2022-07-25,86,59,0.46,M,M
2022-07-26,80,52,0.00,M,M
2022-07-27,83,54,0.00,M,M
2022-07-28,89,58,0.36,M,M
2022-07-29,87,60,0.00,M,M
2022-07-30,82,57,0.00,M,M
2022-07-31,86,55,0.00,M,M
2022-08-01,88,61,0.00,M,M
2022-08-02,89,62,0.14,M,M
2022-08-03,88,56,0.00,M,M
2022-08-04,98,59,0.36,M,M
2022-08-05,91,69,0.00,M,M
2022-08-06,94,66,0.00,M,M
2022-08-07,93,72,T,M,M
2022-08-08,96,73,0.15,M,M
2022-08-09,91,66,T,M,M
2022-08-10,78,62,0.00,M,M
2022-08-11,85,61,0.11,M,M
2022-08-12,75,50,0.00,M,M
2022-08-13,77,48,0.00,M,M
2022-08-14,84,49,0.00,M,M
2022-08-15,87,49,0.00,M,M
2022-08-16,85,50,T,M,M
2022-08-17,82,62,0.07,M,M
2022-08-18,79,60,0.07,M,M
2022-08-19,90,53,0.00,M,M
2022-08-20,93,55,0.00,M,M
2022-08-21,92,62,0.00,M,M
2022-08-22,83,64,0.04,M,M
2022-08-23,80,67,0.06,M,M
2022-08-24,87,65,0.02,M,M
2022-08-25,88,59,0.00,M,M
2022-08-26,82,60,0.77,M,M
2022-08-27,80,55,0.00,M,M
2022-08-28,82,55,0.00,M,M
2022-08-29,90,62,0.00,M,M
2022-08-30,94,70,0.05,M,M
2022-08-31,79,59,0.21,M,M
2022-09-01,71,46,0.06,M,M
2022-09-02,78,43,0.00,M,M
2022-09-03,83,47,0.00,M,M
2022-09-04,89,54,0.00,M,M
2022-09-05,66,61,0.52,M,M
2022-09-06,65,60,0.81,M,M
2022-09-07,74,56,0.00,M,M
2022-09-08,81,55,0.00,M,M
2022-09-09,82,56,0.00,M,M
2022-09-10,84,56,0.00,M,M
2022-09-11,81,60,0.00,M,M
2022-09-12,83,62,0.00,M,M
2022-09-13,74,64,0.25,M,M
2022-09-14,79,56,T,M,M
2022-09-15,67,41,0.00,M,M
2022-09-16,71,40,0.00,M,M
2022-09-17,71,41,0.00,M,M
2022-09-18,76,49,0.12,M,M
2022-09-19,65,56,1.64,M,M
2022-09-20,71,56,0.30,M,M
2022-09-21,70,50,0.00,M,M
2022-09-22,67,52,0.21,M,M
2022-09-23,54,40,0.02,M,M
2022-09-24,67,40,0.00,M,M
2022-09-25,63,40,0.04,M,M
2022-09-26,72,45,0.25,M,M
2022-09-27,67,43,0.00,M,M
2022-09-28,69,45,0.02,M,M
2022-09-29,61,37,0.00,M,M
2022-09-30,63,35,0.00,M,M
2022-10-01,69,41,T,M,M
2022-10-02,63,36,0.00,M,M
2022-10-03,60,31,0.00,M,M
2022-10-04,66,42,T,M,M
2022-10-05,81,45,T,M,M
2022-10-06,78,42,0.00,M,M
2022-10-07,75,48,0.02,M,M
2022-10-08,58,33,0.00,M,M
2022-10-09,60,31,T,M,M
2022-10-10,55,38,0.01,M,M
2022-10-11,64,37,0.00,M,M
2022-10-12,73,35,0.00,M,M
2022-10-13,69,47,1.03,M,M
2022-10-14,62,47,1.26,M,M
2022-10-15,68,42,0.00,M,M
2022-10-16,63,38,0.00,M,M
2022-10-17,54,39,0.32,M,M
2022-10-18,60,33,0.01,M,M
2022-10-19,55,33,0.00,M,M
2022-10-20,56,30,0.00,M,M
2022-10-21,60,27,0.00,M,M
2022-10-22,71,27,0.00,M,M
2022-10-23,62,34,0.00,M,M
2022-10-24,60,51,0.02,M,M
2022-10-25,69,56,T,M,M
2022-10-26,71,59,0.24,M,M
2022-10-27,65,33,0.00,M,M
2022-10-28,54,28,0.00,M,M
2022-10-29,63,30,0.00,M,M
2022-10-30,67,26,0.00,M,M
2022-10-31,64,28,0.00,M,M
2022-11-01,69,45,0.00,M,M
2022-11-02,67,32,0.00,M,M
2022-11-03,68,28,0.00,M,M
2022-11-04,71,33,0.00,M,M
2022-11-05,78,45,0.00,M,M
2022-11-06,75,67,0.00,M,M
2022-11-07,71,48,0.23,M,M
2022-11-08,50,26,0.00,M,M
2022-11-09,53,22,0.00,M,M
2022-11-10,68,28,0.00,M,M
2022-11-11,68,37,0.43,M,M
2022-11-12,71,50,0.25,M,M
2022-11-13,50,36,0.06,M,M
2022-11-14,41,22,0.00,M,M
2022-11-15,37,19,T,M,M
2022-11-16,38,30,0.65,M,M
2022-11-17,40,26,0.01,M,M
2022-11-18,39,22,0.00,M,M
2022-11-19,40,24,0.00,M,M
2022-11-20,35,22,T,M,M
2022-11-21,41,12,0.00,M,M
2022-11-22,45,22,0.00,M,M
2022-11-23,44,23,0.00,M,M
2022-11-24,45,19,0.00,M,M
2022-11-25,48,29,0.01,M,M
2022-11-26,51,29,0.00,M,M
2022-11-27,47,24,0.67,M,M
2022-11-28,45,35,0.12,M,M
2022-11-29,40,23,0.00,M,M
2022-11-30,53,24,0.67,M,M
2022-12-01,39,26,T,M,M
2022-12-02,41,21,0.00,M,M
2022-12-03,54,38,0.16,M,M
2022-12-04,39,21,0.00,M,M
2022-12-05,45,19,0.00,M,M
2022-12-06,50,33,0.16,M,M
2022-12-07,52,49,0.28,M,M
2022-12-08,50,27,0.00,M,M
2022-12-09,42,19,0.00,M,M
2022-12-10,34,19,0.00,M,M
2022-12-11,30,23,0.08,M,M
2022-12-12,33,15,0.01,M,M
2022-12-13,39,6,T,M,M
2022-12-14,33,18,T,M,M
2022-12-15,42,18,0.00,M,M
2022-12-16,37,32,1.31,M,M
2022-12-17,39,26,0.41,M,M
2022-12-18,36,18,0.00,M,M
2022-12-19,35,14,0.00,M,M
2022-12-20,33,18,0.00,M,M
2022-12-21,34,8,0.00,M,M
2022-12-22,36,11,0.17,M,M
2022-12-23,53,13,1.02,M,M
2022-12-24,15,10,T,M,M
2022-12-25,25,12,0.00,M,M
2022-12-26,30,13,0.00,M,M
2022-12-27,31,19,0.00,M,M
2022-12-28,33,18,0.00,M,M
2022-12-29,46,21,0.00,M,M
2022-12-30,49,31,0.00,M,M
2022-12-31,44,32,0.09,M,M
2023-01-01,50,31,0.00,M,M
2023-01-02,47,28,0.00,M,M
2023-01-03,35,25,0.13,M,M
2023-01-04,43,34,0.22,M,M
2023-01-05,44,35,0.09,M,M
2023-01-06,36,33,0.25,M,M
2023-01-07,38,26,T,M,M
2023-01-08,33,15,0.00,M,M
2023-01-09,35,15,0.00,M,M
2023-01-10,35,15,0.00,M,M
2023-01-11,29,8,0.00,M,M
2023-01-12,37,26,0.46,M,M
2023-01-13,41,30,0.60,M,M
2023-01-14,30,26,T,M,M
2023-01-15,35,25,0.00,M,M
2023-01-16,30,25,0.02,M,M
2023-01-17,42,24,0.04,M,M
2023-01-18,45,32,T,M,M
2023-01-19,38,28,0.24,M,M
2023-01-20,34,29,0.21,M,M
2023-01-21,32,26,T,M,M
2023-01-22,31,26,0.14,M,M
2023-01-23,33,29,0.35,M,M
2023-01-24,37,22,T,M,M
2023-01-25,32,19,0.17,M,M
2023-01-26,40,27,0.29,M,M
2023-01-27,37,9,0.00,M,M
2023-01-28,43,19,0.00,M,M
2023-01-29,44,16,0.00,M,M
2023-01-30,41,30,T,M,M
2023-01-31,30,14,T,M,M
2023-02-01,27,5,0.00,M,M
2023-02-02,33,14,0.00,M,M
2023-02-03,33,-13,0.01,M,M
2023-02-04,11,-14,T,M,M
2023-02-05,41,11,0.00,M,M
2023-02-06,41,19,0.00,M,M
2023-02-07,38,7,0.02,M,M
2023-02-08,45,24,0.00,M,M
2023-02-09,38,17,0.39,M,M
2023-02-10,48,34,0.01,M,M
2023-02-11,40,27,T,M,M
2023-02-12,50,19,0.00,M,M
2023-02-13,46,20,0.00,M,M
2023-02-14,48,25,T,M,M
2023-02-15,57,23,T,M,M
2023-02-16,56,39,0.01,M,M
2023-02-17,49,21,0.15,M,M
2023-02-18,35,17,0.00,M,M
2023-02-19,45,21,0.00,M,M
2023-02-20,52,27,T,M,M
2023-02-21,39,24,0.01,M,M
2023-02-22,38,25,0.14,M,M
2023-02-23,27,23,0.45,M,M
2023-02-24,31,-2,0.01,M,M
2023-02-25,15,-10,0.03,M,M
2023-02-26,24,-4,0.10,M,M
2023-02-27,31,1,T,M,M
2023-02-28,33,25,0.24,M,M
2023-03-01,39,12,0.01,M,M
2023-03-02,39,33,0.25,M,M
2023-03-03,41,27,T,M,M
2023-03-04,36,28,0.85,M,M
2023-03-05,41,27,0.00,M,M
2023-03-06,42,22,0.00,M,M
2023-03-07,33,25,T,M,M
2023-03-08,41,26,0.00,M,M
2023-03-09,41,32,0.00,M,M
2023-03-10,46,17,0.00,M,M
2023-03-11,43,27,0.00,M,M
2023-03-12,49,18,0.00,M,M
2023-03-13,42,31,0.13,M,M
2023-03-14,36,32,0.80,M,M
2023-03-15,38,29,0.04,M,M
2023-03-16,43,16,0.00,M,M
2023-03-17,46,33,0.08,M,M
2023-03-18,45,29,0.01,M,M
2023-03-19,33,18,T,M,M
2023-03-20,47,16,0.00,M,M
2023-03-21,53,20,0.00,M,M
2023-03-22,58,26,0.00,M,M
2023-03-23,46,36,0.09,M,M
2023-03-24,47,26,0.01,M,M
2023-03-25,39,23,0.18,M,M
2023-03-26,47,31,0.05,M,M
2023-03-27,52,25,0.01,M,M
2023-03-28,47,25,0.01,M,M
2023-03-29,54,22,0.06,M,M
2023-03-30,38,24,0.02,M,M
2023-03-31,46,18,0.24,M,M
2023-04-01,60,34,0.27,M,M
2023-04-02,46,22,T,M,M
2023-04-03,58,19,0.03,M,M
2023-04-04,51,41,0.04,M,M
2023-04-05,45,35,0.22,M,M
2023-04-06,63,37,0.13,M,M
2023-04-07,50,28,0.00,M,M
2023-04-08,48,21,0.00,M,M
2023-04-09,56,19,0.00,M,M
2023-04-10,68,22,0.00,M,M
2023-04-11,70,34,0.00,M,M
2023-04-12,69,41,0.00,M,M
2023-04-13,88,38,0.00,M,M
2023-04-14,88,47,0.00,M,M
2023-04-15,81,48,0.00,M,M
2023-04-16,73,56,0.00,M,M
2023-04-17,61,45,0.44,M,M
2023-04-18,52,40,0.03,M,M
2023-04-19,49,36,0.00,M,M
2023-04-20,62,38,0.00,M,M
2023-04-21,71,40,T,M,M
2023-04-22,61,45,T,M,M
2023-04-23,48,44,1.61,M,M
2023-04-24,55,44,0.14,M,M
2023-04-25,56,39,0.09,M,M
2023-04-26,58,37,0.07,M,M
2023-04-27,59,35,0.14,M,M
2023-04-28,66,33,0.00,M,M
2023-04-29,55,41,0.09,M,M
2023-04-30,52,45,0.42,M,M
2023-05-01,59,41,0.43,M,M
2023-05-02,56,38,0.25,M,M
2023-05-03,51,43,0.31,M,M
2023-05-04,53,43,T,M,M
2023-05-05,65,39,T,M,M
2023-05-06,73,34,0.00,M,M
2023-05-07,77,35,T,M,M
2023-05-08,69,38,0.00,M,M
2023-05-09,65,32,0.00,M,M
2023-05-10,74,30,0.00,M,M
2023-05-11,80,38,0.00,M,M
2023-05-12,82,45,T,M,M
2023-05-13,74,47,0.00,M,M
2023-05-14,63,36,0.00,M,M
2023-05-15,72,32,0.00,M,M
2023-05-16,74,47,0.00,M,M
2023-05-17,51,28,0.00,M,M
2023-05-18,66,22,0.00,M,M
2023-05-19,73,34,0.00,M,M
2023-05-20,67,48,1.20,M,M
2023-05-21,72,49,0.01,M,M
2023-05-22,75,43,0.00,M,M
2023-05-23,77,42,0.00,M,M
2023-05-24,70,45,0.07,M,M
2023-05-25,63,35,0.00,M,M
2023-05-26,73,32,0.00,M,M
2023-05-27,83,37,0.00,M,M
2023-05-28,92,46,0.00,M,M
2023-05-29,83,48,0.00,M,M
2023-05-30,83,43,0.00,M,M
2023-05-31,89,48,0.00,M,M
2023-06-01,96,50,0.00,M,M
2023-06-02,90,58,0.11,M,M
2023-06-03,62,50,0.03,M,M
2023-06-04,58,48,0.03,M,M
2023-06-05,69,47,0.03,M,M
2023-06-06,74,45,0.01,M,M
2023-06-07,61,51,T,M,M
2023-06-08,62,50,0.25,M,M
2023-06-09,64,50,0.49,M,M
2023-06-10,71,47,0.06,M,M
2023-06-11,81,48,0.00,M,M
2023-06-12,83,58,0.12,M,M
2023-06-13,74,63,0.49,M,M
2023-06-14,79,59,0.11,M,M
2023-06-15,79,58,0.05,M,M
2023-06-16,79,57,0.01,M,M
2023-06-17,64,60,1.68,M,M
2023-06-18,71,55,T,M,M
2023-06-19,76,53,0.00,M,M
2023-06-20,82,58,0.00,M,M
2023-06-21,78,54,0.00,M,M
2023-06-22,81,51,0.00,M,M
2023-06-23,87,51,0.00,M,M
2023-06-24,79,67,0.28,M,M
2023-06-25,89,67,0.05,M,M
2023-06-26,80,66,1.47,M,M
2023-06-27,79,66,0.43,M,M
2023-06-28,78,65,0.14,M,M
2023-06-29,77,62,T,M,M
2023-06-30,85,63,0.00,M,M
2023-07-01,83,61,0.00,M,M
2023-07-02,73,65,0.65,M,M
2023-07-03,78,64,0.24,M,M
2023-07-04,85,64,0.13,M,M
2023-07-05,91,64,0.00,M,M
2023-07-06,94,68,0.00,M,M
2023-07-07,93,68,0.12,M,M
2023-07-08,90,69,T,M,M
2023-07-09,84,68,0.18,M,M
2023-07-10,73,67,3.12,M,M
2023-07-11,87,65,0.04,M,M
2023-07-12,88,61,0.00,M,M
2023-07-13,88,65,0.56,M,M
2023-07-14,84,64,0.01,M,M
2023-07-15,89,69,0.04,M,M
2023-07-16,81,72,0.54,M,M
2023-07-17,88,67,0.00,M,M
2023-07-18,85,66,0.17,M,M
2023-07-19,86,62,0.00,M,M
2023-07-20,85,57,0.00,M,M
2023-07-21,73,60,1.89,M,M
2023-07-22,81,60,0.00,M,M
2023-07-23,86,60,0.00,M,M
2023-07-24,87,59,0.41,M,M
2023-07-25,84,61,0.00,M,M
2023-07-26,88,63,0.00,M,M
2023-07-27,85,64,0.04,M,M
2023-07-28,90,66,0.00,M,M
2023-07-29,84,58,0.49,M,M
2023-07-30,77,55,T,M,M
2023-07-31,79,55,0.27,M,M
2023-08-01,74,49,0.00,M,M
2023-08-02,78,47,T,M,M
2023-08-03,80,49,T,M,M
2023-08-04,71,60,1.68,M,M
2023-08-05,81,56,T,M,M
2023-08-06,83,53,0.00,M,M
2023-08-07,70,59,0.51,M,M
2023-08-08,82,69,0.14,M,M
2023-08-09,82,62,0.00,M,M
2023-08-10,84,58,0.75,M,M
2023-08-11,79,57,0.00,M,M
2023-08-12,81,54,0.10,M,M
2023-08-13,82,59,0.04,M,M
2023-08-14,83,57,T,M,M
2023-08-15,73,63,0.15,M,M
2023-08-16,75,65,T,M,M
2023-08-17,75,67,0.01,M,M
2023-08-18,80,60,0.62,M,M
2023-08-19,72,59,T,M,M
2023-08-20,83,54,0.00,M,M
2023-08-21,84,61,0.00,M,M
2023-08-22,80,50,0.00,M,M
2023-08-23,79,50,0.00,M,M
2023-08-24,79,50,0.28,M,M
2023-08-25,73,59,0.60,M,M
2023-08-26,82,63,T,M,M
2023-08-27,78,58,0.03,M,M
2023-08-28,81,57,0.12,M,M
2023-08-29,82,66,0.00,M,M
2023-08-30,82,63,0.38,M,M
2023-08-31,73,49,0.00,M,M
2023-09-01,78,47,0.00,M,M
2023-09-02,81,51,0.00,M,M
2023-09-03,87,57,0.00,M,M
2023-09-04,89,62,0.00,M,M
2023-09-05,90,66,0.00,M,M
2023-09-06,93,67,0.00,M,M
2023-09-07,92,67,0.22,M,M
2023-09-08,88,67,0.49,M,M
2023-09-09,83,65,0.00,M,M
2023-09-10,74,65,0.52,M,M
2023-09-11,74,67,0.10,M,M
2023-09-12,82,65,0.05,M,M
2023-09-13,71,61,0.09,M,M
2023-09-14,74,52,T,M,M
2023-09-15,68,54,0.00,M,M
2023-09-16,71,50,0.00,M,M
2023-09-17,77,45,T,M,M
2023-09-18,64,59,0.83,M,M
2023-09-19,72,57,0.01,M,M
2023-09-20,73,46,0.00,M,M
2023-09-21,73,45,0.00,M,M
2023-09-22,74,48,0.00,M,M
2023-09-23,65,47,0.01,M,M
2023-09-24,64,54,0.02,M,M
2023-09-25,71,48,0.00,M,M
2023-09-26,70,42,0.00,M,M
2023-09-27,72,43,0.00,M,M
2023-09-28,72,44,0.00,M,M
2023-09-29,56,46,0.24,M,M
2023-09-30,73,51,0.07,M,M
2023-10-01,79,52,0.00,M,M
2023-10-02,76,49,0.00,M,M
2023-10-03,85,48,0.00,M,M
2023-10-04,85,57,0.00,M,M
2023-10-05,83,53,0.00,M,M
2023-10-06,72,54,0.00,M,M
2023-10-07,72,51,0.99,M,M
2023-10-08,59,46,0.13,M,M
2023-10-09,61,47,0.00,M,M
2023-10-10,59,42,T,M,M
2023-10-11,60,43,0.01,M,M
2023-10-12,60,39,0.01,M,M
2023-10-13,59,35,0.00,M,M
2023-10-14,62,37,0.00,M,M
2023-10-15,56,37,0.00,M,M
2023-10-16,59,43,0.04,M,M
2023-10-17,57,44,0.00,M,M
2023-10-18,60,48,T,M,M
2023-10-19,65,44,0.00,M,M
2023-10-20,59,46,0.46,M,M
2023-10-21,59,53,0.95,M,M
2023-10-22,53,43,0.09,M,M
2023-10-23,54,37,T,M,M
2023-10-24,56,37,0.01,M,M
2023-10-25,64,39,T,M,M
2023-10-26,72,51,0.01,M,M
2023-10-27,76,52,T,M,M
2023-10-28,78,47,0.01,M,M
2023-10-29,48,40,0.13,M,M
2023-10-30,49,35,0.42,M,M
2023-10-31,48,29,0.00,M,M
2023-11-01,39,30,0.04,M,M
2023-11-02,47,26,0.00,M,M
2023-11-03,55,31,0.00,M,M
2023-11-04,57,43,0.00,M,M
2023-11-05,60,30,0.00,M,M
2023-11-06,49,27,T,M,M
2023-11-07,62,40,0.06,M,M
2023-11-08,41,30,0.00,M,M
2023-11-09,36,31,0.22,M,M
2023-11-10,48,33,T,M,M
2023-11-11,43,30,T,M,M
2023-11-12,39,21,0.00,M,M
2023-11-13,39,18,T,M,M
2023-11-14,43,32,T,M,M
2023-11-15,48,29,0.00,M,M
2023-11-16,60,25,0.00,M,M
2023-11-17,64,26,0.02,M,M
2023-11-18,56,25,0.14,M,M
2023-11-19,48,22,T,M,M
2023-11-20,36,19,0.00,M,M
2023-11-21,37,15,0.16,M,M
2023-11-22,40,33,0.45,M,M
2023-11-23,48,35,0.00,M,M
2023-11-24,44,20,0.00,M,M
2023-11-25,37,16,0.00,M,M
2023-11-26,43,21,0.11,M,M
2023-11-27,47,31,0.70,M,M
2023-11-28,36,22,M,M,M
2023-11-29,32,20,0.00,M,M
2023-11-30,44,22,0.00,M,M
2023-12-01,50,25,0.11,M,M
2023-12-02,44,37,0.00,M,M
2023-12-03,42,34,0.35,M,M
2023-12-04,41,34,0.32,M,M
2023-12-05,35,26,0.00,M,M
2023-12-06,32,19,0.00,M,M
2023-12-07,27,13,0.00,M,M
2023-12-08,38,24,0.00,M,M
2023-12-09,47,32,0.00,M,M
2023-12-10,50,36,0.97,M,M
2023-12-11,43,34,0.57,M,M
2023-12-12,41,23,0.00,M,M
2023-12-13,40,26,T,M,M
2023-12-14,34,18,0.00,M,M
2023-12-15,52,20,0.00,M,M
2023-12-16,50,23,0.00,M,M
2023-12-17,42,25,0.37,M,M
2023-12-18,65,39,1.06,M,M
2023-12-19,46,29,0.01,M,M
2023-12-20,42,24,0.00,M,M
2023-12-21,34,19,0.00,M,M
2023-12-22,32,16,0.00,M,M
2023-12-23,36,14,T,M,M
2023-12-24,39,32,0.01,M,M
2023-12-25,41,34,0.00,M,M
2023-12-26,43,36,0.02,M,M
2023-12-27,45,39,0.14,M,M
2023-12-28,45,39,0.08,M,M
2023-12-29,47,42,0.05,M,M
2023-12-30,44,33,0.17,M,M
2023-12-31,33,29,0.00,M,M
2024-01-01,32,21,0.00,M,M
2024-01-02,39,17,0.00,M,M
2024-01-03,38,22,0.00,M,M
2024-01-04,41,17,T,M,M
2024-01-05,32,11,0.00,M,M
2024-01-06,33,26,0.01,M,M
2024-01-07,27,20,0.50,M,M
2024-01-08,35,10,0.00,M,M
2024-01-09,37,7,0.75,M,M
2024-01-10,47,35,1.23,M,M
2024-01-11,39,30,0.00,M,M
2024-01-12,42,25,T,M,M
2024-01-13,43,35,0.40,M,M
2024-01-14,35,23,0.03,M,M
2024-01-15,26,8,0.00,M,M
2024-01-16,22,15,0.37,M,M
2024-01-17,23,3,0.00,M,M
2024-01-18,26,1,0.00,M,M
2024-01-19,22,5,0.00,M,M
2024-01-20,M,M,T,M,M
2024-01-22,34,-6,0.00,M,M
2024-01-23,35,28,0.01,M,M
2024-01-24,33,28,0.38,M,M
2024-01-25,41,32,0.06,M,M
2024-01-26,37,32,0.56,M,M
2024-01-27,40,32,0.02,M,M
2024-01-28,37,32,0.13,M,M
2024-01-29,33,28,0.03,M,M
2024-01-30,30,25,0.00,M,M
2024-01-31,32,21,0.00,M,M
2024-02-01,35,22,T,M,M
2024-02-02,38,29,T,M,M
2024-02-03,32,21,0.00,M,M
2024-02-04,36,11,0.00,M,M
2024-02-05,36,10,0.00,M,M
2024-02-06,38,13,0.00,M,M
2024-02-07,39,14,0.00,M,M
2024-02-08,49,20,0.00,M,M
2024-02-09,46,22,0.00,M,M
2024-02-10,55,28,0.00,M,M
2024-02-11,47,31,0.00,M,M
2024-02-12,38,32,0.00,M,M
2024-02-13,36,23,0.00,M,M
2024-02-14,28,18,0.01,M,M
2024-02-15,34,16,0.01,M,M
2024-02-16,32,17,0.03,M,M
2024-02-17,31,13,T,M,M
2024-02-18,31,8,T,M,M
2024-02-19,30,10,T,M,M
2024-02-20,37,5,0.00,M,M
2024-02-21,40,9,0.00,M,M
2024-02-22,36,19,T,M,M
2024-02-23,47,30,0.06,M,M
2024-02-24,35,9,0.00,M,M
2024-02-25,36,5,0.00,M,M
2024-02-26,53,24,0.00,M,M
2024-02-27,61,22,0.02,M,M
2024-02-28,55,35,0.09,M,M
2024-02-29,35,17,T,M,M
2024-03-01,42,12,0.00,M,M
2024-03-02,48,24,0.20,M,M
2024-03-03,61,38,0.03,M,M
2024-03-04,54,38,0.00,M,M
2024-03-05,42,38,0.70,M,M
2024-03-06,51,36,0.53,M,M
2024-03-07,47,29,0.79,M,M
2024-03-08,54,24,0.00,M,M
2024-03-09,43,24,0.34,M,M
2024-03-10,44,31,0.61,M,M
2024-03-11,38,27,0.02,M,M
2024-03-12,51,25,0.00,M,M
2024-03-13,59,22,0.00,M,M
2024-03-14,64,27,T,M,M
2024-03-15,47,35,0.36,M,M
2024-03-16,52,34,T,M,M
2024-03-17,51,32,0.04,M,M
2024-03-18,46,27,0.00,M,M
2024-03-19,41,29,0.00,M,M
2024-03-20,48,27,0.09,M,M
2024-03-21,33,20,0.02,M,M
2024-03-22,36,17,T,M,M
2024-03-23,31,24,2.02,M,M
2024-03-24,39,9,T,M,M
2024-03-25,45,7,0.00,M,M
2024-03-26,47,16,T,M,M
2024-03-27,42,34,0.16,M,M
2024-03-28,44,35,0.32,M,M
2024-03-29,47,34,0.00,M,M
2024-03-30,52,31,0.00,M,M
2024-03-31,52,28,0.00,M,M
2024-04-01,58,26,0.00,M,M
2024-04-02,55,31,0.00,M,M
2024-04-03,44,34,0.36,M,M
2024-04-04,35,31,0.73,M,M
2024-04-05,41,32,0.02,M,M
2024-04-06,43,35,T,M,M
2024-04-07,53,30,0.00,M,M
2024-04-08,66,25,0.00,M,M
2024-04-09,72,30,0.00,M,M
2024-04-10,50,39,0.21,M,M
2024-04-11,51,41,0.25,M,M
2024-04-12,68,47,0.29,M,M
2024-04-13,52,39,T,M,M
2024-04-14,56,37,0.05,M,M
2024-04-15,62,34,0.02,M,M
2024-04-16,65,32,0.00,M,M
2024-04-17,61,29,0.00,M,M
2024-04-18,47,42,0.17,M,M
2024-04-19,61,40,T,M,M
2024-04-20,60,34,0.01,M,M
2024-04-21,49,26,0.00,M,M
2024-04-22,53,28,T,M,M
2024-04-23,68,24,0.00,M,M
2024-04-24,59,25,0.03,M,M
2024-04-25,54,20,0.00,M,M
2024-04-26,61,22,0.00,M,M
2024-04-27,67,26,T,M,M
2024-04-28,76,46,0.20,M,M
2024-04-29,65,49,0.03,M,M
2024-04-30,53,46,0.23,M,M
2024-05-01,65,45,0.01,M,M
2024-05-02,74,50,0.01,M,M
2024-05-03,68,47,0.00,M,M
2024-05-04,67,43,T,M,M
2024-05-05,50,43,0.73,M,M
2024-05-06,77,48,0.00,M,M
2024-05-07,76,42,0.00,M,M
2024-05-08,62,42,0.38,M,M
2024-05-09,62,45,0.00,M,M
2024-05-10,63,43,0.00,M,M
2024-05-11,64,43,0.00,M,M
2024-05-12,59,44,T,M,M
2024-05-13,71,44,T,M,M
2024-05-14,82,53,0.01,M,M
2024-05-15,67,52,0.07,M,M
2024-05-16,74,50,0.00,M,M
2024-05-17,78,46,0.00,M,M
2024-05-18,70,52,0.00,M,M
2024-05-19,71,52,0.00,M,M
2024-05-20,83,47,0.00,M,M
2024-05-21,88,54,0.20,M,M
2024-05-22,90,62,0.02,M,M
2024-05-23,83,52,T,M,M
2024-05-24,83,47,0.00,M,M
2024-05-25,79,43,0.00,M,M
2024-05-26,85,56,0.16,M,M
2024-05-27,69,61,0.33,M,M
2024-05-28,79,59,0.03,M,M
2024-05-29,74,47,0.00,M,M
2024-05-30,71,42,0.00,M,M
2024-05-31,76,37,0.00,M,M
2024-06-01,84,39,0.00,M,M
2024-06-02,87,44,0.00,M,M
2024-06-03,90,54,0.00,M,M
2024-06-04,88,52,0.00,M,M
2024-06-05,87,61,0.02,M,M
2024-06-06,76,63,0.28,M,M
2024-06-07,78,58,0.01,M,M
2024-06-08,71,54,0.04,M,M
2024-06-09,69,53,0.64,M,M
2024-06-10,71,49,T,M,M
2024-06-11,71,53,0.00,M,M
2024-06-12,79,56,0.00,M,M
2024-06-13,85,48,0.00,M,M
2024-06-14,82,58,0.14,M,M
2024-06-15,72,45,T,M,M
2024-06-16,74,39,0.00,M,M
2024-06-17,84,52,0.00,M,M
2024-06-18,95,61,0.00,M,M
2024-06-19,97,67,T,M,M
2024-06-20,95,69,0.18,M,M
2024-06-21,83,66,0.29,M,M
2024-06-22,69,63,0.06,M,M
2024-06-23,79,61,1.12,M,M
2024-06-24,74,56,0.09,M,M
2024-06-25,88,50,0.00,M,M
2024-06-26,87,62,0.03,M,M
2024-06-27,81,50,0.02,M,M
2024-06-28,77,42,T,M,M
2024-06-29,73,58,0.21,M,M
2024-06-30,91,67,T,M,M
2024-07-01,81,54,0.00,M,M
2024-07-02,86,48,0.00,M,M
2024-07-03,84,51,T,M,M
2024-07-04,88,65,0.00,M,M
2024-07-05,88,71,T,M,M
2024-07-06,92,68,0.17,M,M
2024-07-07,91,66,0.00,M,M
2024-07-08,92,63,0.00,M,M
2024-07-09,90,62,0.01,M,M
2024-07-10,93,70,T,M,M
2024-07-11,91,69,0.18,M,M
2024-07-12,90,65,0.11,M,M
2024-07-13,90,67,0.16,M,M
2024-07-14,90,64,0.00,M,M
2024-07-15,93,63,0.03,M,M
2024-07-16,93,70,0.06,M,M
2024-07-17,90,66,0.03,M,M
2024-07-18,85,57,T,M,M
2024-07-19,84,53,0.00,M,M
2024-07-20,85,52,0.00,M,M
2024-07-21,83,54,0.00,M,M
2024-07-22,87,53,0.00,M,M
2024-07-23,75,67,1.01,M,M
2024-07-24,78,67,0.05,M,M
2024-07-25,82,63,0.87,M,M
2024-07-26,83,57,0.00,M,M
2024-07-27,86,54,0.00,M,M
2024-07-28,88,56,T,M,M
2024-07-29,80,64,0.15,M,M
2024-07-30,86,67,0.07,M,M
2024-07-31,87,72,0.21,M,M
2024-08-01,91,68,T,M,M
2024-08-02,90,66,0.01,M,M
2024-08-03,89,71,0.17,M,M
2024-08-04,84,64,0.22,M,M
2024-08-05,83,63,0.18,M,M
2024-08-06,74,62,0.03,M,M
2024-08-07,81,56,0.03,M,M
2024-08-08,77,54,0.55,M,M
2024-08-09,77,61,1.21,M,M
2024-08-10,83,58,0.00,M,M
2024-08-11,80,52,0.01,M,M
2024-08-12,75,53,T,M,M
2024-08-13,81,51,0.00,M,M
2024-08-14,84,55,0.00,M,M
2024-08-15,86,58,0.00,M,M
2024-08-16,84,57,0.00,M,M
2024-08-17,77,67,T,M,M
2024-08-18,73,65,0.06,M,M
2024-08-19,80,60,0.23,M,M
2024-08-20,64,57,0.00,M,M
2024-08-21,68,53,0.50,M,M
2024-08-22,72,50,0.05,M,M
2024-08-23,81,51,0.00,M,M
2024-08-24,82,52,0.00,M,M
2024-08-25,84,55,0.00,M,M
2024-08-26,83,57,0.01,M,M
2024-08-27,85,61,0.00,M,M
2024-08-28,81,60,0.00,M,M
2024-08-29,76,49,T,M,M
2024-08-30,77,52,0.00,M,M
2024-08-31,75,61,0.04,M,M
2024-09-01,86,67,0.00,M,M
2024-09-02,73,44,0.01,M,M
2024-09-03,74,38,0.00,M,M
2024-09-04,80,45,0.00,M,M
2024-09-05,80,48,0.00,M,M
2024-09-06,75,45,0.00,M,M
2024-09-07,74,51,0.13,M,M
2024-09-08,63,45,T,M,M
2024-09-09,73,38,T,M,M
2024-09-10,74,44,0.00,M,M
2024-09-11,78,41,0.00,M,M
2024-09-12,82,46,0.00,M,M
2024-09-13,85,54,0.00,M,M
2024-09-14,86,54,0.00,M,M
2024-09-15,85,54,0.00,M,M
2024-09-16,88,50,0.00,M,M
2024-09-17,86,49,T,M,M
2024-09-18,85,52,0.00,M,M
2024-09-19,87,57,0.00,M,M
2024-09-20,81,54,0.00,M,M
2024-09-21,71,54,0.00,M,M
2024-09-22,73,45,0.00,M,M
2024-09-23,68,42,0.00,M,M
2024-09-24,68,44,0.00,M,M
2024-09-25,61,48,0.41,M,M
2024-09-26,62,56,1.04,M,M
2024-09-27,77,51,0.00,M,M
2024-09-28,74,52,0.00,M,M
2024-09-29,71,51,0.00,M,M
2024-09-30,79,52,0.00,M,M
2024-10-01,71,50,0.00,M,M
2024-10-02,68,44,0.00,M,M
2024-10-03,74,44,0.00,M,M
2024-10-04,74,42,0.00,M,M
2024-10-05,71,39,0.08,M,M
2024-10-06,69,35,0.00,M,M
2024-10-07,60,46,0.07,M,M
2024-10-08,65,36,T,M,M
2024-10-09,62,35,0.03,M,M
2024-10-10,54,38,T,M,M
2024-10-11,66,38,0.00,M,M
2024-10-12,64,33,0.00,M,M
2024-10-13,54,33,0.42,M,M
2024-10-14,50,37,0.34,M,M
2024-10-15,53,33,T,M,M
2024-10-16,52,30,0.01,M,M
2024-10-17,60,28,0.00,M,M
2024-10-18,68,28,0.00,M,M
2024-10-19,72,30,0.00,M,M
2024-10-20,72,30,0.00,M,M
2024-10-21,79,39,0.00,M,M
2024-10-22,79,41,0.00,M,M
2024-10-23,79,44,0.00,M,M
2024-10-24,66,34,T,M,M
2024-10-25,61,28,0.00,M,M
2024-10-26,59,28,T,M,M
2024-10-27,54,25,0.08,M,M
2024-10-28,48,25,0.01,M,M
2024-10-29,49,23,0.26,M,M
2024-10-30,57,44,0.04,M,M
2024-10-31,81,43,0.00,M,M
2024-11-01,73,50,0.01,M,M
2024-11-02,50,31,0.01,M,M
2024-11-03,51,21,0.00,M,M
2024-11-04,49,22,0.01,M,M
2024-11-05,69,47,0.07,M,M
2024-11-06,74,52,0.03,M,M
2024-11-07,62,33,0.00,M,M
2024-11-08,58,28,0.02,M,M
2024-11-09,49,24,0.00,M,M
2024-11-10,54,21,0.01,M,M
2024-11-11,61,47,0.03,M,M
2024-11-12,52,30,0.02,M,M
2024-11-13,46,20,0.00,M,M
2024-11-14,48,18,0.00,M,M
2024-11-15,54,18,0.00,M,M
2024-11-16,58,23,0.00,M,M
2024-11-17,60,21,0.00,M,M
2024-11-18,59,35,T,M,M
2024-11-19,53,37,0.00,M,M
2024-11-20,54,27,0.00,M,M
2024-11-21,45,38,0.44,M,M
2024-11-22,51,39,0.24,M,M
2024-11-23,44,40,0.19,M,M
2024-11-24,45,34,0.00,M,M
2024-11-25,48,23,0.00,M,M
2024-11-26,36,23,0.26,M,M
2024-11-27,46,25,0.00,M,M
2024-11-28,36,28,0.88,M,M
2024-11-29,39,24,0.00,M,M
2024-11-30,35,22,0.00,M,M
2024-12-01,33,18,0.00,M,M
2024-12-02,34,8,0.00,M,M
2024-12-03,36,20,0.03,M,M
2024-12-04,35,7,T,M,M
2024-12-05,38,31,0.02,M,M
2024-12-06,32,10,T,M,M
2024-12-07,32,9,T,M,M
2024-12-08,43,29,0.02,M,M
2024-12-09,36,26,0.20,M,M
2024-12-10,34,31,0.06,M,M
2024-12-11,39,34,1.49,M,M
2024-12-12,41,23,0.01,M,M
2024-12-13,30,10,0.00,M,M
2024-12-14,33,8,0.00,M,M
2024-12-15,28,4,T,M,M
2024-12-16,38,24,T,M,M
2024-12-17,52,34,0.12,M,M
2024-12-18,46,35,0.27,M,M
2024-12-19,40,24,T,M,M
2024-12-20,28,24,0.03,M,M
2024-12-21,25,10,T,M,M
2024-12-22,15,-2,0.00,M,M
2024-12-23,24,-6,0.00,M,M
2024-12-24,32,21,0.14,M,M
2024-12-25,29,2,0.00,M,M
2024-12-26,29,-4,0.00,M,M
2024-12-27,30,-1,0.00,M,M
2024-12-28,35,17,0.00,M,M
2024-12-29,37,33,0.10,M,M
2024-12-30,55,36,0.29,M,M
2024-12-31,50,29,0.00,M,M
2025-01-01,41,29,0.38,M,M
2025-01-02,40,30,0.01,M,M
2025-01-03,35,26,0.01,M,M
2025-01-04,26,18,T,M,M
2025-01-05,22,9,T,M,M
2025-01-06,24,6,0.00,M,M
2025-01-07,24,8,T,M,M
2025-01-08,20,10,0.00,M,M
2025-01-09,23,10,T,M,M
2025-01-10,36,12,T,M,M
2025-01-11,28,19,0.08,M,M
2025-01-12,36,16,0.00,M,M
2025-01-13,32,12,T,M,M
2025-01-14,31,17,0.00,M,M
2025-01-15,26,5,M,M,M
2025-01-16,29,2,T,M,M
2025-01-17,35,8,0.00,M,M
2025-01-18,41,32,0.02,M,M
2025-01-19,37,18,0.13,M,M
2025-01-20,21,-8,T,M,M
2025-01-21,18,-9,0.00,M,M
2025-01-22,19,-14,0.00,M,M
2025-01-23,27,2,0.00,M,M
2025-01-24,29,-3,0.00,M,M
2025-01-25,26,-5,0.00,M,M
2025-01-26,37,19,T,M,M
2025-01-27,38,21,0.00,M,M
2025-01-28,36,10,0.04,M,M
2025-01-29,38,14,0.13,M,M
2025-01-30,26,3,T,M,M
2025-01-31,34,17,0.24,M,M
2025-02-01,31,-4,0.07,M,M
2025-02-02,21,-18,0.08,M,M
2025-02-03,39,19,0.12,M,M
2025-02-04,35,14,0.02,M,M
2025-02-05,21,-5,T,M,M
2025-02-06,23,-6,0.29,M,M
2025-02-07,35,18,T,M,M
2025-02-08,32,12,0.14,M,M
2025-02-09,32,15,0.19,M,M
2025-02-10,29,-4,T,M,M
2025-02-11,32,-10,T,M,M
2025-02-12,30,-6,T,M,M
2025-02-13,37,25,0.31,M,M
2025-02-14,28,4,T,M,M
2025-02-15,25,-2,0.14,M,M
2025-02-16,30,21,0.41,M,M
2025-02-17,25,17,T,M,M
2025-02-18,22,9,0.01,M,M
2025-02-19,27,-5,T,M,M
2025-02-20,29,-6,0.00,M,M
2025-02-21,26,13,0.00,M,M
2025-02-22,34,0,0.00,M,M
2025-02-23,36,24,0.00,M,M
2025-02-24,43,26,0.00,M,M
2025-02-25,46,27,T,M,M
2025-02-26,45,24,T,M,M
2025-02-27,37,23,0.28,M,M
2025-02-28,39,26,0.01,M,M
2025-03-01,46,16,0.08,M,M
2025-03-02,21,5,0.00,M,M
2025-03-03,30,-6,0.00,M,M
2025-03-04,40,15,0.00,M,M
2025-03-05,49,30,0.20,M,M
2025-03-06,51,32,0.18,M,M
2025-03-07,38,23,0.00,M,M
2025-03-08,32,28,T,M,M
2025-03-09,37,18,T,M,M
2025-03-10,54,26,T,M,M
2025-03-11,63,24,0.00,M,M
2025-03-12,45,27,0.00,M,M
2025-03-13,45,21,0.00,M,M
2025-03-14,60,22,0.00,M,M
2025-03-15,60,27,0.00,M,M
2025-03-16,66,40,0.66,M,M
2025-03-17,53,34,0.36,M,M
2025-03-18,56,28,0.00,M,M
2025-03-19,67,25,0.00,M,M
2025-03-20,61,35,T,M,M
2025-03-21,50,27,0.47,M,M
2025-03-22,58,23,0.01,M,M
2025-03-23,39,21,0.00,M,M
2025-03-24,35,22,0.19,M,M
2025-03-25,44,28,T,M,M
2025-03-26,48,23,T,M,M
2025-03-27,49,27,0.00,M,M
2025-03-28,54,29,0.00,M,M
2025-03-29,37,33,0.65,M,M
2025-03-30,37,34,0.35,M,M
2025-03-31,59,35,0.16,M,M
2025-04-01,52,30,0.03,M,M
2025-04-02,45,25,0.03,M,M
2025-04-03,50,35,0.48,M,M
2025-04-04,61,34,0.00,M,M
2025-04-05,45,33,0.28,M,M
2025-04-06,57,40,0.03,M,M
2025-04-07,46,37,T,M,M
2025-04-08,40,26,0.03,M,M
2025-04-09,45,25,T,M,M
2025-04-10,50,19,T,M,M
2025-04-11,47,37,0.01,M,M
2025-04-12,42,35,0.36,M,M
2025-04-13,50,32,0.00,M,M
2025-04-14,70,29,0.00,M,M
2025-04-15,69,44,0.04,M,M
2025-04-16,47,36,T,M,M
2025-04-17,57,28,0.00,M,M
2025-04-18,69,24,0.00,M,M
2025-04-19,78,50,0.01,M,M
2025-04-20,65,31,0.00,M,M
2025-04-21,65,28,0.03,M,M
2025-04-22,71,44,T,M,M
2025-04-23,70,34,0.00,M,M
2025-04-24,75,33,0.04,M,M
2025-04-25,72,45,T,M,M
2025-04-26,68,48,0.58,M,M
2025-04-27,51,37,0.08,M,M
2025-04-28,76,32,0.00,M,M
2025-04-29,85,35,0.11,M,M
2025-04-30,67,37,0.00,M,M
2025-05-01,74,35,0.12,M,M
2025-05-02,76,50,0.27,M,M
2025-05-03,71,54,0.13,M,M
2025-05-04,62,56,0.48,M,M
2025-05-05,58,55,0.40,M,M
2025-05-06,62,54,0.69,M,M
2025-05-07,67,52,0.12,M,M
2025-05-08,61,50,0.19,M,M
2025-05-09,52,48,0.70,M,M
2025-05-10,61,42,0.64,M,M
2025-05-11,63,35,0.00,M,M
2025-05-12,80,34,0.00,M,M
2025-05-13,77,45,0.00,M,M
2025-05-14,79,44,0.00,M,M
2025-05-15,76,59,0.07,M,M
2025-05-16,85,63,0.21,M,M
2025-05-17,75,58,1.21,M,M
2025-05-18,66,49,0.33,M,M
2025-05-19,53,46,0.01,M,M
2025-05-20,56,45,0.00,M,M
2025-05-21,57,47,0.04,M,M
2025-05-22,48,42,0.61,M,M
2025-05-23,51,42,0.43,M,M
2025-05-24,57,47,0.09,M,M
2025-05-25,59,46,0.01,M,M
2025-05-26,74,41,0.00,M,M
2025-05-27,82,39,0.00,M,M
2025-05-28,82,44,0.00,M,M
2025-05-29,70,55,0.00,M,M
2025-05-30,74,51,0.08,M,M
2025-05-31,62,51,1.88,M,M
2025-06-01,62,44,T,M,M
2025-06-02,71,42,0.03,M,M
2025-06-03,81,44,0.00,M,M
2025-06-04,87,48,0.00,M,M
2025-06-05,93,55,0.00,M,M
2025-06-06,82,62,0.51,M,M
2025-06-07,70,57,0.62,M,M
2025-06-08,77,59,0.00,M,M
2025-06-09,69,58,0.26,M,M
2025-06-10,71,56,0.11,M,M
2025-06-11,79,51,0.00,M,M
2025-06-12,84,56,0.00,M,M
2025-06-13,69,50,0.00,M,M
2025-06-14,67,50,0.00,M,M
2025-06-15,76,49,0.00,M,M
2025-06-16,81,52,0.00,M,M
2025-06-17,68,60,0.23,M,M
2025-06-18,81,67,0.00,M,M
2025-06-19,93,71,0.00,M,M
2025-06-20,80,59,0.04,M,M
2025-06-21,86,52,0.00,M,M
2025-06-22,89,65,0.18,M,M
2025-06-23,99,65,0.00,M,M
2025-06-24,100,67,T,M,M
2025-06-25,94,66,0.00,M,M
2025-06-26,73,56,0.03,M,M
2025-06-27,78,54,T,M,M
2025-06-28,71,57,0.52,M,M
2025-06-29,78,57,0.00,M,M
2025-06-30,89,57,0.00,M,M
2025-07-01,90,67,0.01,M,M
2025-07-02,89,65,0.00,M,M
2025-07-03,82,56,0.44,M,M
2025-07-04,78,52,0.00,M,M
2025-07-05,82,50,0.00,M,M
2025-07-06,M,M,0.00,M,M
2025-07-07,M,M,0.00,M,M
2025-07-09,88,64,0.00,M,M
2025-07-10,81,68,1.17,M,M
2025-07-11,88,69,0.00,M,M
2025-07-12,89,70,0.00,M,M
2025-07-13,87,71,T,M,M
2025-07-14,90,72,0.55,M,M
2025-07-15,90,68,0.00,M,M
2025-07-16,M,M,0.00,M,M
2025-07-17,90,69,0.13,M,M
2025-07-18,79,53,0.00,M,M
2025-07-19,84,48,0.00,M,M
2025-07-20,86,61,0.75,M,M
2025-07-21,75,51,0.00,M,M
2025-07-22,79,48,0.00,M,M
2025-07-23,85,50,0.00,M,M
2025-07-24,93,57,0.00,M,M
2025-07-25,89,62,0.06,M,M
2025-07-26,85,57,0.00,M,M
2025-07-27,76,61,0.10,M,M
2025-07-28,94,67,0.00,M,M
2025-07-29,94,63,0.00,M,M
2025-07-30,92,62,0.01,M,M
2025-07-31,72,59,0.19,M,M
2025-08-01,80,51,0.00,M,M
2025-08-02,82,46,0.00,M,M
2025-08-03,86,50,0.00,M,M
2025-08-04,87,53,0.00,M,M
2025-08-05,86,59,0.00,M,M
2025-08-06,83,63,0.83,M,M
2025-08-07,84,61,0.00,M,M
2025-08-08,84,58,0.00,M,M
2025-08-09,89,62,0.00,M,M
2025-08-10,92,60,0.00,M,M
2025-08-11,94,60,0.00,M,M
2025-08-12,95,61,0.00,M,M
2025-08-13,94,60,0.52,M,M
2025-08-14,89,60,0.00,M,M
2025-08-15,86,55,0.00,M,M
2025-08-16,90,54,0.00,M,M
2025-08-17,91,59,T,M,M
2025-08-18,76,46,0.00,M,M
2025-08-19,74,47,T,M,M
2025-08-20,66,56,0.11,M,M
2025-08-21,79,50,0.00,M,M
2025-08-22,86,46,0.00,M,M
2025-08-23,86,50,0.00,M,M
2025-08-24,77,61,0.00,M,M
2025-08-25,83,57,0.05,M,M
2025-08-26,75,49,0.00,M,M
2025-08-27,70,44,0.17,M,M
2025-08-28,77,41,0.00,M,M
2025-08-29,70,46,0.10,M,M
2025-08-30,72,47,0.00,M,M
2025-08-31,79,42,0.00,M,M
2025-09-01,79,44,0.00,M,M
2025-09-02,82,51,0.00,M,M
2025-09-03,83,48,0.00,M,M
2025-09-04,83,46,0.00,M,M
2025-09-05,83,64,T,M,M
2025-09-06,77,58,0.42,M,M
2025-09-07,70,48,0.02,M,M
2025-09-08,74,42,0.00,M,M
2025-09-09,76,41,0.00,M,M
2025-09-10,77,41,0.00,M,M
2025-09-11,81,42,0.00,M,M
2025-09-12,78,44,0.00,M,M
2025-09-13,75,43,0.00,M,M
2025-09-14,82,51,0.00,M,M
2025-09-15,80,45,0.00,M,M
2025-09-16,82,45,0.00,M,M
2025-09-17,80,46,0.00,M,M
2025-09-18,86,48,0.00,M,M
2025-09-19,74,43,0.00,M,M
2025-09-20,70,34,0.00,M,M
2025-09-21,74,31,0.00,M,M
2025-09-22,78,37,0.00,M,M
2025-09-23,68,54,0.19,M,M
2025-09-24,71,61,0.36,M,M
2025-09-25,66,59,1.77,M,M
2025-09-26,81,57,0.01,M,M
2025-09-27,78,58,0.00,M,M
2025-09-28,86,51,0.00,M,M
2025-09-29,83,45,0.00,M,M
2025-09-30,78,45,0.00,M,M
2025-10-01,68,36,0.00,M,M
2025-10-02,68,33,0.00,M,M
2025-10-03,77,34,0.00,M,M
2025-10-04,85,41,0.00,M,M
2025-10-05,86,47,0.00,M,M
2025-10-06,85,50,0.00,M,M
2025-10-07,81,49,0.04,M,M
2025-10-08,66,49,1.16,M,M
2025-10-09,56,30,0.00,M,M
2025-10-10,60,29,0.00,M,M
2025-10-11,68,32,0.00,M,M
2025-10-12,63,36,T,M,M
2025-10-13,57,48,0.11,M,M
2025-10-14,57,48,0.22,M,M
2025-10-15,57,38,0.00,M,M
2025-10-16,55,37,0.00,M,M
2025-10-17,63,32,0.00,M,M
2025-10-18,62,30,0.00,M,M
2025-10-19,72,38,0.00,M,M
2025-10-20,65,53,0.86,M,M
2025-10-21,65,47,0.04,M,M
2025-10-22,58,42,0.48,M,M
2025-10-23,56,37,0.01,M,M
2025-10-24,54,36,0.03,M,M
2025-10-25,54,37,T,M,M
2025-10-26,52,31,0.00,M,M
2025-10-27,51,31,0.00,M,M
2025-10-28,57,30,0.00,M,M
2025-10-29,57,29,0.00,M,M
2025-10-30,53,31,0.40,M,M
2025-10-31,55,44,0.25,M,M
2025-11-01,50,41,0.00,M,M
2025-11-02,51,27,0.00,M,M
2025-11-03,59,26,0.12,M,M
2025-11-04,53,30,0.01,M,M
2025-11-05,46,26,0.05,M,M
2025-11-06,46,32,0.03,M,M
2025-11-07,52,24,0.04,M,M
2025-11-08,59,31,0.00,M,M
2025-11-09,46,34,0.34,M,M
2025-11-10,53,36,0.64,M,M
2025-11-11,36,31,T,M,M
2025-11-12,41,30,T,M,M
2025-11-13,44,34,0.01,M,M
2025-11-14,45,32,0.00,M,M
2025-11-15,44,32,0.21,M,M
2025-11-16,42,33,0.10,M,M
2025-11-17,37,29,0.00,M,M
2025-11-18,45,23,0.00,M,M
2025-11-19,44,19,0.00,M,M
2025-11-20,45,20,0.00,M,M
2025-11-21,40,20,T,M,M
2025-11-22,47,22,0.00,M,M
2025-11-23,38,22,T,M,M
2025-11-24,46,25,0.00,M,M
2025-11-25,47,27,0.22,M,M
2025-11-26,51,40,0.13,M,M
2025-11-27,46,32,0.00,M,M
2025-11-28,39,31,T,M,M
2025-11-29,39,23,0.00,M,M
2025-11-30,37,25,0.05,M,M
